12
0
0
0
0
0
0
0
0
0
0
0
0
0
0
0
0
0
0
0
0
0
0
0
0
0
0
0
0
0
0
0
0
0
0
0
0
3.41105
20.4132
20.1582
51.8799
72.6272
127.617
132.048
109.058
28.5762
30.3222
28.4663
9.37137
8.52809
15.7879
28.9434
67.1668
73.0712
116.472
133.784
76.252
40.7371
42.3022
31.1544
3.91917
7.40966
11.2918
56.5284
81.769
146.997
241.879
155.669
108.518
70.9843
69.8841
53.1064
8.56711
6.38423
18.6911
57.2507
82.965
163.474
309.271
164.737
115.074
59.2493
37.5017
38.2268
6.85364
3.8273
15.1154
30.8735
68.3336
93.7807
146.923
146.632
75.1341
47.4876
34.8628
39.5877
8.50764
4.41688
14.1304
20.3466
32.7779
63.1689
123.843
164.723
95.9204
36.0306
33.4897
27.959
5.46349
0
0
0
0
0
0
0
0
0
0
0
0
0
0
0
0
0
0
0
0
0
0
0
0
0
0
0
0
0
0
0
0
0
0
0
0
