8251
0.00810163
0.00162504
0.154258
0.112834
0.0430465
0.00390844
0.00508757
0.039554
0.0023723
0.00178124
0.0235772
0.00381039
0.022579
0.00789477
0.00785668
0.00644641
0.0380032
0.0058486
0.00745719
0.00763692
0.046514
0.00419225
0.0338906
0.00316164
0.00816055
0.00770075
0.0542155
0.0568304
0.0191072
0.00256191
0.036918
0.0309059
0.00275087
0.0469086
0.0474888
0.00625159
0.017497
0.00499302
0.0404786
0.022072
0.00968919
0.00895116
0.00534015
0.00803856
0.00301248
0.0338507
0.0353447
0.0107645
0.112645
0.0237214
0.0503936
0.0506148
0.0104209
0.0159934
0.00854788
0.057368
0.0477323
0.00554061
0.00231654
0.0500038
0.00871603
0.00881401
0.095224
0.12612
0.0711066
0.00470162
0.00718491
0.0238021
0.00104957
0.00384901
0.0197807
0.0342953
0.00135752
0.00716858
0.0359676
0.00384648
0.00282526
0.00486455
0.00693128
0.0207573
0.21114
0.00534016
0.00548443
0.0122265
0.0311282
0.0135827
0.00194664
0.00845664
0.00674121
0.00518066
0.100452
0.00264015
0.00803866
0.009989
0.00557309
0.00450152
0.005649
0.00164914
0.0177812
0.0104719
0.00749648
0.0295265
0.00181805
0.0289938
0.0058384
0.0369617
0.0714213
0.0555446
0.0288517
0.0485832
0.0056091
0.0672606
0.0121506
0.00651514
0.0034619
0.0301477
0.0461226
0.00358954
0.00551002
0.018772
0.00238168
0.0052336
0.00157494
0.0121212
0.0273109
0.0011974
0.0225926
0.00753377
0.0569326
0.00366925
0.00769616
0.007344
0.0363422
0.0410911
0.0182601
0.00643588
0.00333803
0.011599
0.0151074
0.00764371
0.0554049
0.00416687
0.0209695
0.022281
0.00661783
0.00760868
0.00999223
0.0735927
0.00586858
0.011708
0.00727571
0.0655476
0.00835494
0.0123967
0.0062055
0.00529018
0.00191312
0.101793
0.00429672
0.0291795
0.0339802
0.00864467
0.0163584
0.0101174
0.0106892
0.0607179
0.0337053
0.00765385
0.00285942
0.00389453
0.0101475
0.00180228
0.000953523
0.0130953
0.0058207
0.046084
0.0105735
0.0115546
0.00985519
0.00810036
0.0102723
0.00407091
0.102311
0.0223035
0.0035317
0.00665961
0.00875488
0.0369593
0.0914723
0
0.0976841
0.0187125
0.026286
0.0660149
0.0136672
0.00994204
0.00746414
0.0154911
0.00881262
0.00263589
0.00286332
0.00668012
0.0576798
0.0018164
0.0827566
0.00426015
0.0104469
0.0106436
0.141166
0.0458169
0.0718943
0.0236229
0.106214
0.00418351
0.0443569
0.00440985
0.0386376
0.0322277
0.00418256
0.0414391
0.0036176
0.0134299
0.00781864
0.0100819
0.00791963
0.0080065
0.00202329
0.0173095
0.0295074
0.00235528
0.00539015
0.00472287
0.0136683
0.00276475
0.0985988
0.160082
0.0341949
0.0332947
0.00634486
0.0468301
0.168157
0.0140366
0.0736177
0.00478995
0.00296921
0.00759906
0.005457
0.0505793
0.00230433
0.000899152
0.00199846
0.0080206
0.000689275
0.00608101
0.0919558
0.0106474
0.00514172
0.00281635
0.0373048
0.0302752
0.00518002
0.0251736
0.00464924
0.112118
0.00460609
0.0586533
0.0154889
0.027958
0.00312774
0.00637642
0.020037
0.00429281
0.0029274
0.00402715
0.0437785
0.00372946
0.0643307
0.00718857
0.00211332
0.0270952
0.0139439
0.0229231
0.00605329
0.0128672
0.0562152
0.00175503
0.117678
0.0293092
0.00394781
0.00422221
0.0192032
0.0242782
0.00320166
0.0134107
0.0212879
0.00272381
0.00552371
0.00517308
0.0412299
0.0127199
0.0181217
0.0110052
0.0579234
0.0168258
0.00582905
0.0991849
0.0627628
0.0134918
0.0560709
0.0020233
0.000112701
0.00596906
0.00854299
0.00630026
0.00474071
0.00712356
0.00609586
0.00675236
0.0540727
0.0132483
0.0162452
0.00397434
0.0710558
0.0019983
0.0497752
0.00912912
0.00293866
0.024322
0.00253963
0.00147639
0.00328721
0.000917018
0.00518184
0.0224166
0.00395173
0.0126595
0.023041
0.00643002
0.0281182
0.00372557
0.00797589
0.00405169
0.0209232
0.0521965
0.0171571
0.00491469
0.00290691
0.0444499
0.0100374
0.00524898
0.00888817
0.00975065
0.00274872
0.00860823
0.00198575
0.00407347
0.0108385
0.00215612
0.0114741
0.00633377
0.0242407
0.0109983
0.0238541
0.0323175
0.00215373
0.0104336
0.00209608
0.0317068
0.00266047
0.000442927
0.00499746
0.0145953
0.0208835
0.0298979
0.00592268
0.0918986
0.012584
0.00286341
0.00154182
0.00941759
0.0195477
0.00393605
0.00481213
0.0324395
0.000129783
0.0220184
0.0248534
0.00761432
0.0207444
0.00175481
0.0964751
0.026951
0.0509759
0.0164188
0.00585025
0.00384146
0.0187215
0.0119205
0.00334853
0
0.00890616
0.038892
0.000930068
0.00440445
0.000970222
0.00679708
0.00257893
0.00344095
0.0500774
0.00924716
0.0165716
0.0176446
0
0.0339221
0.00914366
0.00465756
0.0235556
0
0.0096112
0.00563582
0.0461147
0.028147
0.00907133
0.0549727
0.00220671
0.00751949
0.0120085
0.00491893
0.0141982
0.000990267
0.0486262
0.0137737
0.00857888
0.0300372
0.00289611
0.00423077
0.0108152
0.00670292
0.0176497
0.00523414
0.0682059
0
0.00659147
0.00301033
0.00846074
0.009726
0.0142282
0.0309556
0.0195968
0.009016
0.000514275
0.00327325
0.144178
0.0660194
0.0218861
0.00779742
0.00553621
0.00443868
0.00134397
0.00588711
0.0201224
0.0242659
0.163476
0.00633995
0.0116956
0.0884869
0.0231804
0.00859815
0.0085485
0.0141924
0.0111018
0.103923
0.041601
0.0361393
0.000739307
0.0318603
0.00240735
0.00664049
0.0049048
0.00222856
0.000245323
0.00355628
0.0112569
0.00584197
0.0100514
0.0822562
0.148355
0.00379961
0.00637912
0.00942324
0.00400977
0.0135926
0.00355093
0.0320956
0.00563461
0.010964
0.00360745
0.00158984
0.0190922
0.0237798
0.0244343
0.00556821
0.00415846
0.0481446
0.00475866
0
0.0129741
0.0522832
0.0219059
0.00732939
0.00977386
0.00345196
0.0170471
0.0599108
0.16252
0.115393
0.00455991
0.00095267
0.0197782
0.00854017
0.0097482
0.00183185
0.119793
0.00316246
0
0.0174145
0.253412
0.0568797
0.00156471
0.0107982
0.0627512
0.0278044
0.10119
0.0130617
0.0337103
0.0038753
0
0.0558178
0.00485167
0.00776185
0.00773798
0.0175984
0
0.00450911
0.00525864
0.00235158
0.0174225
0.00571727
0.0138554
0.00394519
0.000488788
0.00806548
0.00479742
0.0250647
0.0183486
0.0223105
0.0138571
0.00419552
0.0275062
0.0038292
0.101616
0.0178342
0.0116177
0.00563814
0.0524647
0.00448682
0.0378458
0.00376109
0.0377942
0.0233772
0.00671582
0.00638513
0.00980119
0.00521433
0.0140675
0.00859176
0.0110455
0.0475698
0.0289445
0.0475109
0.0207501
0.00464349
0.0346676
0.00340916
0.20127
0.156426
0.00227993
0.00236212
0.00272674
0.0175936
0.00265789
0.00455876
0.0615533
0.00560506
0.00357434
0.140839
0.00148302
0.0126613
0.00958646
0.00124603
0
0.000634133
0.00382281
0.124865
0.00553067
0.0369992
0.0010925
0.0220296
0.0197886
0.0315188
0.009734
0.0026616
0.0316905
0.0176178
0.042085
0.0132869
0.00317488
0.0524647
0.00969874
0.004618
0.00162812
0.00260297
0.0128202
0.00447166
0.0133228
0.0161003
0.00232456
0.0751807
0.0226219
0.123465
0.0158962
0.00730779
0.211518
0.00745185
0.000739308
0.0151118
0.0146964
0.00753019
0.000942798
0.00980601
0.0119077
0.163119
0.00729324
0.00754243
0.00438062
0.0115433
0.00457925
0.0318279
0.00762171
0.0082063
0.00481908
0.00701899
0.0297332
0.00533632
0.00478365
0.114337
0.020279
0.00411031
0.00629311
0.0206715
0.0138712
2.00931e-005
0.0289284
6.48416e-007
0.0158063
0.00671618
0.141071
0.00543901
0.00360672
0.0108429
0.0532407
0.0079611
0.157141
2.00931e-005
0.0103232
0.00204476
0.00236222
0.0566368
0.00595809
0.0190838
0.00365965
6.48415e-007
0.0119095
0.0592456
0.00311391
0.00376852
0.0472932
0.0022041
0.0258587
0.0386237
0.0550896
0.121903
0.00169569
0.00720206
0.00633639
0
0.00654437
0.00693962
0.0152711
0.00752556
0.00249241
0.00740119
0.00922229
0.00845138
0.0200259
0.0562308
0.00906203
0.00293123
0.00264334
0.00589255
0.0166057
0.0147672
0.0367099
0.0123825
0.00566247
0.013012
0.00144327
0.0208842
0.117584
0.00162775
0.0042408
0.00433389
0.0206273
0.0071043
0.0193065
0.00161306
0.00877587
0.00576685
0.0202107
0.0048081
0.000656948
0.00499354
0.00243135
0.00210394
0.00674082
0.0127462
0.00458733
0.0033705
0.00592119
0.0121463
0.0119161
0.0607317
0.00565318
0.0038754
0.00255091
0.0122017
0.00450391
0.00327146
0.00362557
0.00248034
0.00504927
0.0102039
0.0235377
0.00943197
0.0132858
0.0114714
0.0250264
0.00594641
0.00975175
0.00268901
0.0352952
0.168223
0.00717151
0.00648754
0.0243424
0.00116533
0.0503569
0.00256372
0.00186262
0.0334323
0.0228278
0.0468245
0.0701089
0.0297388
0.178427
0.00610699
0.00181642
0.0585141
0.066761
0.0194311
0.00727513
0.00652818
0.0200152
0.018385
0.00389261
0.0075136
0.13535
0.00388766
0.0215276
0.00718269
0.00646059
0.00544969
0.00387888
0.00378385
0.149194
0.00366645
0.00200698
0.0461147
0.026992
0.112428
0.00264334
0.00918963
0.00231769
0.0188736
0.0735539
0.00308384
0.0384354
0.0199695
0.0262396
0
0.0105909
0.00519348
0.0087384
0.00380911
0.0297331
0.0107481
0.00633685
0.00778199
0.0270297
0.00933413
0.0021325
0.0120225
0.0517134
0.0976417
0.0604713
0.00141833
0.00218188
0.0339004
0.00553756
0.00406241
0.0054339
0.0372951
0.00632837
0.0135009
0.005317
0.00143649
0.01038
0.00698064
0.114545
0.00762744
0.0228751
0.00261769
0.04796
0.0115629
0.012991
0.0449083
0.00626138
0.00229998
0.015685
0.0270817
0.00694465
0.00981372
0.00228771
0.00985618
0.00540568
0.00452097
0.00475278
0.00381779
0.00983155
0.00987835
0.00721699
0.0286138
0.011342
0.00764707
0.0645839
0.129792
0.0351487
0.00419977
0.00252974
0.00300877
0.015988
0.00239916
0.0156164
0.00179993
0.0123439
0
0.0731389
0.0843382
0.0285912
0.0300992
0.0093639
0.00391538
0.00317439
0.0882711
0.0974287
0.0161778
0.00245114
0.00745951
0.033524
0.00607798
0.0039535
0.0180129
0.00204075
0.0385993
0.00551572
0.00398871
0.00874228
0.0185016
0.00177983
0.0599379
0.11466
0.00141242
0.00371114
0.00797201
0.00243587
0.0127527
0.0608449
0.0127912
0.0039941
0.0220218
0.00272919
0.00361638
0.0438731
0.00872488
0.00427001
0.0104026
0.0728133
0.0680185
0.00337024
0.0289306
0.0115248
0.0235817
0.0035257
0.121635
0.0191592
0.00743281
0.0136885
0.108852
0.0703481
0.00325906
0.0132065
0.00364985
0.00343772
0.00566362
0.0436572
0.00519751
0.118739
0.00134981
0.0022412
0.0258078
0.0046643
0.0023691
0.00434294
0.00800086
0.0357649
0.0516657
0.0955017
0.031361
0.0172836
0
0.00584017
0.00343997
0.00349148
0.0148428
0.00425528
0.00357888
0.0158203
0.003964
0.0185663
0.0452559
0.00543848
0.0221059
0.00212226
0.00460983
0.0178023
0.0168555
0.00589947
0.00188009
0.0179113
0.0978597
0.00657232
0.0150039
0.0234763
0.0091102
0.0359412
0.00512253
0.00344289
0.0111557
0.0847393
0.0141932
0.0396118
0.00199716
0.0127847
0.0216622
0.00788603
0.0653139
0.0263917
0.0973224
0.036222
0.0165253
0.0114115
0.00768981
0.033587
0.0119509
0.00932568
0.00694255
0.066812
0.0123644
0.00638758
0.00607434
0.0118609
0.0657771
0.0110669
0.00377922
0.00687029
0.0157692
0.00368117
0.024212
0.0182215
0.0240107
0.00903235
0.0177022
0.0148396
0.0113973
0.00157303
0.0915415
0.00984121
0.0336921
0.0146025
0.00141234
0.00457477
0.00547446
0.00313934
0.00269365
0.00797682
0.129157
0.129055
0.0120746
0.000836713
0.00725791
0.0104317
0.0368389
0.00517534
0.00774163
0.0055661
0.00529812
0.00355857
0.00490643
0.000368349
0.000402378
0.00291625
0.00427322
4.08058e-005
0.00456809
0.00443914
0.0177726
0.10875
0.0283598
0.00844279
0.127213
0.00378102
0.00922642
0.000987594
0.000844213
0.000987913
0
0.0047762
0.00273739
0.0110455
0.0781593
0.00934875
0.00996839
0.0124348
0.0144843
0.0833797
0.00385252
0.0442601
0.00393217
0.00348796
0.0177431
0.00862241
0.0196627
0.00366055
0.0827562
0.0120608
0.0101244
0.0148515
0.00396331
0.123815
0.111785
0.00621898
0.0135089
0.0183497
0.00138915
0.0121811
0.00937119
0.0192664
0.00268688
0.00219589
0.00552728
0.00334107
0.094406
0.0117824
0.00086567
0.00684967
0.00725245
0.00480056
0.0116377
0.00946098
0.0253772
0.00978551
0.00978687
0.0140582
0.00146122
0.00216304
0.0145616
0.00646376
0.0161648
0.0124547
0.00772309
0.0047978
0.0168383
0.00570797
0.0245443
0.00359935
0.00349132
0.00365827
0.00285195
0.0918721
0.0306326
0.0181771
0.0230458
0.0215612
0.0117082
0.0364823
0.00114893
0.0264331
0
0.00187285
0.0131218
0.0341243
0.00332739
0.0997121
0.0280182
0.00453085
0.0313809
0.0203168
0.0446617
0.00394599
0.103699
0.00741637
0.00395911
0.0411383
0.0105645
0.171027
0.0249377
0.0119783
0.00414112
0.0511285
0.00667063
0.000751975
0.00867694
0.0259977
0.00133706
0.00679464
0
0.000604832
0.00941527
0.0206148
0.077874
0.00366865
0.00320867
0.0155909
0.00670196
0.0146033
0.0199435
0.00542992
0.00122361
0
0.11914
0.127351
0.0252031
0.0272171
0.121275
0.123742
0.00605395
0.00960419
0.000283215
0.00269722
0.0358956
0.0421837
0.00467268
0.00651478
0.00373687
0.139672
0.00565165
0.00368522
0.0068562
0.0136631
0.0119043
0.00495245
0.01681
0.00734761
0.00339258
0.0181942
0.0315282
0.0412108
0.00229173
0.178472
0.0879561
0
0.00483665
0.0129295
0.0548183
0.0316631
0.0072597
0.00189161
0.0149553
0
0.00252725
0.0209582
0.11649
0.0256221
0.00206037
0.00527774
0.0527433
0.0289404
0.0203875
0.0103972
0.00485461
0.00143096
0.00427815
0.0390276
0
0.0139792
0.0152007
0.00230423
0.00459261
0.00700308
0.0026876
0.00126674
0.0100034
0.124797
0.0344132
0.0139685
0.00059053
0.00273909
0.0332201
0.030809
0.145629
0.00519598
0.07791
0.00188399
0.0776498
0.00404044
0.00768418
0.0724426
0.0742022
0.00325473
0.00167672
0.0658731
0.00401301
0.0119728
0.01355
0.00683019
0.0317567
0.00279504
0.00178657
0.013272
0.00314935
0.0110346
0.00322373
0.00541025
0.00379092
0.0255622
0.002831
0.0106704
0.00334758
0.00520592
0.0960918
0.0186344
0.0156419
0.00215054
0
0.00368758
0.00660598
0.0699204
0.00162374
0.00361441
0.00286893
0.00287742
0.0362497
0.00390836
0.000957259
0.0103951
0.0052023
0.071067
0.00121289
0.00621
0.00468745
0.00315502
0.00474068
0.00215036
0.0971954
0.00933873
0.017382
0.00669366
0.0138546
0.0205924
0.0206506
0.0122172
0.00232618
0.0398625
0.00434006
0.00230186
0.115619
0.0722984
0.00241493
0.00237611
0.0272409
0.00569847
0.0817819
0.00479249
0.00718985
0.0259043
0.0140518
0.0104487
0.0193479
0.000593786
0.00581931
4.08058e-005
0.0039378
0.00994616
0.00990989
0.00160438
0.0188627
0.011226
0.00455715
0.00942874
0.00387493
0.00698984
0.0354295
0.0146344
0.120862
0.0159027
0.0068276
0.0757178
0.0162575
0.0230069
0.00878385
0.00414988
0.0201332
0.00156984
0.00106804
0.00334552
0.0194064
0.00700737
0.00425358
0.000835459
0.00329229
0.00472526
0.0268608
0.0185925
0.0196127
0.00659369
0.0673918
0.0335323
0.000508765
0.00547397
0.0739178
0.0664323
0.102488
0.00572791
0.00946649
0.00733301
0.00472327
0.022936
0.00574277
0.00260582
0.00375367
0.0054807
0.00845599
0.00434855
0.00373858
0.082325
0.00253796
0.00586359
0
0.115493
0.0266432
0.0074738
0.0306852
0.100559
0.00543159
0.128609
0.0427991
0.0216727
0.0598268
0.0184737
0.0551962
0.0133071
0.106145
0.00181911
0.0291979
0.00476764
0.0053221
0.0067926
0.012553
0.0370685
0.00785869
0.00557688
0.00546633
0.00156739
0.00794916
0.00252811
0.00525722
0.00490494
0.00735578
0.00164881
0.0151502
0.0048449
0.00246334
0.00245114
0.00897601
0.0287491
0.0137688
0.0148294
0.0140011
0.0516944
0.0328355
0.00426504
0.00392089
0.00563856
0.0100022
0.0211081
0.00686369
0.037479
0.00159541
0.00672458
0.00206758
0.0065964
0.0442529
0.0650568
0.00263684
0.0365235
0.0543409
0.0981667
0.0818167
0.00566532
0.00130463
0.065581
0.0427908
0.00933644
0.111669
0.0126501
0.00411948
0.00516771
0.000427892
0.00482477
0.0131642
0.0117034
0.0818246
0.00258673
0.00681673
0.00349093
0.000809145
0.0107251
0.00248172
0.0135772
0.0962526
0.00292279
0.0370329
0.00580433
0.018609
0.00537864
0.0281059
0.0848714
0.0328632
0.0338311
0.0088628
0.0132528
0.0144659
0.00593336
0.0357342
0.0366877
0.00464913
0.00212029
0.00581532
0.0508824
0.111572
0.00387771
0.0741183
0.0508156
0.00642545
0.0155798
0.00868743
0.0221621
0.0241767
0.00849093
0.00371867
0.0326487
0.0134733
0.00733429
0.00364767
0.00234127
0.00929368
0.0421837
0.00721516
0.00235351
0.00469965
0.00375979
0.00564083
0.0168795
0.0631487
0.00203492
0.00390619
0.00553928
0.00716368
0.00267406
0.00599752
0.00114661
0.0297196
0.0651196
0.00546749
0.0124825
0.0147051
0.00562291
0.0317658
0.0238642
0.0625044
0.0270704
0.118499
0.00347934
0.0118353
0.0386664
0.000900906
0.0248132
0.0117967
0.000345828
0.0139727
0.0906091
0.00816787
0.0283786
0.0083914
0.093343
0.00980099
0.00367303
0.0106687
0.0353931
0.00335055
0.0569457
0.00165736
0.0661322
0.0174805
0.0233772
0.00256168
0.0411614
0.00556941
0.0244476
0.00358306
0.0241827
0.0110112
0.00489422
0.00291007
0.0338586
0.124608
0.0158389
0.0105674
0.00713032
0.00950247
0.00565689
0.0158284
0.0116323
0.00952438
0.0624752
0.000996986
0.00522199
0.000846946
0.0067881
0.0679716
0.0972726
0.0686519
0.0364596
0.0953246
0.0119675
0.00503904
0.0139865
0.0194566
0.0007693
0.00679343
0.00905026
0.0096508
0.0411601
0.109204
0.00817456
0.0401737
0.0192328
0.0531091
0.010433
0.0105096
0.0412294
0.0126752
0.00506445
0.015533
0.111998
0.00507249
0.0168386
0.0146251
0.014806
0.0194443
0.0201374
0.00611829
0.00471248
0.0246166
0.0172429
0.00147535
0.0347698
0.0499774
0.000830313
0.0114265
0.00235037
0.020488
0
0.00567776
0.00321411
0.0161835
0.0108764
0.0198125
0.00222067
0.019188
0.00517266
0.00366018
0.00899209
0.145704
0.00392881
0.00497691
0.0697032
0.0281893
0.00302551
0.00194006
0.0475663
0.0479589
0.0742663
0.0506513
0.0127954
0.00757814
0.00185881
0.0467459
0
0.00420226
0.0110676
0.0064578
0.00413025
0.0192846
0.0133156
0.00148617
0.0199672
0.00477242
0.00172625
0.0061528
0.00540609
0.024817
0.0116211
0.00584591
0.0152893
0.00245508
0.0087127
0.0271317
0.00130596
0
0.00624841
0.0399092
0.00682446
0.00282826
0.00594704
0.0280201
0.0545904
0.00893575
0.00422807
0.00186167
0.12058
0.00823364
0.00850122
0.0346632
0.0579254
0.00166362
0.0288438
0.146802
0.00485447
0.00169946
0.010215
0.0973801
0.00619147
0.0109645
0.0115236
0.0359495
0.00540228
0.00628976
0.0127491
0.0042838
0.0352726
0.0156582
0.00692475
0.00728087
0.00763169
0.00312359
0.0234349
0.00106369
0.00912229
0.0861455
0.00364434
0
0.0468939
0.00734721
0.00702468
0.0623594
0.0032936
0.0460271
0.00369907
0.00279286
0.0607763
0.0086308
0.00354493
0.127157
0.0357574
0.0018461
0.00162193
0.00807257
0.00447245
0.00377442
0.0332069
0.000981799
0.0179128
0.00754438
0.00150147
0.00381402
0.000418591
0.0181841
0.00319057
0.00725821
0.00818056
0.0238587
0.0823602
0.00297147
0.00297147
0.0248254
0.00927215
9.09035e-005
0.0140903
0.00625439
0.0109681
0.0168704
0.140663
0.0295052
0.00766381
0.0167428
0.00798973
0.00938287
0.0751447
0.0213931
0.00109364
0.00303487
0.000242439
0.0325796
0.124614
0.00933773
0.014803
0.0145192
0.0605671
0.00458028
0.00583792
0.00841787
0.0269997
0.00679742
0.00894424
0
0.00366237
0.0091481
0.00539926
0.0108836
0.0132824
0.00977082
0.00111175
0.0236975
0.0243483
0.00478092
0.00646618
0.00291796
0.0105798
0.000726873
0.0252967
0.00953182
0.00554194
0.00399635
0.00312034
0.00314269
0.00634537
0.025316
0.0628739
0.00247482
0.00752839
0.0030077
0.00174794
0.00266351
0.00920731
0.00832227
0.114037
0.0106835
0.00962879
0.0178923
0.0055208
0
0.0748994
0.0216877
0.0418437
0.0251621
0.0218143
0.00655387
0.00552767
0.0689337
0.00366176
0.0288871
0.00419043
0.0220718
0.00634677
0.0894963
0.0139121
0.00788164
0.00963578
0.0052507
0.00246295
0.0106623
0.0104949
0.0215032
0.105285
0.00427149
0.00927803
0.00269325
0.00167064
0.0123663
0.0034585
0.0102014
0.0110429
0.0158898
0.0187109
0
0.0119844
0.00164546
0.00203858
0.00787172
0.00834184
0.108296
0.0618349
0.00868962
0.0165795
0.026962
0.00570426
0.00688109
0.0161106
0.0116451
0.00254553
0.0673924
0.00175659
0.00324537
0.00544039
0.0150458
0.0262293
0.00164333
0.00468552
0.0156461
0.00507015
0.0299052
0.00677622
0.00726294
0.00803659
0.0217169
0.0153968
0.00288696
0.00559809
0.00200273
0.00635911
0.0484415
0.00579608
0.10629
0.0202294
0.0542899
0.0102572
0.00660761
0.00310009
0.0106585
0.00543354
0.00991714
0.0591919
0.0863583
0.00711
0.00202581
0.00186551
0.00186551
0.0175818
0.0168309
0.0608152
0.0579909
0.00566591
0.00851783
0.0215845
0.0404344
0.0273708
0.0135926
0.0106343
0.00212463
0.0598662
0.0125859
0.00905935
0.025153
0.0114265
0.000581068
0.00606738
0.0624158
0.00340663
0.00272761
0.00363308
0.0303522
0.0139796
0.00829275
0.00557921
0.0353168
0.0257729
0.0266186
0.0689091
0.0040886
0.00827336
0.0462411
0.0150396
0.0347832
0.00225476
0.00455107
0.0130496
0.00370563
0.00688209
0.0776572
0.00252866
0.00218798
0.00411362
0.0132179
0.00375789
0.00437802
0.0458749
0.00459475
0.0239631
0.011051
0.00447236
0.0149588
0.0168314
0.0196184
0.01284
0.0151337
0.00132734
0.0699784
0.00171137
0.0217044
0.0221061
0.00361762
0.00151412
0.00386783
0.0160283
0.0160301
0.00234555
0.00369701
0.0319404
0.0259494
0.00333684
0.00415836
0.00864769
0.112828
0.0434186
0.00177353
0.0191358
0.0208716
0.102107
0.00142753
0.00145761
0.0244195
0.0319977
0.00436927
0.0542745
0.0281478
0.00487812
0.0256454
0.000992165
0.00378617
0.0534966
0.00590411
0.00294895
0.0197591
0.00816591
0.108467
0.00621788
0.0191037
0.00899679
0.00750543
0.00399721
0.0183492
0.0176467
0.00633147
0.00452525
0.00229956
0.11972
0.00442185
0.0394011
0.00275702
0.00258022
0.047142
0.255223
0.200122
0.00272881
0.0164717
0.0147159
0.0299635
0.00627097
0.00881932
0.00581562
0.0280035
0.0061236
0.0120125
0.00395614
0.025309
0.0059703
0.0331715
0.00508714
0.105657
0.0317846
0.0401952
0.0242965
0.0230755
0.01298
0.0140079
0.019034
0.00385814
0.0592259
0.00579491
0.0197044
0.112287
0.00776378
0.0051238
0.0479541
0.00341572
0.00201455
0.0373694
0.00960468
0.00455486
0.00488089
0.0184845
0.108741
0.0203447
0.00886507
0.0342711
0.00669583
0.0264961
0.0877285
0.00244275
0.0106697
0.0935527
0.00683445
0.000294883
0.0360377
0.00536292
0.0116547
0.0196272
0.00385675
0.000996124
0.00628888
0.0682635
0.00447824
0.00869118
0.0117581
0.00281385
0.00393293
0.0027246
0.00463374
0.00952375
0.00360066
0.0110174
0.0104558
0.054956
0.00527771
0.0469922
0.0277081
0.0848778
0.0205345
0.0135011
0.0197981
0.00384336
0.0759099
0.0030637
0.0291916
0.0267202
0.00539222
0.00504397
0.00655521
0.00452854
0.11817
0.0477307
0.00318737
0.00230459
0.0183588
0.032716
0.0261738
0.0652318
0.0775953
0.00592029
0.00203164
0.00115945
0.00570328
0.0180105
0.0148198
0.00457911
0.00829899
0.00199205
0.123822
0.0025167
0.0115996
0.0131475
0.0238511
0.00838809
0.0308661
0.00219588
0.0902928
0.00269299
0
0.0488662
0.0423642
0.00259038
0.00958438
0.122323
0.0087666
0.00354425
0
0.0254192
0.00644598
0.0211556
0.0569393
0.00255271
0.00174054
0.00739958
0.0146348
0.0162599
0.00316598
0.0268708
0.00490989
0.00479206
0
0.00235715
0.0271357
0.015285
0.00949835
0.00925996
0.0131353
0.0124561
0.00305452
0.0349649
0.00303254
0.00189503
0.0131231
0.0601424
0.00149088
0.00800446
0.00160151
0.049058
0.0120316
0.00761122
0.00218297
0.0122755
0.00199656
0.00307787
0.0058297
0.00374385
0.00283221
0.00403212
0.0100225
0.00947136
0.00112437
0.00431357
0.00718148
0.153768
0.00837536
0.00919586
0.0033799
0.0184533
0.0830485
0.00267761
0.00823727
0.0153364
0.0151441
0.00414914
0.00299529
0.10341
0.0439415
0.0170529
0.0132159
0.0153918
0.00865905
0.00244545
0.0056015
0.00307925
0.0157143
0.00162066
0.00558062
0.143288
0.00437145
0.0253141
0.00433033
0.101984
0.0913334
0.0321033
0.00393746
0.0924695
0.00935745
0.0116813
0.087341
0.00431773
0.0562143
0.0238744
0.00508501
0.00498511
0.0193766
0.0235095
0.103586
0.00103037
0.00936326
0.00181871
0.019153
0.00657623
0.00640955
0.0274658
0.00637268
0.0209634
0.00296865
0.000747487
0.0163641
0.0704727
0.0109772
0.00854514
0.00929217
0.00763306
0.00754796
0.00263661
0.0104201
0.00236261
0.0192984
0.00351582
0.00574738
0.0378549
0.0353065
0.00453649
0.00329236
0.177529
0.00908124
0.0162926
0.0144269
0.0238326
0.00602647
0.00495553
0.000645416
0.00165335
0.000890126
0.00714533
0.00831992
0.0156146
0.00485253
0.0109713
0.0146445
0.0137235
0.00893707
0.00766865
0.00336677
0.121825
0.00548
0.0558193
0.0043875
0.00710408
0.0146236
0.0180268
0.00461518
0.00527627
0.00147552
0.00158813
0.00513444
0.004926
0.00636192
0.134954
0.0439285
0.0345204
0.0224551
0.00611998
0.00205781
0.0166008
0.0011992
0.0149765
0.0180488
0.00427293
0.0879349
0.00193054
0.0218281
0.0271642
0.00401513
0.0268082
0.00461023
0.0135071
0.00234003
0.00492329
0.0200436
0.0829589
0.0207943
0.00686045
0.07109
0.0126075
0.0315595
0.00417419
0.0359597
0.00358421
0.00115636
0.0825803
0.0183485
0.00135754
0.0780517
0.0303554
0.0359102
0.00596284
0.0473614
0.0414962
0.0145719
0.00735635
0.00378091
0.00270043
0.0128671
0.0397738
0.0130545
0.00835421
0.00896095
0.00361336
0.0123584
0.00362127
0.00433671
0.0166008
0.124968
0.00456243
0.0385403
0.0426335
0.0035094
0.00112217
0.0248023
0.0566784
0.0165315
0.0102951
0.019179
0.0191873
0.0820907
0.0194911
0.0241327
0.00418665
0.00907771
0.016229
0.00230556
0.00684705
0.05818
0.0824357
0.0052002
0.123327
0.00803707
0.00693889
0.0394285
0.00346548
0.062606
0.00295259
0.0470268
0.0939352
0.00343121
0.00108219
0.00370309
0.0780043
0.00355561
0.0109926
0.00418063
0.00325058
0.00252358
0.00224379
0.000468808
0.00287659
0
0.00100177
0.00854826
0.0105321
0.0115757
0.00703128
0.0138939
0.0029682
0.143233
0.10224
0.000799998
0.00685193
0.0161717
0.0311762
0.00484202
0.0248415
0.0771435
0.0180297
0.0316177
0.0024756
0.00578627
0.0212601
0.00372602
0.0141224
0.00845946
0.0093888
0.0017197
0.108149
0.0024172
0.0572937
0.042173
0.129636
0.00673777
0.0194084
0.0361431
0.0196053
0.00431075
0.0184157
0.00744755
0.00565117
0.00665692
0.00224945
0.00759385
0.0174354
0.070763
0.00672767
0.00325351
0.0111493
0.00626012
0.0354529
0.107653
0.105632
0.00419624
0.00444987
0.00683288
0.00663945
0.0139335
0.032873
0.0210748
0.00342345
0.0533228
0.01298
0.128881
0.0860347
0.0209606
0.0043462
0.00730649
0
0.00446772
0.121953
0.123242
0.0178553
0.00399282
0.00758325
0.0509563
0.00286667
0.00368947
0.00889514
0.0076428
0.0485144
0.0603956
0.00824055
0.00670306
0.0304011
0.00889769
0.164545
0.0146499
0.0746975
0.0165159
0.00239349
0.0197706
0.00650997
0.108931
0.0140038
0.00195413
0.0181851
0.0183594
0.0338616
0.00220999
0.0167389
0.00543485
0.109231
0.00507461
0.00239372
0.02679
0.0202326
0.00262549
0.00613741
0.0236783
0.0130809
0.00995615
0.0604524
0.0262655
0.0226197
0.00132098
0.0163861
0.00617905
0.0409684
0.0175223
0.120195
0.0109173
0.0224464
0.104138
0.0191015
0.011522
0.00983364
0.00498146
0.00498992
0.00172998
0.0117335
0.00592978
0.014768
0.000360564
0.00626348
0.00521706
0.00101804
0.0455681
0.0415207
0.00772708
0.0317086
0.0228087
0.00410484
0.00571379
0.00271523
0.00895554
0.0205161
0.00487008
0.0107063
0.00131403
0.108295
0.0702666
0.0827928
0.00408043
0.0033
0.0150638
0.0360409
0.016867
0.0134385
0.00144963
0.236792
0.0019071
0.00253009
0.00580704
0.00182945
0.00422833
0.00834813
0.00696387
0.00658426
0.00291549
0.0157045
0.00215673
0.00727145
0.0155263
0.00253009
0.0386737
0.00377293
0.027393
0.0672572
0.00415055
0.000815009
0.0139012
0.00975151
0.00823005
0.00522986
0.0527016
0.00726187
0.00155256
0.00175125
0.152064
0.00676638
0.000870713
0.0852725
0.0327936
0.00612684
0.0154646
0.0138815
0.0248262
0.0627555
0.13682
0.0127565
0.0741998
0.00606738
0.00509176
0.00731166
0.00716709
0.0959332
0.00167974
0.00343655
0.0117664
0.0291507
0.0654265
0.0019148
0.0276661
0.00831959
0.00215435
0.038631
0.0373532
0.00782034
0.00200087
0.00441598
0
0.00586071
0.00466209
0.0246223
0.00892171
0.000724704
0.0256269
0.0286815
0.00500656
0.025841
0.011212
0.00237708
0.00928457
0.045796
0.00781521
0.0204232
0.00247945
0.100342
0.00234189
0.0486645
0.00251759
0.00317984
0.0231631
0.0135561
0.0114432
0.112002
0.0348978
0.0307183
0.00818989
0.0018956
0.00453228
0.0107294
0.012386
0.0130638
0.0145905
0.00174099
0.0052013
0.0375576
0.00350001
0.00993749
0.0439356
0.040697
0.00470521
0.00970274
0.0119476
0.0149956
0.0122466
0.00447464
0.00533115
0.000353032
0.00481636
0.00338083
0.0596098
0.00753936
0.0328433
0.00348098
0.0109642
0.0097984
0.110223
0.00969168
0.0672856
0.0288229
0.0029937
0.0156707
0.0127785
0.00389008
0.00478215
0.0236833
0.0286628
0.0841708
0.00226892
0.0101483
0.0163514
0.0126074
0.00853319
0.00376737
0.00881453
0.00438204
0.00123264
0.00709167
0.00889421
0.0213549
0.0070313
0.00885301
0.00569966
0.00263668
0.00348429
0.0152731
0.00847632
0.0132053
0.0330844
0.00121499
0.00339596
0.0253327
0.015108
0.0125226
0.0230011
0.00258527
0.00739856
0.00339808
0.000519314
0.0157723
0.0758437
0.0209083
0.00541618
0.00433811
0.00981571
0.00122095
0.0203342
0.00572422
0.0103417
0.00681798
0.0179466
0.0154765
0.00525287
0.0560658
0.0402856
0.0330838
0.00573335
0.0164383
0.017157
0.0127358
0.0380108
0.00224965
0.00481907
0.0107696
0.00840995
0.0222435
0.00904731
0.00161265
0.00220228
0.0225534
0.00547653
0.00683458
0.00552141
0.0114244
0.029189
0.00730941
0.0471989
0.00117877
0.00346116
0.00560445
0.0161994
0.00770773
0.00161762
0.0173891
0.0252482
0.00270499
0.0998832
0.0369531
0.00859714
0.0309135
0.0303509
0.000919551
0.0014238
0.0441409
0.145555
0.0496108
0.00395603
0.0844523
0.0251165
0.00708777
0.0261283
0.00147227
0.00432893
0.00330168
0.00620969
0.010833
0.109018
0.00178816
0.00290384
0.150035
0.0157363
0.00212325
0.00625121
0.00330374
0.0139512
0.0435201
0.0462738
0.00166285
0.0538848
0.0914437
0.00715002
0.0555573
0.0166612
0.0176494
0.00634708
0.00208388
0.00364724
0.00914631
0.00861598
0.0023992
0.00468688
0.0949682
0.00420435
0.0104996
0.00234823
0.0227358
0.148486
0.11372
0.02708
0.0213085
0.00180947
0.00232751
0.00492996
0.0132326
0.00888385
0.00526001
0.00986944
0.0785473
0.00986692
0.0957551
0.0164315
0.00931543
0.00821349
0.10438
0.00326955
0.0219448
0.0485204
0.0546529
0.0180262
0.0096098
0.00821901
0.00710849
0.00685902
0.0029503
0.0116957
0.0145459
0.00955396
0.0180571
0.00261983
0.0158564
0.11998
0.00749313
0.00803598
0.0118382
0.00101964
0.0314258
0.00906117
0.0305646
0.00179939
0.0311651
0.00191433
0.00395045
0.00164775
0.00693558
0.00337383
0.0198805
0.0639448
0.0038339
0
0.00776389
0.0337874
0.0225302
0.0090448
0.0785456
0.0260398
0.00661295
0.00319938
0.00215737
0.00895241
0.0120087
0.0032563
0.0113616
0.00941129
0.000987496
0.133977
0.0162945
0.0129531
0.00412093
0.0482228
0.0189103
0.019092
0.0450527
0.00137102
0.00204772
0
0.0234342
0.0301554
0.00258378
0.00316483
0.0086571
0.0111561
0.047753
0.0917805
0.00418134
0.00444552
0.0564121
0.0882288
0.0253098
0.00870378
0
0.0171441
0.00390393
0.00634785
0.00560727
0
0.0367223
0.0230329
0.110752
0.0457081
0.00560828
0.0677034
0.0372204
0.00846342
0.0156197
0.00470146
0.00399227
0.00850219
0.00403605
0.10548
0
0.0789373
0.0745737
0.00569993
0.0172854
0.00859849
0
0.00264884
0.106569
0.0577478
0.00385394
0
0.0601957
0.00719918
0.0106204
0.00378034
0.0242056
0.00740686
0.00086566
0.0161323
0.0180605
0.00364282
0.00568297
0.00988865
0.0069588
0.0199784
0.0183554
0.00481584
0.00462333
0.0268614
0.0516193
0.0353698
0.0165967
0.0165425
0.0047764
0.0234316
0.00566906
0.0226507
0.0836876
0.00229204
0.0281474
0.0164525
0.110802
0.0060271
0.0318349
0.0165726
0.00364625
0.00421559
0.00143156
0.0021185
0.0242611
0.0651628
0.00324445
0.0504629
0.00103289
0.000272799
0
0.00882868
0.0298894
0.00537918
0.065447
0.0110619
0.0111848
0.013087
0.00965117
0.123961
0.0887309
0
0.0329646
0.100691
0.0035696
0.0634739
0.00253614
0.00812053
0.00842417
0.0915811
0.0108503
0.0639816
0.0485066
0.00338666
0.00480666
0.00571147
0.0844797
0.00384832
0.00493273
0.0139707
0.0116744
0.0883425
0.00433173
0.00411974
0.0085863
0.00891802
0
0.00628508
0.00245841
0.0310038
0.0303128
0.0361307
0.120439
0.000985081
0.00181945
0.00732579
0.0272128
0.00414854
0.109949
0.00213447
0.0115392
0.00408477
0.0340432
0.0451848
0.0348341
0.00155794
0.0886479
0.0014935
0.00702085
0.00342484
0.0019545
0.00371048
0.0436266
0.00323833
0.142758
0.027617
0.0173779
0.0218188
0.021705
0.00393758
0.00610809
0.00221034
0.00542439
0.0404695
0.00781996
0.00938396
0.0909622
0.133297
0.00738282
0.158566
0.00480478
0.0139656
0.00428089
0.0166664
0.0839113
0.0286897
0.011843
0.0157921
0.046439
0.00541145
0.00530078
0.00690069
0.0174265
0.00142868
0.0137058
0.00427346
0.0152413
0.00291902
0.00807654
0.121359
0.0127826
0.0725509
0.0522137
0.0140687
0.043391
0.00186753
0.00121495
0.00597526
0.0031212
0.000851244
0.0278689
0.0236881
0.00514846
0.0105682
0.0153453
0.00179463
0.002353
0.00304147
0.012013
0.00980391
0.0284462
0.0323545
0.00675082
0.046554
0.0945317
0.00805723
0.0519315
0.0482941
0.00532603
0.0538157
0.00232422
0.0626753
0.00590553
0.000679881
0.00197602
0.0120215
0.0030952
0.00411323
0.00547259
0.00190121
0.00222068
0.0168759
0.101605
0.00614666
0.0615108
0.0113481
0.00780485
0.0635413
0.0194525
0.0591536
0.00522094
0.0230043
0.00657473
0.0029993
0.00361314
0.00111358
0.00552641
0.028356
0.0258721
0.0186448
0.00222377
0.00997055
0.00628252
0.00979562
0.00514756
0
0.00196964
0.000104537
0.0047866
0.00814003
0.0173746
0.0194043
0.0189882
0.00295971
0.00429331
0.00227918
0.0103099
0
0.00316114
0.00291588
0.00706617
0.00619861
0.0156216
0.00817794
0.0038109
0.0267007
0.00318849
0.00755573
0.0249841
0.0117836
0.0113018
0.00457803
0.0177009
0.00830018
0.00569875
0.00750222
0.029598
0.0283783
0.0321764
0.0409779
0.0376634
0.00474979
0.0195673
0.000490786
0.00365434
0.0048896
0.00944279
0.0122632
0.00256757
0.021711
0.0107158
0.0224682
0.0149913
0.0124433
0.00687464
0.00742247
0.00220403
0.0115909
0.0112143
0.0069297
0.00885603
0.00220823
0.00890939
0.0384068
0.00565127
0
0.0147486
0.00297114
0.0341493
0.0059932
0.00432734
0.0388556
0.00308495
0.0283101
0.0313088
0.0563227
0.00406984
0.114239
0.00824761
0.0313716
0.0107806
0.0346126
0.0110582
0.000760194
0.234858
0.120428
0.0378487
0.0157785
0.0117228
0.00631118
0.00405437
0.00840401
0.000946724
0.00237364
0.0229558
0.0319883
0.0305348
0.0125657
0.00828038
0.0242711
0.0561649
0.0035023
0.00218064
0.00335541
0.0329039
0.00253155
0
0.00252154
0.00499498
0.00316263
0.0376042
0.0117212
0.0138117
0.0902947
0.0109105
0.0373286
0.00645447
0.00358828
0.0101612
0.00352801
0.00997374
0.015283
0.0120237
0.00253117
0.00289675
0.0138243
0.116842
0.00613226
0.0657664
0.00896064
0.0172486
0.140987
0
0.0325462
0.00441404
0.0068618
0.0163786
0.00413439
0.00290624
0.10569
0.00296577
0.0764703
0.00177214
0.053818
0.0134989
0.0167209
0.029112
0.0176586
0.00589354
0.0150907
0.0770797
0.0045339
0.00462377
0.00364002
0.00255484
0.0922865
0.00980125
0.00324582
0.0141367
0.00271986
0.0165452
0.00281955
0.00451436
0.00675825
0.00252836
0.00125182
0.00209513
0.0130285
0.0207027
0.00520128
0.121691
0.0137704
0.0132926
0.0110853
0.0113116
0.0295852
0.0812076
0.0495851
0.025584
0.00175305
0.00422013
0.00841997
0.0839175
0.00368619
0.00952965
0.00410429
0.00266477
0.0111851
0.0247725
0.0242603
0.0280392
0.0439891
0.0203168
0.0362657
0.0402352
0.0381849
0.0250874
0.137031
0.132497
0.00390142
0.0136634
0.012063
0.00577129
0.0437086
0.00467024
0.00605103
0.00403185
0.0143728
0.00275555
0.033654
0
0.0224616
0.0026366
0.0162898
0.013002
0.0233876
0.0633325
0.00635158
0.00469597
0.000734822
0.0365037
0.0698455
0.00437094
0.0117662
0.00325932
0
0.0053462
0.0083244
0
0.00308296
0.00579482
0.0110635
0.0034368
0.084404
0.075927
0.03754
0.0200733
0.00252348
0.013789
0.00705169
0.0227487
0.00869626
0.0297328
0.00915897
0.00377821
0.00268759
0.0269095
0.00950995
0.0136949
0.0770585
0.0353854
0.00100566
0.00298519
0.0597063
0.0119548
0.00339389
0.00609058
0.0198969
0.014538
0.26647
0.00803524
0.0273484
0.0105405
0.00529227
0.0318574
0.014309
0.00491154
0.00220758
0.0288699
0.0347551
0.0209605
0.00587118
0.0964845
0.00224548
0.0200234
0.12499
0.0203931
0.00985532
0.000659199
0.0350697
0.0141089
0.00427329
0.00250844
0.000875525
0.00714712
0.0113972
0.0151335
0.0109771
0.0459468
0.0532917
0.0016316
0.0817119
0.0428355
0.0510704
0.128233
0.0535935
0.00441338
0.0235471
0.0167565
0.00771416
0.00151417
0.0264035
0.0284433
0.0057586
0.0338932
0.00633251
0.0101839
0.0370764
0.0155817
0.0285449
0.0305446
0.0102447
0.0158409
0.0519115
0.0140117
0.063039
0.0298277
0.0203608
0.00409479
0.069476
0.021016
0.00355929
0.00464262
0.0121655
0.0132494
0.0100319
0.00511472
0.00628503
0.0263464
0.00189406
0.00550353
0
0.0158586
0.0564806
0.00164154
0.0536332
0.00320312
0.0113351
0.0179732
0.0119183
0.103266
0.07937
0.0263581
0.00440778
0.00347908
0.0134095
0.0273308
0.00402042
0.0225469
0.00526018
0.00254195
0.0018978
0.00485322
0.0619338
0.00142248
0.0458547
0.00326479
0.118295
0.0270998
0.00280853
0.00111908
0.0623132
0.0543223
0.00891016
0.0209435
0.00095419
0
0.0027572
0.0439638
0.026336
0
0.00858188
0.00327023
0.00687824
0.00264125
0.114933
0.0143778
0.000285358
0.00523633
0.000724228
0.00404682
0.00614632
0.000276426
0.00279802
0.000597222
0.00325538
0.00548352
0.0114808
0.00116586
0.00080652
0.0439923
0.0505825
0.00758486
0.00815602
0.0421063
0.00252563
0.00111215
0.00298181
0.00258174
0.0149287
0.0131997
0
0.00767223
0.00749137
0.0225963
0.0202705
0.075985
0.00349836
0.00947483
0.0290015
0.00462741
0.0508122
0.00558083
0.00976156
0.00564063
0.000459361
0.041935
0.00276774
0.0196528
0.00206387
0.130748
0.00713551
0.00807191
0.0265409
0.00463341
0.011802
0.00790979
0.00802565
0.0644739
0.00715108
0.0182068
0.023765
0.0549947
0.0122054
0.011108
0.00629504
0.00216025
0.0113092
0.00758114
0.074805
0.0516657
0.00268573
0.00434925
0.00414058
0.0275047
0.0201117
0.0350724
0.0109476
0.0154337
0.0180903
0.00587338
0.161446
0.000382516
0.021711
0.0262333
0.0265535
0.00738294
0.00650861
0.00638121
0.019133
0.0363777
0
0.00413958
0.00394136
0.00605105
0.0028314
0.00502393
0.00331572
0.00627133
0.00448311
0.00676909
0.00629774
0.0120878
0.00132331
0.0196549
0.000231987
0.0143791
0.073775
0.00156246
0.00709144
0.0951104
0.000614114
0.00285059
0.0135528
0.00194947
0.037045
0.00588694
0.00787893
0.00748152
0.00820645
0.00547928
0.00989865
0.0130328
0.00625131
0.0403392
0.00526101
0.00973388
0.00742426
0.000335505
0.0181177
0.0197313
0.0273203
0.0132705
0.0226787
0.0148509
0.0138844
0.00663493
0.00545283
0.0640327
0.00399412
0.00869859
0.0457568
0.00280801
0.0660482
0.00441145
0.00226581
0.0859297
0.00446666
0.00377743
0.00500367
0.019833
0.00803674
0.00210305
0.00890297
0.0465986
0.00861079
0.0213186
0.00868989
0.0323059
0.0249082
0.0139263
0.0171185
0.0182196
0.0044133
0.0627394
0.00729021
0.00243013
0.011898
0.00411363
0.000639927
0.00140329
0.0429655
0.0185081
0.190889
0.0161835
0.00446766
0.00143124
0.00128511
0.00185093
0.0305127
0.00194548
0.00327182
0.0111285
0.240762
0
0.0188203
0.045139
0.000619483
0.00058167
0.0236326
0.0282862
0.0234769
0.0317658
0.099059
0.0748792
0.0630893
0.0109017
0.00615046
0.00176419
0.000326744
0.00209989
0.0205067
0.00830578
0.00661745
0.00701672
0.00360387
0.106224
0.00726916
0.00204766
0.0262985
0.0622106
0.111711
0.00121008
0.142764
0.0140049
0.00844843
0.0116661
0.00212355
0.00117887
0.0471359
0.00514665
0.00735702
0.00618774
0.0013217
0.0255737
0.0832314
0.0128411
0.0184084
0.0123323
0.00308241
0.00478901
0.0149925
0.127296
0.00461362
0.026613
0.0124277
0.0171852
0.00289673
0.00113625
0.00666233
0.0188499
0.00336421
0.00696827
0.00371941
0.102857
0.0090889
0.00138264
0.0085434
0.0104189
0.0918114
0.0446753
0.00863539
0.0102421
0.00563261
0.0566983
0.0506829
0.00980724
0.0352429
0.00522871
0.00567774
0.0197989
0.0141795
0.00306632
0.00762444
0.00382496
0.0198
0.000735239
0.00615851
0.00427404
0.04017
0.00525342
0.00966633
0.0193872
0.0286518
0.0161489
0.0160271
0.00985701
0.0486085
0.0412823
0.0503616
0.0986742
0.00388691
0.10633
0.00336345
0.0151459
0.00284974
0.0576284
0.0225021
0.0181192
0.00224476
0.122371
0.0118559
0.0701162
0.0533561
0.00531626
0.0102113
0.00868248
0.00482885
0.00504036
0.0497573
0.0117334
0.00420151
0.0672157
0.057965
0.00685308
0.0195715
0.0130197
0.120566
0.00635825
0.147702
0.0292797
0.0703437
0.0370358
0.0372912
0.0263022
0.0239433
0.0140614
0.00648043
0.0678716
0.0704219
0.0161341
0.0711411
0.0100329
0.0525545
0.00605349
0.00203397
0.00641348
0.108337
0.00176382
0.00339269
0.0926278
0
0.0132918
0.047632
0.0378006
0.00183588
0.00118628
0.00368944
0.013556
0.00126071
0.00681293
0.0056943
0.0448345
0.00889951
0.0200042
0.0147622
0.0203188
0.0286251
0.00287018
0.00261335
0.00169413
0.00439573
0.00637006
0.00336106
0.0171912
0.00708758
0.052491
0.00533718
0.00368193
0.00609866
0.0266834
0.0150994
0.0136419
0.0067129
0.0380925
0.0382558
0.0013528
0.00124412
0.00667296
0.00163685
0.0288506
0.0276364
0.00434273
0.0337913
0.00316321
0.030658
0.00819229
0.0156771
0.0107917
0.0128836
0.0214607
0.00586095
0.0260787
0.0335655
0.0118668
0.00597438
0.0309124
0.0122805
0.02551
0.0243657
0.038149
0.0213886
0.0254758
0.0157912
0.0235186
0.00427965
0.00274094
0.00518066
0.00541947
0.0272873
0.0375682
0.061585
0.0341755
0.00665781
0.0460448
0.00156996
0.124959
0.00738947
0.0112343
0.0416579
0.00288355
0.00692648
0.0634582
0.0394135
0.0135405
0.00479783
0.044478
0.029288
0.0036838
0.0249933
0.00513222
0.00395524
0.00272336
0.0146918
0.0217304
0.00330996
0.0082177
0.106887
0
0.013094
0
0.00492219
0.0314209
0.00666765
0.00171471
0.0188789
0.00376017
0.00346516
0.00211939
0.0397225
0.00925624
0.0145305
0.0330531
0.0337057
0.00651452
0.00819206
0.00125614
0.0276606
0.011757
0.0320685
0.0104221
0.0021313
0.0131237
0.0348035
0.0396465
0.106463
0.0979305
0.00965297
0.0541225
0.00553099
0.010309
0.00199294
0.0500368
0.0045922
0.0151276
0.00295873
0.0159932
0.00684929
0.0221683
0.00415593
0.0117356
0.00463051
0.00173398
0.0324166
0.006962
0.0118196
0.0140236
0.00415603
0.0321568
0.0116719
0.147119
0.0086663
0.0175104
0.00354732
0.0190622
0.0134852
0.0102181
0.00508894
0.0068632
0.0374397
0.178889
0.0119814
0.016286
0.0512624
0.0264136
0.0137649
0.00277108
0.00164917
0.00172495
0.00835278
0.0076008
0.0206389
0.00294214
0.00625855
0.0211481
0.0153749
0.00368525
0.0935397
0.0672074
0.0810773
0.0155734
0.118452
0.0056712
0.00848392
0.0209667
0.00933049
0.00276775
0.00302602
0.0374319
0.00391551
0.0111522
0.00863003
0.0269273
0.0184556
0.00104162
0.00547103
0.0865679
0.0134967
0.00629785
0.0196734
0.00826417
0.0305758
0.0360439
0.022426
0.0112877
0.0303004
0.00259164
0.0417118
0.0411362
0.0295354
0.00406304
0.0021402
0.021135
0.0361428
0.0327555
0.0494704
0.003525
0.0127441
0.00639057
0.0050649
0.00498883
0.0117351
0.00646136
0.0154712
0.0965049
0.106418
0.00760452
0.00712506
0.124015
0.0852754
0.00394411
0.0142503
0.118194
0.00331993
0.0120684
0.0314747
0.0174079
0.0672247
0.0760029
0.0236385
0.0138788
0.0124409
0.00965806
0.00926054
0.0102792
0.00890886
0.00487028
0.00468482
0.00618765
0.125
0.000590914
0.0230009
0.00455748
0.011558
0
0.0423336
0.0281797
0.0370867
0.0881347
0.0274256
0.0274472
0.0158535
0.0203717
0.0240782
0.00712443
0.00414202
0.0249004
0.0139977
0.0166182
0.0196647
0.019791
0.00461719
0.00707326
0.0243315
0.0112068
0.0456028
0.0866154
0.0131493
0.0443686
0.00257106
0.0128618
0.00824593
0.00350163
0.0042137
0.00538538
0.0288738
0.0366941
0.000761181
0.00180549
0.029057
0.00164046
0.0190813
0.0337096
0.0220342
0.00647334
0.00771592
0.011908
0.019002
0.0171897
0.00633502
0.00370051
0.00523732
0.00614783
0.0175477
0.00830708
0.0108275
0.0128831
0.00693996
0.0133296
0.0143717
0.0107885
0.0163053
0.00941783
0.0233009
0.00362128
0.0177583
0.00432733
0.00438745
0.00239471
0.00206488
0.0213464
0.0063418
0.0427039
0.0171253
0.00581782
0.131226
0.00471919
0.00682917
0.00495068
0.00355676
0.00963268
0.0340686
0.0227774
0.0051873
0.00647383
0.00938741
0.0019944
0.00799083
0.0226716
0.011207
0.0929646
0.0130971
0.0198393
0.046862
0.00993298
0.00370794
0.00113438
0.00281497
0.00959752
0.00656339
0.0106357
0.0274278
0.0256849
0.00717724
0.0218092
0.0111543
0.0572286
0.00243468
0.0298679
0.0606962
0.0062463
0.0613862
0.0491802
0.0265358
0.0280292
0.00647013
0.0045255
0.026566
0.100799
0.00309039
0.00193039
0.0081678
0.0285728
0.00801746
0.144068
0.0534285
0.00400726
0.0184204
0.00201017
0.0295363
0.0129762
0.0083258
0.0299891
0.0263972
0.00693967
0.0148451
0.016329
0.00310723
0.00392818
0.0735533
0.0103877
0.29081
0.0083249
0.0148849
0.0640527
0.00347034
0.00955336
0.023289
0.0159681
0.0215549
0.002931
0.0527883
0.142389
0.0163664
0.0184895
0.173722
0.0759019
0.0116754
0.00358538
0.0795242
0.0264537
0.0166939
0.016607
0.0255399
0.0114483
0.0212144
0.00275923
0.0131719
0.00868116
0.00222273
0.0296016
0.0111984
0.0373949
0.0229479
0.0195446
0.0118059
0.0511201
0.00866162
0.129758
0.0116165
0.0141708
0.0281385
0.0155544
0.092238
0.0752567
0.00707061
0.00256901
0.120976
0.0156625
0.015636
0.0207061
0.00353681
0.0138437
0.0121489
0.0407331
0.00455762
0.0198485
0.00518604
0.0130605
0.0300294
0.000474625
0.0260211
0.00746536
0.0123829
0.0244449
0.00482144
0.0145325
0.0172037
0.0159405
0.0189602
0.0136492
0.00145704
0.0239219
0.116428
0.00723245
0.00447983
0.000431538
0.0421586
0.00406086
0.0503168
0.00424816
0.0127599
0.0225927
0.0284455
0.0671026
0.00719885
0.00375673
0.00317873
0.00691761
0.0065796
0.00166461
0.089018
0.00362487
0.00271871
0.00269355
0.0075402
0.0727864
0.0819014
0.0472059
0.00826944
0.0556541
0.0535894
0.0101286
0.0242583
0.00775301
0.00592958
0.00511988
0.0159812
0.00101999
0.00932563
0.0157558
0.0198609
0.0150917
0.00557845
0.0505768
0.0449454
0.0100116
0.023165
0.00415663
0.0187228
0.033426
0.0318262
0.0124325
0.0125502
0.024881
0.103287
0.109729
0.122124
0.0067378
0.00288006
0.00435821
0.0183714
0.00476302
0.0183358
0.0121877
0.0124647
0.00828817
0.00182931
0.00904298
0.001773
0.0461881
0.0188109
0.0285674
0.0299978
0.0326955
0.018305
0.00994934
0.0413275
0.0247363
0.00537701
0.0323168
0.0316545
0.017512
0.124997
0.00429581
0.00231252
0.00299848
0.0140828
0.00933175
0.00388883
0.000867162
0.0287089
0.00442211
0.00630292
0.00361051
0.0203188
0.0323462
0.0152295
0.0195552
0.00198106
0.00567568
0.0618144
0.0145797
0.00343867
0.00516254
0.00678229
0.00109116
0.0338115
0.0134655
0.011894
0.00192156
0.0560056
0.00657549
0.0075488
0.00374189
0.00708573
0.00724734
0.00696262
0.00524847
0.0315681
0.115754
0.00733681
0.0176119
0.0247055
0.035736
0.00792137
0.0343053
0.0634952
0.00932958
0.0160507
0.0302941
0.00819693
0.00536007
0.0024149
0.0146456
0.077465
0.0148774
0.0419656
0.0029158
0.00862697
0.00676697
0.0400648
0.0464217
0.0179525
0.0087505
0.0514506
0.0736715
0.0223028
0.0260867
0.026172
0.0174843
0.00997318
0.00851735
0.0457499
0.00240671
0.0166535
0.0191284
0.00424855
0.0181619
0.00951767
0.0252999
0.0302336
0.0110919
0.00319326
0.0154395
0.00333923
0.0346199
0.0131707
0.0166636
0.00324662
0.00295168
0.00226937
0.0055715
0.0143165
0.00645624
0.0098828
0.00359849
0.0204445
0.0333607
0.0101215
0.00827703
0.00231859
0.00214033
0.0108582
0.00324547
0.00738591
0.0496141
0.0692741
0.0204235
0.00880854
0.0282899
0.0136596
0.00762784
0.279998
0.00369636
0.00171196
0.0473604
0.00625989
0
0.00995433
0.0133227
0.00127125
0.00279144
0.0132458
0.0110812
0.00707644
0.00976119
0.00956105
0.00940031
0.00409057
0.00134695
0.00805214
0.096895
0.0184366
0.00828133
0.012675
0.00871633
0.00821296
0.00295779
0
0.00917311
0.0606658
0.00405401
0.0541977
0.00275024
0.00991179
0.00269684
0.00362321
0.0113325
0.0143996
0.0472977
0.00743636
0.166429
0.0146266
0.00693917
0.00257022
0.0329082
0.0292941
0.00206451
0.117139
0.0874985
0.0031766
0.00110558
0.020778
0.00257227
0.0145443
0.00296828
0.0250647
0.0182535
0.00699693
0.0518246
0.0397043
0.010733
0.0113843
0.00560936
0.0106213
0.00240911
0.0457885
0.00884394
0.00336084
0.00868079
0.00130259
0.00501466
0.076513
0.0238408
0.051499
0.00331656
0.00329014
0.0173983
0.014634
0.0270292
0.00677545
0.0176083
0.0316622
0.106974
0.0611202
0.0201584
0.0250368
0.00337984
0.0021006
0.00933344
0.17849
0.00148257
0.0109416
0.0072663
0.118244
0.0166054
0.00611299
0.00439872
0.00715466
0.00371215
0.046578
0.047481
0.0016929
0.0076098
0.00139541
0.024667
0.00104157
0.104445
0.0233411
0.00458792
0.00443786
0.029405
0.00364655
0.00251292
0.0104135
0.0664485
0.106113
0.00447429
0.00847423
0.00327939
0.00942698
0.00135085
0.0572887
0.0038022
0.0017813
0.0187479
0.00410161
0.00206487
0.00902778
0.00964145
0.00528123
0.00636146
0.0274522
0.0121482
0.0104673
0.0463844
0.00518204
0.0186277
0.0105618
0.0156294
0.00448102
0.0595649
0.263188
0.00994168
0.00343021
0.0426976
0.00821739
0.000459686
0.0172696
0.00649582
0.047832
0.0183923
0.0116656
0.0222558
0.00921558
0.0104135
0.0106325
0.0296292
0.027349
0.00619979
0.00828566
0.00700168
0.00625202
0.0309742
0.00829539
0.0105012
0.00586172
0.027726
0.00128001
0.00153179
0.0894991
0.0370866
0.00398523
0.01202
0.00217984
0.0362316
0.0404426
0.120697
0.178929
0.0106188
0.0184833
0.0384534
0.00280786
0.0201345
0.00228469
0.00673067
0.00221736
0.00241798
0.01031
0.0146429
0.00357153
0.00430546
0.0233861
0.0934636
0.0254111
0.146887
0.0236384
0.00136437
0.00555224
0.0869311
0.120402
0.0133498
0.0782157
0.0031717
0.0017086
0.052548
0.0422069
0.0542537
0.00180987
0.0104921
0.0512737
0.0220935
0.00289589
0.00214657
0.0230369
0.00750512
0.00666023
0.0269443
0.00598316
0.0102635
0.00997682
0.0115582
0.0151428
0.012079
0.010016
0.0196897
0.0441293
0.0264481
0.00774624
0.0426275
0.0261202
0.0193736
0.0118805
0.0174488
0.0152557
0.00325016
0.0404256
0.022644
0.0790692
0.0180865
0.0191112
0.0146239
0.00634816
0.00891403
0.024609
0.0760276
0.0125499
0.0041106
0.0561456
0.0286576
0.0154028
0.0154028
0.00603414
0.0210363
0.00782174
0.00855289
0.00365945
0.0984259
0.00261604
0.00551673
0.0127835
0.0121573
0.0298655
0.097675
0.136601
0.0608249
0.00835507
0.00912681
0.0314598
0.0221966
0.00270851
0.0277073
0.00507687
0.00480954
0.00282007
0.00709174
0.0276403
0.00790245
0.127155
0.00926164
0.00228025
0.0108202
0.00332097
0.00258532
0.00530279
0.0186715
0.147954
0.00821949
0.0509958
0.050178
0.00740336
0.01099
0.020328
0.0151671
0.00939695
0.00236886
0.0232677
0.092899
0.00741901
0.01163
0.0433179
0.00461441
0.00524003
0.00524478
0.124974
0.0034115
0.017566
0.0491495
0.00537878
0.000973202
0.0173871
0.175964
0.0472889
0.0259732
0.00419405
0.00807616
0
0.011007
0.00216763
0.00112323
0.0251683
0.0072975
0.0418401
0.0415438
0.0174244
0.0947288
0.016439
0.00325448
0.0150104
0.00276881
0.0319584
0.00182447
0.0039161
0.00209754
0.0092654
0.00371981
0.0193389
0.0564063
0.0104028
0.0105283
0.00513864
0.0160779
0.0278829
0.00352617
0.00218415
0.00172253
0.00501039
0.0362257
0.0174714
0.0887863
0.0308799
0.0700898
0.040969
0.00568876
0.00997126
0.0503775
0.0447641
0.0817955
0.0101791
0.0311508
0.0912988
0.012245
0.00912278
0.029433
0.0114673
0.0114673
0.00978784
0.0148837
0.011876
0.0912233
0.00803129
0.0117208
0.000964947
0.00173046
0.0329187
0.00878686
0.00882103
0
0.0269812
0.0504195
0.0615131
0.0185708
0.0130857
0.00983707
0.00832013
0.0126378
0.00832375
0.0327354
0.0273447
0.128905
0.0447023
0.108761
0.0138903
0.0244587
0.0184057
0.00834029
0.0267626
0.017499
0.0100784
0.0341313
0.052612
0.0380953
0.012528
0.00225943
0.109479
0.0227975
0.00153567
0.00602466
0.0282781
0.039099
0.0514073
0.0184042
0.0220074
0.00477148
0.0663367
0.0296051
0.0229107
0.00875625
0.0060666
0.00885587
0.0110077
0.00579354
0.00337995
0.022481
0.00577693
0.0335798
0.00941736
0.0246431
0.107376
0.00298264
0.0026973
0.00217832
0.0160865
0.00236847
0.014254
0.0154526
0.0167666
0.0128954
0.0229411
0.0250666
0.15044
0.0124337
0.0230959
0.0013198
0.00384421
0.015341
0.019406
0.00214164
0.00322688
0.0119117
0.0191806
0.0172938
0.00446122
0.0136567
0.0488492
0.0320667
0.00346077
0.0110011
0.0226614
0.00298671
0.00390275
0.00335462
0.00689488
0.040764
0.0746151
0.00473621
0.0109363
0.00349093
0.010517
0.00764072
0.00558147
0.00565376
0.00273067
0.00239199
0.066148
0.0213382
0.00442875
0.0041646
0.0815848
0.00400075
0.00735571
0.00824798
0.0109243
0.00783237
0.036791
0.0295404
0.0105134
0.0105118
0.00905823
0.0117487
0.00109595
0.0013216
0.00781496
0.00529407
0.00418754
0.0107733
0.00353492
0.00660122
0.00779045
0.0124195
0.00868545
0.0113909
0.00529942
0.00557173
0.0123444
0.0858087
0.0385156
0.00368001
0.0162083
0.00666842
0.00121711
0.0152711
0.00315435
0.006237
0.0049837
0.0189106
0.010828
0.0115578
0.00482189
0.00346228
0.00706451
0.00682467
0.00218923
0.00513454
0.00701134
0.00585283
0.050967
0.0388978
0.00727473
0.0494189
0.0157312
0.00570128
0.00165102
0.155854
0.0348208
0.00359577
0.0217801
0.0110863
0.00212787
0.11453
0.000302067
0.00511362
0.0720487
0.0284666
0.0187084
0.00379772
0.0087549
0.00789225
0.00418853
0.0250329
0.0339342
0.00246989
0.0200236
0.00408976
0.0147178
0.00889722
0.00902088
0.00101702
0.0329898
0.0250663
0.0136158
0.00522899
0.00845085
0.0170037
0.010367
0.00603859
0.0118978
0.00649309
0.0238024
0.0655064
0.00248082
0.0276394
0.00968858
0.0110072
0.00221543
0.0037609
0.0430619
0.0318834
0.0112387
0.0143696
0.011947
0.102729
0.00619564
0.00237292
0.00465191
0.0207033
0.0220546
0.0129023
0.0134915
0.00217622
0.00824571
0.00201671
0.0174266
0.0180845
0.00817531
0.0430851
0.0380195
0.00689176
0.0141211
0.00136335
0.00224716
0.0178686
0.0336159
0.0160166
0.00656485
0.0776849
0.00933774
0.0082142
0.173974
0.00378824
0.0333111
0.0369777
0.0669157
0.0224991
0.00529455
0.0298806
0.0500086
0.0228498
0.00929734
0.0856181
0.0430131
0.00360202
0.101477
0.000704838
0.00931008
0.0124239
0.002537
0.00416828
0.00640153
0.00921624
0.0194913
0.0235413
0.053354
0.00390119
0.0745725
0.0221911
0.0104375
0.00489731
0.00438568
0.0286786
0.00855076
0.072403
0.0191583
0.0260583
0.0057872
0.0091642
0.0172772
0.0133249
0.203666
0.0966814
0.00165988
0.00851243
0.00173592
0.0303744
0.180284
0.120429
0.0155559
0.0121329
0.00548252
0.0405326
0.0133338
0.00480379
0.102531
0.00397837
0.0584454
0.0305502
0.0083657
0.00918598
0.00459857
0.0073382
0.000770071
0.00561524
0.00143066
0.0226862
0.00261703
0.0385649
0.00769091
0.0244092
0.0257543
0.00190363
0.00405344
0.00292377
0.0256874
0.126016
0.0317597
0.00160043
0.0354429
0.0112515
0.020273
0.0110575
0.0417927
0.00672363
0.0126083
0.00859109
0.00541346
0.0168866
0.029769
0.0257038
0.0238378
0.0315104
0.00113928
0.0257172
0.0688833
0.0149492
0.00630371
0.00350439
0.0123273
0.00282666
0.0102971
0.0518331
0.0290887
0.0223211
0.007628
0.0114124
0.00457177
0.0141411
0.0104073
0.00352918
0.00887705
0.00768707
0.0118453
0.0329577
0.0150984
0.0132465
0.0071776
0.00839876
0.00528379
0.0419045
0.0294409
0.0107936
0.00656743
0.0226047
0.0343183
0.00432343
0.0234655
0.0263373
0.11981
0.0438176
0.0104296
0.00276193
0.00611174
0.00277455
0.0595889
0.00895336
0.00125264
0.00448368
0.00854934
0.0873265
0.0138761
0.00490969
0.0668496
0.00922675
0.00122989
0.00986421
0.00267473
0.0784607
0.0310388
0.018241
0.0158755
0.00186926
0.00161355
0.00393268
0.00433563
0.00316982
0.00254594
0.0022568
0.0299128
0.0202545
0.00407644
0.00662884
0.00955376
0.0171996
0.0222764
0.0181456
0.0169765
0.0298395
0.00406677
0.0964601
0.00556048
0.0764836
0.0162683
0.0186147
0.025625
0.00414165
0.0630925
0.00573146
0.00260441
0.0111064
0.0121314
0.00204193
0.0316586
0.00631122
0.0319047
0.0188327
0.0165493
0.00761132
0.017666
0.00371299
0.0553863
0.0889353
0.00986863
0.038425
0.0126035
0.00147738
0.0178644
0.0317677
0.0507061
0.0265787
0.0487421
0.0258934
0.0128365
0.00151192
0.030284
0.00913329
0.00757106
0.00983424
0.0166406
0.0354673
0.0285656
0.00671676
0.0100528
0.0038909
0.00943493
0.00481747
0.00411336
0.00845063
0.0475638
0.00575947
0.0203354
0.068516
0.00233312
0.0136461
0.0123339
0.0470577
0.019998
0.0139388
0.0215448
0.00275712
0.102476
0.00195398
0.00246915
0.0108717
0.019577
0.0232498
0.00852182
0.00825314
0.0651284
0.0219299
0.0217721
0.0239946
0.0319649
0.00617014
0.00468592
0.00582796
0.0149454
0.0178427
0.015953
0.10538
0.0403046
0.00322362
0.0143291
0.00508133
0.0352473
0.0017239
0.0219059
0.0441355
0.00409297
0.0036847
0.00258776
0.0673174
0.00415861
0.00407997
0.00214043
0.00285477
0.0389989
0.0623913
0.0178994
0.00576887
0.17194
0.00963026
0.0702045
0.0567018
0.00571005
0.0390313
0.0170669
0.00845478
0.00479266
0.0198235
0.0165054
0.00237516
0.0333304
0.000280692
0.0322061
0.0143734
0.00263217
0.00704004
0.00800298
0.0411478
0.0798401
0.00905013
0.0498531
0.00359301
0.00355841
0.0380944
0.138633
0.0037065
0.0112167
0.0340538
0.0184201
0.0822212
0.0122888
0.0523111
0.00512381
0.00832856
0.0246841
0.0574133
0.00480672
0.0452742
0.0334168
0.0145823
0.0251104
0.002931
0.00349191
0.0754299
0.0607376
0.0839901
0.00308561
0.0766366
0.00529449
0.0226586
0.013789
0.0139657
0.00901739
0.070603
0.0185674
0.0368834
0.00171502
0.00187458
0.00646655
0.159074
0.0115789
0.00397435
0.0767867
0.0593177
0.0387125
0.0746724
0.0240878
0.0027687
0.00206472
0.022941
0.00865741
0.0551335
0.00126571
0.0268025
0.0113805
0.0124819
0.0297081
0.0509826
0.0350109
0.00224528
0.0211666
0.00382294
0.00156974
0.0632927
0.064669
0.120758
0.0143673
0.0224233
0.00441121
0.00692392
0.0648921
0.020715
0.00997928
0.026316
0.024414
0.0189171
0.0444204
0.00824061
0.00504618
0.00636186
0.0076537
0.00911308
0.0139521
0.0296563
0.00807544
0.0212355
0.00598972
0.0351476
0.0129595
0.00635175
0.0129175
0.0115995
0.0692996
0.0515524
0.00729302
0.0132663
0.00572981
0.0116153
0.0106506
0.00241289
0.00958651
0.00955113
0.00354364
0.00489321
0.00998192
0.00947841
0.0145272
0.0106827
0.010575
0.00758851
0.020506
0.00779692
0.0733566
0.180647
0.0295861
0.00549699
0.0172269
0.000572725
0.00863325
0.0441763
0.012608
0.0114195
0.00633651
0.00666141
0.0277981
0.079923
0.097874
0.00345943
0.0143765
0.00457952
0.00499354
0.0472225
0.011384
0.0212425
0.0279446
0.00691748
0.013959
0.0153678
0.0188777
0.0210464
0.00985496
0.0249057
0.025194
0.0162986
0.0118042
0.00797777
0.00367645
0.0279498
0.000836174
0.00283398
0.0239072
0.00376236
0.0251953
0.0316758
0.0211953
0.0566466
0.0671387
0.00705272
0.00671953
0.0112037
0.0490626
0.0222915
0.0278481
0.0140281
0.0230328
0.0298956
0.0323332
0.0228151
0.0149512
0.00143213
0.00436
0.136366
0.130347
0.0219637
0.00172663
0.0187132
0.0121815
0.0165625
0.022175
0.00335628
0.00344507
0.0126734
0.0238831
0.00719343
0.0314979
0.0494372
0.00397311
0.00601737
0.00441193
0.0308763
0.0316642
0.0208258
0.0671868
0.0583075
0.0327466
0.0204662
0.0135526
0.00410503
0.003998
0.0315714
0.0898541
0.00756988
0.0299445
0.00299881
0.0145017
0.0159669
0.00951457
0.0489283
0.0065006
0.0129084
0.0117711
0.00471231
0.00466466
0.0458614
0.0141403
0.0141632
0.0244187
0.00388524
0.013545
0.025508
0.00222954
0.00546067
0.0400122
0.0343359
0.0651273
0.00921715
0.00912497
0.0220901
0.0294339
0.0171645
0.00340027
0.00171969
0.0339641
0.0209014
0.00640935
0.1007
0.0165285
0.0160147
0.00536496
0.0131168
0.00234456
0.00724705
0.0132387
0.0346869
0.0217274
0.00734657
0.00218613
0.0106266
0.0143641
0.0056652
0.0165271
0.00929027
0.00844307
0.080038
0.0341805
0.00977727
0.0287644
0.0145082
0.00480708
0.00276472
0.00556763
0.053593
0.0377503
0.0532225
0.0117494
0.0271806
0.0057663
0.00716003
0.00598598
0.0150172
0.0296348
0.0312088
0.00682258
0.0126455
0.0330496
0.00380725
0.00981485
0.0189007
0.0231741
0.0033992
0.00229655
0.0022153
0.00480398
0.0185379
0.00271152
0.007307
0.00993318
0.00683483
0.019401
0.00714842
0.00831963
0.0217402
0.0211523
0.0085766
0.038813
0.0352256
0.0025218
0.00262272
0.0227711
0.0379828
0.0128575
0.0103976
0.0134353
0.00336432
0.0127429
0.0144199
0.0134044
0.0114151
0.0108743
0.0057834
0.117382
0.00501881
0.0356069
0.0332346
0.00483897
0.00836806
0.00382497
0.00632587
0.0113122
0.00156956
0.0137105
0.00491293
0.0157689
0.0130346
0.00363221
0.00686509
0.016914
0.00502939
0.0290724
0.0156867
0.00757783
0.00453351
0.005031
0.034672
0.0101588
0.0112637
0.0025731
0.00542273
0.0105714
0.00458162
0.00912345
0.0161302
0.0517619
0.00297881
0.106699
0.00758318
0.0154165
0.00631582
0.106318
0.0115936
0.0125384
0.00523258
0.0225429
0.0155694
0.022309
0.00319002
0.0761675
0.0101215
0.00480536
0.018827
0.0150065
0.0060663
0.00725375
0.00281139
0.00548585
0.174502
0.0013677
0.030147
0.00493907
0.0238451
0.0155306
0.00649551
0.0204924
0.0180886
0.00240024
0.00257883
0.00758152
0.00828314
0.0037878
0.0347871
0.112666
0.00288169
0.00581217
0.0108195
0.0231499
0.00315619
0.0106929
0.0887157
0.0226872
0.00282404
0.0694135
0.192971
0.113421
0.00199511
0.00429418
0.0094317
0.0347738
0.0201034
0.0225396
0.00372132
0.00144193
0.0175936
0.00428359
0.00250378
0.00243365
0.00180726
0.00691335
0.00217136
0.00657917
0.00254792
0.0111697
0.0181089
0.00554124
0.00238324
0.00131853
0.150054
0.0175047
0.000594063
0.000887271
0.0226679
0.00149274
0.0450737
0.0103065
0.00270878
0.00775639
0.0123068
0.0106129
0.0055368
0.149457
0.0301759
0.0270864
0.00600178
0.00154778
0.0212718
0.0105906
0.00561573
0.0190121
0.0429483
0.00743188
0.00408542
0.0391399
0.0117046
0.00942659
0.00210184
0.0069054
0.0353627
0.0255495
0.0279792
0.00603238
0.014356
0.0122103
0.00871816
0.0147068
0.0064123
0.0102077
0.0290747
0.0214581
0.0287663
0.103248
0.129226
0.0124738
0.0048424
0.00780037
0.0182168
0.00707525
0.00194965
0.00232124
0.00954216
0.00776826
0.0268068
0.0100347
0.00526377
0.0809236
0.0496268
0.00138138
0.0311221
0.0283259
0.00774326
0.0177366
0.0195033
0.0203815
0.0275372
0.0183428
0.236379
0.0865467
0.0862936
0.0306899
0.00629048
0.00851066
0.00603971
0.0175232
0.0133491
0.0930364
0.0790383
0.0227784
0.121695
0.00684468
0.00205554
0.0215677
0.0147104
0.00627921
0.00718007
0.00283273
0.00437132
0.0117815
0.00490372
0.00940595
0.00941678
0.00464943
0.00253866
0.0601191
0.0132836
0.0291115
0.010912
0.0159669
0.00887354
0.00887354
0.0412727
0.0255551
0.0151439
0.115341
0.00104425
0.0143571
0.00692214
0.0086733
0.00465674
0.00328
0.0103139
0.0468913
0.0456731
0.00171834
0.0206395
0.00559294
0.00478678
0.00426212
0.00284564
0.00287688
0.147171
0.00460198
0.00605775
0.00780553
0.0217592
0.0121898
0.0100239
0.0058534
0.0754737
0.00170088
0.00593412
0.0437805
0.00457223
0.0047408
0.0167358
0.00540777
0.00741508
0.00503005
0.00308767
0.0311635
0.0310867
0.032946
0.00410658
0.00539468
0.01507
0.0999222
0.0115008
0.00448582
0.00344393
0.00544494
0.0455974
0.00821535
0.0428954
0.0470291
0.0459786
0.0204124
0.0108655
0.00504657
0.00651787
0.00699232
0.0385386
0.00653925
0.00435654
0.0945413
0.0150913
0.0244773
0.00945781
0.178769
0.206851
0.00889973
0.0768288
0.00511371
0.00485286
0.0092656
0.047734
0.00410342
0.00450489
0.003239
0.0103155
0.152997
0.0171836
0.0151369
0.0231626
0.0194586
0.00158291
0.00313492
0.00295516
0.123989
0.00691254
0.00484279
0.0754461
0.00392749
0.0257134
0.00695446
0.0130314
0.00262695
0.0115899
0.00474597
0.0405116
0.0163834
0.036434
0.0686468
0.09456
0.0121638
0.0252827
0.0113364
0.0055306
0.0294505
0.015512
0.0314718
0.00852697
0.00167381
0.00372245
0.0116773
0.0178114
0.0447437
0.0128442
0.00283577
0.00197778
0.00153147
0.00832852
0.00580627
0.00298875
0.00248238
0.0142192
0.00415498
0.00871478
0.00648322
0.00461527
0.0574692
0.00954058
0.0104609
0.00714201
0.0118171
0.0411221
0.0304801
0.0416393
0.00408922
0.0657507
0.00778763
0.0205845
0.0232004
0.0177638
0.0231766
0.0263192
0.021544
0.0090637
0.0283931
0.00259746
0.129052
0.149513
0.149502
0.0116259
0.0357799
0.0320466
0.00298757
0.101067
0.00794373
0.122319
0.0127271
0.00651871
0.00926142
0.0101983
0.00397347
0.00828575
0.0182689
0.025225
0.00415477
0.0159522
0.0348626
0.00270575
0.0167899
0.00431452
0.00382425
0.00658187
0.0209241
0.00245777
0.0196888
0.0135358
0.016396
0.00844301
0.0352192
0.0212361
0.0499146
0.00465883
0.0115487
0.000420728
0.0210362
0.0280491
0.0209077
0.00905341
0.0210834
0.0227732
0.0308444
0.023975
0.000739363
0.0357377
0.012594
0.00417798
0.0443448
0.0392857
0.00228724
0.0178131
0.0175498
0.122091
0.00768608
0.00416083
0.0108536
0.00572232
0.0844496
0.02143
0.0276778
0.067346
0.00205501
0.00650129
0.0478651
0.0453173
0.0148064
0.0157195
0.037536
0.00412501
0.0789611
0.00674207
0.0168226
0.0126443
0.00289495
0.0392375
0.0389541
0.025515
0.00890597
0.00829784
0.00339218
0.00499158
0.00297528
0.00880978
0.0196866
0.0135355
0.0628155
0.0966846
0.0322129
0.00395005
0.00600187
0.011657
0.0201863
0.00227893
0.0173749
0.0195673
0.00806526
0.00824543
0.00388875
0.0191281
0.0152074
0.00459957
0.0128564
0.0208441
0.0778147
0.079666
0.0062845
0.00642739
0.228938
0.0273226
0.0130804
0.211341
0.0316067
0.0309062
0.0294084
0.00832275
0.00919537
0.0499164
0.0204311
0.0301557
0.020099
0.0132834
0.0101742
0.0218299
0.0204663
0.00190005
0.00807505
0.014758
0.124923
0.0108074
0.0190804
0.0204359
0.0268822
0.00204346
0.00299828
0.00714848
0.00641382
0.0337096
0.0187592
0.0153892
0.0171372
0.00514412
0.0126816
0.00784289
0.197969
0.00548678
0.00955812
0.0304379
0.00336458
0.00593972
0.00882149
0.00204295
0.00404904
0.0191029
0.053424
0.00628973
0.00204433
0.0022178
0.0177731
0.0195303
0.0270714
0.0270714
0.0177718
0.00123683
0.00942141
0.00274129
0.00623906
0.0458079
0.00750955
0.0980056
0.0245434
0.00445129
0.00740704
0.00629016
0.00260897
0.00339804
0.104524
0.174588
0.00344609
0.00411851
0.00981227
0.0623035
0.0119283
0.0319785
0.0149627
0.00804548
0.00593596
0.00894619
0.00996296
0.00218125
0.00570512
0.015116
0.0165955
0.0150723
0.00216702
0.00551902
0.00768578
0.0337714
0.00315656
0.0956592
0.01936
0.0401973
0.000302066
0.00596573
0.0274516
0.0122046
0.00420693
0.00247422
0.00432521
0.00692899
0.0136245
0.00947788
0.00277203
0.0769406
0.00383724
0.00451415
0.0245995
0.0342382
0.0342377
0.00969529
0.00445028
0.00529053
0.0723644
0.00389241
0.00394428
0.00803273
0.0203514
0.00469625
0.0449547
0.0125728
0.00917918
0.0125801
0.00334425
0.0117708
0.00907728
0.0447183
0.00699188
0.00949232
0.00869577
0.0660815
0.0291725
0.0775611
0.0203349
0.00306812
0.143479
0.00723379
0.0293508
0.0143901
0.00273771
0.00494627
0.0360691
0.00276546
0.00990046
0.00467092
0.15481
0.112189
0.0240309
0.0125873
0.0251831
0.0655314
0.00370265
0.0948697
0.00943936
0.0147046
0.0648424
0.0182885
0.00694901
0.0263519
0.0344198
0.0137574
0.00551255
0.0105151
0.0139974
0.0206994
0.0635036
0.0637836
0.0387496
0.108419
0.00879166
0.0121409
0.00668229
0.00223826
0.00377399
0.00310562
0.0199195
0.0634853
0.0665284
0.0869869
0.00458101
0.00430262
0.00323835
0.0127891
0.00799485
0.011572
0.00311468
0.00746134
0.00271347
0.012142
0.00747113
0.0171683
0.00334666
0.010773
0.0913083
0.0165539
0.00911548
0.00441266
0.0120994
0.00218595
0.00494415
0.0119517
0.0214314
0.00696753
0.00972167
0.0110987
0.01852
0.0119685
0.0447172
0.0415535
0.0098566
0.0383171
0.02294
0.00283911
0.00123351
0.00399003
0.00552218
0.0111427
0.00943704
0.0220031
0.0141908
0.0109074
0.0138492
0.01087
0.00321943
0.00411129
0.00960206
0.0154908
0.135582
0.0184063
0.00516883
0.0406566
0.00134332
0.0035539
0.033065
0.0701383
0.00872556
0.0104563
0.0524354
0.00752915
0.00700953
0.00292938
0.0187608
0.0379014
0.00914352
0.00923881
0.0104387
0.00328901
0.00449583
0.0307773
0.00438406
0.0113488
0.00358736
0.00495555
0.0140042
0.00260848
0.0123938
0.00593437
0.00821175
0.0787685
0.0703813
0.133851
0.0184299
0.00900797
0.00332375
0.0155263
0.0071325
0.0110062
0.00908171
0.080658
0.0413611
0.00958509
0.0340789
0.00674507
0.0569105
0.00130463
0.00135095
0.00768119
0.0093661
0.0104814
0.0280072
0.00445769
0.00715369
0.117164
0.00491371
0.0132524
0.010766
0.0387761
0.00150787
0.00790601
0.00861779
0.00351121
0.0280234
0.0142925
0.0129009
0.00775004
0.00655476
0.00364985
0.0820892
0.0266637
0.0547956
0.012562
0.00958902
0.00599798
0.0127378
0.00502385
0.0201967
0.0114442
0.0408533
0.00252306
0.0182281
0.0330845
0.00431485
0.00799678
0.0128147
0.0482683
0.029305
0.0199206
0.0231404
0.100377
0.0607761
0.0628503
0.0218258
0.00799485
0.143212
0.00620229
0.00665525
0.0060298
0.0327568
0.0566459
0.0026066
0.00736448
0.0288883
0.0411815
0.00492315
0.0103341
0.0210626
0.0174663
0.00642479
0.0066334
0.0212318
0.00105295
0.00554816
0.0168075
0.00666087
0.00282576
0.00362099
0.00590814
0.0168639
0.00476378
0.0249132
0.00945543
0.00571631
0.00719359
0.0319952
0.00438493
0.040476
0.00273531
0.0973332
0.00683278
0.00352962
0.00540989
0.00618699
0.00445126
0.0385451
0.00657753
0.00609113
0.00963605
0.0116474
0.00246456
0.0136065
0.00165209
0.0109312
0.0103777
0.00632105
0.00533935
0.00741247
0.00566445
0.00134038
0.150923
0.0731652
0.061559
0.0234642
0.0160193
0.0239588
0.00380865
0.00854751
0.00222359
0.0250733
0.00509624
0.00500284
0.00512426
0.0174181
0.00618828
0.0109466
0.00170038
0.0115298
0.0184596
0.0235127
0.00303643
0.0101902
0.00633569
0.0165668
0.00526161
0.0668463
0.0935963
0.00865044
0.00795047
0.00599278
0.00628625
0.0226842
0.0123428
0.0153154
0.00328999
0.00248245
0.142536
0.0869346
0.0715116
0.0171924
0.0171882
0.0229457
0.0264772
0.031556
0.0304199
0.0135713
0.0161247
0.0109913
0.00518658
0.00497074
0.00392029
0.0114416
0.0202758
0.00364953
0.00999356
0.0229927
0.0111927
0.00702209
0.0333865
0.00414299
0.00664027
0.0101367
0.00152899
0.0402519
0.0409412
0.0393927
0.00486255
0.00466477
0.00891197
0.00980002
0.0150893
0.0299197
0.015066
0.057646
0.0857058
0.0530408
0.00567258
0.0102921
0.0335183
0.00683562
0.0455649
0.0313191
0.00735112
0.0184469
0.0812805
0.0033257
0.00900734
0.0027986
0.0103446
0.00323212
0.024404
0.0389474
0.0111692
0.00437537
0.0137747
0.012222
0.0035067
0.00649734
0.0081469
0.0065232
0.1007
0.0636034
0.0104713
0.00407392
0.0012377
0.01491
0.0191857
0.00355036
0.00320552
0.0030968
0.00449843
0.0479844
0.0197906
0.0148183
0.00734112
0.00463678
0.00453014
0.0178543
0.082322
0.00751017
0.00801906
0.00722602
0.0165438
0.0145767
0.237622
0.0134865
0.0251569
0.0413187
0.015702
0.0150612
0.047577
0.0194772
0.0332553
0.00999637
0.0473742
0.0169545
0.0167209
0.0267972
0.00944172
0.0700219
0.143712
0.0405079
0.00589999
0.0239951
0.00475165
0.00771995
0.00989502
0.0118281
0.00335168
0.00491149
0.0317378
0.043004
0.0814289
0.015956
0.013674
0.0823256
0.0303589
0.00606268
0.00965245
0.00441877
0.00565237
0.00566896
0.0399116
0.0179017
0.0206193
0.0294657
0.00389232
0.00425455
0.0144405
0.0268407
0.0112928
0.00980422
0.0703647
0.0231363
0.00331676
0.00268841
0.00331955
0.0624036
0.00304652
0.0221622
0.0228201
0.00535617
0.00424639
0.0758934
0.0171989
0.0210793
0.0489925
0.00775851
0.00982193
0.0171873
0.00832117
0.0269155
0.00905762
0.0211295
0.0290647
0.0209303
0.00654794
0.00829786
0.0101218
0.00673877
0.0312423
0.0312394
0.084687
0.00902735
0.00509296
0.0179017
0.033625
0.00433385
0.0189366
0.0170015
0.00707432
0.0242191
0.00856645
0.024893
0.0172278
0.00183127
0.0289902
0.0070557
0.00770523
0.0528059
0.0111522
0.0110914
0.0255991
0.00106744
0.00342865
0.00833949
0.0146715
0.011436
0.0145642
0.0252621
0.0736784
0.0335946
0.0352594
0.035259
0.0127903
0.347909
0.00856143
0.00458792
0.00445165
0.0917209
0.0733541
0.00467099
0.00214787
0.0126514
0.0223825
0.00512614
0.00455032
0.0321129
0.00873777
0.0200948
0.0010871
0.0763714
0.0838239
0.0218166
0.0393212
0.0293397
0.0161487
0.113738
0.00534113
0.0115355
0.00752443
0.00396195
0.00152719
0.0286962
0.0247686
0.0353689
0.0661641
0.0212912
0.0683101
0.00655284
0.0136799
0.0177932
0.0131944
0.0221923
0.00568605
0.00586237
0.00449598
0.014449
0.00611972
0.00460508
0.0070793
0.0100398
0.0405856
0.0136433
0.00981656
0.00356818
0.00527388
0.00902601
0.0210782
0.0198097
0.0252436
0.0673191
0.0178339
0.0813755
0.00306044
0.0116973
0.0305433
0.0129102
0.00539601
0.00335679
0.0289222
0.0158516
0.0202975
0.0235031
0.0117526
0.0206276
0.150352
0.00496143
0.0153171
0.00743038
0.0696323
0.00414689
0.0121478
0.00420946
0.114905
0.00432825
0.00870276
0.0275198
0.0460097
0.00157663
0.00301554
0.00770896
0.0103362
0.0188143
0.00669505
0.00588684
0.0174997
0.00255982
0.00619262
0.00512061
0.00553731
0.0141312
0.0110352
0.0441736
0.00235838
0.00298784
0.0355396
0.0297541
0.0155448
0.00314939
0.0122534
0.00700998
0.00234237
0.0124785
0.0299808
0.0165376
0.0225704
0.00560503
0.00394408
0.00101095
0.0313062
0.0142264
0.0148113
0.0618536
0.0113728
0.021441
0.012565
0.0105589
0.0012871
0.00816537
0.0050918
0.0154365
0.00810779
0.0325298
0.0086974
0.021725
0.00931421
0.0195614
0.00485922
0.00825552
0.00604491
0.0877741
0.101231
0.0425062
0.00459206
0.00887955
0.012322
0.0308901
0.0967507
0.0160413
0.0148333
0.179636
0.00765982
0.0178631
0.0274801
0.000608543
0.00697085
0.0075773
0.00136759
0.0574007
0.00509956
0.0120512
0.0148038
0.0163583
0.00667789
0.00300952
0.00886977
0.00679458
0.00516119
0.030624
0.00681027
0.0156754
0.00282406
0.00241469
0.00796329
0.00814882
0.00534676
0.00654812
0.0552198
0.00320543
0.00595901
0.040786
0.0279298
0.00233833
0.00565822
0.00636176
0.0114117
0.046848
0.0159226
0.00283869
0.0273935
0.016242
0.0114974
0.118786
0.00969583
0.0247708
0.0200402
0.0153239
0.00618517
0.00221987
0.00579975
0.0117688
0.00745972
0.00613058
0.01789
0.0118679
0.220356
0.0524323
0.0215428
0.0179352
0.0316751
0.00634949
0.117872
0.0131529
0.00816824
0.0200046
0.139817
0.00931955
0.00701691
0.00535789
0.00559035
0.0302859
0.0039128
0.0148258
0.0362033
0.0789028
0.00984455
0.0295727
0.0048863
0.00432914
0.0154948
0.0169194
0.00684655
0.0100247
0.0137169
0.0188862
0.0139697
0.00108958
0.0279817
0.00806445
0.00783157
0.0045989
0.0103303
0.0096414
0.00362583
0.0571969
0.00930693
0.00253041
0.0420557
0.0273301
0.00856041
0.00850395
0.0127392
0.0211499
0.00413011
0.00272816
0.0161764
0.0273696
0.0149342
0.0138208
0.00541778
0.0525279
0.0402376
0.019698
0.00509329
0.0176285
0.00225638
0.00598751
0.0415547
0.00274981
0.00840037
0.0262401
0.0173439
0.0536079
0.0223164
0.0208679
0.0177762
0.0168117
0.00473528
0.00454393
0.00319802
0.0308008
0.0157998
0.0260502
0.00428842
0.0133052
0.00547012
0.00423493
0.00683536
0.00518842
0.00461938
0.0305481
0.0214428
0.0167818
0.01377
0.00290624
0.0217689
0.0558461
0.0314125
0.0099909
0.00869067
0.142182
0.0282197
0.00509562
0.0367819
0.00354161
0.0418704
0.00234365
0.0118898
0.194576
0.166144
0.0152787
0.0148311
0.00774711
0.0171536
0.00870078
0.00366357
0.0326465
0.01547
0.00203236
0.00381011
0.0661379
0.0260577
0.0732773
0.0143042
0.0151577
0.0358843
0.0240623
0.00421789
0.0217603
0.00266129
0.0216707
0.128344
0.00850986
0.0226008
0.00508361
0.0366443
0.0230379
0.0127201
0.0398098
0.00500513
0.0125985
0.0144348
0.00488675
0.00667227
0.192731
0.0153317
0.0345768
0.00291803
0.0430007
0.0101254
0.0300398
0.0165761
0.0337926
0.0199655
0.174135
0.0026193
0.00546478
0.00849846
0.00915421
0.0113831
0.00753009
0.00655761
0.0107133
0.0188631
0.000755919
0.0180975
0.00634669
0.0140229
0.0163676
0.0382217
0.00512549
0.0372608
0.0220105
0.0217161
0.0103201
0.0109836
0.00874919
0.0737822
0.0426011
0.0111809
0.0105717
0.0413197
0.00196105
0.00210622
0.00166716
0.0132306
0.0105496
0.0963967
0.0188812
0.00723725
0.013665
0.0240555
0.0916536
0.00550844
0.00327971
0.00885931
0.00392862
0.012716
0.00642708
0.0593598
0.0529042
0.00715445
0.0353683
0.0158427
0.0186173
0.0102213
0.0418765
0.00431201
0.0044716
0.00302146
0.0332957
0.0561646
0.121979
0.12559
0.0196375
0.142233
0.0186817
0.0799922
0.0166593
0.0130534
0.011234
0.0176619
0.00200778
0.012675
0.0168728
0.0393844
0.0269563
0.0453881
0.0313722
0.00546496
0.0219353
0.00798266
0.00954683
0.0092086
0.012788
0.0403893
0.0409668
0.0281005
0.0122029
0.0132042
0.0885538
0.00714684
0.0195613
0.00226534
0.0218163
0.025966
0.0505628
0.016566
0.00969242
0.00714121
0.00679204
0.00407967
0.00570581
0.0180148
0.00130388
0.0260041
0.00836897
0.0585697
0.00220206
0.0814189
0.00225262
0.00999687
0.00793588
0.00716261
0.0276738
0.0404761
0.0336671
0.039074
0.0379389
0.0145367
0.123013
0.0147037
0.00640546
0.00433079
0.00299688
0.0075563
0.0928456
0.0616004
0.00676283
0.0312047
0.0372023
0.0282626
0.00528321
0.00541833
0.00724878
0.0040551
0.00754156
0.019103
0.0185386
0.0378976
0.0118635
0.0299286
0.0129324
0.0693634
0.0428617
0.00847972
0.0159405
0.0138974
0.0106948
0.0425138
0.0104778
0.00602649
0.0314538
0.101381
0.0160402
0.000191833
0.0145715
0.00907324
0.0314646
0.0383896
0.0203767
0.00313881
0.0173655
0.0173059
0.0187821
0.0115687
0.00381724
0.00993576
0.00421696
0.00146217
0.00426914
0.0507521
0.0135895
0.0092596
0.00752348
0.058419
0.0436822
0.0124471
0.00945071
0.0269865
0.00681159
0.00348207
0.00271694
0.0191861
0.00615623
0.0309078
0.0216422
0.0793376
0.0640339
0.00534539
0.048175
0.0123263
0.0118382
0.0310712
0.00629477
0.00623087
0.127216
0.00629824
0.134468
0.0329784
0.0079195
0.0772224
0.0567432
0.0305309
0.0125674
0.0183184
0.0186925
0.0168488
0.00506086
0.00423432
0.00415544
0.0171602
0.0194821
0.0150845
0.0152762
0.0187008
0.109
0.0437637
0.0162695
0.0122732
0.00943301
0.0669637
0.0766734
0.00317713
0.0534795
0.0328662
0.0229067
0.00598314
0.00127065
0.000916036
0.00532223
0.012986
0.00851408
0.0105053
0.00694778
0.0135365
0.0145096
0.00580531
0.00829467
0.0107654
0.00545988
0.00739514
0.00577613
0.0108934
0.0692898
0.0460609
0.0565838
0.0144776
0.00617288
0.0272495
0.0179316
0.000836074
0.0816172
0.0626775
0.0426692
0.0430031
0.00604001
0.0057254
0.00920399
0.0105197
0.0152129
0.00504045
0.00695122
0.00652226
0.00656917
0.00638413
0.0130017
0.0274033
0.00761614
0.020552
0.017598
0.0136795
0.019631
0.0180229
0.00863688
0.0128088
0.0132445
0.0820902
0.00807168
0.00807093
0.0037151
0.0303111
0.0133536
0.0299391
0.025524
0.00477923
0.0238769
0.0286797
0.00250936
0.00254556
0.02621
0.0280818
0.00806898
0.00638832
0.0101622
0.0623961
0.00825797
0.0182967
0.00267468
0.00977785
0.0234945
0.0208807
0.0120091
0.00030207
0.0257422
0.00257736
0.00508096
0.0134274
0.0611776
0.0325802
0.0253223
0.0240395
0.00355194
0.00892474
0.0335233
0.143177
0.136255
0.00376299
0.08773
0.0168479
0.00672995
0.011675
0.0124607
0.00463895
0.0087438
0.0181848
0.0178917
0.0423978
0.0112283
0.116029
0.00156472
0.0044675
0.00819136
0.00663967
0.011148
0.00557626
0.0182205
0.0213538
0.0148482
0.00784158
0.0176843
0.0507825
0.00926841
0.0023399
0.00432856
0.0167367
0.0124672
0.0200253
0.00215225
0.00604134
0.00425837
0.00685409
0.0169856
0.0127436
0.0507242
0.0202539
0.0464376
0.003793
0.00263326
0.0444831
0.0229537
0.00854212
0.00992933
0.0288127
0.0080002
0.0280702
0.0165086
0.00937163
0.0212635
0.0119276
0.00935177
0.00493081
0.00391532
0.00430619
0.00423212
0.0106611
0.0144256
0.0183578
0.0833935
0.0100543
0.00622166
0.00665838
0.011366
0.00657723
0.0093182
0.00826194
0.0414521
0.00321177
0.0230204
0.00569952
0.0199811
0.0187025
0.000962968
0.00560335
0.00219335
0.00455633
0.0693602
0.0138959
0.143947
0.0381179
0.00642755
0.000843674
0.0237215
0.00787129
0.0139354
0.00179344
0.0144711
0.00846857
0.00900503
0.00920901
0.0237016
0.0157601
0.0604843
0.00863438
0.00590998
0.00657625
0.0169183
0.0611776
0.0182395
0.0077304
0.0555681
0.0433392
0.0602584
0.0125548
0.00336903
0.0027422
0.00274497
0.0110142
0.0188635
0.120303
0.00255976
0.0270296
0.025405
0.00358513
0.119595
0.0197006
0.00918014
0.0530639
0.083164
0.0464628
0.0181617
0.017789
0.00490666
0.00199947
0.0013767
0.00218228
0.00735375
0.00515556
0.0230223
0.00590715
0.00276109
0.0138713
0.009229
0.00557012
0.00634676
0.0153076
0.0162226
0.0187565
0.014856
0.0324393
0.0070095
0.00944961
0.017294
0.00225931
0.0561416
0.0735295
0.0684874
0.00463863
0.0650525
0.0552161
0.0283512
0.0139216
0.0127209
0.00679833
0.0803748
0.0410186
0.00687887
0.00824068
0.0302883
0.0630827
0.0159418
0.025712
0.0050276
0.0556984
0.0261985
0.0180747
0.00943188
0.041949
0.259074
0.0188385
0.0159137
0.0233159
0.0145692
0.0110142
0.0181472
0.0170089
0.00343651
0.0339904
0.022233
0.00444117
0.00572661
0.0271828
0.00569395
0.00966746
0.00765582
0.0183681
0.00774484
0.0274651
0.00568212
0.00474055
0.022384
0.0100141
0.00643759
0.0269708
0.00831502
0.00435188
0.00403693
0.0135133
0.00662176
0.01005
0.0101488
0.00815808
0.0106199
0.0308489
0.0149522
0.00738586
0.00916833
0.00212787
0.00616346
0.0425542
0.00492222
0.00459708
0.0173272
0.0186181
0.0133106
0.0204345
0.0168341
0.00522722
0.00581655
0.00951678
0.00934254
0.0288273
0.00737044
0.00234339
0.0586267
0.0743066
0.0109578
0.00998706
0.00281868
0.0200409
0.00879604
0.0491825
0.0134884
0.00229506
0.000767758
0.00659015
0.0084985
0.00742515
0.0636745
0.00295713
0.00413164
0.0115235
0.118102
0.152407
0.0817272
0.00751396
0.00223844
0.00467876
0.0273429
0.00205084
0.0114059
0.00995752
0.0121334
0.0114049
0.0337026
0.0115975
0.0069358
0.0151235
0.00561469
0.0343962
0.011671
0.0121979
0.00185881
0.005571
0.00300221
0.0185314
0.00812744
0.0124405
0.00504484
0.0145816
0.0031457
0.0124335
0.00785772
0.00501082
0.00551048
0.0053137
0.0749131
0.00401293
0.00140795
0.0024927
0.00980097
0.0146119
0.0113902
0.00482015
0.002107
0.0418721
0.0688282
0.0682487
0.0272883
0.0352227
0.0197491
0.0488515
0.00849396
0.0867537
0.00295673
0.020698
0.0160229
0.0102588
0.00523886
0.0284458
0.0163588
0.0240109
0.0117897
0.00891659
0.00241655
0.0240816
0.0138648
0.00540727
0.00794484
0.00231722
0.020804
0.0170559
0.00672748
0.0821618
0.00572639
0.00382314
0.00337102
0.0464058
0.0029548
0.012222
0.00634493
0.00697684
0.00754239
0.0129834
0.00925833
0.00646071
0.00585234
0.0376417
0.0118781
0.0115534
0.00643145
0.0157252
0.0105863
0.0114093
0.00520339
0.00706399
0.00697968
0.00739069
0.0370788
0.00545251
0.0215277
0.0199005
0.0588184
0.00474091
0.0168374
0.00755662
0.0109329
0.0570652
0.0491071
0.0486884
0.0443645
0.00437249
0.00166228
0.00135272
0.0211543
0.0100219
0.0477091
0.0182931
0.173953
0.0454041
0.0458494
0.00833979
0.0698186
0.00900654
0.0126048
0.00540306
0.00318214
0.0222726
0.00133649
0.0235734
0.00640593
0.0118784
0.0382854
0.0147988
0.0172749
0.0513951
0.00459405
0.0945862
0.00317465
0.0144521
0.0155709
0.0365134
0.0414326
0.049686
0.0333404
0.0240868
0.0234065
0.00868783
0.109861
0.0450163
0.0880876
0.0671469
0.0565919
0.00512305
0.00729585
0.0412537
0.0098398
0.0010696
0.0627708
0.0202398
0.0118307
0.0210632
0.010489
0.00687589
0.00560701
0.0036778
0.00884498
0.0190846
0.0201827
0.00136124
0.0539157
0.0232934
0.00568779
0.00782296
0.0148564
0.0331617
0.0142115
0.0137368
0.0216428
0.00936922
0.00621697
0.012014
0.0114611
0.00425195
0.0581448
0.00663998
0.0756501
0.118875
0.0731224
0.0240746
0.0226326
0.0180399
0.0456364
0.00341534
0.0549328
0.0625172
0.0269337
0.0267457
0.00423338
0.0577868
0.0511942
0.0162895
0.0579972
0.0187829
0.038867
0.0111207
0.117107
0.0290923
0.0502229
0.00729741
0.0223931
0.00471948
0.0149521
0.0206126
0.0108044
0.00864895
0.047457
0.0265952
0.0305098
0.0238383
0.00305097
0.00278997
0.0177389
0.112871
0.0158576
0.0148666
0.0969398
0.0128038
0.0504538
0.034202
0.00923261
0.0128991
0.00215875
0.0246348
0.016057
0.0208162
0.028131
0.0168026
0.00262141
0.00582035
0.00250057
0.054913
0.00326144
0.0145814
0.015365
0.00693889
0.00544184
0.00344334
0.000448425
0.00167276
0.00167346
0.00276895
0.00433937
0.0568636
0.0120026
0.0528754
0.0333813
0.00215508
0.0132834
0.0211776
0.0636541
0.00629617
0.0124197
0.0152545
0.00611626
0.0200805
0.0372713
0.00221294
0.0274259
0.0296315
0.0267073
0.0361812
0.0403196
0.0102763
0.0212766
0.000401349
0.0480237
0.0113489
0.00402184
0.00869123
0.00435485
0.022464
0.00298535
0.012188
0.0225841
0.0216357
0.0388002
0.00198053
0.0033277
0.00726792
0.00461133
0.0197026
0.00368529
0.0224746
0.0122433
0.00817468
0.00980406
0.0148378
0.00562075
0.0114517
0.0116872
0.0291735
0.0623566
0.00338774
0.0674732
0.0128235
0.0809492
0.0328039
0.0222766
0.0105274
0.002719
0.0348606
0.0449904
0.113077
0.127951
0.0214922
0.00721328
0.03488
0.0116965
0.0136958
0.0159639
0.0540432
0.0275528
0.0289603
0.0318621
0.00023199
0.00216757
0.00486574
0.0447028
0.0450538
0.00781706
0.0240573
0.0680347
0.0822895
0.0154897
0.0065516
0.0117357
0.0589435
0.0135792
0.00854395
0.038805
0.0038148
0.0160872
0.0173499
0.000431928
0.0596898
0.00779749
0.0448375
0.0442485
0.0430283
0.00499831
0.0286663
0.0260228
0.0710417
0.0283654
0.0179034
0.0274164
0.0274677
0.128176
0.0047469
0.00200843
0.00956927
0.108247
0.034889
0.0608212
0.0750916
0.0316347
0.00778449
0.00929038
0.0079289
0.00370613
0.0358034
0.0121689
0.0298527
0.0155273
0.00844483
0.0177141
0.00154785
0.00137044
0.0140314
0.110733
0.02366
0.0554321
0.047119
0.0441205
0.00106176
0.0119935
0.0276019
0.0283724
0.00147472
0.0129314
0.00113639
0.0213034
0.0261604
0.00123425
0.0168339
0.0241271
0.0126315
0.041378
0.0113712
0.0160818
0.0437762
0.00889236
0.00476337
0.125782
0.0193957
0.00977462
0.0275975
0.023248
0.0252158
0.0962846
0.0344266
0.00890017
0.0238704
0.0626391
0.0137825
0.00641767
0.005769
0.00801926
0.0120539
0.028789
0.0215469
0.00256184
0.0669203
0.0137287
0.009121
0.00695341
0.0181828
0.114821
0.0844609
0.0327773
0.00606907
0.0192209
0.00595996
0.020255
0.0393956
0.0389453
0.0127037
0.00119153
0.0301013
0.00853771
0.00853802
0.0128084
0.0140563
0.00704675
0.018943
0.00299593
0.0272397
0.0085244
0.0173544
0.00461566
0.00313312
0.0719251
0.0743388
0.0429359
0.00819282
0.028297
0.0189299
0.113706
0.00496698
0.00286013
0.031312
0.00439742
0.00544303
0.00837683
0.0389074
0.109985
0.0098722
0.0947755
0.0233959
0.00754752
0.0352894
0.0283691
0.0191314
0.00979013
0.00329668
0.0940607
0.0143169
0.0495223
0.00286579
0.115065
0.000479019
0.00740997
0.00923995
0.0293208
0.0439795
0.0258774
0.0461785
0.0952382
0.014002
0.000929667
0
0.0763362
0.0100885
0.124949
0.00661814
0.10849
0.0852947
0.0183106
0.10501
0.0168585
0.0343699
0.00211921
0
0.00251082
0.0071207
0.015847
0.0258835
0.0235688
0.110695
0
0.0605141
0.0250827
0.0218606
0.0110462
0.000489504
0.0448262
0.0607646
0.00651465
0.00718494
0
0.0773356
0
0.0274122
0.00404139
0.0591183
0.0536664
0
0.067552
0.107347
0.0376742
0
0.00262354
0
0.0318243
0.0477018
0.103637
0.00952065
0.0299952
0
0.0417109
0
0.0386087
0.00935376
0.022822
0.0221695
0.0301544
0.0779555
0.122636
0.0212635
0
0.00673227
0.208071
0
0.0295913
0.118641
0.0601124
0
0.0834047
0.00935375
0
0
0.0934328
0.0312654
0.0488972
0
0
0
0
0.0764133
0.0768017
0.0701447
0.000574637
0.0112957
0.00247152
0.00155904
0.003901
0.0925054
0.0021099
