8251
0.0150667
0.00179093
0.159988
0.178712
0.0675168
0.00490857
0.00837221
0.0741909
0.0035853
0.00214861
0.0384351
0.00467112
0.0388763
0.0115325
0.0103839
0.0097723
0.0529526
0.00691826
0.00870353
0.0121206
0.0795567
0.0060178
0.062965
0.00516924
0.0158189
0.0114528
0.0839179
0.0940725
0.0293732
0.00423527
0.0729775
0.0524626
0.00516542
0.0626323
0.0928721
0.00972646
0.0323433
0.00879112
0.0446183
0.0382837
0.0163929
0.0175361
0.00941689
0.0127194
0.00512371
0.0454786
0.0429431
0.0115881
0.196809
0.0385225
0.0875917
0.067774
0.0128131
0.0296534
0.0155324
0.111222
0.0915547
0.0069599
0.00432899
0.0882058
0.011665
0.015784
0.122509
0.186226
0.0925521
0.00886773
0.010816
0.0420854
0.0018526
0.00741058
0.0277993
0.0408738
0.00167356
0.0111823
0.0395156
0.00648124
0.00482354
0.00672221
0.00722175
0.0395997
0.239557
0.00941691
0.00686699
0.0172871
0.0538767
0.0221671
0.0036043
0.0146862
0.00807608
0.00721684
0.110195
0.00417143
0.0119982
0.0161988
0.00906781
0.00537346
0.00959943
0.00261861
0.0327643
0.0184574
0.00986028
0.0511144
0.00287296
0.052049
0.00945204
0.0689989
0.0886925
0.1028
0.0484098
0.0936797
0.00733897
0.131393
0.0152768
0.0121284
0.00408485
0.0542144
0.0848811
0.00610737
0.00815277
0.0328246
0.00378188
0.00865132
0.0024683
0.0202534
0.053224
0.00202461
0.038697
0.0102608
0.104361
0.00654319
0.0141468
0.00841085
0.0547867
0.0615171
0.0346135
0.00956028
0.0047459
0.0149565
0.023074
0.0120106
0.0859498
0.00580933
0.0378617
0.0400335
0.00837741
0.0149547
0.0172956
0.1362
0.00956306
0.0181356
0.013068
0.0922227
0.0149584
0.0223782
0.00878035
0.0088753
0.00250893
0.176232
0.00741569
0.0424532
0.063508
0.0110852
0.0229842
0.0123711
0.0167165
0.109996
0.0588015
0.0093046
0.00479183
0.00705723
0.0189882
0.00231855
0.00166961
0.0211433
0.0076639
0.0862783
0.0150537
0.0179573
0.0102259
0.0117704
0.0162174
0.00514894
0.13614
0.0343916
0.00644221
0.0112658
0.0159278
0.0706376
0.153542
0
0.153024
0.0252897
0.0506561
0.124287
0.0253347
0.0159591
0.0136482
0.0274605
0.0121522
0.00452337
0.00546832
0.0102602
0.0770702
0.00315299
0.0940266
0.00552524
0.020024
0.0140684
0.249943
0.068496
0.126338
0.0267196
0.169734
0.00706951
0.0737455
0.00764094
0.0464334
0.0503423
0.00581996
0.07065
0.00505267
0.0201594
0.00916848
0.0194226
0.0143447
0.0111143
0.00276844
0.0292948
0.0455394
0.00361875
0.00736497
0.00656325
0.0226584
0.00491313
0.18921
0.211227
0.0632613
0.0595087
0.00959175
0.0896014
0.236886
0.0214292
0.116741
0.00752388
0.00345029
0.0118979
0.0100139
0.0981746
0.00286918
0.00140501
0.00264666
0.0145461
0.0011403
0.00914454
0.149518
0.0169419
0.00697177
0.00340454
0.0433884
0.0481676
0.0055598
0.0460396
0.00817279
0.224236
0.00868663
0.115367
0.0302086
0.0530553
0.00452352
0.0101131
0.0367926
0.00748369
0.00522548
0.00620736
0.0709516
0.00516424
0.128628
0.0137964
0.00265646
0.0498869
0.0169037
0.0414572
0.00887301
0.0201497
0.0997342
0.00306909
0.190214
0.0307622
0.00640297
0.00596194
0.0332293
0.036268
0.00354654
0.0201947
0.0342017
0.00488215
0.0110474
0.00622051
0.0705365
0.0252181
0.0266518
0.0205074
0.0797536
0.0314065
0.00886882
0.14811
0.11864
0.0263015
0.0920649
0.00276845
0.000225402
0.00795253
0.0155317
0.0102355
0.00823872
0.0126974
0.0116356
0.0109134
0.0969795
0.0183756
0.0277681
0.00623241
0.142112
0.00355469
0.0525653
0.0175764
0.00428485
0.0390712
0.00317326
0.00215711
0.0046575
0.00145765
0.00824628
0.0441052
0.00663969
0.0199134
0.0376331
0.00970139
0.0408784
0.00457202
0.00848463
0.00578173
0.0297956
0.0909254
0.0318103
0.00715307
0.00448121
0.0632981
0.0193927
0.00863463
0.0125818
0.0177557
0.0052327
0.0154253
0.00271444
0.00669755
0.0121252
0.00360515
0.0156429
0.0107365
0.0454857
0.0174249
0.0454366
0.0605729
0.00287293
0.0139091
0.00402514
0.0610129
0.00509934
0.000696621
0.00854184
0.0281722
0.0410154
0.0563352
0.00836669
0.170567
0.0251679
0.00471315
0.00306064
0.018228
0.0337097
0.00514075
0.00905958
0.0447228
0.000242052
0.0293364
0.0418811
0.00844932
0.0383221
0.00295033
0.165726
0.0352479
0.0754503
0.0315498
0.00924099
0.00494126
0.0337809
0.0199743
0.00525374
0
0.0108535
0.0591194
0.00173325
0.0053214
0.00158622
0.0107073
0.0038302
0.00534816
0.0752704
0.0176995
0.0292375
0.0332922
0
0.0567054
0.0154494
0.00749565
0.040159
0
0.0174344
0.00978555
0.0922295
0.056294
0.0158686
0.103736
0.00360664
0.0100288
0.0205473
0.00666662
0.0264528
0.00151703
0.0972525
0.0267004
0.0112425
0.0600744
0.0045756
0.0070874
0.0173224
0.0116401
0.0279018
0.00917815
0.118701
0
0.0102414
0.00364244
0.016263
0.0180555
0.0242749
0.049755
0.0316797
0.0152385
0.000879488
0.00556992
0.26443
0.0933034
0.0437722
0.0102683
0.00813767
0.00597286
0.00258473
0.0113508
0.0392961
0.0443146
0.313891
0.00972801
0.0225707
0.147704
0.0458013
0.0158859
0.00944668
0.0243906
0.0191463
0.207845
0.0762199
0.063815
0.00147861
0.0566745
0.00435571
0.0127903
0.00821695
0.00323667
0.000450522
0.00448167
0.0200201
0.0101051
0.013714
0.164512
0.29669
0.00471272
0.011722
0.0132263
0.00564768
0.0197733
0.00426935
0.0465628
0.00769052
0.0172715
0.00517401
0.00313937
0.023274
0.042408
0.044249
0.00923113
0.00619515
0.0798736
0.007907
0
0.0189433
0.0863847
0.0430855
0.00792531
0.01358
0.00665181
0.033849
0.0747999
0.234477
0.125427
0.00791443
0.0016996
0.0359403
0.0126826
0.0126842
0.00265911
0.239586
0.0054458
0
0.0268778
0.478772
0.0910783
0.00190872
0.017161
0.125289
0.050494
0.20238
0.0245373
0.0615546
0.00680213
0
0.0819118
0.00575201
0.0109689
0.012218
0.0258511
0
0.00764535
0.00708036
0.00409003
0.01943
0.00789069
0.0242805
0.00658083
0.000576815
0.011227
0.00931718
0.0440213
0.0348196
0.0381094
0.0259071
0.00697069
0.0320922
0.00742783
0.154679
0.0268875
0.0228397
0.00940126
0.104929
0.00532532
0.065661
0.00624593
0.065318
0.0394028
0.00959027
0.0101906
0.0144533
0.00871791
0.0259019
0.0133643
0.022091
0.0880822
0.0526222
0.07209
0.0402789
0.00625454
0.0412746
0.00385322
0.379369
0.276615
0.00324369
0.00352262
0.00398472
0.0316516
0.00391059
0.00738408
0.120683
0.00832873
0.00535478
0.176263
0.00277303
0.0172313
0.0147947
0.00204945
0
0.000782291
0.00664236
0.24973
0.00858304
0.0601406
0.00115949
0.0311526
0.0351908
0.0539385
0.0147028
0.0041032
0.0595987
0.0304999
0.0716922
0.0207942
0.00361352
0.104929
0.0149384
0.00762522
0.00304493
0.00411182
0.0183889
0.00698101
0.0217305
0.0273553
0.00375032
0.147207
0.0277986
0.24693
0.0254123
0.0120907
0.408473
0.0107752
0.00147862
0.0196829
0.0232317
0.0132947
0.00141946
0.0166407
0.021981
0.301585
0.0144478
0.0150849
0.00732919
0.0206247
0.0075075
0.0610973
0.012637
0.0102021
0.00761914
0.0125119
0.0472011
0.0105035
0.00823197
0.228674
0.032958
0.00775968
0.00914524
0.0328632
0.0246779
4.01861e-005
0.0530537
1.29683e-006
0.0316126
0.00999201
0.243169
0.00768861
0.00553411
0.0181923
0.105796
0.0123547
0.312122
4.01861e-005
0.0172954
0.00324112
0.00326942
0.0851086
0.00995676
0.0321107
0.00645007
1.29683e-006
0.0152757
0.0861986
0.00543272
0.00538087
0.0872523
0.00393025
0.0489116
0.0694981
0.105646
0.243805
0.00240331
0.0108864
0.0106105
0
0.0110612
0.00838734
0.0233337
0.00933643
0.00318376
0.01247
0.0173679
0.0157138
0.0342343
0.0593831
0.0126862
0.00557064
0.00491831
0.00875399
0.0296166
0.0206273
0.0445167
0.0173903
0.00844004
0.0202304
0.00247213
0.0336061
0.221982
0.00225485
0.00536275
0.00750884
0.0390877
0.0108911
0.0353113
0.00257844
0.0112055
0.00806871
0.0294631
0.00670628
0.00113979
0.00770854
0.00330044
0.00275311
0.0129481
0.019977
0.00897845
0.00461191
0.00769284
0.0151313
0.0185181
0.0825291
0.0106386
0.00683456
0.00448982
0.0175694
0.00737235
0.00472323
0.00585339
0.00322942
0.00773037
0.0141254
0.0347843
0.0188118
0.024889
0.019527
0.0413811
0.0093524
0.018305
0.0039893
0.0547627
0.323438
0.0120797
0.0109336
0.0483064
0.0018745
0.0928072
0.00429119
0.00329785
0.0621559
0.0434708
0.0837275
0.140218
0.0511787
0.32073
0.0117988
0.00293425
0.0931874
0.12737
0.0361765
0.0136245
0.0106179
0.0308978
0.0327238
0.0044797
0.0120209
0.20595
0.00601359
0.0363361
0.0112899
0.011757
0.0083736
0.0046501
0.00654032
0.284688
0.00520132
0.00373688
0.0922294
0.0407131
0.204517
0.00383962
0.0171326
0.00377761
0.0302693
0.142752
0.00616036
0.0699296
0.030335
0.0454855
0
0.0178568
0.00908847
0.0129771
0.0044183
0.0472008
0.0206779
0.0113648
0.0123534
0.041186
0.00992475
0.00318744
0.0220599
0.084889
0.195283
0.111773
0.00184859
0.00367996
0.0635637
0.00814671
0.0059673
0.00784556
0.0571227
0.0118071
0.0209581
0.00903226
0.00181287
0.0133283
0.011583
0.223308
0.013023
0.0445942
0.00416248
0.0789998
0.0156193
0.0200371
0.0850044
0.0106218
0.00298735
0.0272441
0.0484703
0.0120081
0.017152
0.00353382
0.0161927
0.00645273
0.00803687
0.00868952
0.00560967
0.0129326
0.0122159
0.0124961
0.0494142
0.0152061
0.0148532
0.093894
0.233134
0.0593905
0.0072084
0.00374232
0.00512867
0.0310284
0.00388454
0.023367
0.00254569
0.0152506
0
0.143586
0.12504
0.0427089
0.0512432
0.0103029
0.0052978
0.00505791
0.122486
0.129063
0.0257208
0.00478075
0.0133652
0.0416384
0.0101532
0.00690619
0.0269844
0.0029231
0.0703668
0.00887113
0.00624028
0.0155483
0.0353536
0.00301084
0.110955
0.227987
0.00155517
0.00590231
0.0125665
0.00430918
0.019633
0.0907161
0.0202678
0.00743433
0.0373123
0.00409502
0.005859
0.083625
0.0159067
0.00445258
0.0204751
0.081459
0.130828
0.0046281
0.0488849
0.0214156
0.0432352
0.00426099
0.24327
0.0354965
0.0121652
0.0196032
0.168144
0.0824904
0.00550326
0.0247568
0.00722563
0.00578069
0.0106728
0.0680407
0.00837964
0.237478
0.00253987
0.00305713
0.0391146
0.0078355
0.00435205
0.00767432
0.0131573
0.0714113
0.100002
0.191003
0.0489813
0.0245265
0
0.00865785
0.00399799
0.00485713
0.0232961
0.00607467
0.005369
0.0212069
0.00579047
0.0290272
0.086547
0.00932342
0.0336758
0.00392402
0.00683321
0.0229446
0.0251768
0.00977946
0.00219472
0.0255126
0.123838
0.0108881
0.0235684
0.0354585
0.010424
0.0689003
0.00920002
0.00573816
0.0129632
0.169479
0.0273249
0.0682433
0.00248685
0.0218004
0.0388458
0.011123
0.122033
0.0480031
0.194645
0.0642905
0.0287137
0.0174942
0.0130761
0.0661597
0.0198361
0.0112174
0.0101787
0.113916
0.0228438
0.00826021
0.00931071
0.016201
0.093122
0.0205103
0.0072177
0.013626
0.0306497
0.00690506
0.0365917
0.0326536
0.0309183
0.0180569
0.0314598
0.0296792
0.019486
0.00235498
0.151876
0.0138717
0.0638909
0.0234547
0.0020933
0.00746612
0.00851484
0.00464985
0.00525918
0.0148105
0.215678
0.215185
0.022521
0.00119182
0.00969882
0.0151967
0.0671841
0.0100929
0.0154833
0.00895382
0.00667235
0.00637367
0.00778426
0.000713769
0.000740072
0.00488694
0.00714721
8.16116e-005
0.00760307
0.00723941
0.0281079
0.160892
0.0551673
0.0146808
0.198116
0.00565253
0.0137954
0.0018789
0.00168843
0.00176298
0
0.00669213
0.00457793
0.022091
0.155865
0.0145492
0.0110355
0.0197506
0.026037
0.0967492
0.00618715
0.080372
0.00475319
0.00425973
0.028559
0.0120553
0.0268531
0.0044272
0.16307
0.0227074
0.0184747
0.0279058
0.00697995
0.24763
0.167294
0.0116697
0.024834
0.0308825
0.0017201
0.017122
0.0150092
0.0385328
0.00414021
0.00411651
0.00770084
0.00581292
0.188467
0.0151714
0.00129834
0.00776936
0.0108367
0.00552587
0.0176026
0.0131089
0.0397461
0.0173561
0.0132891
0.0199111
0.00209765
0.00267996
0.0271335
0.0119117
0.0274766
0.0242856
0.0137065
0.00622906
0.0283637
0.00776707
0.0490886
0.00588028
0.0037324
0.00687098
0.0051655
0.14349
0.0406785
0.032197
0.0371341
0.0377693
0.0188311
0.0674886
0.00217161
0.050581
0
0.00316893
0.0254487
0.0611638
0.00566979
0.186475
0.0353083
0.00646859
0.0574984
0.0320819
0.0829058
0.0064219
0.207243
0.0131261
0.00492827
0.0569217
0.0162408
0.259221
0.0429158
0.0204542
0.00682775
0.0951901
0.0104224
0.00131038
0.0163365
0.0498102
0.00233045
0.00895764
0
0.00103889
0.0148231
0.0375023
0.114398
0.00610534
0.0042987
0.0247344
0.0100706
0.022776
0.0293963
0.00945972
0.00187168
0
0.213732
0.228219
0.0383174
0.0330422
0.242551
0.16086
0.0120215
0.0157332
0.000424631
0.00431525
0.0611445
0.0843675
0.00907131
0.0108622
0.00590261
0.176538
0.00937954
0.00479013
0.0104123
0.0260654
0.0160783
0.00990122
0.03213
0.00859361
0.00504219
0.0194093
0.0539687
0.0720393
0.00379284
0.343864
0.152235
0
0.00706355
0.0209164
0.109637
0.0545452
0.00972573
0.00259634
0.0216313
0
0.00399218
0.0370078
0.213726
0.0447806
0.00399732
0.00927314
0.0946081
0.0489429
0.0362538
0.0147131
0.0078691
0.00283725
0.00772878
0.0735578
0
0.0211813
0.0252962
0.00281414
0.00824901
0.011093
0.00500675
0.00229058
0.0120211
0.249593
0.0622322
0.0241796
0.00116547
0.00440256
0.0627752
0.0563873
0.182496
0.00880141
0.129556
0.00283637
0.1553
0.00493206
0.00960523
0.135729
0.132035
0.00461331
0.00293296
0.119846
0.00718434
0.0150113
0.0192326
0.0129024
0.0574242
0.00445367
0.00256704
0.0223847
0.00554353
0.0181093
0.00421756
0.0098129
0.00695
0.0414202
0.00356545
0.0138411
0.00580558
0.00959763
0.157252
0.0287895
0.0216824
0.00273457
0
0.00652178
0.0103084
0.106302
0.00276555
0.00625359
0.00520351
0.00474892
0.0593544
0.00742647
0.00172148
0.0167493
0.00816971
0.0936649
0.00224913
0.00995863
0.00617765
0.00590471
0.00650586
0.00339323
0.182667
0.0146692
0.0317802
0.0086793
0.0194265
0.0381826
0.0309388
0.0209665
0.00272029
0.0556848
0.00503632
0.00363732
0.150672
0.130455
0.00300998
0.00300474
0.0346119
0.0103028
0.159531
0.00884136
0.0105824
0.0489168
0.0254607
0.0190335
0.0378434
0.000817047
0.00957956
8.16116e-005
0.00484393
0.0162337
0.017599
0.00207292
0.0324282
0.0155968
0.00620089
0.0165256
0.00592108
0.0102902
0.070859
0.0224355
0.241723
0.0297819
0.0117262
0.125702
0.030615
0.0436348
0.011913
0.00656657
0.037716
0.00204381
0.0020703
0.0047614
0.032583
0.0126824
0.00609443
0.00115204
0.00557244
0.00592478
0.0484866
0.0332815
0.0283611
0.0116642
0.132799
0.0597706
0.000574088
0.00622302
0.106219
0.132344
0.164237
0.00792839
0.0140389
0.0127121
0.00732339
0.0458516
0.00995111
0.00358768
0.00670575
0.00775077
0.0129024
0.00716422
0.00622307
0.131098
0.00437283
0.0084728
0
0.230987
0.044161
0.0102446
0.0613704
0.201119
0.00948927
0.200547
0.0798592
0.0379018
0.0809867
0.0348813
0.100208
0.0223655
0.19885
0.00244123
0.0494451
0.00816316
0.00692762
0.011648
0.0152932
0.0683769
0.0141875
0.00914376
0.00933205
0.0028573
0.0123363
0.00465196
0.00761385
0.00788664
0.0117513
0.00273362
0.0221362
0.00765395
0.00405229
0.00478075
0.0144093
0.0563717
0.0231826
0.0216025
0.0204385
0.069112
0.0574008
0.00853009
0.00683781
0.01044
0.0165664
0.0303098
0.011083
0.058362
0.00220954
0.00978488
0.00391
0.0106633
0.059198
0.107443
0.00329963
0.0682949
0.103525
0.1809
0.113036
0.0084781
0.00203397
0.124591
0.0798427
0.0179153
0.204465
0.0197613
0.00740986
0.00917103
0.000623705
0.00604513
0.0209041
0.0197336
0.142935
0.00446941
0.00810541
0.00595012
0.00134693
0.0183041
0.0038064
0.023976
0.192505
0.00420944
0.0671394
0.00909636
0.0230102
0.00824186
0.0546985
0.123485
0.0541386
0.058893
0.0134141
0.0238916
0.0256
0.0102383
0.0662421
0.0687813
0.00795094
0.00390801
0.0105679
0.0921683
0.174198
0.00610388
0.145117
0.0767454
0.0125965
0.0274428
0.00970675
0.0384353
0.0328862
0.0114202
0.00475027
0.0519038
0.0168171
0.0113875
0.00629654
0.00464118
0.0165043
0.0843675
0.0107512
0.00368504
0.00771429
0.00603916
0.00857233
0.031199
0.126069
0.00398165
0.00614661
0.00794864
0.0127933
0.00289218
0.0104998
0.00227228
0.0554801
0.0727756
0.00907816
0.0171079
0.0206695
0.00782097
0.0523082
0.0412879
0.106005
0.0494155
0.236998
0.00454953
0.0175143
0.0667301
0.0017108
0.0457893
0.0216379
0.000535784
0.0254301
0.181218
0.0110884
0.0452859
0.00938054
0.151025
0.0118623
0.00601654
0.0197037
0.06186
0.0048668
0.110192
0.00266008
0.0862671
0.0262068
0.0384329
0.00365467
0.0720448
0.0101536
0.0437995
0.00646594
0.0374716
0.0117302
0.00662375
0.00455074
0.0522055
0.249217
0.0277057
0.0165289
0.00988951
0.015728
0.00802472
0.0288043
0.0204791
0.0108002
0.122666
0.00187933
0.00653756
0.00137537
0.0097488
0.107085
0.161143
0.115137
0.0540686
0.102902
0.019979
0.00681141
0.027973
0.0360791
0.00103163
0.0104886
0.0151535
0.0147064
0.0684272
0.218409
0.0120159
0.0780203
0.0332189
0.0732066
0.0156412
0.015941
0.0674217
0.0194637
0.00741048
0.0261155
0.223904
0.0081585
0.0266006
0.0262348
0.0256799
0.0266708
0.0363893
0.00667966
0.00734558
0.0447665
0.0325263
0.0029479
0.0519006
0.0930725
0.00134656
0.0189643
0.00403989
0.0283405
0
0.00933799
0.00557989
0.0259767
0.013651
0.0360086
0.00419249
0.035841
0.00947472
0.00699853
0.0103875
0.202052
0.00620279
0.00704422
0.137413
0.0482089
0.00479496
0.00387952
0.0755534
0.0946778
0.139836
0.0998879
0.0237687
0.0109919
0.00353248
0.0831804
0
0.00630732
0.0126854
0.00946177
0.00669838
0.0245059
0.0215634
0.00199724
0.0257352
0.00901017
0.00290005
0.0115219
0.0096594
0.0463997
0.0188947
0.0070627
0.0298833
0.00386329
0.0143227
0.0500279
0.00209559
0
0.00905246
0.0562715
0.0127774
0.00385147
0.00878558
0.0527055
0.0855059
0.0127726
0.00693583
0.00255688
0.214529
0.010734
0.0144032
0.0523486
0.100485
0.00262303
0.0438175
0.272283
0.00683729
0.00294863
0.0162258
0.127738
0.0074502
0.0129183
0.0147111
0.0718991
0.00785204
0.0103289
0.0216378
0.00577926
0.065778
0.0224488
0.0105744
0.00966495
0.0129955
0.00368376
0.0440012
0.00181445
0.0118658
0.171396
0.00539266
0
0.0933961
0.0104338
0.00765654
0.122967
0.00527119
0.0643108
0.00622729
0.00471581
0.115915
0.0123091
0.0037026
0.160035
0.0652293
0.00332802
0.0018781
0.0129963
0.00603827
0.0057889
0.0579809
0.00154661
0.0322528
0.0133017
0.00218362
0.00655968
0.0005437
0.0245774
0.00490814
0.0137618
0.0107118
0.0469349
0.138963
0.00368579
0.00368575
0.0459239
0.0172187
0.000164377
0.0244906
0.00871345
0.0215917
0.0239464
0.26728
0.0403115
0.0102663
0.020532
0.0121143
0.0127209
0.115101
0.0378946
0.00169954
0.00491332
0.000351082
0.041113
0.249227
0.0136516
0.0236411
0.0251315
0.121134
0.00622633
0.00995839
0.0164562
0.0505169
0.0100474
0.0176754
0
0.00512627
0.0166964
0.00642269
0.0176451
0.0182294
0.0170094
0.00164382
0.0430234
0.0416186
0.00901529
0.0124647
0.00482228
0.0182489
0.00102227
0.0432074
0.0143862
0.00945376
0.00531867
0.00492034
0.00522962
0.00928394
0.0423726
0.12389
0.00363947
0.0090109
0.00511651
0.00292104
0.00444309
0.0142212
0.0117239
0.228073
0.0153265
0.0172579
0.0321612
0.0104024
0
0.138289
0.0402437
0.0806479
0.0503242
0.0368634
0.0111768
0.00856079
0.128056
0.00651442
0.056229
0.00704399
0.0413537
0.0109536
0.114093
0.0232497
0.0129043
0.0184787
0.00938546
0.00385111
0.0162302
0.0183439
0.0288212
0.192921
0.00753655
0.0118015
0.00499918
0.00267022
0.0209175
0.00451316
0.0200744
0.0151567
0.0241943
0.0326777
0
0.0187635
0.00329092
0.00278393
0.0120978
0.010548
0.158573
0.0850861
0.0128601
0.0321313
0.047893
0.0103233
0.0131532
0.0296736
0.0173493
0.00334623
0.129098
0.00351274
0.0050098
0.00963083
0.0291665
0.041323
0.00283031
0.00637203
0.0260382
0.00754979
0.0495864
0.0107671
0.010834
0.0148649
0.0384166
0.0226183
0.00540497
0.00849609
0.00355572
0.0078569
0.0928174
0.0103709
0.212581
0.0293294
0.0936315
0.0164641
0.0114271
0.00497666
0.021317
0.00797584
0.0157213
0.118384
0.139682
0.0090871
0.00405161
0.00272276
0.00272276
0.0256663
0.0317576
0.0754525
0.0962184
0.0066736
0.0146286
0.0384172
0.0528068
0.0457713
0.0229771
0.0188044
0.00253265
0.118381
0.0206427
0.0163778
0.0319946
0.0200471
0.000890453
0.0100942
0.114145
0.00373698
0.00331697
0.00465593
0.056843
0.0181727
0.0140028
0.00972834
0.0487118
0.0360118
0.0360107
0.136871
0.00696601
0.0144653
0.084377
0.0257168
0.0601025
0.00330711
0.00773015
0.0204883
0.00637549
0.0103744
0.153313
0.00457279
0.00322906
0.00601245
0.0192614
0.00700314
0.00832952
0.0824254
0.0051227
0.0447107
0.0166758
0.00708062
0.0238267
0.0193353
0.0241932
0.0232203
0.0229695
0.0025731
0.120933
0.00289845
0.0323713
0.0426822
0.00389523
0.0025048
0.00602692
0.0185017
0.0292254
0.00298679
0.00624992
0.0563429
0.042288
0.00512183
0.00628616
0.0118573
0.143988
0.0713502
0.00353961
0.0363056
0.0399679
0.147749
0.00193607
0.00251724
0.0321896
0.0597324
0.00809072
0.0729684
0.041229
0.00795559
0.0464159
0.00145673
0.00505948
0.0882893
0.00983294
0.00317552
0.0303534
0.0153202
0.213402
0.0112008
0.0335372
0.0168745
0.00922248
0.00608602
0.0334967
0.0237879
0.0114327
0.00628628
0.00435934
0.23944
0.00605067
0.0497107
0.00526217
0.00405832
0.0815696
0.388053
0.263969
0.00460237
0.0305327
0.027297
0.0513717
0.00822317
0.0139861
0.00927656
0.0449241
0.0100899
0.0221488
0.00425776
0.0460798
0.00904423
0.0505609
0.00670893
0.199434
0.0550174
0.0677739
0.0356479
0.032511
0.022661
0.0250378
0.0317657
0.00692805
0.0987685
0.00826919
0.0283591
0.207365
0.0121535
0.00795618
0.0959082
0.00532298
0.00283795
0.0607621
0.0142258
0.00631134
0.00752131
0.0276681
0.155044
0.0225481
0.0148264
0.0483978
0.00699561
0.0418841
0.175116
0.00456696
0.012975
0.18637
0.00977483
0.000392203
0.0545888
0.00869533
0.0177697
0.0319999
0.00452629
0.00135144
0.0106468
0.108784
0.00705702
0.0160402
0.0180393
0.00490883
0.00575017
0.00332594
0.00576002
0.0155875
0.00601427
0.0206987
0.0130789
0.10585
0.0104424
0.0878575
0.0338818
0.158579
0.0381666
0.0186462
0.035692
0.00677306
0.151689
0.00375143
0.0484403
0.0426954
0.00938829
0.00686311
0.0125196
0.00754543
0.23634
0.0698048
0.00448631
0.00359739
0.0313508
0.0638058
0.0490184
0.0874301
0.143074
0.00976834
0.00345078
0.00218796
0.00761
0.0314119
0.0196444
0.00588544
0.0150874
0.0036367
0.217078
0.00428237
0.0171398
0.018682
0.0469461
0.0159666
0.0436679
0.00411651
0.180586
0.00367651
0
0.0664174
0.0795181
0.00321662
0.016003
0.244646
0.0134331
0.00537614
0
0.0421739
0.0109555
0.0346991
0.0829666
0.00467401
0.00253249
0.0139261
0.025164
0.026711
0.00570883
0.0470047
0.0092565
0.00901859
0
0.00362085
0.0454564
0.0272454
0.0133366
0.0138122
0.0216616
0.0143767
0.00456468
0.0586387
0.00547928
0.00222437
0.0223219
0.105415
0.00269643
0.0101756
0.00210196
0.0844621
0.0190471
0.010701
0.00412943
0.0231076
0.00261967
0.00584898
0.0113614
0.00714331
0.00420008
0.00806424
0.0177379
0.0172286
0.00191929
0.00752106
0.0130705
0.232922
0.0157785
0.0155264
0.00470389
0.0290611
0.129592
0.00469932
0.0117973
0.0245058
0.0277112
0.00588492
0.00599042
0.200336
0.0805846
0.0271791
0.0256043
0.0269711
0.0114565
0.00381982
0.0107553
0.0051127
0.0292016
0.00317829
0.00922709
0.277122
0.00705145
0.0450713
0.00731847
0.186298
0.182667
0.0436668
0.00684174
0.139886
0.0161286
0.0210513
0.174682
0.0062516
0.111308
0.0360653
0.00815964
0.00747124
0.0347638
0.0437787
0.207172
0.0011636
0.0118029
0.00278418
0.0271516
0.0114198
0.010619
0.0522958
0.0102044
0.0382904
0.00388638
0.00124028
0.0318499
0.135382
0.0139564
0.0133236
0.0165332
0.00968633
0.0125369
0.00294231
0.0162334
0.00373248
0.0385968
0.00625017
0.00938019
0.0584814
0.0531775
0.00646536
0.00589415
0.322374
0.0146458
0.0318399
0.0198039
0.0354024
0.0102633
0.00675146
0.000843951
0.00269389
0.00114274
0.0125229
0.0122046
0.0183909
0.00686996
0.0202016
0.0219049
0.0257675
0.0147989
0.00801076
0.00525597
0.232272
0.00730223
0.0865906
0.00633532
0.0125446
0.0214593
0.0213064
0.00586477
0.00686078
0.00196491
0.0029422
0.00901879
0.00662936
0.00975945
0.241917
0.0716956
0.0625164
0.0396848
0.0110185
0.00333392
0.0325957
0.00145258
0.0271093
0.0342059
0.00689738
0.175639
0.00276314
0.0385636
0.0354951
0.00759017
0.0359073
0.00639708
0.019525
0.00368643
0.00615723
0.0351819
0.148904
0.0398205
0.0103815
0.138572
0.0192274
0.0567484
0.00450194
0.0682428
0.00687949
0.0018485
0.139873
0.0354191
0.0016736
0.096478
0.0453337
0.0703087
0.00690561
0.078972
0.0632546
0.0264017
0.0128531
0.0056377
0.00498159
0.0237913
0.0705908
0.0146296
0.0117391
0.0145729
0.00598723
0.0214982
0.00508839
0.00740528
0.0325957
0.249935
0.0073358
0.054563
0.0703418
0.00577889
0.00173273
0.0445408
0.0690273
0.0285253
0.0198039
0.0360756
0.0261572
0.160681
0.0281024
0.0474771
0.00696099
0.0139006
0.030593
0.00359565
0.0125286
0.0822464
0.128421
0.00946784
0.227092
0.0108984
0.0121373
0.0759959
0.00594144
0.0876848
0.00338891
0.0796303
0.129581
0.00536386
0.00210369
0.00538569
0.133014
0.00580573
0.0182653
0.0064381
0.00480522
0.00353932
0.00323423
0.000754945
0.00454357
0
0.00122415
0.0126441
0.0205496
0.0209482
0.0116163
0.0229089
0.00338713
0.22853
0.164831
0.00145628
0.0121476
0.0224409
0.0379328
0.00729191
0.0285967
0.152524
0.0213402
0.0547275
0.00367973
0.00886588
0.0286338
0.00651574
0.0253327
0.0100871
0.0158414
0.00306622
0.209098
0.00482318
0.0803667
0.0760226
0.18132
0.00842424
0.0327597
0.0506258
0.0377578
0.00736397
0.0357885
0.00923272
0.00948287
0.00761757
0.00296296
0.0102677
0.0254256
0.125551
0.00910864
0.00459353
0.0191313
0.0103865
0.070222
0.178315
0.200254
0.00655722
0.00607742
0.010879
0.00716585
0.0259619
0.0410814
0.0277003
0.00642913
0.0908241
0.0198403
0.239556
0.168967
0.0411052
0.00687219
0.0144693
0
0.00757085
0.187052
0.237232
0.0264314
0.00655265
0.0102395
0.0954548
0.00420861
0.0050796
0.0161634
0.0130181
0.0773688
0.0967741
0.0159082
0.0117791
0.0493237
0.0160243
0.320341
0.0177052
0.143283
0.0307462
0.00475722
0.0384539
0.0121572
0.179862
0.0269237
0.00379704
0.0340042
0.0326306
0.0664923
0.00336924
0.0267668
0.00922175
0.201968
0.00894194
0.00402912
0.0450746
0.0394562
0.00492897
0.00805553
0.0377959
0.0240275
0.015479
0.0883522
0.051381
0.041296
0.00205041
0.0188578
0.00866862
0.0468379
0.0342903
0.24039
0.0200474
0.0415272
0.157589
0.0340547
0.0191879
0.0162607
0.00683884
0.00662377
0.00249924
0.0211011
0.00904512
0.0187912
0.000659505
0.00844842
0.00724564
0.00120062
0.0886417
0.0507092
0.0113412
0.0620402
0.0261616
0.00717527
0.00624366
0.00495435
0.0158314
0.0360181
0.00645964
0.0196378
0.0020001
0.158569
0.127484
0.127617
0.00719081
0.00494155
0.0223516
0.0619841
0.028515
0.0219991
0.00237319
0.381863
0.00251523
0.00506018
0.00767106
0.00224771
0.00498497
0.0123831
0.0121071
0.00871219
0.00372075
0.0264451
0.00343524
0.0100491
0.0253029
0.00506018
0.0761526
0.00536419
0.0439707
0.112691
0.0043284
0.00111412
0.0277916
0.0117272
0.0129387
0.00763883
0.0919711
0.00955405
0.00231921
0.00245544
0.212153
0.011138
0.00143718
0.107865
0.05722
0.00943232
0.0250669
0.0238786
0.0453424
0.10506
0.249605
0.0204879
0.134458
0.0100942
0.00885156
0.00784136
0.0107956
0.134621
0.00289636
0.00640694
0.0171507
0.0449343
0.121198
0.00288478
0.0483177
0.012031
0.00375578
0.0679298
0.0645173
0.0127759
0.00326667
0.00851619
0
0.0101866
0.00837889
0.0432575
0.0166247
0.00110231
0.0454268
0.052963
0.00961933
0.0504145
0.0187597
0.00308769
0.0121797
0.0737386
0.0145813
0.0358054
0.00361391
0.189154
0.00292074
0.0946873
0.0048403
0.00551758
0.0387296
0.023269
0.0194728
0.180064
0.0646221
0.0553617
0.0161105
0.0024926
0.00601345
0.0149123
0.0207167
0.0232984
0.0257205
0.00291371
0.00645273
0.0677323
0.00570508
0.0181484
0.0631653
0.0732226
0.0075148
0.0142026
0.0194899
0.0219096
0.0243341
0.00685704
0.00839672
0.000671734
0.00668198
0.00560885
0.112346
0.0126125
0.0606896
0.0056002
0.0155186
0.0183362
0.220446
0.0137793
0.127812
0.0431023
0.00517702
0.0228581
0.0246476
0.00525777
0.00701763
0.0428772
0.0436595
0.15175
0.00307871
0.0171877
0.027097
0.0180561
0.0143394
0.00571227
0.0147911
0.00671633
0.00216616
0.013979
0.0117645
0.0378034
0.00893245
0.0161272
0.00994795
0.00480307
0.00423759
0.0272231
0.0167869
0.0184858
0.0420471
0.00156951
0.00431019
0.0411315
0.0254517
0.0225521
0.0420572
0.0031751
0.0127151
0.00613363
0.000973563
0.0281917
0.110768
0.0294425
0.00836993
0.00736801
0.0181983
0.00146476
0.0385441
0.00853401
0.0181479
0.0101095
0.0347081
0.0267929
0.00847501
0.091038
0.0730443
0.0565713
0.0102269
0.0248031
0.0308636
0.0174431
0.0602527
0.00309782
0.00645277
0.0171179
0.0147398
0.0365646
0.016586
0.00288316
0.00365224
0.0435569
0.00675161
0.0122813
0.0100947
0.0226201
0.0427694
0.0123793
0.0870436
0.00179401
0.00434956
0.0102898
0.0291887
0.0136867
0.0024218
0.0249094
0.0383028
0.00438534
0.122523
0.071158
0.0153601
0.0531305
0.0542734
0.00174346
0.00255645
0.0708764
0.290575
0.0992217
0.00743358
0.101569
0.0411607
0.0123597
0.0510725
0.00256949
0.00665509
0.00542408
0.0108267
0.0167108
0.202967
0.00344789
0.00511685
0.245229
0.0272293
0.00337908
0.00856178
0.005252
0.025052
0.0869946
0.0870028
0.00291679
0.0893911
0.125223
0.0100977
0.0855379
0.0320174
0.0332729
0.0114004
0.00303602
0.00429516
0.0182105
0.014647
0.00388461
0.00759608
0.135253
0.00576338
0.0173357
0.00382161
0.0426377
0.189282
0.22744
0.0472433
0.0247926
0.00220544
0.00394351
0.0085378
0.020689
0.0136757
0.00768569
0.0133805
0.138185
0.0167974
0.19151
0.0262199
0.0142121
0.0130211
0.170856
0.00587019
0.0405436
0.0936992
0.0911547
0.0271307
0.0147402
0.0123334
0.00982228
0.0092667
0.00362123
0.0214365
0.026863
0.0173589
0.0206797
0.00323773
0.0287231
0.150929
0.00916337
0.0108512
0.0172018
0.00162951
0.0520121
0.0134707
0.0436045
0.00263395
0.0528745
0.00288801
0.0068925
0.00287256
0.0111417
0.00482115
0.0264925
0.0704095
0.00565981
0
0.00845503
0.0636905
0.0274356
0.0113272
0.130227
0.0426892
0.0115989
0.00489964
0.00339979
0.0164757
0.0187997
0.00479933
0.018702
0.0159359
0.00103272
0.243433
0.0305432
0.0192525
0.0043012
0.0831159
0.034949
0.035434
0.0835834
0.00255044
0.00296296
0
0.0347437
0.0583222
0.00330215
0.00357137
0.0144644
0.0205421
0.0788391
0.183336
0.00510136
0.00680367
0.0994671
0.175563
0.0338683
0.0106583
0
0.0249274
0.00486423
0.0122038
0.00850752
0
0.0700894
0.0435309
0.201184
0.0903197
0.00994108
0.0959119
0.0684335
0.01295
0.0201484
0.0060012
0.00574299
0.0109576
0.00510664
0.201853
0
0.124416
0.131106
0.0103346
0.0238033
0.0138137
0
0.00500525
0.213067
0.10158
0.00567371
0
0.0832883
0.0134803
0.0158252
0.006017
0.0283596
0.00882071
0.00157297
0.0239302
0.0303561
0.00491493
0.00728883
0.0137128
0.0125702
0.0373967
0.0291879
0.00529352
0.00833276
0.0508194
0.0902444
0.0646581
0.0206414
0.027939
0.0077468
0.0317905
0.00993066
0.035507
0.090081
0.00329589
0.0530063
0.0292177
0.205278
0.0106208
0.0385861
0.0320881
0.00605415
0.00724549
0.00256751
0.00319087
0.0430491
0.0923548
0.00448451
0.0956834
0.00162011
0.000393248
0
0.0119179
0.0540507
0.0104239
0.0782492
0.0116548
0.0180379
0.0210072
0.018169
0.229838
0.177462
0
0.061867
0.201382
0.00572986
0.0860626
0.00326625
0.0139946
0.0124587
0.17337
0.0131743
0.114641
0.0841154
0.00576189
0.00782575
0.00794714
0.159788
0.00559658
0.00701562
0.0172635
0.0200625
0.144443
0.00695286
0.00476378
0.0111376
0.0127065
0
0.00799735
0.00327179
0.053131
0.0553648
0.068114
0.166828
0.00150695
0.00232018
0.00997059
0.045947
0.00572165
0.194848
0.00358581
0.0212665
0.00562641
0.0585113
0.0806283
0.059441
0.00257579
0.177296
0.0023404
0.00965297
0.00416851
0.00282084
0.00671458
0.0872532
0.00614927
0.276059
0.0491463
0.0280985
0.0350164
0.0379789
0.00708563
0.0116853
0.0038008
0.00823145
0.068843
0.0114772
0.0113406
0.172569
0.230543
0.0128943
0.233961
0.00782403
0.0215304
0.0075983
0.0208556
0.146099
0.0498467
0.0163636
0.0269687
0.0844571
0.00893138
0.0090972
0.00998385
0.0253065
0.00260012
0.0245728
0.00610072
0.0213014
0.0049627
0.0105546
0.242719
0.0247367
0.144222
0.084784
0.0258718
0.0702418
0.00328794
0.00160543
0.00952732
0.00451212
0.00111921
0.0449968
0.038823
0.0102934
0.0171847
0.0269425
0.00207452
0.00418389
0.00454286
0.0230912
0.0140052
0.03322
0.0604613
0.011098
0.071172
0.148733
0.014718
0.103863
0.0965882
0.00977507
0.0841521
0.00322726
0.124345
0.0102981
0.00116755
0.00298399
0.0175686
0.00423089
0.00571683
0.00856741
0.00231864
0.00441435
0.026508
0.124916
0.00943829
0.123022
0.0170529
0.0122506
0.10581
0.035449
0.115148
0.00801309
0.0440059
0.0122486
0.00519718
0.00578468
0.00142563
0.010416
0.0481053
0.0314089
0.0300412
0.00293801
0.011318
0.0097568
0.01487
0.00713011
0
0.00261207
0.000199229
0.00802126
0.0135766
0.0251475
0.0268403
0.0290734
0.00415221
0.00483418
0.00275917
0.0138305
0
0.00509759
0.00466396
0.013749
0.0102382
0.0259592
0.0121323
0.00562517
0.0509032
0.0039141
0.00865125
0.0446396
0.0158312
0.0191251
0.0078519
0.0317663
0.0116268
0.00654109
0.0103505
0.0483357
0.0456049
0.0580703
0.0759489
0.0694372
0.00831194
0.0293299
0.000566542
0.00626094
0.00507389
0.0177909
0.0190432
0.00286363
0.0330164
0.0147357
0.031717
0.0231627
0.018709
0.00853504
0.00985035
0.00360932
0.0170748
0.0171626
0.00888758
0.0140906
0.00441647
0.0105243
0.0558396
0.0100439
0
0.0258007
0.00438948
0.0629388
0.0103242
0.00528286
0.0548418
0.00537821
0.0315009
0.0398231
0.0978497
0.00623563
0.168526
0.0137575
0.0512881
0.0191394
0.0494175
0.0175846
0.000929549
0.342246
0.195621
0.0669147
0.029198
0.0162318
0.00952843
0.0071856
0.0161572
0.00135136
0.00399004
0.0369178
0.054939
0.0400945
0.0212761
0.0108835
0.0363485
0.0992502
0.00534845
0.00282366
0.00535325
0.0535922
0.00348932
0
0.00406016
0.00719275
0.00527587
0.0599471
0.0155306
0.0191486
0.170389
0.0199149
0.0589093
0.0120841
0.00522
0.018897
0.00513391
0.016359
0.027906
0.0164945
0.00332713
0.00398388
0.0194253
0.164309
0.00919759
0.0812972
0.0124772
0.0320543
0.182746
0
0.0364609
0.00699364
0.0112039
0.0234312
0.00516052
0.00515576
0.144247
0.00511637
0.114289
0.00307318
0.0940039
0.0212074
0.0228736
0.0527622
0.0246685
0.00805554
0.025196
0.133781
0.00556689
0.00676681
0.00404033
0.00349112
0.169987
0.0120834
0.0041106
0.0252163
0.00379938
0.0299164
0.00480318
0.00607734
0.00990813
0.0026669
0.00222997
0.00367191
0.0244077
0.0293424
0.0071953
0.209933
0.0219172
0.0210146
0.0175078
0.0199944
0.0528431
0.14814
0.0965262
0.0398384
0.00285611
0.00636653
0.00932823
0.0937099
0.006038
0.0142666
0.0061384
0.00511482
0.0123646
0.0445248
0.035837
0.0472935
0.0680285
0.0320819
0.0472836
0.0617487
0.064977
0.045425
0.258969
0.252281
0.00689359
0.0143409
0.0233977
0.00961325
0.0862477
0.00684962
0.00965128
0.0080637
0.0260226
0.0036648
0.0666527
0
0.0400003
0.00457865
0.0227149
0.0252483
0.0435986
0.0917072
0.0113004
0.00630649
0.00104843
0.0545618
0.0931405
0.0054433
0.0203201
0.00446696
0
0.00836014
0.0126201
0
0.00547942
0.00643682
0.0170671
0.0045214
0.163875
0.133274
0.0715583
0.0306294
0.00439425
0.0227287
0.011487
0.0386806
0.0171761
0.0472003
0.0163201
0.00631245
0.00492063
0.0520412
0.0158977
0.0256191
0.122868
0.0680356
0.00156003
0.00513137
0.0968715
0.0177977
0.0059872
0.0103694
0.0345534
0.0253573
0.53072
0.0103184
0.0491857
0.0198882
0.0065762
0.0381594
0.0223415
0.00911341
0.00348482
0.0542619
0.0599216
0.0277566
0.00766636
0.137629
0.00278859
0.0224672
0.236903
0.0231544
0.0131845
0.00112792
0.0549066
0.0153267
0.00487837
0.00438106
0.0010682
0.0132972
0.0195928
0.0267304
0.0211955
0.0515517
0.0669168
0.00209422
0.132217
0.059074
0.0831668
0.197141
0.081168
0.00607752
0.0269704
0.0303771
0.0120428
0.00302825
0.0507015
0.0534484
0.0103034
0.0589245
0.0122866
0.0175853
0.0741528
0.0279634
0.0489574
0.0525961
0.0199494
0.022061
0.0789199
0.0210199
0.108523
0.0484105
0.0342407
0.00756924
0.0974252
0.0327831
0.0067844
0.00675708
0.0199602
0.0230028
0.0133528
0.00699014
0.00998497
0.0291377
0.00291606
0.0109337
0
0.0215252
0.0968759
0.00268271
0.0891364
0.00457457
0.0180585
0.0247166
0.0183208
0.180866
0.148041
0.031996
0.00866235
0.00579837
0.0239031
0.0454448
0.00666274
0.0423446
0.0084469
0.00366836
0.00274942
0.00849153
0.0838169
0.00255807
0.0884773
0.00553391
0.220084
0.0374077
0.00458173
0.00169005
0.0841917
0.0826786
0.0147204
0.0381888
0.00121379
0
0.00540494
0.0544302
0.0363047
0
0.0123486
0.00457013
0.0118699
0.00466867
0.174974
0.0275488
0.000388809
0.00992522
0.00106899
0.00691213
0.0111701
0.000552852
0.00352745
0.000939605
0.00568733
0.0077872
0.0128011
0.00219573
0.00104772
0.0788864
0.0763558
0.00959058
0.0143771
0.067522
0.00435337
0.00166047
0.0047136
0.00471689
0.0286049
0.0244452
0
0.0143973
0.0109378
0.0299702
0.0334353
0.131333
0.00426265
0.0160935
0.0478792
0.00858915
0.0583489
0.00732336
0.0113117
0.00836082
0.000725847
0.0801179
0.00482002
0.0369892
0.00299422
0.243686
0.0116645
0.0111285
0.0516897
0.00563023
0.0202248
0.0146548
0.0147953
0.122067
0.0114291
0.0353396
0.0413043
0.0985907
0.0213907
0.0124451
0.00915327
0.00343635
0.016579
0.0116853
0.14961
0.100002
0.00434709
0.00715687
0.00759335
0.0524006
0.0341429
0.0654524
0.0182934
0.0230757
0.0249656
0.00727443
0.274081
0.000759749
0.0367102
0.043121
0.0390312
0.00870266
0.00947756
0.0116253
0.0309133
0.0551664
0
0.0072857
0.00628898
0.00965132
0.0053273
0.00775128
0.00596483
0.00861765
0.00566275
0.0114174
0.00954064
0.022605
0.00228063
0.0365576
0.000396355
0.0260015
0.138183
0.00251818
0.0105734
0.188939
0.00108205
0.00533037
0.0254583
0.00256822
0.0729686
0.00780379
0.0117583
0.0109978
0.0126619
0.00791377
0.0135388
0.0206285
0.00912174
0.0699273
0.00698414
0.0140278
0.0143818
0.00056202
0.0259716
0.0374005
0.034694
0.0226336
0.0426902
0.0253773
0.0258324
0.00837852
0.00865694
0.11612
0.00565217
0.0162053
0.0651992
0.00332072
0.106994
0.00518238
0.00344458
0.109835
0.00631076
0.00552746
0.00564716
0.0335582
0.0129421
0.00348854
0.0101252
0.0682304
0.0165544
0.0359265
0.0160533
0.0574845
0.0373114
0.0209245
0.0331437
0.035162
0.00685602
0.119813
0.0110862
0.00299148
0.0146016
0.00601245
0.000865731
0.00199243
0.0715737
0.0245785
0.223411
0.0293006
0.00757764
0.00178854
0.00225018
0.00326271
0.0375859
0.00284669
0.00583781
0.0142091
0.367744
0
0.0276554
0.0829048
0.000890988
0.000673868
0.0430929
0.0501165
0.0389657
0.0439863
0.196856
0.148733
0.123447
0.0149845
0.00885359
0.00189796
0.000551608
0.00252871
0.0372619
0.0126725
0.0095098
0.0112506
0.00652935
0.211733
0.011653
0.00231889
0.0401362
0.0933179
0.136782
0.0020065
0.246304
0.0192076
0.0156116
0.0156942
0.00283498
0.00180817
0.0733334
0.00815066
0.014269
0.00912835
0.00213615
0.0317583
0.159097
0.0237004
0.0339396
0.0190002
0.00438307
0.00669773
0.0295984
0.207311
0.00724984
0.0428022
0.0192093
0.0269882
0.0039449
0.00152703
0.0106792
0.0301532
0.00362241
0.0105147
0.00536417
0.201317
0.0124496
0.00266168
0.0169558
0.0168751
0.161642
0.0789263
0.0155719
0.0174044
0.00697475
0.0977297
0.0895135
0.0168192
0.0650547
0.00767763
0.00817943
0.031321
0.0249249
0.00529383
0.0147018
0.0069355
0.0289281
0.00123124
0.00917073
0.00510612
0.0719322
0.00910996
0.0132143
0.0334749
0.0360855
0.0247918
0.0232643
0.010498
0.0830726
0.0725029
0.0908728
0.119923
0.00619495
0.212661
0.00557526
0.0297902
0.00424289
0.113522
0.0382127
0.0340262
0.00428315
0.207064
0.0188254
0.113247
0.0826315
0.00955032
0.018194
0.0149259
0.00630442
0.00768442
0.0886333
0.0216507
0.00748235
0.109594
0.104891
0.0127044
0.0341142
0.0218907
0.218891
0.0115856
0.213258
0.0506078
0.131199
0.0688746
0.0522504
0.0434396
0.0363566
0.0223547
0.0108802
0.125275
0.121252
0.0268746
0.105144
0.0159168
0.0796641
0.0114916
0.00275456
0.0122501
0.215569
0.00268116
0.00566617
0.175201
0
0.0143548
0.0640667
0.0491629
0.003295
0.00228081
0.00433912
0.0182177
0.00165068
0.012539
0.00915568
0.0815638
0.0160934
0.0354892
0.0208802
0.0329396
0.0471257
0.0046948
0.0047451
0.00228975
0.00802056
0.00800317
0.00442436
0.0332374
0.00886413
0.0892274
0.00880932
0.00516181
0.00965599
0.0409139
0.0259806
0.0200458
0.010672
0.06089
0.0606652
0.00219873
0.0017785
0.0104221
0.00289609
0.0486063
0.0505442
0.00712726
0.0618291
0.00403984
0.0355191
0.0144354
0.0249723
0.0177306
0.020442
0.0355495
0.00982382
0.0434271
0.0627339
0.0175533
0.00952456
0.0589691
0.020141
0.0399001
0.0416944
0.0684367
0.0326567
0.0471156
0.030662
0.0434424
0.00548881
0.00548188
0.00774256
0.00810972
0.0435124
0.0623647
0.109521
0.0617803
0.0113924
0.0845064
0.00298168
0.249918
0.0092077
0.0167386
0.0828289
0.00476366
0.0125821
0.115454
0.0603218
0.0158299
0.00815482
0.0794179
0.0553824
0.00599856
0.027175
0.00751532
0.00560542
0.00398753
0.0257012
0.0309632
0.00521608
0.0098013
0.166243
0
0.0229302
0
0.00833469
0.0626765
0.00763877
0.00280214
0.0341981
0.00611443
0.00576557
0.00296263
0.0512715
0.0141478
0.0152148
0.0584344
0.0601392
0.011153
0.0105154
0.00188341
0.0425666
0.0173631
0.0399521
0.0196074
0.0030855
0.0172483
0.0696069
0.0664883
0.163043
0.144275
0.0153935
0.0800681
0.00756177
0.0120542
0.00290917
0.0687882
0.0071156
0.0258362
0.00415175
0.024454
0.0104004
0.0354606
0.00643254
0.02291
0.00772028
0.00324173
0.056282
0.00982255
0.0204689
0.0241752
0.00601072
0.0561065
0.0181991
0.174916
0.0165456
0.0330683
0.00547124
0.0304388
0.0216568
0.0165345
0.00703136
0.01291
0.0672429
0.344694
0.0236292
0.0227988
0.0837662
0.0397856
0.0220555
0.00344509
0.0031415
0.00239015
0.0125028
0.00973812
0.0255708
0.00522638
0.00881775
0.0398861
0.0269348
0.00523145
0.115427
0.0994283
0.126444
0.0277309
0.236904
0.00808475
0.00942739
0.0260962
0.0146793
0.0042261
0.00516399
0.0593285
0.00651588
0.0146941
0.0155993
0.052663
0.0337889
0.00172919
0.00613759
0.11886
0.0216983
0.00954077
0.020132
0.0149685
0.0462724
0.0704842
0.0426434
0.0149285
0.0551057
0.00325147
0.0674223
0.0565224
0.055896
0.00619844
0.00245798
0.0325379
0.0475289
0.0551143
0.0845802
0.0047485
0.019006
0.0088345
0.00853043
0.00875128
0.0226284
0.0108777
0.025041
0.141538
0.151726
0.0109103
0.010424
0.155437
0.115587
0.00581768
0.0201336
0.170979
0.00439242
0.018816
0.0610502
0.0285863
0.101277
0.116752
0.0445068
0.0167119
0.0225419
0.0167272
0.0140183
0.016008
0.0117882
0.00856199
0.00669082
0.00898164
0.249999
0.000809681
0.0435839
0.00754312
0.0202245
0
0.0683577
0.0285079
0.0633913
0.158981
0.0359248
0.0388208
0.0288974
0.0394821
0.0436845
0.0130089
0.00535353
0.0480613
0.0240746
0.0254409
0.0352295
0.0301431
0.00866041
0.0113339
0.0447734
0.0188112
0.0839133
0.163675
0.0213307
0.0749016
0.00414043
0.0205632
0.0151305
0.00553923
0.00568616
0.0097385
0.0321417
0.0476201
0.00142827
0.00260294
0.0517821
0.00272709
0.035617
0.0567915
0.0350044
0.00860618
0.0120579
0.0199816
0.0303851
0.029543
0.00787507
0.00660907
0.00977057
0.011773
0.0299846
0.0120489
0.0180234
0.0211155
0.00928082
0.0186414
0.0206969
0.015157
0.0196145
0.0146084
0.0410471
0.00508839
0.0318588
0.00701365
0.0051812
0.00311343
0.00371568
0.0386667
0.0113054
0.0746855
0.0294297
0.00760239
0.25472
0.00636267
0.0124791
0.00851818
0.00608544
0.0140466
0.0670881
0.0423148
0.0069817
0.0105392
0.0102684
0.00244178
0.0109445
0.0431271
0.0218011
0.182251
0.0205207
0.0374799
0.089811
0.01738
0.00638441
0.00177039
0.00413686
0.0109226
0.0102797
0.0124501
0.0316483
0.0336128
0.0110544
0.03794
0.0197081
0.0798822
0.00320142
0.0529802
0.0817946
0.0102448
0.119137
0.0523453
0.048519
0.0518372
0.00734658
0.00694999
0.0451977
0.14851
0.00430829
0.00272375
0.0110883
0.0403376
0.0124999
0.275635
0.104505
0.00518414
0.0327738
0.0038653
0.0476573
0.0170638
0.0139316
0.058353
0.0502479
0.00801027
0.0208403
0.0238836
0.00382033
0.00590441
0.104968
0.0123083
0.553416
0.014009
0.023824
0.122717
0.0063389
0.0146928
0.0379477
0.0201406
0.0404754
0.00525441
0.0644762
0.252453
0.0274285
0.0346568
0.277372
0.130175
0.0199764
0.00519056
0.131298
0.049537
0.0201939
0.0222236
0.0455439
0.0174856
0.0322606
0.00362886
0.0219586
0.0103047
0.0029997
0.0474327
0.0183978
0.0558784
0.027524
0.0263685
0.0208404
0.0682833
0.0150146
0.151395
0.0204003
0.0242606
0.0305476
0.021976
0.172581
0.133704
0.0104732
0.00390344
0.194099
0.0217339
0.0252109
0.0304309
0.00556397
0.0212588
0.0181088
0.0721543
0.00771588
0.0365079
0.00984075
0.0244089
0.0545429
0.000528796
0.0468617
0.0112474
0.022762
0.0471957
0.00799502
0.0179462
0.0212001
0.0238344
0.0370965
0.0266984
0.00166924
0.043078
0.232857
0.0135476
0.00519123
0.000863076
0.0780135
0.00663705
0.0835203
0.00706725
0.022636
0.0422098
0.0520085
0.0967136
0.011394
0.00604959
0.00445255
0.013477
0.0105376
0.00215956
0.1535
0.00443464
0.00368336
0.00478897
0.00953559
0.111924
0.119926
0.0786548
0.0138991
0.0992612
0.0928105
0.013979
0.0381901
0.0135141
0.0108156
0.00876966
0.0243755
0.00194861
0.0117403
0.026188
0.0273439
0.026358
0.00857585
0.0890679
0.0775625
0.0179106
0.0334681
0.00667467
0.0316862
0.0471959
0.0500375
0.0204984
0.01942
0.0332641
0.201449
0.174439
0.209933
0.0119508
0.0044747
0.00714822
0.0302412
0.00880347
0.0256405
0.0178184
0.0187029
0.0106449
0.00230245
0.0133767
0.00295419
0.0853361
0.027644
0.0497492
0.0425447
0.042663
0.0327808
0.018204
0.079737
0.047761
0.0085655
0.0496502
0.0542946
0.0275877
0.249993
0.00632091
0.00391663
0.004983
0.0201047
0.0145882
0.00646783
0.00141284
0.0556762
0.00631593
0.0100615
0.00520359
0.0302154
0.0475147
0.0211395
0.0318627
0.00245398
0.00767169
0.1095
0.0265233
0.00579784
0.00831426
0.00996013
0.00145465
0.0569707
0.0166394
0.0161618
0.0035275
0.0876204
0.0113072
0.0133296
0.00616898
0.010437
0.00810583
0.00871064
0.00662189
0.0550581
0.14525
0.01237
0.032442
0.0466536
0.0580429
0.0144686
0.0648906
0.116413
0.0174506
0.0195797
0.0590374
0.0120381
0.00949394
0.00339101
0.0221553
0.137042
0.0219781
0.0620482
0.00462443
0.0130473
0.00991913
0.0538757
0.0500511
0.0297744
0.0123296
0.08657
0.131297
0.040094
0.0466108
0.0497086
0.0305998
0.0161408
0.0104268
0.0765053
0.0029357
0.025285
0.0277361
0.00816129
0.0310008
0.0173217
0.0439841
0.0493351
0.0185006
0.00564041
0.0234358
0.00397868
0.0666724
0.0190677
0.024664
0.00457007
0.00527268
0.00396607
0.00622681
0.0195387
0.0108531
0.0149177
0.00458503
0.0326006
0.058437
0.018084
0.0138377
0.00371064
0.00305257
0.0140463
0.00396721
0.0109604
0.0614383
0.126734
0.0227444
0.0147312
0.0427592
0.0165257
0.0121432
0.507323
0.00509029
0.00312447
0.0845259
0.00713441
0
0.0178081
0.0230808
0.00148889
0.00449746
0.0149851
0.0132408
0.00845343
0.0137518
0.0150265
0.0134098
0.00652145
0.00225481
0.0118866
0.178855
0.0268749
0.0124891
0.0205003
0.00961955
0.0153256
0.00481052
0
0.0121162
0.109246
0.00549443
0.0774394
0.00478132
0.0151131
0.00419464
0.00592842
0.0180236
0.0264164
0.0728129
0.012385
0.29531
0.021288
0.0131796
0.00411266
0.0407868
0.0513695
0.00361295
0.234277
0.145618
0.0035048
0.00170763
0.0360611
0.00485254
0.0233864
0.00485196
0.0407341
0.0200785
0.0117749
0.0743009
0.0681829
0.0142672
0.0171342
0.00657227
0.0198965
0.00365805
0.0885506
0.0111073
0.00524665
0.0136997
0.0022181
0.00759787
0.146832
0.0429555
0.0895854
0.0064125
0.00459398
0.0280699
0.0203372
0.0463011
0.0124181
0.0309654
0.045279
0.162711
0.0942413
0.0309128
0.0421429
0.00474572
0.00311651
0.0139376
0.24553
0.00192381
0.0216779
0.0118543
0.236488
0.0311944
0.010398
0.00609573
0.0134258
0.00394539
0.0845176
0.0866079
0.0022908
0.0137818
0.00192773
0.0337045
0.00179615
0.1706
0.0365841
0.0067894
0.00744686
0.0364242
0.00629548
0.00417795
0.0174076
0.113072
0.18918
0.00690295
0.013121
0.00458005
0.012791
0.00213416
0.0834475
0.00589975
0.00218089
0.0356174
0.00654455
0.00371567
0.014483
0.0134989
0.00863718
0.0111228
0.0500881
0.020848
0.0140616
0.0654955
0.00935668
0.0348861
0.0160507
0.0278763
0.00616219
0.0658621
0.335503
0.0182679
0.00386567
0.0539113
0.0143525
0.000584454
0.0335759
0.0100517
0.0594885
0.0334795
0.0146958
0.0371891
0.0141002
0.0139141
0.0134802
0.051415
0.0479207
0.0110101
0.0117146
0.0114784
0.00736547
0.0401809
0.0134342
0.0181381
0.010177
0.0495117
0.001771
0.00219103
0.172415
0.0490625
0.00631923
0.0182989
0.00344819
0.0450314
0.0754665
0.199446
0.299616
0.0145535
0.0308967
0.0729934
0.00350631
0.0366411
0.00328304
0.00989625
0.00275277
0.00404804
0.0126333
0.0250749
0.00541326
0.0069757
0.0416261
0.16434
0.0483915
0.263186
0.0445067
0.00240877
0.0105444
0.11525
0.153318
0.0231873
0.120492
0.00612212
0.00292546
0.0861872
0.0693845
0.0933768
0.00304847
0.0194735
0.0914302
0.0375508
0.00497596
0.00287324
0.0404949
0.0107931
0.0109979
0.0452351
0.0103988
0.0122121
0.0183124
0.0198852
0.0240352
0.0223925
0.0153782
0.0371582
0.0563198
0.0310117
0.0136839
0.0700163
0.049663
0.0370993
0.0199714
0.0188778
0.0199564
0.00459436
0.0609692
0.0314662
0.112538
0.0222124
0.0228149
0.0204603
0.0110743
0.0105046
0.0428439
0.150471
0.0244836
0.00627815
0.0807445
0.0449633
0.0246835
0.0246835
0.0103164
0.0350018
0.0141571
0.0108653
0.00642981
0.181466
0.00437126
0.00866729
0.0225137
0.0221473
0.050716
0.121756
0.246248
0.112364
0.0107143
0.0127086
0.056627
0.0418774
0.00462865
0.0381339
0.00897993
0.00838847
0.00523786
0.0104004
0.0341286
0.0109118
0.160029
0.01332
0.00394952
0.0157762
0.00490618
0.00386166
0.00960119
0.0264619
0.242781
0.0104208
0.0643607
0.064003
0.0125771
0.0200097
0.0397014
0.0291513
0.0136481
0.00292373
0.0309368
0.131929
0.00935231
0.0184324
0.0578548
0.00589421
0.00833399
0.00880448
0.249949
0.00575676
0.0306149
0.0883734
0.00714741
0.00135929
0.0316149
0.273774
0.0820987
0.0281895
0.00599688
0.0095797
0
0.0150709
0.00310586
0.0017835
0.0424454
0.0117313
0.0677376
0.0785881
0.0294137
0.177069
0.0277809
0.0043541
0.029589
0.00319697
0.0432119
0.00288621
0.00723648
0.00269608
0.0135853
0.00669559
0.0376494
0.0821686
0.0164618
0.0169005
0.00960987
0.0283398
0.0429736
0.00540745
0.0027878
0.00278383
0.00893834
0.0695845
0.0272486
0.124874
0.0459218
0.116564
0.057128
0.00647321
0.0170531
0.0879084
0.0773758
0.135869
0.0164632
0.0530194
0.121098
0.023534
0.0134885
0.046774
0.0210926
0.0210926
0.0111001
0.027389
0.0159339
0.146882
0.0141936
0.0129869
0.00156171
0.00188828
0.053163
0.0103584
0.0116815
0
0.0505877
0.0865133
0.111968
0.0344886
0.0202483
0.0159348
0.0144165
0.0235289
0.0133004
0.053244
0.0514132
0.242698
0.0856899
0.172161
0.0251493
0.0436909
0.0292374
0.0150123
0.047693
0.0212861
0.0126999
0.0660401
0.0783207
0.0692288
0.0195466
0.00427028
0.167415
0.0346359
0.002601
0.00918825
0.0407961
0.0552761
0.095791
0.0267032
0.0311676
0.00811769
0.104439
0.0496719
0.0353303
0.0117136
0.00897021
0.0124873
0.0134359
0.0092531
0.0060291
0.0410747
0.00899435
0.0584557
0.0165138
0.0385617
0.172779
0.00466499
0.00414045
0.00325241
0.0284146
0.0034943
0.0213551
0.0216674
0.029465
0.0167748
0.0368385
0.041291
0.245843
0.0185029
0.0383569
0.0022711
0.00637123
0.0282583
0.0308341
0.00267823
0.0053654
0.0230872
0.0348407
0.0324969
0.00679048
0.0183588
0.0927753
0.0478307
0.00531202
0.0169196
0.0358237
0.00475053
0.00491167
0.00403945
0.0103993
0.0626466
0.146157
0.00600868
0.0185573
0.00401336
0.0115978
0.0116602
0.00831954
0.00844091
0.00319493
0.0029463
0.0910297
0.0298218
0.00554245
0.00722339
0.14034
0.00650375
0.0141497
0.0136188
0.0153205
0.00937339
0.0538733
0.0516114
0.0168361
0.017854
0.0153261
0.0126822
0.00208344
0.00240485
0.0139192
0.00774747
0.00595819
0.0200986
0.00529027
0.0075632
0.00933731
0.0158871
0.00966298
0.019394
0.00970329
0.0102418
0.0176466
0.129299
0.0628309
0.00568201
0.0272766
0.0103725
0.00152007
0.0282901
0.00541926
0.010273
0.00869874
0.027261
0.0135337
0.0219549
0.00776
0.00587925
0.00988987
0.0131138
0.00297436
0.00819257
0.0111059
0.00886106
0.0758263
0.0470446
0.0115253
0.0654511
0.0247898
0.00773936
0.00274692
0.167288
0.0417487
0.00629387
0.0218973
0.0148796
0.00337085
0.170598
0.000603888
0.00904491
0.140181
0.054301
0.0331496
0.00670226
0.0162013
0.0144058
0.00534578
0.04756
0.0591146
0.0042237
0.0367154
0.00636393
0.0237729
0.0104086
0.0138794
0.00170585
0.0486722
0.0389443
0.0205348
0.00695317
0.0114412
0.0221688
0.0168587
0.00771147
0.0217703
0.0125543
0.0370396
0.0983405
0.00462462
0.0484385
0.0145569
0.0192779
0.00330264
0.00621065
0.0714509
0.0413887
0.0175269
0.0216134
0.0168686
0.173869
0.0104111
0.00358931
0.0071739
0.0381834
0.0355211
0.0159954
0.0211404
0.00369272
0.0144263
0.0030583
0.0253067
0.025038
0.0132111
0.0730474
0.0694641
0.0111868
0.0247576
0.00150906
0.00353
0.0322989
0.0553807
0.0316574
0.0103798
0.15537
0.0155833
0.0107876
0.305288
0.00411132
0.058964
0.0506943
0.0917844
0.0387388
0.00753361
0.0517903
0.0952866
0.0351913
0.0145413
0.104594
0.0577047
0.00642588
0.171857
0.000740327
0.0146393
0.0181499
0.0038698
0.00585151
0.00765341
0.0136863
0.0339085
0.0442372
0.103221
0.00547871
0.100284
0.0330106
0.0172234
0.00790955
0.00777501
0.0435564
0.012412
0.135352
0.0250995
0.0296781
0.00788973
0.0131693
0.0294231
0.0233459
0.325614
0.12971
0.00317807
0.0124817
0.00265602
0.0505548
0.308183
0.211638
0.0286357
0.0163069
0.00833883
0.0521381
0.0209691
0.00828922
0.173477
0.00479686
0.0925865
0.059219
0.0132543
0.0148098
0.00712705
0.0110762
0.00146346
0.0100474
0.00223837
0.025038
0.0035434
0.0715291
0.0138702
0.0412704
0.0434937
0.00298192
0.00619242
0.00382963
0.0281756
0.209933
0.0576935
0.00266149
0.0519612
0.0122842
0.0323431
0.0182948
0.0676069
0.0116358
0.0214921
0.0144456
0.00809754
0.0272557
0.0453693
0.0451776
0.0410588
0.0573302
0.00223199
0.0351257
0.129346
0.0234108
0.00756254
0.00527208
0.0172931
0.00357764
0.0169199
0.0936945
0.0547029
0.039215
0.0140218
0.0166884
0.00641465
0.0249964
0.0122881
0.00460796
0.015506
0.0146963
0.0172019
0.0348862
0.0269067
0.0250999
0.00755703
0.016106
0.00944604
0.0686773
0.0488321
0.0155504
0.0101316
0.0318481
0.0649788
0.00762629
0.032194
0.0502102
0.200501
0.0689415
0.0145766
0.00337924
0.00836751
0.00491844
0.0798423
0.0164823
0.00192964
0.00510774
0.0158711
0.1456
0.0154124
0.00643617
0.0866488
0.0133579
0.00182088
0.0115834
0.00320289
0.14441
0.0531571
0.0256882
0.0239691
0.00252542
0.00276453
0.00644697
0.00599524
0.00395301
0.00325213
0.00263249
0.0459781
0.0266931
0.00738712
0.00972886
0.0155428
0.0200233
0.0404086
0.032171
0.0218748
0.0491238
0.00648317
0.182516
0.00703887
0.142638
0.0243237
0.0364525
0.0495374
0.00701789
0.106974
0.0103196
0.00337655
0.018632
0.0165782
0.00279689
0.0504989
0.0116686
0.0542697
0.0337141
0.0280621
0.0124895
0.0260768
0.00580334
0.0791975
0.11427
0.0139771
0.0740198
0.0231833
0.00213749
0.03343
0.0606583
0.0841159
0.0391272
0.0806045
0.0460039
0.0198846
0.00237187
0.0555859
0.010653
0.0131506
0.0154353
0.0264099
0.0600551
0.0484587
0.00784657
0.0172556
0.00714523
0.0170063
0.0076919
0.00628266
0.0116614
0.0837163
0.00971543
0.0226601
0.124294
0.00320162
0.0254588
0.0169308
0.0827458
0.0364121
0.022285
0.0393156
0.00302486
0.198903
0.0035761
0.00421244
0.0186957
0.0293122
0.0384622
0.0110218
0.0130009
0.0727931
0.0369225
0.0387333
0.0433083
0.0603373
0.00954357
0.00782444
0.010433
0.024779
0.0248989
0.0276543
0.200084
0.0563856
0.00489847
0.021792
0.00607831
0.0483369
0.00287884
0.0413767
0.0843976
0.00634994
0.00586731
0.00483044
0.0991625
0.00564251
0.00710962
0.00336253
0.00488295
0.0595133
0.0840758
0.0223098
0.00983578
0.236184
0.00989996
0.13168
0.105436
0.00680789
0.0708029
0.0239516
0.00922929
0.0078842
0.0355296
0.0224415
0.00336107
0.0484965
0.000350015
0.0573459
0.0253173
0.00463341
0.0119478
0.0122994
0.0587496
0.134949
0.0167137
0.0931243
0.00620321
0.00651794
0.0742157
0.238963
0.00602268
0.0197179
0.0612115
0.0281235
0.134157
0.0178664
0.101097
0.00942646
0.0115171
0.0326114
0.0751785
0.00881809
0.0726162
0.0472835
0.0175369
0.0463835
0.00525441
0.00545255
0.127502
0.0970591
0.126397
0.00497834
0.137271
0.00977753
0.0378489
0.0231008
0.0184855
0.0162428
0.115234
0.0326284
0.0684537
0.00274907
0.00288561
0.0105821
0.230331
0.0192141
0.00561326
0.122247
0.110576
0.0742567
0.100881
0.0398791
0.00532849
0.00308188
0.0368382
0.0138833
0.100302
0.0020036
0.0433123
0.0148331
0.0171927
0.0474018
0.0790868
0.0408731
0.00283562
0.0372341
0.00629909
0.00282093
0.116768
0.120063
0.241515
0.0250499
0.0355963
0.006951
0.0103718
0.111143
0.0280511
0.0182328
0.0323641
0.0369015
0.0325155
0.0768348
0.0133114
0.00666981
0.0105296
0.00790055
0.0150166
0.0202494
0.0473688
0.0125717
0.0399314
0.0105012
0.0594901
0.0140763
0.0109905
0.0211031
0.0186534
0.116733
0.0901269
0.0123487
0.0221175
0.00943405
0.0159747
0.0159249
0.0040093
0.0169574
0.0157974
0.00569096
0.00628021
0.0144932
0.0147851
0.0262902
0.0178008
0.0159549
0.0106245
0.0252523
0.0101058
0.139459
0.310403
0.0454733
0.00649559
0.0214833
0.000783273
0.0156188
0.0683095
0.020222
0.0161143
0.0119168
0.0126887
0.0425518
0.10919
0.171159
0.00507722
0.0249214
0.00641528
0.00770854
0.0559164
0.0211059
0.0301427
0.0539191
0.00928403
0.0208931
0.024457
0.0220426
0.034012
0.0102256
0.044425
0.0458662
0.0286103
0.0205277
0.0126574
0.0067808
0.0334217
0.00131732
0.00307039
0.0427803
0.00659575
0.0307878
0.0585011
0.0343063
0.0672631
0.0890093
0.00970272
0.0124403
0.015559
0.0846861
0.0400039
0.0423122
0.0150973
0.0314173
0.054828
0.0583048
0.0375708
0.021892
0.00219816
0.00645775
0.205357
0.195065
0.0299195
0.00279705
0.033681
0.017495
0.0233204
0.0343976
0.00509927
0.00588926
0.021507
0.0384772
0.0131417
0.0589894
0.0763464
0.00617178
0.00925033
0.00695501
0.0557802
0.0383261
0.0372759
0.124998
0.104307
0.0622586
0.0330423
0.0204747
0.00489346
0.00700329
0.0511019
0.116097
0.0113753
0.0489708
0.00484616
0.0278413
0.0247989
0.0126081
0.0639939
0.00854087
0.0237816
0.0214813
0.00735252
0.00869801
0.0743723
0.018008
0.0255779
0.0372095
0.00582272
0.0249313
0.0477354
0.00347076
0.00794927
0.0757897
0.0652228
0.0893498
0.0159791
0.0157353
0.0420792
0.040361
0.0218671
0.00506269
0.00306621
0.0592564
0.0280155
0.0105063
0.133029
0.0299064
0.0241525
0.0103045
0.0187736
0.0036474
0.0109654
0.0175598
0.0649421
0.0405481
0.0109084
0.00367716
0.0127789
0.0181147
0.00889439
0.0263316
0.0123066
0.0120633
0.114168
0.0626963
0.0168755
0.0530572
0.0216304
0.00787164
0.00369331
0.0105128
0.0747541
0.0560524
0.0846966
0.0211485
0.0519487
0.00998327
0.00852993
0.00877706
0.0276069
0.050331
0.0604666
0.0104642
0.0228199
0.0566102
0.00626524
0.0162655
0.0242743
0.0297404
0.0052263
0.00355597
0.00352319
0.00771319
0.0288679
0.00317218
0.0107728
0.0152294
0.00982486
0.028086
0.0104143
0.0125899
0.0271221
0.0251491
0.0109131
0.0749786
0.0532092
0.00300839
0.00364231
0.0402998
0.058849
0.0158255
0.0179269
0.0241956
0.00396677
0.0209287
0.0172341
0.0166723
0.0167437
0.0166701
0.00821076
0.192155
0.00820801
0.0615812
0.0522464
0.00942892
0.0130878
0.00729278
0.00876149
0.0198705
0.00193487
0.0247466
0.0078737
0.0230025
0.0184075
0.00675101
0.0112742
0.023303
0.00943498
0.0453712
0.0248506
0.0118272
0.00576262
0.00678158
0.0652818
0.0130145
0.0138162
0.00375244
0.01029
0.0122788
0.00733896
0.0147242
0.0296362
0.0988641
0.00409639
0.168271
0.013019
0.0281115
0.0065855
0.188586
0.0156134
0.0228573
0.00663466
0.0353326
0.0174535
0.0330557
0.0042678
0.140698
0.0187697
0.00857262
0.0264779
0.0271915
0.0105005
0.0121275
0.00424462
0.00850176
0.327068
0.00214177
0.0530031
0.00833857
0.0387171
0.0229626
0.01069
0.0345186
0.020047
0.00364511
0.00391445
0.0107573
0.0115826
0.00663892
0.0564979
0.210028
0.00406065
0.0088681
0.0132418
0.0383066
0.00404031
0.0156493
0.162455
0.0387254
0.00436287
0.10115
0.219808
0.122147
0.00281008
0.0070158
0.0116593
0.0582417
0.0360603
0.0369946
0.00576867
0.00162409
0.0316516
0.00786847
0.00340123
0.00363297
0.0026263
0.00868868
0.00371209
0.0119789
0.00398429
0.0199268
0.0262603
0.00949622
0.00379768
0.00183053
0.261846
0.0281368
0.000808341
0.00121768
0.034728
0.00262918
0.0700352
0.0171134
0.00456228
0.0121452
0.0196338
0.0157291
0.00859576
0.283702
0.0454575
0.04638
0.00847065
0.00197561
0.0361122
0.0189538
0.0100301
0.0334241
0.0773777
0.00995097
0.00443323
0.0782799
0.0191809
0.0100871
0.00389153
0.0130794
0.057037
0.0378783
0.0517279
0.0104947
0.021258
0.0200469
0.0144789
0.0186817
0.00948659
0.0178537
0.0471714
0.0262734
0.0448827
0.188268
0.239777
0.0197442
0.00672844
0.0117623
0.0357526
0.0133354
0.00273308
0.00361192
0.0136582
0.00971287
0.0350755
0.0109265
0.00764149
0.105906
0.0872385
0.0024895
0.0616727
0.0352459
0.0147349
0.0296239
0.0288144
0.0300416
0.0474048
0.0305254
0.296115
0.121778
0.144433
0.0468949
0.0110593
0.0148665
0.00719508
0.0263817
0.0204824
0.177529
0.0866597
0.0426234
0.215862
0.0101591
0.00339447
0.0348781
0.0201081
0.00973541
0.0098508
0.00447652
0.0058813
0.0197561
0.00967249
0.0155947
0.0151928
0.00726813
0.00381888
0.0902462
0.0265652
0.0523609
0.0182638
0.0271675
0.0148962
0.0148962
0.0552875
0.0400132
0.0270112
0.213561
0.00140915
0.0267043
0.00996716
0.01586
0.00560374
0.00570837
0.0186121
0.070915
0.0838645
0.00216271
0.0376591
0.00886656
0.00843558
0.00752576
0.00500184
0.00519048
0.246127
0.00825139
0.00914891
0.00936369
0.034191
0.0158631
0.0182523
0.0100486
0.104818
0.00275852
0.0105827
0.0677991
0.00735687
0.00783363
0.0248712
0.00974198
0.0091639
0.0069235
0.00501102
0.0613436
0.0547272
0.0597099
0.00760452
0.00773324
0.0267236
0.148238
0.0192474
0.00505827
0.00390937
0.00735347
0.0600664
0.00867013
0.0572642
0.072465
0.0713563
0.0338619
0.0145891
0.00827536
0.0121056
0.0088358
0.0642318
0.0115713
0.00813882
0.154985
0.0234339
0.0408206
0.0130775
0.315366
0.366354
0.0141778
0.131858
0.00903744
0.0086225
0.0120947
0.0673121
0.00468388
0.00706717
0.00562059
0.0144443
0.200541
0.0241824
0.0238185
0.0422965
0.0328751
0.00254428
0.00456431
0.00378471
0.216858
0.00873682
0.00882509
0.129636
0.00667688
0.0402717
0.0116529
0.0162412
0.00326064
0.0165395
0.00654055
0.0725314
0.0236232
0.0562814
0.104666
0.167074
0.0193769
0.0372862
0.0194856
0.00789689
0.0540659
0.0242365
0.0561477
0.0157846
0.00281013
0.00491079
0.0207267
0.0334882
0.0814061
0.0224227
0.00494352
0.00301457
0.00192552
0.0122254
0.0101272
0.00415711
0.00349636
0.0151179
0.00683644
0.0126026
0.0115564
0.00835846
0.0899409
0.0139169
0.0155236
0.00877134
0.0160677
0.0477429
0.043764
0.053698
0.00579805
0.121972
0.0111442
0.0347673
0.0415469
0.0306659
0.0353991
0.0303368
0.0282586
0.0174557
0.0511921
0.00449374
0.170604
0.24518
0.245157
0.012921
0.042239
0.0411972
0.0045426
0.138272
0.0146379
0.242048
0.0228719
0.0103396
0.0156484
0.0179852
0.00671751
0.0120068
0.0294818
0.0357007
0.00771482
0.0278438
0.0535897
0.00486688
0.0240638
0.00604992
0.00732232
0.0102149
0.0385224
0.00369443
0.0298239
0.0187219
0.0298738
0.015475
0.057168
0.0285766
0.0919891
0.00632412
0.0176028
0.000466583
0.0251031
0.0343951
0.0368068
0.0141326
0.0284841
0.0411786
0.0549169
0.0422156
0.00100396
0.0580458
0.0225913
0.00459352
0.0659474
0.0705294
0.00367875
0.0301539
0.0320791
0.221289
0.0106183
0.00698027
0.017458
0.00664422
0.102635
0.0378331
0.0474243
0.123576
0.0024015
0.00798533
0.0863898
0.0807947
0.0202881
0.0252044
0.0655312
0.00608724
0.11748
0.00958526
0.0224153
0.0164272
0.0044227
0.0711501
0.0598439
0.040307
0.0137312
0.0147947
0.00552873
0.00820494
0.00477876
0.0107479
0.032264
0.0243033
0.116477
0.156818
0.0524504
0.00572235
0.0104292
0.0177605
0.0275141
0.00440847
0.0225869
0.0306852
0.0118105
0.0121488
0.00640354
0.0279054
0.0276779
0.00692723
0.0180571
0.0307566
0.139118
0.138639
0.00729535
0.00965957
0.42065
0.0520381
0.0226907
0.328902
0.0425892
0.0329254
0.0516016
0.0129427
0.0138956
0.090102
0.0294345
0.0403128
0.0394313
0.0257771
0.0164867
0.0334565
0.0327043
0.00349889
0.012571
0.0244236
0.182218
0.0187264
0.035657
0.0313914
0.0376269
0.00252881
0.00493559
0.0123507
0.00975964
0.0614461
0.0290633
0.0189001
0.0311604
0.00976679
0.0198044
0.0100328
0.303432
0.00799151
0.0172501
0.0449142
0.0037126
0.00928778
0.0133087
0.0027421
0.0069127
0.0291601
0.058655
0.00829205
0.00331062
0.00377132
0.0271609
0.0326925
0.0393928
0.039393
0.0333451
0.00154494
0.0145292
0.00513067
0.00908158
0.090297
0.00946001
0.185254
0.0299543
0.00622378
0.0114164
0.0103447
0.00385922
0.00518722
0.154606
0.327838
0.0049166
0.0061297
0.0134002
0.105076
0.0173945
0.0542048
0.0183482
0.0098642
0.00756568
0.0144372
0.0151258
0.00322398
0.00951143
0.0227289
0.0260694
0.0246152
0.00276521
0.00836613
0.00899035
0.0351849
0.005624
0.141328
0.0232212
0.0631993
0.000603885
0.0110829
0.0425484
0.0224331
0.00480103
0.0036211
0.00586358
0.0106553
0.0207232
0.0144048
0.00455236
0.10748
0.00676543
0.00815341
0.0472114
0.0610439
0.0610432
0.00981169
0.00835035
0.00706138
0.1046
0.006944
0.00727885
0.011154
0.0343191
0.00530165
0.0751894
0.0138301
0.0142763
0.020371
0.00555856
0.0197075
0.0176057
0.087239
0.00973041
0.0107258
0.0139752
0.108067
0.0543654
0.132185
0.0316138
0.00473874
0.24141
0.0115257
0.0436859
0.0262777
0.00424311
0.00676003
0.040042
0.00493196
0.0184127
0.00749236
0.254541
0.134758
0.0353545
0.0181055
0.0454947
0.121736
0.00643962
0.182742
0.017269
0.0243967
0.10689
0.0236824
0.0115421
0.0516105
0.045272
0.0221369
0.0079642
0.0152438
0.020847
0.0357662
0.0926699
0.0867308
0.0737555
0.136587
0.0137376
0.0199042
0.0109439
0.0035819
0.00446383
0.00402982
0.0329838
0.0997068
0.112476
0.111944
0.00671113
0.00636108
0.00469827
0.0184724
0.0117923
0.0193342
0.00516118
0.00857463
0.00312519
0.015565
0.0116676
0.0241823
0.00533525
0.0195167
0.12644
0.022017
0.0144441
0.00614941
0.0175758
0.00365528
0.00729067
0.0228195
0.0386061
0.0128625
0.0183559
0.0164927
0.0355649
0.0230536
0.0771514
0.0724263
0.0121494
0.0659847
0.0345741
0.00501757
0.00191201
0.0051761
0.00746349
0.0133377
0.0164725
0.0355842
0.0163907
0.0207492
0.0258684
0.0145079
0.00552391
0.00600705
0.016893
0.028568
0.173332
0.0296488
0.00642081
0.0726823
0.00163018
0.00618965
0.0601178
0.134137
0.0113423
0.0125222
0.0965328
0.0116175
0.0103058
0.00369488
0.0341594
0.0680114
0.0139459
0.01413
0.0158984
0.00359641
0.00754576
0.0547642
0.0068284
0.0215371
0.00697525
0.00900211
0.0269246
0.0039982
0.0186877
0.00728139
0.0120921
0.119852
0.0861179
0.232969
0.0311905
0.0137736
0.00388008
0.0263111
0.0120195
0.0192758
0.0126216
0.15491
0.058954
0.0136071
0.0611632
0.0123797
0.104645
0.00203396
0.00213434
0.0117851
0.0141243
0.0163338
0.041043
0.00796425
0.0119034
0.165313
0.00934975
0.0230343
0.0152765
0.0638177
0.00228676
0.0138686
0.0158987
0.00416202
0.0450462
0.0263593
0.0188658
0.0114303
0.008809
0.00722561
0.15998
0.0457954
0.0970894
0.0228306
0.0122518
0.0100535
0.0237034
0.00787547
0.0297145
0.0131118
0.0701315
0.0036024
0.03034
0.051123
0.0059709
0.0141643
0.0184747
0.0745791
0.0516897
0.0275807
0.0322926
0.174447
0.0857473
0.0820595
0.0371685
0.0119475
0.237025
0.00868143
0.00792916
0.00781347
0.0363504
0.0960173
0.00318235
0.00995091
0.0540406
0.0701516
0.00808411
0.0139349
0.0305539
0.0204414
0.0100912
0.00988895
0.033297
0.00192518
0.0108389
0.0220024
0.0107424
0.00360768
0.00675474
0.00929945
0.0216479
0.00565425
0.0472414
0.0157192
0.00975488
0.00990748
0.0443902
0.00661786
0.0752073
0.00318163
0.164873
0.0132119
0.00450691
0.00895341
0.00634487
0.00645531
0.0707955
0.00944235
0.010821
0.0145722
0.0147511
0.00363886
0.0223083
0.002469
0.0180403
0.0137952
0.00833085
0.00981659
0.0105713
0.00743865
0.00197722
0.217522
0.0828948
0.0676971
0.0422919
0.0270312
0.0363841
0.006026
0.0162058
0.00306112
0.038452
0.00897973
0.00828949
0.00899088
0.0307072
0.0112268
0.0187412
0.00261368
0.0148181
0.0296077
0.0334456
0.00406715
0.017844
0.00927091
0.0281359
0.00735209
0.101552
0.134745
0.0140946
0.0106234
0.00869658
0.0100594
0.0376731
0.0227376
0.0274158
0.00418212
0.00350575
0.268411
0.163796
0.132661
0.0247483
0.0278379
0.0334479
0.0500108
0.0594768
0.0509851
0.0248624
0.0296317
0.0134265
0.00753304
0.00825585
0.00649045
0.0219575
0.0288041
0.00715691
0.0165189
0.0412315
0.0150423
0.0108882
0.0496814
0.0063302
0.0100893
0.0124095
0.00235576
0.0628404
0.0750151
0.0760152
0.00616481
0.00788653
0.0138283
0.0181752
0.0232862
0.041853
0.0202512
0.109075
0.143898
0.0693753
0.00798268
0.0197986
0.0522965
0.0119698
0.0837543
0.0558101
0.0115271
0.0263448
0.134956
0.00596001
0.0143477
0.00400716
0.015027
0.00524126
0.0343794
0.0574838
0.0154739
0.00591478
0.0226759
0.0200091
0.00445808
0.0092796
0.0130797
0.0080188
0.13278
0.0700487
0.0191153
0.00712574
0.00221034
0.0256387
0.0284181
0.00411895
0.00441205
0.00500955
0.00824404
0.0933112
0.0381891
0.0259336
0.0137541
0.00620802
0.00653388
0.0304662
0.140329
0.00958694
0.0110907
0.00929939
0.0283074
0.0198314
0.381893
0.0146977
0.0428231
0.0633207
0.0288527
0.0282617
0.0861675
0.0265939
0.0573145
0.0138651
0.0862641
0.0329717
0.0180688
0.0408742
0.0104013
0.10214
0.231981
0.0657351
0.00989464
0.0328027
0.00647977
0.0121365
0.0114717
0.0216731
0.00495265
0.00884663
0.0421937
0.0845159
0.14685
0.0280653
0.0236692
0.140335
0.052268
0.0106846
0.0158262
0.0048792
0.00722658
0.00747315
0.0696236
0.0320978
0.0226334
0.0383169
0.00689628
0.00562393
0.0267747
0.0482908
0.0179502
0.0153594
0.127242
0.0443383
0.00564113
0.00338749
0.00419276
0.121377
0.00400282
0.0352273
0.0387666
0.00762896
0.00663437
0.0919918
0.0255478
0.034262
0.0953663
0.0116471
0.0108659
0.033996
0.0136281
0.0505652
0.0159896
0.035533
0.0526893
0.0384834
0.00999691
0.0148892
0.0187699
0.0126642
0.0552417
0.0552359
0.165881
0.0135877
0.00632534
0.0247863
0.0637638
0.00750877
0.0370755
0.0329462
0.0129526
0.0455296
0.0149888
0.0389544
0.0234065
0.00338488
0.0513643
0.0100492
0.0114444
0.0980608
0.0122782
0.0141531
0.0301906
0.00155492
0.0060547
0.0109357
0.0244892
0.0162038
0.0279
0.0381094
0.093725
0.0391413
0.0627313
0.0627306
0.021404
0.58066
0.017046
0.0067894
0.00606162
0.183442
0.146635
0.00719175
0.00252815
0.0226392
0.0419488
0.00646207
0.00758176
0.0547389
0.0116148
0.0358766
0.00161932
0.116446
0.140289
0.0360765
0.0497518
0.0389141
0.0304721
0.193678
0.00806936
0.0167388
0.0121435
0.00522464
0.00236227
0.0432278
0.03755
0.06547
0.119502
0.0216949
0.129252
0.0119142
0.0234524
0.0318848
0.0214654
0.0384254
0.00907415
0.0071893
0.00676181
0.02529
0.00869541
0.00660579
0.010953
0.0163647
0.05171
0.0214676
0.0153918
0.00465354
0.00721496
0.0103006
0.0332085
0.0320306
0.0455911
0.116188
0.0332477
0.107332
0.00483003
0.0198283
0.041627
0.0211734
0.0103399
0.00510351
0.0454178
0.0222597
0.0343214
0.0330236
0.0212721
0.0373469
0.199403
0.00754744
0.027613
0.0122193
0.0864413
0.00736729
0.018311
0.00737388
0.196512
0.00491728
0.0119264
0.0478505
0.0779478
0.002105
0.00395401
0.0120951
0.0123999
0.0343787
0.00786935
0.00720625
0.0261675
0.00365898
0.0108653
0.00969349
0.00645742
0.023446
0.019648
0.0666002
0.0027644
0.00501296
0.0664067
0.0515839
0.0255114
0.00456253
0.0228111
0.0117433
0.00263171
0.022507
0.0473498
0.0244148
0.0359181
0.00670234
0.00673333
0.00193935
0.057311
0.0209827
0.0245232
0.0943346
0.0182229
0.0412864
0.0211244
0.0177864
0.00189477
0.0138506
0.00694813
0.0266563
0.0136214
0.0625457
0.0145844
0.0364411
0.0159213
0.03457
0.00646319
0.013875
0.00949818
0.166848
0.185885
0.0711367
0.00757084
0.010214
0.0208515
0.0535218
0.1115
0.0297821
0.0253247
0.239715
0.00881833
0.0280075
0.0487158
0.00110891
0.0129008
0.00978817
0.00170561
0.0761322
0.00574558
0.0160001
0.0213951
0.0204922
0.0101528
0.00472531
0.0145021
0.0102521
0.00768111
0.0477875
0.0105152
0.0249688
0.00441497
0.00286247
0.0103531
0.0100215
0.00679036
0.00967562
0.108825
0.00416636
0.007012
0.0567688
0.0494956
0.00405549
0.00808741
0.010478
0.0201401
0.0859828
0.0247715
0.00529303
0.0491889
0.0240242
0.0182798
0.214952
0.0154907
0.0328109
0.0297437
0.0273707
0.0115021
0.00233013
0.00752021
0.017155
0.0132323
0.0119625
0.0190762
0.0156625
0.397273
0.0976468
0.0399838
0.0198428
0.0336095
0.0106108
0.165948
0.0215729
0.0135576
0.0390767
0.236858
0.0151623
0.00842225
0.00737748
0.00952469
0.0548365
0.00697914
0.0186428
0.060694
0.14245
0.0136532
0.0449234
0.00713888
0.00627151
0.0214545
0.0306963
0.0131774
0.01922
0.0236802
0.0335698
0.0264232
0.00193609
0.0527134
0.0128982
0.012667
0.00668785
0.0158701
0.0134989
0.00485572
0.102288
0.0173718
0.00496701
0.0768546
0.0466927
0.0156857
0.0160703
0.0161517
0.0410562
0.00649727
0.00486656
0.0262448
0.0462516
0.0270124
0.0245953
0.0102191
0.0894243
0.0759907
0.0357212
0.0065457
0.0278573
0.00308114
0.0116912
0.0623508
0.00358381
0.01629
0.0459593
0.0202499
0.0939544
0.0401047
0.0348463
0.0309761
0.0282498
0.00825136
0.0077674
0.00535956
0.0487152
0.0193049
0.0364581
0.00571038
0.0189394
0.00899319
0.00624754
0.00923439
0.00838134
0.00799757
0.0480651
0.0370982
0.0314525
0.0226398
0.00515578
0.0430021
0.0700102
0.0477182
0.0166881
0.0116879
0.236107
0.044568
0.00769789
0.0711322
0.005144
0.0762595
0.00308858
0.0152189
0.355943
0.272777
0.0260513
0.0269865
0.00996043
0.0331523
0.0125952
0.00594481
0.0588708
0.0260376
0.00339665
0.00584887
0.106157
0.0402589
0.133552
0.0205619
0.0251696
0.065864
0.0431556
0.00780326
0.0283897
0.00385436
0.0425806
0.182445
0.0133866
0.0340364
0.00652127
0.064722
0.0410588
0.0232911
0.0701601
0.00666753
0.0201924
0.0222536
0.0076988
0.00845757
0.347885
0.0267806
0.0514713
0.00416783
0.0751402
0.0116515
0.0555474
0.0235589
0.0580918
0.0332218
0.177754
0.00412118
0.00918533
0.0119712
0.0142619
0.0184198
0.00897087
0.0112756
0.0165723
0.0319728
0.00113934
0.0335512
0.0101737
0.0220305
0.0274196
0.0672543
0.00626493
0.0683484
0.0297918
0.0390529
0.0180107
0.0177589
0.016109
0.14186
0.0764908
0.0166217
0.0179747
0.0612641
0.00288941
0.00328185
0.00280048
0.0198331
0.0148746
0.167725
0.0364077
0.0104799
0.0253988
0.0370087
0.148113
0.0095465
0.00464087
0.013131
0.00678683
0.0221358
0.0110954
0.100836
0.0962241
0.0104571
0.0579279
0.02886
0.0328408
0.0179646
0.0765923
0.00701213
0.00597544
0.0044873
0.0625386
0.0992661
0.204287
0.199123
0.0273857
0.255343
0.0343877
0.104041
0.0280077
0.0233465
0.012966
0.0238686
0.00317713
0.0205003
0.0212789
0.070125
0.0428674
0.0648937
0.0460685
0.00872559
0.0401094
0.0130529
0.0110544
0.0163071
0.0207806
0.069707
0.0718885
0.0379929
0.02211
0.0200089
0.155459
0.0123979
0.0345699
0.00391512
0.0357087
0.0439497
0.0869128
0.0307325
0.0158366
0.0113318
0.0100071
0.00601813
0.00997723
0.0224107
0.00198899
0.0489756
0.012954
0.0896771
0.00363961
0.149917
0.00256266
0.0150074
0.0154861
0.0106642
0.0426823
0.0752075
0.0503471
0.0443472
0.0585405
0.0234145
0.189283
0.0197796
0.0116915
0.00699281
0.00392812
0.0108272
0.170052
0.102705
0.0101913
0.0441409
0.0527457
0.0508155
0.0085503
0.00841942
0.0109407
0.00628721
0.011476
0.0289141
0.033852
0.0670997
0.0198667
0.0328144
0.0208185
0.102714
0.0529947
0.0148994
0.0238342
0.0232171
0.0169987
0.0711501
0.0147745
0.0102633
0.0510105
0.178466
0.0193178
0.000260616
0.023387
0.0120698
0.049781
0.0457174
0.0394197
0.00365683
0.0220263
0.0196841
0.0265398
0.0180329
0.00584281
0.0146877
0.00605271
0.00228455
0.00672185
0.0790163
0.0172382
0.0149798
0.0141728
0.0922977
0.0704322
0.0164467
0.0148844
0.043719
0.0112588
0.0037144
0.00409913
0.0228858
0.00995881
0.0514574
0.0311758
0.142084
0.111263
0.00960659
0.0535321
0.0227084
0.0218297
0.0530501
0.00882091
0.00729738
0.199563
0.00748139
0.229161
0.0619585
0.0123746
0.145609
0.106004
0.0414783
0.013771
0.0311793
0.0309038
0.0260826
0.00828943
0.0064185
0.00568611
0.0328744
0.0372284
0.0280306
0.0286604
0.0335277
0.162266
0.0721222
0.0261294
0.0146928
0.0165295
0.132646
0.152966
0.00506264
0.103558
0.0379139
0.0326663
0.0103987
0.00195196
0.00126235
0.00898347
0.0225509
0.0112995
0.0178404
0.00887294
0.0180807
0.0192249
0.00763856
0.0130658
0.0162294
0.00714394
0.0113714
0.008904
0.0202892
0.134495
0.0905418
0.111256
0.0222002
0.00960708
0.0384344
0.0263872
0.0013658
0.146888
0.116156
0.0670827
0.0691576
0.0103195
0.00959149
0.0150648
0.0182337
0.0288572
0.00894006
0.0105424
0.00848465
0.0102133
0.00966578
0.0165507
0.0469596
0.0111717
0.0364233
0.0323676
0.0197036
0.0325718
0.0188651
0.01367
0.0170544
0.0213245
0.117313
0.0141904
0.011482
0.00532997
0.0532851
0.0209826
0.0431583
0.0368037
0.00698986
0.0361979
0.0444224
0.00450313
0.00305616
0.0355035
0.0429162
0.0124555
0.0114856
0.010622
0.104021
0.014717
0.0338818
0.00403745
0.0169546
0.0405085
0.0234005
0.0238803
0.000603892
0.0437684
0.00453035
0.00931859
0.0214203
0.120501
0.0466016
0.0313518
0.0347579
0.00566108
0.0147928
0.0421672
0.238373
0.226376
0.00553719
0.125053
0.0256739
0.0106123
0.0198749
0.0190069
0.0086728
0.0161176
0.0252258
0.0274174
0.0653149
0.0217563
0.22241
0.00280876
0.00702903
0.014987
0.0110908
0.0197063
0.0085689
0.0252427
0.029006
0.0268857
0.0139571
0.0271302
0.0600866
0.0155796
0.00424894
0.00618136
0.0219338
0.0204049
0.0297842
0.00310664
0.0103188
0.00795539
0.0119978
0.0274584
0.0213036
0.0843
0.0284409
0.0719874
0.0060049
0.00390636
0.0797555
0.034107
0.0101762
0.0126945
0.0526257
0.0143551
0.0547435
0.0244406
0.00996072
0.0305545
0.0208519
0.01355
0.0081975
0.00535456
0.00542588
0.00517534
0.0192157
0.0226753
0.0325906
0.141335
0.0172992
0.0107083
0.0108912
0.0128533
0.00806405
0.0171055
0.0127323
0.0699166
0.00453396
0.0401332
0.00937925
0.0275966
0.0259992
0.00160892
0.00604617
0.00424034
0.00600934
0.118898
0.023226
0.244093
0.0645549
0.00892423
0.00146018
0.036676
0.0132057
0.0173087
0.00303635
0.0236883
0.0100557
0.01045
0.0142784
0.0316464
0.0226878
0.10478
0.0132882
0.00825496
0.00960565
0.0270329
0.120501
0.028135
0.0136838
0.103947
0.0815384
0.117904
0.0192008
0.00611957
0.00487422
0.00473105
0.019938
0.0196198
0.146561
0.00425842
0.0419908
0.0448683
0.00571113
0.200042
0.036387
0.0120141
0.0976933
0.146818
0.0735273
0.0254598
0.0255583
0.00583135
0.00323424
0.00236565
0.00406827
0.0110703
0.00906159
0.0448602
0.00963716
0.00385755
0.0196289
0.0131936
0.00836033
0.0093749
0.0240556
0.0308018
0.03219
0.0161124
0.0550608
0.012475
0.0169569
0.0297065
0.00367538
0.085421
0.124024
0.122507
0.00791233
0.101037
0.0842712
0.0513215
0.0216382
0.0235713
0.0120709
0.124206
0.0770752
0.00997577
0.0137269
0.0458438
0.110414
0.0234675
0.0495522
0.00912756
0.105772
0.0348194
0.0300929
0.0128724
0.0741409
0.451751
0.0300953
0.0258847
0.0325001
0.0250209
0.020377
0.025369
0.0270811
0.00638661
0.0486936
0.0270223
0.00840132
0.00665564
0.0479685
0.00723688
0.0136994
0.0114945
0.0322342
0.0134533
0.0427907
0.0098295
0.00745744
0.0416524
0.0144318
0.00917484
0.0454269
0.0124123
0.00498656
0.0073271
0.0240413
0.00814394
0.0170796
0.0169447
0.0140823
0.0141095
0.0501956
0.0230034
0.00776025
0.0108782
0.00337085
0.00816072
0.0696649
0.0072467
0.00721036
0.0202086
0.0294258
0.0227098
0.0387162
0.0291782
0.00777187
0.0103396
0.0138966
0.0166933
0.0475992
0.0124504
0.00405453
0.102295
0.125365
0.0177532
0.0168435
0.00321596
0.0318286
0.0117007
0.0833626
0.0165188
0.00298016
0.00104749
0.0095497
0.0114948
0.0107779
0.0990933
0.00568151
0.0057348
0.0134466
0.218077
0.289623
0.153778
0.013414
0.00323302
0.00717905
0.0369748
0.00298649
0.0127413
0.0106517
0.0153513
0.0197304
0.0456392
0.0147705
0.0100526
0.0275587
0.00747088
0.0557998
0.0149913
0.0232121
0.00320189
0.00830267
0.00431135
0.0223398
0.0147235
0.0201789
0.00954087
0.0204307
0.00568478
0.013857
0.0114357
0.00654896
0.00914122
0.00725312
0.116616
0.00578303
0.0024702
0.00258521
0.0162634
0.0251632
0.0177396
0.00853134
0.00282747
0.0557432
0.096584
0.0951004
0.0420249
0.063393
0.0392059
0.0827787
0.0167695
0.159368
0.00546484
0.0258715
0.0283834
0.0153987
0.00734991
0.0498948
0.0251314
0.0410018
0.0213095
0.0133827
0.00341257
0.0441677
0.017255
0.00867581
0.0132197
0.00339546
0.0291556
0.0276312
0.00976851
0.154407
0.00781726
0.00465519
0.00478427
0.0637647
0.0039659
0.0209212
0.0121021
0.0131234
0.0119315
0.0223832
0.0138598
0.0122551
0.0112759
0.0508864
0.0178252
0.016956
0.00930995
0.0297563
0.0183652
0.0206572
0.00839975
0.0112466
0.00856057
0.00895929
0.0660552
0.00932704
0.0405207
0.0377199
0.116523
0.00696619
0.0319578
0.0135966
0.0176781
0.098922
0.0898032
0.0835047
0.0706537
0.00753552
0.00272575
0.00202755
0.0414019
0.0186495
0.085386
0.0309375
0.312772
0.0812642
0.0697959
0.0117674
0.112653
0.0110311
0.0160013
0.00930569
0.00611364
0.0396496
0.00175953
0.041815
0.012254
0.0229819
0.0747068
0.0288656
0.0206798
0.0778072
0.00651872
0.158688
0.00436168
0.0250838
0.0221839
0.0489034
0.0553001
0.095675
0.0611255
0.0411182
0.0447928
0.0147971
0.20207
0.0688152
0.176175
0.134089
0.0967351
0.00817144
0.0116678
0.06418
0.0160275
0.00173116
0.111577
0.03437
0.0218903
0.0353976
0.012662
0.00970839
0.00927224
0.00527766
0.0151622
0.0372103
0.0395187
0.00272171
0.0840622
0.0406038
0.0066786
0.00902421
0.0276626
0.0564434
0.0250556
0.0258714
0.0372546
0.0138045
0.00982286
0.0179331
0.0182951
0.00829854
0.115216
0.0112653
0.110458
0.191572
0.0843397
0.047285
0.0438761
0.0307731
0.0810773
0.00581766
0.103872
0.123467
0.0459782
0.0384496
0.00753444
0.0947914
0.0689329
0.0246664
0.0738677
0.0272249
0.072041
0.0206329
0.179488
0.0519078
0.0985093
0.0109298
0.0408646
0.00695698
0.017364
0.040949
0.0151663
0.016036
0.0762521
0.0402245
0.0550345
0.0410596
0.00459783
0.00381098
0.0337948
0.17803
0.0206788
0.0239399
0.141
0.0198395
0.0896938
0.064342
0.015571
0.0175911
0.00383895
0.0464745
0.0195556
0.0286941
0.046266
0.0254147
0.00383559
0.0083423
0.00321351
0.0949362
0.00515766
0.026086
0.025184
0.00964871
0.00820038
0.00573927
0.000676799
0.0031122
0.00231591
0.00450943
0.00774144
0.100955
0.0145691
0.093585
0.0588434
0.00352449
0.0208455
0.0328506
0.118407
0.0119049
0.0197766
0.0263272
0.00999203
0.0317132
0.0684679
0.00356162
0.0518754
0.0513756
0.0440558
0.0520326
0.0616325
0.0183001
0.0361423
0.000557784
0.0667135
0.0119116
0.00708103
0.014603
0.00630878
0.0356067
0.00563
0.0162985
0.0337748
0.0324641
0.0632059
0.00292342
0.00564776
0.0106577
0.00687621
0.0304115
0.00607637
0.0336033
0.0218139
0.0139528
0.0152692
0.0286007
0.00901364
0.0191227
0.016162
0.0485057
0.103555
0.0067393
0.119826
0.0183661
0.0894678
0.058457
0.0391086
0.0172286
0.00475888
0.061366
0.0551005
0.148012
0.18525
0.0409221
0.0110717
0.0543468
0.0163526
0.0168602
0.0251442
0.0706447
0.0524283
0.0487431
0.0512839
0.000396361
0.00397544
0.00876748
0.0807166
0.0518341
0.0110503
0.0450976
0.0760209
0.155215
0.023029
0.0121597
0.019843
0.116568
0.0232196
0.0139009
0.0540743
0.00713648
0.0241223
0.0231952
0.000716534
0.117625
0.0129579
0.0636616
0.0861616
0.0822801
0.00883688
0.056225
0.0499329
0.142083
0.0485856
0.0322162
0.038006
0.0397176
0.227479
0.00846707
0.00388293
0.0150578
0.216494
0.0573966
0.102521
0.119453
0.0521024
0.00874447
0.0116182
0.0108757
0.00596427
0.060768
0.015794
0.0337723
0.0235329
0.0135204
0.0257369
0.00262631
0.0023697
0.0196118
0.169993
0.0412843
0.101635
0.0884717
0.0754731
0.00113428
0.0206593
0.0316255
0.0456079
0.00282721
0.0213671
0.00206367
0.0401241
0.0345926
0.00191442
0.0297571
0.0473295
0.0184004
0.0622593
0.0218168
0.0294035
0.0774065
0.010948
0.0086212
0.179188
0.022402
0.0155545
0.0506563
0.0385758
0.0304795
0.167665
0.055721
0.0150332
0.0403507
0.113084
0.0217498
0.0116638
0.00781374
0.0129806
0.0206847
0.0455628
0.0307999
0.00463155
0.130493
0.0169757
0.0134373
0.0110531
0.0343023
0.198118
0.135978
0.0604494
0.00800052
0.0328397
0.00963382
0.022863
0.0476926
0.070952
0.0213513
0.00208989
0.0359279
0.00948641
0.0104778
0.0205276
0.0261087
0.01341
0.0284879
0.00373876
0.0385896
0.0111399
0.0247846
0.00779271
0.00421503
0.141135
0.135433
0.0774025
0.0139529
0.0461092
0.0308954
0.227413
0.0093149
0.00346457
0.0443282
0.0062537
0.00721377
0.0105302
0.0649019
0.219969
0.0112064
0.182357
0.0389874
0.0123593
0.0486955
0.0527046
0.0350201
0.0164123
0.0050709
0.150798
0.0270508
0.0861391
0.00546385
0.23013
0.000925377
0.0147861
0.0163122
0.0441691
0.0641769
0.0311955
0.0906305
0.190476
0.0198886
0.00170401
0
0.152672
0.0172364
0.249899
0.0119828
0.163652
0.170589
0.0332114
0.21002
0.0316676
0.0613283
0.00423062
0
0.00501628
0.0142414
0.0235766
0.0322168
0.0368674
0.22139
0
0.121028
0.0501654
0.0361774
0.011802
0.000946248
0.0896525
0.121466
0.0122956
0.0139408
0
0.150459
0
0.0498738
0.00713668
0.113861
0.107333
0
0.0937771
0.176599
0.073035
0
0.00513082
0
0.0484962
0.0759318
0.206327
0.0114013
0.0599904
0
0.0542438
0
0.0647326
0.0187075
0.0347792
0.0436853
0.0393989
0.155911
0.245273
0.0403545
0
0.0134645
0.403673
0
0.0554478
0.237283
0.120003
0
0.166171
0.0187075
0
0
0.186866
0.0526772
0.0791785
0
0
0
0
0.140171
0.145951
0.136294
0.000991636
0.0181684
0.00432914
0.00282964
0.00772983
0.185007
0.00421505
