6903
0.00134473
0.00345242
0.0063578
0.00097621
0.00402352
0.00495866
0.00365466
0.00441234
0.00413649
0.00402135
0.00229817
0.00285619
0.00661987
0.0103699
0.00304508
0.00455278
0.0018324
0.00332026
0.00277396
0.000736172
0.00697514
0.00281757
0.0021523
0.0155256
0.00567335
0.0086241
0.0030612
0.00341046
0.00467766
0.011281
0.0151813
0.00664135
0.00579443
0.0046453
0.00371492
0.00321007
0.0190401
0.00220123
0.00700025
0.00259514
0.000771323
0.00393277
0.019669
0.00256572
0.026472
0.00429475
0.00796637
0.00739681
0.000721431
0.00760364
0.00719971
0.00609991
0.00249118
0.00686461
0.0111479
0.0481854
0.0039871
0.00506503
0.00606324
0.00158432
0.0715879
0.00979061
0.0130347
0.0750513
0.00511542
0.00395519
0.00447574
0.0130101
0.000363812
0.00173488
0.00193548
0.0156497
0.00398088
0.00332678
0.00745458
0.0119169
0.0051989
0.00141357
0.0012228
0.00208261
0.00361651
0.00407302
0.0798154
0.00299205
0.00546604
0.00660267
0.00168929
0.0542327
0.0428459
0.0006077
0.00767362
0.0152867
0.00841061
0.000818237
0.00496605
0.000491426
0.00405421
0.00958446
0.00342276
0.0073908
0.00799962
0.00512817
0.00481002
0.026305
0.00388229
0.0157346
0.00193934
0.00308707
0.00306811
0.0266842
0.00194448
0.0850199
0.00281048
0.0131397
0.00407137
0.000951612
0.00174386
0.005097
0.0231926
0.00699475
0.00109364
0.0054821
0.0045036
0.00396876
0.00164012
0.00505251
0.103723
0.137213
0.0503767
0.00376839
0.00466953
0.00388784
0.00244873
0.0043294
0.0014329
0.00224255
0.000850289
0.00116861
0.00408014
0.000518749
0.00209651
0.00327917
0.00722903
0.0185146
0.0409887
0.00254597
0.00149754
0.0178243
0.002466
0.00545811
0.0458361
0.00427616
0.00348099
0.00367227
0.00506436
0.0061944
0.00399245
0.00271888
0.00726481
0.00108553
0.00209359
0.00163517
0.0016712
0.00389352
0.0320792
0.0192049
0.00124618
0.0526741
0.000944867
0.0160163
0.00258776
0.00273159
0.00222416
0.109147
0.0714289
0.00475133
0.0188008
0.00454226
0.00584826
0.0545912
0.00371109
0.00249926
0.00636671
0.0171593
0.00251195
0.0394428
0.0239608
0.0337178
0.00861978
0.0174021
0.00355786
0.00577215
0.00825337
0.00610799
0.00298256
0.00276953
0.0198638
0.00619443
0.0106801
0.00316115
0.00186421
9.60992e-005
0.0218301
0.00403595
0.00476852
0.0315129
0.0984462
0.00206279
0.00407734
0.000722989
0.00150653
0.00178925
0.00665073
0.00346648
0.00283293
0.00595465
0.00242587
0.00577466
0.0137162
0.00125757
0.00245087
0.00246663
0.00201641
0.118769
0.000386411
0.0039207
0.00197255
0.00679101
0.00159351
0.0012095
0.00220745
0.00253457
0.00247572
0.00194775
0.00641652
0.0483519
0.00371056
0.0936505
0.00503027
0.00157533
0.00332381
0.00212051
0.00373779
0.00264569
0.0346118
0.00212057
0.00222286
0.00339533
0.010116
0.00365502
0.00480649
0.0400172
0.00336002
0.00676146
0.00664441
0.00405874
0.00659991
0.014708
0.0124485
0.0129255
0.007485
0.00678969
0.00384255
0.00509621
0.00686529
0.000826525
0.0016565
0.0100896
0.00982552
0.00662779
0.0471765
0.00595365
0.00813812
0.00659117
0.0198408
0.0234855
0.00729869
0.00445688
0.000514435
0.00885563
0.00932973
0.0174622
0.00409276
0.00325164
0.00317727
0.0943931
0.00191214
0.0319188
0.0037473
0.0434867
0.00278889
0.0277228
0.00427834
0.134601
0.0023219
0.00114053
0.00289031
0.0239607
0.0389974
0.000845339
0.00376219
0.00307944
0.0801334
0.00905777
0.00470039
0.00919984
0.00363695
0.00315646
0.0115896
0.00349781
0.00217567
0.0161007
0.0115307
0.00807817
0.00268556
0.000729926
0.0060209
0.00622105
0.0070459
0.0358576
0.0360276
0.0134159
0.00314043
0.0075513
0.0018158
0.00687883
0.0036637
0.0168852
0.000815745
0.0021252
0.0026266
0.00999496
0.00412715
0.0135327
0.00956987
0.0163405
0.00501456
0.00963926
0.015002
0.00127058
0.00140929
0.00294554
0.000606472
0.0049076
0.0285827
0.00301897
0.00342846
0.0310962
0.000817232
0.00215083
0.116199
0.00230727
0.0118738
0.00112503
0.00944467
0.0299236
0.00538802
0.0849263
0.00590813
0.0259763
0.00421265
0.00537266
0.00397978
0.0222185
0.00405664
0.0133898
0.0438378
0.00452553
0.00481254
0.0126033
0.00596619
0.0388425
0.00618689
0.0204523
0.00457212
0.00644827
0.00953731
0.00813055
0.0111355
0.044372
0.00556714
0.122497
0.00112272
0.0133332
0.00506795
0.0112055
0.00394343
0.00333182
0.00628339
0.00628882
0.00304209
0.0116669
0.0273088
0.0179157
0.00542901
0.0042752
0.00396111
0.00196245
0.0127511
0.0102642
0.0147605
0.052354
0.00359929
0.00120545
0.00395119
0.00576495
0.00197688
0.00406689
0.00348125
0.00241813
0.0015034
0.018113
0.00676953
0.00089682
0.0306159
0.00926193
0.00778733
0.034314
0.0387658
0.0344864
0.00416358
0.0143866
0.0255246
0.0145648
0.00466284
0.0153558
0.0722154
0.00143766
0.000903498
0.00977224
0.0875249
0.00527389
0.00615
0.00323138
0.0662779
0.00259718
0.00149469
0.0051098
0.047118
0.00300673
0.0143932
0.0161007
0.000515397
0.00870077
0.00888077
0.0155753
0.0107937
0.0411239
0.00630117
0.00197357
0.00200586
0.00206317
0.014158
0.00186527
0.0017826
0.00162663
0.0891657
0.00241671
0.00648347
0.00244067
0.0168735
0.0125944
0.130529
0.101275
0.00283954
0.00306438
0.00257831
0.00217353
0.022232
0.00263071
0.00532675
0.0445784
0.0106267
0.0191655
0.015505
0.00919981
0.00703159
0.0816231
0.00660039
0.0320037
0.00271239
0.00240293
0.00894077
0.0105505
0.0865649
0.00543917
0.00398415
0.00310404
0.000795133
0.00336731
0.00759803
0.00458442
0.00333329
0.00387511
0.0334059
0.044472
0.00310649
0.00296999
0.0255146
0.00489244
0.0359525
0.00608106
0.0148635
0.00163947
0.00105061
0.00320964
0.00228142
0.0751819
0.00123443
0.0837283
0.00139808
0.00322242
0.00172048
0.00844368
0.0180735
0.00554896
0.00732568
0.00267833
0.00238247
0.00489099
0.00241771
0.000399325
0.0214377
0.0103735
0.00575336
0.00121696
0.00343787
0.0173021
0.0067478
0.00313989
0.00365821
0.00693521
0.105371
0.00410164
0.00240075
0.0278384
0.0570825
0.00249414
0.00612954
0.00158978
0.00121603
0.00573994
0.00199029
0.00534254
0.00309336
0.0571863
0.00100182
0.0191368
0.00875306
0.0181245
0.00477068
0.00191552
0.00477467
0.00295524
0.00323034
0.00401827
0.00284719
0.00307237
0.00885951
0.00987412
0.0673535
0.0102621
0.00643494
0.0126218
0.00437184
0.000881634
0.00816602
0.0901967
0.000983064
0.0143017
0.00180842
0.0737399
0.0186253
0.00525754
0.00385595
0.00685639
0.00492556
0.00670626
0.0508855
0.00435252
0.00408361
0.0132224
0.00304031
0.0240656
0.00391157
0.000755609
0.00810942
0.00335997
0.00315625
0.00501199
0.00618318
0.0137043
0.114875
0.00348619
0.00929082
0.00219459
0.0026901
0.0180464
0.00402805
0.0318879
0.000625781
0.00200625
0.00799412
0.00309927
0.00836372
0.0104776
0.042653
0.0441183
0.00263135
0.0831007
0.00812182
0.00441061
0.00454438
0.0470509
0.0147363
0.00633741
0.0120614
0.00254513
0.00101618
0.0260726
0.00361141
0.00729566
0.00415211
0.0296858
0.0124363
0.0111405
0.00450483
0.00173947
0.00822706
0.00114542
0.0307629
0.0503139
0.00226869
0.00121864
0.0120559
0.00108882
0.00582128
0.00854842
0.000469615
0.00204933
0.00414887
0.00716868
0.0281008
0.00286539
0.0177913
0.0125513
0.0245426
0.0176214
0.00263549
0.0368813
0.113951
0.0466336
0.0137965
0.0490538
0.000358496
0.00294977
0.0102858
0.0010447
0.011654
0.0120729
0.00789163
0.0617367
0.0366511
0.00632516
0.0046478
0.0192817
0.0156428
0.00266332
0.0778697
0.00282381
0.0575797
0.0121057
0.0210831
0.00525337
0.00165221
0.00417871
0.000161017
0.000161017
0.000292769
0.000605004
0.0047057
0.136493
0.00411283
0.000705332
0.0142856
0.00525993
0.00489564
0.046224
0.0439478
0.00444198
0.00757979
0.00906256
0.038389
0.00196391
0.0123476
0.00592585
0.0299727
0.00311359
0.00366794
0.00416629
0.00324062
0.00551829
0.00620211
0.0124204
0.00276485
0.0239826
0.00458381
0.00407884
0.0269661
0.0139929
0.0612967
0.00207564
0.00920596
0.0251447
0.000205924
0.000205927
0.0141192
0.039909
0.00591811
0.00564779
0.00501293
0.0428477
0.00998781
0.00387076
0.00286799
0.00204466
0.0690182
0.00137551
0.00627357
0.0016045
0.00708426
0.00187807
0.00295862
0.0901503
0.00237065
0.061077
0.00320003
0.00386078
0.00435959
0.056403
0.00576752
0.00218006
0.00386364
0.00092656
0.00840656
0.00346017
0.00952242
0.00361184
0.0294928
0.0023911
0.0320204
0.0104085
0.0186126
0.0045686
0.0380454
0.00671838
0.0043894
0.0058758
0.00730882
0.00328251
0.0144652
0.0121975
0.00581816
0.00371886
0.0691959
0.128301
0.00238683
0.00480118
0.00425098
0.0195027
0.0693366
0.131644
0.0298832
0.0173425
0.00726174
0.00480781
0.00250517
0.0169868
0.000475879
0.0027321
0.0193758
0.000425742
0.0168932
0.0135186
0.00519169
0.0235808
0.00391126
0.0223262
0.0031118
0.00389477
0.00623957
0.00703904
0.00994097
0.0298132
0.00256573
0.0710363
0.00417933
0.00470287
0.018102
0.00942752
0.00263945
0.0110525
0.00623686
0.0117654
0.0102501
0.00262638
0.00586491
0.00112266
0.0268614
0.00934929
0.00145672
0.0040834
0.00459747
0.00845846
0.0156038
0.0125494
0.00461547
0.0171244
0.00796567
0.00174795
0.00160278
0.000930607
0.0242057
0.00784305
0.0883357
0.00504853
0.00460683
0.0471489
0.01051
0.00531121
0.00605279
0.0760451
0.00464432
0.0131784
0.00773752
0.0022639
0.00481231
0.00557559
0.00407247
0.00160892
0.0275176
0.00525155
0.017329
0.00454217
0.0245481
0.00871819
0.00425561
0.00137921
0.00975886
0.00246797
0.00445249
0.00536443
0.0684906
0.00455495
0.0185192
0.038661
0.00640873
0.0133203
0.0025745
0.00709271
0.00622832
0.0401034
0.00872095
0.100984
0.00140131
0.00558794
0.00766512
0.00580061
0.0479797
0.00942979
0.00797974
0.0806723
0.00310738
0.007703
0.00304544
0.00250489
0.007031
0.0258101
0.0127822
0.0273681
0.00327669
0.00564368
0.00698182
0.0797385
0.0203017
0.135631
0.0283333
0.0270798
0.0046523
0.0927038
0.00951942
0.0138461
0.0054313
0.0644102
0.00183353
0.00322911
0.0496229
0.00853305
0.0077765
0.0066744
0.0299901
0.00291588
0.00379143
0.00275003
0.000597603
0.00402558
0.00213109
0.00376238
0.00275129
0.0154188
0.00318348
0.0223304
0.0066491
0.00844274
0.0304024
0.0153
0.0244051
0.00480335
0.000432474
0.00756764
0.0040385
0.0142927
0.0556939
0.00502739
0.000567021
0.00966977
0.00122779
0.00177288
0.0159903
0.0553268
0.00775797
0.00274988
0.00448625
0.00288656
0.0050147
0.00387634
0.0574222
0.00663619
0.0102844
0.0105687
0.00270268
0.00174261
0.112942
0.00164591
0.00622507
0.00434885
0.0052175
0.0261085
0.000923742
0.0607593
0.00457325
0.0132656
0.00187505
0.00250229
0.00176276
0.0829493
0.00641008
0.0735658
0.0156569
0.00215304
0.00554476
0.0592867
0.00611469
0.000882008
0.00229604
0.0852377
0.00331688
0.00390125
0.00191834
0.115328
0.00313156
0.0134678
0.0186952
0.00277612
0.0133002
0.000329709
0.0235913
0.00343312
0.00434001
0.00338026
0.0286408
0.0886873
0.0019763
0.0016541
0.0100359
0.00498896
0.0959247
0.0157027
0.0120379
0.0301535
0.00396293
0.00285553
0.0505528
0.0170449
0.0165464
0.0165511
0.0108166
0.00553362
0.00386865
0.00281866
0.0141285
0.00229318
0.00186172
0.00284937
0.010952
0.0557622
0.00458321
0.00479372
0.00184555
0.00411571
0.00597895
0.00232179
0.00632701
0.0234034
0.0100269
0.0217417
0.0159446
0.0131386
0.0997
0.0114662
0.00784214
0.00243556
0.00376491
0.0157371
0.00315352
0.022472
0.0020182
0.00529058
0.0202177
0.0032945
0
0.00196675
0.00324717
0.00172116
0.0204318
0.00233604
0.00211618
6.68893e-006
0.00616408
0.00693911
0.00900525
0.0395652
0.0217889
0.0283287
0.00601103
0.00574111
0.000483156
0.00284775
0.00121368
0.0151465
0.00387242
0.00323176
0.00203927
0.00883283
0.0028778
0.0132537
0.00334867
0.00752689
0.00221126
0.00550338
0.00665132
0.108747
0.00176428
0.0058456
0.0575615
0.00196347
0.0106853
0.00328977
0.0439987
0.000852882
0.0367056
0.0157475
0.000486877
0.00278154
0.007238
0.00316491
0.0675265
0.0282349
0.017464
0.0101787
0.0037413
0.00623614
0.00253704
0.00210716
0.00216749
0.00970353
0.0048339
0.00435246
0.00246908
0.00054594
0.00405444
0.00718932
0.00413254
0.0042787
0.0290625
0.0461938
0.00291746
0.0509902
0.00212835
0.00693353
0.0135838
0.0079176
0.0794599
0.00134759
0.0077691
0.0117555
0.0155015
0.00180314
0.00615242
0.00184727
0.00687689
0.00341281
0.0247281
0.119104
0.020173
0.070826
0.00403953
0.0105986
0.00298371
0.00582368
0.0137083
0.00148062
0.0039429
0.0106615
0.000993075
0.00261879
0.0015146
0.0137792
0.000202593
0.00723881
0.0021337
0.00873358
0.0126802
0.0131885
0.0364995
0.0360037
0.014296
6.68895e-006
0.008784
0.0377855
0.0329511
0.0260583
0.01171
0.00721782
0.00459808
0.000593992
0.000752883
0.0117886
0.00682002
0.00709664
0.0112303
0.00347507
0.0139351
0.0126033
0.00131012
0.0130683
0.00493817
0.0535265
0.0473386
0.00269128
0.00255968
0.0270574
0.0421298
0.12405
0.00165571
0.00199304
0.0117096
0.00413862
0.0101653
0.0379935
0.0449411
0.0948313
0.00175463
0.0050816
0.00430118
0.104848
0.00458577
0.00747529
0.0107052
0.00405589
0.00345772
0.10132
0.0507376
0.000150034
0.0311747
0.0271443
0.0117983
0.0144213
0.0033895
0.00385393
0.00759462
0.00434869
0.00476725
0.00195728
0.0247565
0.0897486
0.00378349
0.0274557
0.0087436
0.00190747
0.00146273
0.0103593
0.00969896
0.00332507
0.0674448
0.00472667
0.00777618
0.0025691
0.00161156
0.00160189
0.00905569
0.0169575
0.00593504
0.0153365
0.00554444
0.0124043
0.0282755
0.162824
0.0043429
0.0186752
0.00680431
0.0191902
0.00563475
0.072412
0.0602766
0.0151063
0.00469865
0.00322268
0.0013718
0.00392991
0.0170133
0.00167381
0.0968829
0.0086045
0.00203014
0.0034988
0.00704255
0.12006
0.017259
0.0660772
0.00176508
0.00612744
0.00171753
0.000362563
0.00613865
0.0138106
0.0487282
0.00340668
0.00507873
0.00887949
0.00387125
0.0114153
0
0.0226498
0.0137246
0.0217919
0.00154937
0.0763242
0.00764294
0.00355077
0.00182961
0.00211141
0.0307155
0.0109082
0.00908661
0.0491888
0.116599
0.00487336
0.012274
0.0478614
0.00657837
0.00808627
0.026685
0.000471882
0.00554935
0.151015
0.00988009
0.00899773
0.00799607
0.00393767
0.012109
0.00146748
0.0450611
0.00804278
0.00599783
0.00693604
0.00216229
0.0504683
0.00440468
0.00577237
0.00267074
0.0026971
0.00370931
0.00744649
0.00223422
0.00975911
0.00366614
0.0518084
0.00184688
0.014495
0.052314
0.00174223
0.0021821
0.00309531
0.099751
0.0158204
0.0446976
0.00369346
0.00547761
0.0387674
0.0417679
0.000292888
0.00742924
0.00412589
0.00340552
0.0045307
0.00453067
0.0225707
0.00428634
0.014873
0.0226807
0.0116703
0.00466167
0
0.0139436
0.00188874
0.0085768
0.010118
0.00511303
0.00277598
0.076786
0.0125831
0.00338172
0.00278838
0.00470751
0.0165972
0.00414808
0.00778696
0.00651801
0.00479731
0.0410921
0.00166159
0.00560188
0.00726736
0.000273721
0.00024249
0.000223413
0.00213847
0.00557888
0.00163611
0.0402446
0.00269149
0.0273009
0.0918273
0.124162
0
0.00625063
0.00297298
0.00406197
0.141009
0.0207519
0.0173621
0.00832817
0.0719679
0.161677
0.0185949
0.0026403
0.00346191
0.0116209
0.00273049
0.00234524
0.00674985
0.0213882
0.00108834
0.00292792
0.017879
0.164207
0.00567482
0.0031249
0.00273881
0.0058712
0.00222572
0.0153371
0.0121895
0.00457384
0.00109765
0.0243934
0.0387434
0.0142309
0.00400752
0.0090259
0.0216031
0.0184321
0.0176968
0.00518806
0.00375716
0.0089194
0.0279078
0.0108041
0.00274209
0
0.00633404
0.0133592
0.00348228
0.0167894
0.000216074
0.00510737
0.00531992
0.00215769
0.00248443
0.0355496
0.028697
0.0015161
0.00592126
0.00122426
0.00293948
0.00448772
0.0759997
0.00300568
0.020653
0.00579921
0.008284
0.0571555
0.0134738
0.0154936
0.000855811
0.0365371
0.00821328
0.00175422
0.0415206
0.0259735
0.0203232
0.0316301
0.00521791
0.0397172
0.00268364
0.21698
0.110299
0.00592531
0.0678713
0.0557069
0.0813864
0.0283876
0.0492827
0.0168284
0.118613
0.00251735
0.0050052
0.00862412
0.00563333
0.00343545
0.0396107
0.00397789
0.0258709
0.00432842
0.0286763
0.00346469
0.00119174
0.0571562
0.00301879
0.00463981
0.00715991
0.00242118
0.00986737
0.0931786
0.000247037
0.00021437
0.0177029
0.0314952
0.00618217
0.0023751
0.00366523
0.00278609
0.0222162
0.118906
0.00495043
0.00339111
0.0089423
0
0.00276239
0.00540873
0.0188292
0.00372581
0.00405106
0.0497874
0.00659148
0.0295797
0.0224329
0.02394
0.0342227
0.0116848
0.000728221
0.00766693
0.0036009
0.00862206
0.00700951
0.0354717
0.0115666
0.0157836
0.0107431
0.0290263
0.0191917
0.0114516
0.015734
0.0104848
0.0024776
0.0101236
0.0131548
0.0491678
0.00303152
0.00446861
0.00298993
0.0129466
0.00246359
0.00249183
0.011018
0.00222821
0.092612
0.00308201
0.0566978
0.0597971
0.00303344
0.0452471
0.00307209
0.0595278
0.0015432
0.00392889
0.236858
0.017049
0.00479446
0.00676769
0.0240743
0.00658101
0.000326264
0.00110107
0.0248647
0.025427
0.00474934
0.0186183
0.0223527
0.00166916
0.00809558
0.0346212
0.00721943
0.00550336
0.0561173
0.0307353
0.0239844
0.048325
0.0756418
0.00831651
0.00838319
0.0190003
0.0321907
0.0761856
0.00101871
0.175345
0.00930068
0.0765837
0.00340935
0.00300118
0.0320281
0.077653
0.0024872
0.0011325
0.004725
0.00247954
0.00277358
0.00207761
0.0215659
0.00278614
0.00255784
0.00421433
0.018323
0.0116297
0.0128622
0.0730104
0.0102135
0.010685
0.230896
0.00137176
0.00643377
0.00293276
0.0104136
0.016623
0.0117907
0.118645
0.0540581
0.091515
5.45619e-008
0.0306543
0.0149893
0.00148052
0.0753113
0.0143899
0.0128809
0.026073
0.0151448
0.0109982
0.0587449
0.002198
0
0.000241956
0.00398736
0.00465425
0.0127255
0.00260604
0.00576292
0.0143274
0.00976876
0.00220567
0.0134125
0.00403859
0.00706482
0.125459
0.0198338
0.00462648
0.0114977
0.0166903
0.0227246
0.00555005
0.00373226
0.00135099
0.00863004
0.0177948
0.12164
0.0844551
0.0276445
0.00669341
0.00300944
0.00300371
0.0219893
0.00658313
0.0177211
0.00191046
0.00947313
0.00643543
0.00644306
0.000176968
0.00781689
0.114327
0.124415
0.00587581
0.00127315
0.00216441
0.109005
0.00864645
0.0190845
0.00368054
0.00544389
0.00844781
0.0112232
0.00395799
0.0275417
0.0132149
0.00786479
0.0298831
0.00244753
0.0230804
0.00311285
0.00170458
0.0281437
0.103069
0.0147441
0.00330797
0.0132355
0.00723555
0.0021019
0.0529693
7.06801e-005
0.00176212
0.00317834
0.00277816
0.00600485
0.00140609
0.00215964
0.00274802
0.00194502
0.0168291
0.0220395
0.0279226
0.000952312
0.00417185
0.019395
0.0067844
0.0234905
0.00630948
0.055867
0.0182284
0.00705374
0.0472961
0.00164328
0.00272049
0.0201903
0.00261121
0.00259743
0.0088076
5.45628e-008
0.00270857
0.00167297
0.00609542
0.00348326
0.0358344
0.00481745
0.00267182
0.0342802
0.00758545
0.00666556
0.0163468
0.00854345
0.00322872
0.00195988
0.00244689
0.00774437
0.0072202
5.45626e-008
0.00333003
0.00353018
0.00723638
0.00453214
0.00767176
0.0346949
0.00198314
0.00819364
0.00251573
0.0373771
0.00678477
0.0625966
0.0116754
0.0752795
0.0065318
0.0796193
0.00661335
0.0132751
0.0633871
0.0103803
0.00973787
0.00921063
0.00247627
0.027033
0.0327068
0.0353652
0.0220455
0.0229291
0.0487471
0.0513465
0.0108973
0.00151976
0.030667
0.0581831
0.0192587
0.0135622
0.00140069
0.00545324
0.0996106
0.00431201
0.00407831
0.0032132
0.0307883
0.0483727
0.0617643
0.00365143
0.0164837
0.0373305
0.00382999
0.0352373
0.0109412
0.00266303
0.0398649
0.00224584
0.0207775
0.0823827
0.00710048
0.00411658
0.00194526
0.177969
0.000999274
0.00096297
0.0782707
0.00519341
0.00775224
0.0138019
0.046555
0.00189856
0.0846069
0.00256561
0.0040026
0.0790215
0.00274855
0.0197676
0.00313513
0.00343695
0.00862383
0.00830788
0.00416539
0.0707593
0.0295615
0.00152872
0.00131164
0.00744159
0.00918692
0.0165581
0.00352979
0.0183671
0.0291374
0.0155182
0.00835414
0.00193861
0.00453503
0.007404
0.00798061
0.00480968
0.0128477
0.00272746
0.00762215
0.00524641
0.00218747
0.0664854
0.00539554
0.0207092
0.00373271
0.0112214
0.00341364
0.00520119
0.00573483
0.00397009
0.0302232
0.0460444
0.0197239
0.019375
0.0194729
0.00506496
0.000441198
0.0361177
0.0266753
0.0346052
0.0938781
0.00539526
0.0041448
0.0237771
0.000707414
0.00300475
0.0216959
0.0139032
0.00180154
0.00303064
0.000968971
0.0097436
0.0249569
0.00339185
0.00257085
0.00414781
0.0242457
0.00313034
0.017114
0.000870843
0.117662
0.0102546
0.00466984
0.0909151
0.0362166
0.0047952
0.010664
0.0226459
0.00933639
0.00216153
0.00273215
0.0134374
0.0138622
0.0626437
0.0916769
0.00756003
0.00927025
0.027504
0.018649
0.00573131
0.00712548
0.114099
0.0363001
0.00441406
0.00213495
0.00143016
0.00264076
0.00329628
0.0132075
0.00109708
0.00578412
0.00607948
0.0137813
0.00136323
0.0103287
0.00290767
0.00727492
0.0173624
0.00799542
0.00782141
0.134259
0.00100062
0.00232737
0.00727552
0.00135199
0.00193
0.0516619
0.0058028
0.0625207
0.0309593
0.00221821
0.0324663
0.123308
0.046463
0.0867035
0.00174262
0.012717
0.00506187
0.00143089
0.0613398
0.00188088
0.00447535
0.00567734
0.0122609
0.00521171
0.00741775
0.00826208
0.00614849
0.0091223
0.00621706
0.0457269
0.000926643
0.00262038
0.00380648
0.000459131
0.00567173
0.00387182
0.00967488
0.00266512
0.00499939
0.0124895
0.0488959
0.0254097
0.0267682
0.020755
0.0288162
0.00550214
0.00804136
0.223872
0.00754823
0.137552
0.0351338
0.0154273
0.0113459
0.00306549
0.0136243
0.0176807
0.0757519
0.0246709
0.00375389
0.0424462
0.0281887
0.0163043
0.0252087
0.00142246
0.0273162
0.00788378
0.00295715
0.00426264
0.0171098
0.00366713
0.0538322
0.046333
0.0238153
0.00833007
0.0275284
0.0598426
0.0687067
0.00141215
0.0910379
0.0192804
0.116059
0.00207449
0.00105932
0.00604254
0.0172721
0.00371894
0.018394
0.0426971
0.0122203
0.0244535
0.0272864
0.049453
0.046311
0.00106867
0.00530139
0.00171548
0.000529276
0.0133153
0.0212161
0.0191023
0.00219772
0.00266628
0.0212046
0.00208487
0.00169277
0.0580419
0.0317544
0.00243714
0.00401777
0.0308299
0.00227009
0.014437
0.00714891
0.0226007
0.00635012
0.00834415
0.00496268
0.00352527
0.00362488
0.00642512
0.0164333
0.00222291
0.00479743
0.000803166
0.0684074
0.0111898
0.12339
0.00295229
0.00272238
0.159951
0.00281502
0.0662538
0.00562693
0.0017805
0.00220124
0.00374148
0.0734025
0.0636738
0.0021151
0.00647432
0.00605284
0.0346863
0.0100478
0.00245245
0.00367009
0.0128734
0.00585773
0.034669
0.00342211
0.00695633
0.00187114
0.12054
0.0199864
0.0146321
0.0175025
0.0318515
0.0145807
0.0417976
0.0123166
0.0539401
0.00230728
0.0153572
0.0023757
0.0140169
0.0133569
0.0444782
0.0145598
0.014995
0.017677
0.0198895
0.00166423
0.0325353
0.0362559
0.0162457
0.00268545
0.0136597
0.111649
0.0261367
0.000842216
0.00465716
0.00424643
0.00683237
0.00493034
0.0126437
0.0105817
0.066973
0.00293949
0.00464826
0.00628628
0
0.0044788
0.0358567
0.0312323
0.0144267
0.00881055
0.123339
0.00533104
0.115242
0.0210721
0.0263927
0.00577247
0.00259285
0.00859624
0.0111957
0.00316183
0.106426
0.00392595
0.00911612
0.00409578
0.00451254
0.116899
0.00568827
0.00324167
0.0813146
0.0183074
0.0655405
0.00170373
0.00672558
0.00535242
0.0124807
0.105145
0.00163095
0.00806953
0.0237414
0.0214626
0.0381843
0.00530396
0.0109204
0.00955072
0.0178203
0.00154559
0.00605662
0.00948583
0.0310121
0.0143306
0.00284402
0.0371938
0.00411613
0.0294583
0.0112294
0.00715521
0.0191078
0.00562671
0.0969993
0.00348643
0.00339257
0.000937364
0.00185085
0.00866499
0.000183426
0.0188546
0.00854081
0.00607248
0.0165382
0.00373236
0.0264224
0.00473408
0.00520881
0.0123903
0.00196903
0.00411939
0.0150457
0.00591147
0.00728409
0.0226181
0.00445806
0.00307299
0.00356727
0.00206528
0.0142197
0.0032112
0.0117884
0.212714
0.0024433
0.00131801
0.0243534
0.0305618
0.16872
0.00632959
0.00565692
0.229465
0.0874514
0.00827453
0.0172428
0.00823375
0.00525439
0.00307313
0.00316954
0.0223325
0.0188998
0.00833634
0.01198
0.00111641
0.00884207
0.050379
0.00429101
0.0178624
0.0645953
0.072189
0.00594094
0.00996014
0.0054865
0.0130339
0.000321877
0.000296873
0.0669099
0.00321857
0.00263461
0.00162456
0.0164277
0.00746846
0.0429989
0.00209012
0.0256838
0.0458837
0.00406264
0.0342722
0.037465
0.0101194
0.0088637
0.00231408
0.00443959
0.0035565
0.00280176
0.00439458
0.00481406
0.0141383
0.0580234
0.0428514
0.00463159
0.01785
0.0387201
0.0355618
0.0177075
0.001747
0.136922
0.010835
0.0208077
0.0726961
0.0589072
0.103212
0.165733
0.0309182
0.00468351
0.0212857
0.00580273
0.038234
0.0037159
0.00969467
0.00882126
0.00191267
0.0752213
0.00388376
0.0131653
0.0254141
0.147496
0.154576
0.00849377
0.0566305
0.00432986
0.00439075
0.011917
0.0788934
0.00454433
0.0464243
0.0918939
0.0659331
0.0172201
0.032489
0.00388464
0.00432093
0.00573646
0.0250743
0.00452498
0.00190232
0.0918677
0.0101239
0.00405407
0.0194081
0.102093
0.00488009
0.00164989
0.0189393
0.00195073
0.00430138
0.00418463
0.00238113
0.00584269
0.00285786
0.00585915
0.0237631
0.035958
0.0320239
0.0578675
0.00753688
0.0120368
0.00174732
0
0.000349464
0.0159688
0.0116401
0.00305525
0.0553256
0.0204814
0.0510753
0.00345609
0.00286678
0.00622448
0.0541497
0.00363553
0.0133957
0.00481797
0.0048458
0.0498947
0.0230952
0.0242418
0.0113467
0.0034213
0.0230012
0.137982
0.0136314
0.0110895
0.0608722
0.00535245
0.0208165
0.0600783
0.0182906
0.00192995
0.00802628
0.00682366
0.00428904
0.0130848
0.00478569
0.0113144
0.00796983
0.00535992
0.022036
0.0558306
0.0991886
0.0511902
0.0833071
0.0390477
0.0224961
0.0134293
0.0644256
0.119184
0.00609992
0.0385035
0.0054992
0.000968696
0.00118184
0.0577162
0.00571798
0.00295494
0.00407735
0.00191898
0.0528673
0.0814421
0.048767
0.0536543
0.00198876
0.0040832
0.0445978
0.00103487
0.00223583
0.132857
0.00124598
0.00416875
0.00254513
0.0349795
0.00639903
0.0295416
0.0483778
0.104734
0.0058732
0.03462
0.0212316
0.00683002
0.0203161
0.019534
0.0050122
0.00616435
0.047427
0.000698649
0.0199975
0.00124236
0.0134797
0.157387
0.0174515
0.0587943
0.00260784
0.00553248
0.0105207
0.0146676
0.085541
0.0293824
0.00815987
0.00599004
0.0476394
0.0024459
0.00229794
0.00732832
0.0117337
0.00892179
0.0132304
0.0348584
0.00188724
0.00158164
0.00383493
0.00651188
0.115571
0.0236536
0.0756562
0.0415941
0.00438461
0.0113355
0
0.0856744
0.00103787
0.0596024
0.0473038
0.0118572
0.000901113
0.0658806
0.00524581
0.00589282
0.00171839
0.00712866
0.139431
0.0104775
0.00720557
0.00262452
0.00189224
0.0236247
0.0168307
0.102517
0.0221729
0.0607944
0.002628
0.00723901
0.0141082
0.0258031
0.00897824
0.00136323
0.0890695
0.0585534
0.000454131
0.0829075
0.00692635
0.0207619
0.00816031
0.00414935
0.0257343
0.0253148
0.00524503
0.00172932
0.00929504
0.00762591
0.00608821
0.00337078
0.00272981
0.00312492
0.012115
0.0318205
0.053523
0.0768673
0.0155408
0.00182484
0.00664746
0.00553656
0.0096779
0.0061552
0.00196497
0.00316865
0.00467862
0.0166882
0.00319221
0.0512458
0.0378365
0.00328463
0.0854218
0.013577
0.0432474
0.0344476
0.00853602
0.000729925
0.00530075
0.026747
0.158219
0.00998751
0.00262172
0.00304368
0.00271749
0.00858732
0.00802573
0.00638409
0.00338039
0.00417127
0.0558523
0.069425
0.133702
0.00516986
0.123146
0.00996471
0.0125909
0.0434673
0.0906426
0.00582665
0.00336909
0.00281725
0.0460291
0.0268967
0.00262876
0.0354295
0.012221
0.00482718
0.0132623
0.00308886
0.00429961
0.0052912
0.0150716
0.016077
0.00221985
0.0029198
0.0156884
0.074183
0.0222706
0.00754966
0.0288338
0.035457
0.0055264
0.0085935
0.0180839
0.0323512
0.00367157
0.0719037
0.00531458
0.0163882
0.00422502
0.02738
0.00494128
0.00123159
0.00453999
0.00324699
0.0404346
0.0323235
0.0478614
0.0658959
0.0106769
0.00641749
0.0023225
0.00465864
0.0165554
0.00185816
0.00924567
0.00377274
0.00264488
0.0121383
0.00339785
0.00465454
0.0707975
0.0856969
0.00928103
0.00411818
0.00151364
0.00908163
0.0296013
0.0132635
7.06801e-005
0.00142717
0.00837939
0.00612836
0.0247432
0.0658961
0.0237539
0.0186948
0.00527623
0.0364596
0.00380926
0.0802499
0.00129087
0.0873597
0.00327152
0.0110263
0.0644917
0.0153735
0.0235827
0.00466453
0.00345321
0.0984539
0.0243515
0.0501703
0.0515997
0.174191
0.138769
0.0171843
0.0961124
0.0184937
0.0030444
0.00156494
0.00222567
0.00438894
0.0126889
0.0051012
0.0768138
0.00536769
0.0227383
0.0355809
0.0103169
0.0027676
0.00289773
0.00122779
0.00264919
0.00166823
0.032726
0.0326807
0.00912101
0.00359077
0.00203587
0.00202781
0.00366641
0.202724
0.00874316
0.0700261
0.00942659
0.0380786
0.035785
0.0938119
0.0164837
0.0144839
0.115703
0.115022
0.0587282
0.00156833
0.0683567
0.0024531
0.00492538
0.00586525
0.0141651
0.00140853
0.00158434
0.00292786
0.0200713
0.00409833
0.00368233
0.0168333
0.00466841
0.00364703
0.00122678
0.0136323
0.0128342
0.00700378
0.00426701
0.00534412
0.252325
0.0505428
0.0027365
0.00214678
0.00699301
0.0105407
0.00297779
0.00574881
0.0317469
0.0066185
0.00709278
0.00456329
0.00536667
0.0176962
0.0160678
0.0966316
0.00987862
0.00522061
0.0937871
0.122831
0.0103274
0.0190469
0.00651868
0.0048104
0.00529855
0.0271937
0.014814
0.0164906
0.00687271
0.00186418
0.00418043
0.00278479
0.0162791
0.0316004
0.0311856
0.0015966
0.0198118
0.00258867
0.00267238
0.0065049
0.020388
0.139744
0.0150931
0.0109518
0.00394447
0.00273339
0.00993374
0.0494118
0.0245523
0.00611837
0.00478054
0.0180251
0.0127825
0.0125621
0.033851
0.00192651
0.0105455
0.133858
0.00389336
0.00233848
0.0307813
0.0476392
0.00334599
0.0302373
0.000503295
0.00213917
0.0148796
0.00328283
0.0452251
0.0147099
0.00153234
0.00441429
0.00246354
0.012931
0.020924
0.124019
0.00480432
0.00472734
0.00912025
0.00464137
0.0134366
0.00064397
0.00443601
0.00485598
0.0925166
0.0109574
0.10543
0.00372198
0.00108316
0.00219581
0.00368684
0.00508959
0.00275903
0.0580403
0.0261255
0.00462646
0.0298975
0.00710538
0.0168234
0.200109
0.00952017
0.0188228
0.0160012
0.0135347
0.0157353
0.026936
0.0204489
0.0710032
0.0585165
0.00446374
0.00313694
0.00363857
0.103205
0.00595214
0.00227209
0.0160362
0.0129032
0.00827016
0.0062719
0.00573112
0.0126042
0.00619779
0.00407931
0.0502019
0.0243599
0.0941005
0.175164
0.027314
0.0368972
0.113932
0.0045902
0.00242113
0.00582696
0.0186112
0.0372341
0.00598442
0.0218625
0.0164164
0.00580594
0.00523733
0.000807319
0.0099523
0.0275289
0.00587113
0.00597717
0.0371398
0.0049937
0.00151114
0.00135461
0.0119317
0.0206643
0.00164702
0.00975152
0.0325119
0.0185345
0.00241075
0.00565924
0.00256622
0.170602
0.0201544
0.00294238
0.00162585
0.0231151
0.00981364
0.0280105
0.0027978
0.00386502
0.00759491
0.00781873
0.0107622
0.153394
0.00177454
0.00323742
0.00338201
0.0158029
0.0134008
0.00504669
0.00312255
0.0549489
0.00265536
0.0611642
0.00635243
0.0072813
0.00735827
0.00123835
0.0830139
0.0292036
0.0229142
0.0149225
0.0217207
0.0108789
0.0102817
0.0612129
0.044542
0.0022658
0.0127223
0.066887
0.11373
0.00567181
0.00143411
0.00763509
0.0143299
0.0184156
0.0347667
0.00384822
0.0754789
0.110164
0.00258464
0.0145826
0.00536739
0.00422851
0.0270992
0.0785362
0.00596501
0.0323358
0.00131947
0.0110846
0.00336692
0.00870228
0.00531804
0.00118692
0.0323177
0.00571266
0.0432223
0.00548257
0.00436754
0.0225306
0.00339039
0.0022631
0.0114566
0.00324983
0.00265958
0.00731428
0.000143475
0.00224114
0.00453318
0.0019522
0.0439016
0.0313673
0.0608476
0.00633743
0.00185169
0.0265853
0.00973841
0.0157504
0.0402288
0.0082622
0.0137293
0.00333256
0.0785465
0.00781524
0.0375215
0.0183139
0.00540355
0.00615845
0.0070547
0.0158456
0.00392194
0.00217399
0.0985641
0.0335142
0.00865369
0.0031994
0.0010462
0.00341909
0.0248352
0.0656657
0.0362896
0.00560036
0.0213944
0.00785089
0.0055057
0.00247703
0.00208498
0.0446314
0.0303211
0.0294843
0.0355784
0.00351677
0.0206703
0.00296216
0.00599385
0.00315421
0.00638862
0.00460592
0.00108834
0.00134535
0.0372828
0.0161931
0.00402416
0.0386838
0.00325338
0.00436076
0.0160202
0.0500489
0.0134163
0.00338425
0.0773686
0.00275105
0.00619542
0.0386581
0.0204426
0.0744513
0.132363
0.0018535
0.0258043
0.0240391
0.0411249
0.0420622
0.0301511
0.045695
0.0334526
0.0222282
0.0835146
0.097911
0.00517141
0.117601
0.104581
0.0484579
0.0216859
0
0.00069762
0.00727982
0.0129917
0.00430552
0.0189487
0.00237818
0.00330677
0.00998121
0.0161856
0.0269869
0.0798936
0.00155637
0.0267208
0.00760501
0.0985641
0.0245829
0.0228773
0.129562
0.0421685
0.0392939
0
0.00891419
0.0158972
0.00987081
0.0048392
0.0321068
0.0539424
0.00521276
0.000474363
0.0668012
0.0261323
0.0844079
0.00109682
0.00148795
0.0131377
0.00275007
0.000900594
0.00200044
0.00672631
0.00861036
0.00837624
0.00168271
0.00545233
0.00209358
0.00143243
0.00281675
0.00139136
0.0697209
0.14552
0.00434252
0.0304653
0.00379058
0.00166658
0.00789616
0.00747498
0.0146704
0.0175385
0.00613091
0.0229702
0.0302821
0.00150753
0.00121811
0.0105434
0.00691353
0.00921903
0.0157359
0.00629585
0.00382375
0.00201923
0.00522133
0.0150823
0.0107911
0.0374
0.000886186
0.00354095
0.00305659
0.00452342
0.0374937
0.0232395
0.000345826
0.00624284
0.0140639
0.0149852
0.011775
0.048458
0.0457039
0.0363665
0.00497411
0.000926644
0.0119137
0.0300462
0.0342502
0.00124514
0.00147109
0.00921942
0.00992849
0.0344774
0.00299297
0.00273524
0.0190454
0.00754961
0.024257
0.0162244
0.00508536
0.00501054
0.0029227
0.0217788
0.00106859
0.0306997
0.0117544
0.0494633
0.00156464
0.0215504
0.0717614
0.0925623
0.0990444
0.00385093
0.00971178
0.00354999
0.00602266
0.00677894
0.00702247
0.0780974
0.0178564
0.00445627
0.00616218
0.00561223
0.00529894
0.00754315
0.00300094
0.00859289
0.00779571
0.00263148
0.000358498
0.0173994
0.000322626
0.000325469
0.0296999
0.00840488
0.13879
0.0041741
0.00170713
0.00780424
0.00365684
0.0138417
0.00329995
0.00211928
0.00800806
0.00228001
0.033681
0.0759852
0.0193766
0.00981916
0.0200947
0.00136276
0.0101413
0.0218368
0.0047737
0.0299656
0.0563502
0.00887837
0.00657327
0.0419756
0.0146336
0.0138455
0.00719782
0.00652262
0.00685046
0.000244549
0.000177035
0.00014546
0.000160534
0.117461
0.0194502
0.00188922
0.002172
0.0547751
0.0209616
0.00251743
0.00524605
0.0248863
0.025147
0.0341834
0.0101233
0.00457108
0.0106063
0.0254707
0.0016607
0.00686932
0.00579502
0.00623422
0.0292248
0.0237974
0.00270926
0.00320949
0.00394209
0.0439985
0.151023
0.0151816
0.0538577
0.00310555
0.0147715
0.00991251
0.029625
0.00498711
0.00526742
0.00213428
0.0280467
0.00263684
0.0411232
0.00029708
0.00982841
0.0227513
0.0279215
0.00332157
0.0656879
0.0485164
0.00195772
0.0230495
0.0217571
0.018039
0.0153283
0.0114197
0.0120181
0.00205984
0.00435807
0.0134625
0.01919
0.00656556
0.011602
0.0171828
0.0688097
0.0234397
0.00725507
0.00302127
0.0225199
0.00202637
0.00598757
0.00563995
0.00192752
0.00149421
0.00333808
0.00245414
0.0120303
0.00494274
0.0199813
0.00392407
0.00571599
0.0169755
0.00141973
0.00491508
0.00310531
0.0184148
0.107653
0.0875845
0.0110306
0.0229918
0.00310218
0.00402803
0.0252117
0.0402194
0.011869
0.0459445
0.0441723
0.0459432
0.0153822
0.00313022
0.0433627
0.00333456
0.00111297
0.0198659
0.0157372
0.00519386
0.0088816
0.0281839
0.0551397
0.0144481
0.00341504
0.0380451
0.00639397
0.0391233
0.00183993
0.0113266
0.000882681
0.00236821
0.00911122
0.00818487
0.00685189
0.0589381
0.0270993
0.0150487
0.017855
0.0228464
0.0149454
0.00317152
0.00569154
0.013939
0.00988488
0.00102528
0.00292268
0.0066812
0.074162
0.00421211
0.0106543
0.00221976
0.00518092
0.00514392
0.010502
0.00299091
0.100073
0.00176241
0.00492308
0.0701807
0.0213862
0.140974
0.00559869
0.0137327
0.00624202
0.00519822
0.000568255
0.00910014
0.0683922
0.00351468
0.00291688
0.202456
0.00252969
0.0117995
0.0121055
0.00589517
0.00542228
0.002786
0.00747278
0.000737885
0.00300847
0.00619718
0.0261861
0.114616
0.0513088
0.00950161
0.00200737
0.0074905
0.0157193
0.00128959
0.0166889
0.00391309
0.0112639
0.034924
0.0258556
0.0149384
0.0110567
0.01806
0.0112753
0.0411548
0.0258204
0.0338699
0.0039561
0.0392125
0.0335206
0.00860261
0.000283666
0.0801774
0.0011955
0.00594431
0.161728
0.0239622
0.012652
0.0549877
0.136654
0.0074381
0.0679543
0.00221978
0.0105094
0.00230584
0.039184
0.00163097
0.00475314
0.0717371
0.0234819
0.00242389
0.0153559
0.00315362
0.0026966
0.0535378
0.0018225
0.0107845
0.00423625
0.00431689
0.00894043
0.0179535
0.0275292
0.00177393
0.00510274
0.00238294
0.0563351
0.0155458
0.027383
0.00304474
0.041656
0.0671261
0.00411141
0.00166025
0
0.106496
0.00190999
0.0281764
0.0249339
0.048844
0.00956267
0.00825145
0.0207739
0.00705676
0.0937185
0.0119424
0.0721015
0.0180209
0.0306145
0.0183808
0.0359069
0.00454081
0.0093713
0.015955
0.0133252
0.00515768
0.00293757
0.0037886
0.00237349
0.0130317
0.0398791
0.0206784
0.00158716
0.0166418
0.0928167
0.000977423
0.0304254
0.013354
0.0585498
0.00026298
0.00785976
0.00230286
0.0188488
0.00203017
0.0180507
0.00696167
0.00352397
0.0240602
0.0218285
0.00298553
0.00344679
0.130399
0.0038124
0.00716631
0.00997041
0.00259535
0.00343237
0.00282434
0.0350946
0.00194085
0.00471129
0.0023059
0.0284981
0.00413151
0.128004
0.0111296
0.00398876
0.0029497
0.014131
0.00808381
0.0197565
0.0360217
0.122335
0.00776004
0.0095373
0.00669485
0.0349762
0.0039614
0.0117321
0.00508431
0.00174723
0.00501186
0.0588239
0.00454702
0.000562613
0.0205786
0.00408672
0.0254421
0.00153679
0.0360438
0.0341202
0.00405102
0.0272387
0.0268085
0.00305395
0.00302219
0.0191198
0.00298282
0.010995
0.00503483
0.00286617
0.025676
0.0433346
0.0064512
0.00362823
0.0181905
0.00535294
0.000531348
0.028102
0.000423115
0.0588558
0.015183
0.00756908
0.00587447
0.0238032
0.00698545
0.00916962
0.0211725
0.00356219
0.0104945
0.0101801
0.00512554
0.00195263
0.00349898
0.00461722
0.00240014
0.0256272
0.0289404
0.00725498
0.00590165
0.0082863
0.00778363
0.142236
0.005653
0.0158715
0.0163686
0.0163535
0.045498
0.0367457
0.0140959
0.0409094
0.0298571
0.00014844
0.0842794
0.00214372
0.0380782
0.00811492
0.00618735
0.0206753
0.0127959
0.00941776
0.014061
0.00919067
0.00477075
0.00274716
0.00528988
0.00323761
0.0210823
0.00307893
0.00422761
0.0971524
0.028551
0.0134357
0.00455766
0.0204549
0.00165924
0.00803443
0.0490199
0.0274189
0.0682709
0.0364885
0
0.0753648
0.0213657
0.00823394
0.0196589
0.0266827
0.0133395
0.00272533
0.00297947
0.00310404
0.00304122
0.00638174
0.0727093
0.00633704
0.00886023
0.000614146
0.0116216
0.00826312
0.0114362
0.0127463
0.00658092
0.00128958
0.116312
0.0701698
0.00566614
0.0169493
0.0253849
0.00862005
0.0754194
0.0152733
0.00648565
0.00650413
0.135365
0.0106201
0.00252077
0
0.058569
0.00266468
0.00310582
0.00847097
0.0424091
0.00958675
0.0238152
0.00806586
0.0459941
0.126629
0.039687
0.00774178
0.0220956
0.0445642
0.0129389
0.00769994
0.022471
0.0254931
0.00495948
0.0364738
0.00107543
0.00268399
0.0248344
0.178247
0.00723938
0.0225435
0.0354247
0.00351491
0.121589
0.0168694
0.00734589
0.0315823
0.0110471
0.0128234
0.0903947
0.020811
0.0124948
0.00558028
0.00510426
0.0156756
0.0074057
0.0146671
0.0229099
0
0.0206089
0.040616
0.0274158
0.00623698
0.00146701
0.0149267
0.0265029
0.00736434
0.0567506
0.0717525
0.00605968
0.0487662
0.0677167
0.00720299
0.0087071
0.115121
0.092165
0.00277995
0.102533
0.0348921
0.0071223
0.0302919
0.0671406
0.0102731
0.00407047
0.00280665
0.0107112
0.0692788
0.00949334
0.0194826
0.000910147
0.0352519
0.0955119
0.0225855
0.0436994
0.0730848
0.0643413
0.0185193
0.00798222
0.0305046
0.00319505
0.0117368
0.0193997
0.00229417
0.0415239
0.0927028
0.00236973
0.000555281
0.00310095
0.00546132
0.0530254
0.0175111
0.0332309
0.00890675
0.00479297
0.0190033
0.00849776
0.0132947
0.020724
0.0126025
0.010801
0.0673548
0.00223753
0.0166427
0.0151883
0.00179468
0.0287096
0.00752559
0.0209188
0.0447173
0.0565028
0.00736598
0.00928071
0.0143776
0.00527337
0.00141229
0.00295673
0.0425443
0.0272187
0.0693686
0.0190178
0.0286705
0.000202908
0.0014806
0.00487198
0.096044
0.00970647
0.0202723
0.0247943
0.00396956
0.00282279
0.00658696
0.0154077
0.00825866
0.0187813
0.000759896
0.00529157
0.00360921
0.0132791
0.0151883
0.0280034
0.0471594
0.0235708
0.00495391
0.123311
0.0672404
0.00414041
0.00120412
0.00484628
0.173515
0.139014
0.00716817
0.00264083
0.00358059
0.0282306
0.0198437
0.00263312
0.00171076
0.0202003
0.0023343
0.0060022
0.00550336
0.0115539
0.0149386
0.00317845
0.00166351
0.0158351
0.0328775
0.051137
0.0180069
0.0197935
0.0435699
0.0414831
0.00587553
0.0036787
0.0781399
0.00332505
0.00571528
0.0434401
0.0105376
0.0385193
0.0220643
0.0260889
0.00519297
0.00107771
0.161078
0.00216554
0.00525132
0.00810348
0.00642723
0.00361627
0.0196695
0.0165193
0.00470599
0.0873339
0.00467049
0.0136979
0.00123609
0.00194266
0.0232019
0.0242374
0.00262965
0.00789644
0.00966931
0.0161834
0.00579056
0.0139313
0.00751468
0.0101556
0.0045536
0.00480673
0.0165847
0.0250809
0.0112612
0.00636073
0.00329447
0.104794
0.0166086
0.0163721
0.00223152
0.00426463
0.00448243
0.0043082
0.0270108
0.0169075
0.0862324
0.00252727
0.00195955
0.00123021
0.00372725
0.130163
0.0537883
0.043096
0.00876793
0.000740037
0.00762015
0.00191679
0.00219136
0.0329526
0.000806466
0.00602956
0.00187802
0.00619337
0.00776777
0.00890618
0.00606397
0.0195176
0.00997675
0.0860536
0.0539079
0.00248588
0.00500701
0.0116474
0.000433061
0.0566981
0.0740406
0.00537347
0.00732256
0.00698106
0.0396236
0.0041731
0.105638
0.00623225
0.0511572
0.159008
0.007396
0.0189041
0.0035316
0.0049247
0.0293743
0.077802
0.0292111
0.0112236
0.0315089
0.00160461
0.0180366
0.0109017
0.0104869
0.0159321
0.0139884
0.00771972
0.00567381
0.0153198
0.0236996
0.0447243
0.00867391
0.00464702
0.0282584
0.00426221
0.00841516
0.0160211
0.0177162
0.0104115
0.0288441
0.0266217
0.0267669
0.0502157
0.0304927
0.00125127
0.026801
0.00923427
0.0183549
0.0070997
0.00443032
0.00418428
0.145475
0.00502921
0.00198587
0.00480802
0.00653191
0.00149148
0.0965588
0
0.0759409
0.00479878
0.00612173
0.0236933
0.0109321
0.0293789
0.00584883
0.00187207
0.0175796
0.00640572
0.00413958
0.0172015
0.00111729
0.0031054
0.00839282
0.0852119
0.020312
0.00352765
0.0194019
0.0393459
0.0233528
0.0454965
0.13604
0.00203334
0.0146321
0.0113049
0.00620536
0.000836141
0.0296271
0.02955
0.0147644
0.0171689
0.00159717
0.142357
0.0499032
0.0597295
0.00332449
0.0447063
0.00530556
0.00470896
0.072882
0.0792058
0.0556835
0.0369429
0.0531327
0.0717775
0.0747111
0.00727449
0.00725704
0.132965
0.00299311
0.0063519
0.000228067
0.00888172
0.0171226
0.0339523
0.00224958
0.0184257
0.00607817
0.00596966
0.0128251
0.00324069
0.0251183
0.00673945
0.0115225
0.00569829
0.00606181
0.0621189
0.00374213
0.0338083
0.0101939
0.104747
0.00343196
0.0145812
0.0476864
0.0438442
0.00231495
0.00393632
0.0314729
0.0409759
0.00406201
0.00231241
0.00208728
0.0177662
0.0070722
0.0623903
0.00329791
0.00810257
0.177115
0.171246
0.00275293
0.000601318
0.000535443
0.000385994
0.0476658
0.00194094
0.01316
0.0208701
0.0318653
0.00722478
0.00259788
0.0109653
0.0932355
0.0167984
0.0173617
0.00275362
0.0456976
0.0076069
0.0246502
0.0039285
0.062587
0.0736646
0.00587526
0.00941157
0.0625948
0.0487948
0.00650889
0.137136
0.0929581
0.0184396
0.00950459
0.000632627
0.00515385
0.00500349
0.0118054
0.00206447
0.0665839
0.0316227
0.00379647
0.0503202
0.0175964
0.0496657
0.00235061
0.0116943
0.0370979
0.0243576
0.0523221
0.0717375
0.0699969
0.00450793
0.00112031
0.00375279
0.00546276
0.00181439
0.0139604
0.0460576
0.0388836
0.00183267
0.0186842
0.0325185
0.166803
0.101582
0.031908
0.00260919
0.0446154
0.00682312
0.00251171
0.0229461
0.00202302
0.0106709
0.0142251
0.031253
0.00334666
0.00215959
0.0448669
0.0421896
0.0089122
0.00466959
0.00845455
0.00210084
0.0396931
0.00329303
0.0164855
0.100708
0.0427548
0.0142449
0.0335665
0.0409269
0.0288693
0.00370127
0.0100415
0.00261221
0.00306553
0.0197474
0.00447373
0.00479312
0.14033
0.00607436
0.018299
0.0137212
0.0134084
0.0214337
0.00778584
0.00606323
0.0986591
0.0156211
0.00354585
0.0151288
0.137516
0.00912027
0.0174473
0.0231231
0.0260886
0.0209762
0.00125727
0.0644825
0.0246947
0.000658901
0.000716807
0.00710654
0.130136
0.0328979
0.0198764
0.00289707
0.0379129
0.00223274
0.00353621
0
0.0055351
0.00378728
0.0478228
0.00110044
0.00299543
0.0723561
0.039302
0.0024112
0.0205331
0.0201828
0.00694544
0.0053842
0.0420135
0.00352963
0.00217392
0.00591264
0.0207673
0.0339589
0.0751008
0.0437204
0.00326166
0.00563241
0.017422
0.0029001
0.000647768
0.000986709
0.00237359
0.0242403
0.00170189
0.000914525
0.0505531
0.0524489
0.00109336
0.0182943
0.00246035
0.00613586
0.00443491
0.00914124
0.00738565
0.00583015
0.00987763
0.0169145
0.0311525
0.0401425
0.0263757
0.0262664
0.0219858
0.110261
0.0240685
0.0132013
0.0144426
0.124971
0.00757694
0.00173204
0.00230366
0.00537076
0.0298025
0.00107697
0.0015145
0.0188352
0.0334742
0.0060733
0.0562282
0.00831299
0.0124129
0.00398712
0.00240443
0.031649
0.0219268
0.0115748
0.0106221
0.00195282
0.162849
0.145508
0.114541
0.00230382
0.0276019
0.0312132
0.00549494
0.00517661
0.0410816
0.0518579
0.0280279
0.0412047
0.0200785
0.0521217
0.00188721
0.0841319
0.0776301
0.0444678
0.0104956
0.0207311
0.137885
0.0302545
0.034821
0.0159468
0.0115196
0.000908171
0.00467241
0.00824162
0.0571803
0.00192089
0.00249212
0.0163583
0.0279339
0.00396372
0.0101913
0.038729
0.00870816
0.0151837
0.00793621
0.00102169
0.0536042
0.00774329
0.00167781
0.115814
0.0868231
0.0037829
0.00438143
0.00106642
0.00249232
0.023687
0.00740962
0.0139566
0.0162656
0.0334276
0.015386
0.00830015
0.0163942
0.00369348
0.0133824
0.0229194
0.00300544
0.00358687
0.00213732
0.0065921
0.00373341
0.0309857
0.0278605
0.0182538
0.0019317
0.00815629
0.0132763
0.0547647
0.00947168
0.0359447
0.0320551
0.0280961
0.0202597
0.00458157
0.00976872
0.00905343
0.0175075
0.00503526
0.00516957
0.000782598
0.00293699
0.00140048
0.0154992
0.0310022
0.0234953
0.00842171
0.0374215
0.0231588
0.029837
0.00860953
0.000838955
0.0027577
0.00740748
0.00665262
0.023368
0.0121988
0.00442789
0.00334894
0.0576543
0.0385746
0.0150063
0.0449345
0.00425975
0.0516511
0.0416296
0.00628131
0.0333951
0.0350681
0.108008
0.00759112
0.0362159
0.141738
0.00356278
0.0262365
0.0187094
0.0270831
0.00792331
0.00253085
0.00509262
0.0250294
0.00275494
0.0671976
0.00933571
0.00714223
0.00776187
0.00266724
0.0189941
0.0140615
0.00398192
0.0083344
0.00739341
0.00496018
0.161156
0.0562519
0.0423752
0.018302
0.113365
0.0892257
0.00746891
0.0421705
0.0220592
0.11545
0.0278309
0.040072
0.0685095
0.00562941
0.00738814
0.00455766
0.000810579
0.00338398
0.0528702
0.097444
0.0288605
0.00623801
0.0351804
0.00373825
0.0164192
0.00235299
0.0182735
0.0301704
0.0740159
0.0816327
0.00963611
0.00675398
0.00403192
0.0165922
0.00554974
0.0247796
0.0162078
0.034766
0.0265383
0.0476073
0.0166384
0.00422184
0.0107052
0.00856955
0.0165855
0.00750467
0.0592068
0.160684
0.0193671
0.00539434
0.0258685
0.00435273
0.00429601
0.0162675
0.0140808
0.035109
0.00274477
0.0135435
0.00965224
0.0117211
0.0245849
0.00354585
0.00294828
0.00728195
0.011079
0.00956565
0.001423
0.00763566
0.00297071
0.0056454
0.0276124
0.0169869
0.0066306
0.00444375
0.0173017
0.00845262
0.0077143
0.0153808
0.00119488
0.00115915
0.0133203
0.00891479
0.00164707
0.000840973
0.000840973
0.108156
0.0302546
0.002502
0.00253754
0.00410494
0.00428621
0.00349932
0.00606707
0.0823212
0.0180054
0.00538918
0.0160962
0.00522423
0.0156071
0.0141632
0.0276803
0.0471025
0.0174473
0.00260529
0.00326738
0.0187866
0.0213059
0.00807515
0.0102469
0.00882905
0.0431141
0.00204738
0.00244987
0.00652438
0.0165802
0.00578282
0.00084945
0.0973442
0.0306013
0.00383963
0.0318175
0.00821077
0.0138158
0.00301796
0.000877624
0.00478429
0.00378676
0.0420874
0.123527
0.0176922
0.00911871
0.00484612
0.0175338
0.0160468
0.0136037
0.0035637
0.0239056
0.0415161
0.00712023
0.0140682
0.00242067
0.0255404
0.00370365
0.0389894
0.00434756
0.00539552
0.00975273
0.000445724
0.00618788
0.00535564
0.00554724
0.0285472
0.0181739
0.0331652
0.0272261
0.0144808
0.0129891
0.0465082
0.0601047
0.0303749
0.00362138
0.00546036
0.00279052
0.0631915
0.0036937
0.00280088
0.0887509
0.00650194
0.0420081
0.0108885
0.0265355
0.00220125
0.0159784
0.0152585
0.00665705
0.0191921
0.0564356
0.0101643
0.0704397
0.0176475
0.00879259
0.00827994
0.00907597
0.0227078
0.0253171
0.0111099
0.00844161
0.0421024
0.0111516
0.0113258
0.0236169
0.039765
0.00366149
0.0161673
0.0143049
0.00198575
0.0100355
0.0118116
0.00721124
0.00863941
0.0169842
0.109601
0.00894508
0.00452607
0.0128358
0.0107278
0.0225718
0.0177125
0.00576396
0.000562587
0.0323256
0.023009
0.000969244
0.000978527
0.00112662
0.0030236
0.0165282
0.0124729
0.00870568
0.0667981
0.0035109
0.0143501
0.00390831
0.00598928
0.00273094
0.0162009
0.00763975
0.0029146
0.063075
0.0026976
0.0108281
0.0828924
0.0984012
0.0874377
0.097257
0.056983
0.0196825
0.0513901
0.0532191
0.0066564
0.0388391
0.00580627
0.0374436
0.190626
0.00677502
0.0095228
0.00381977
0.0344942
0.0269411
0.00732574
0.0522276
0.0040659
0.0797611
0.00589265
0.00646783
0.0310158
0.0760461
0.00379137
0.00377954
0.00472468
0.00824982
0.0228556
0.0341244
0.0060788
0.0758754
0.00135427
0.00142465
0.00121579
0.00147093
0.0136113
0.00606017
0.00718885
0.00943452
0.0778734
0.0230074
0.000668735
0.00724553
0.0105618
0.0503165
0.00371392
0.0318705
0.0035935
0.013973
0.0177904
0.0229622
0.0472955
0.0374727
0.00408254
0.0491182
0.104758
0.000226303
0.00156694
0.00231241
0.00739145
0.032836
0.0446164
0.0547102
0.111284
0.00854779
0.012372
0.00582935
0.0256992
0.0031696
0.0279527
0.00359084
0.00156779
0.00431137
0.0245621
0.0198849
0.00423464
0.0673423
0.0458511
0.0145051
0.0112317
0.00508179
0.00451487
0.00717185
0.00208681
0.0126291
0.132232
0.0886077
0.000786414
0.00315332
0.00669639
0.0455619
0.0367252
0.0157284
0.0293741
0.0831527
0.0072105
0.0417738
0.05177
0.00840231
0.000684793
0.0172971
0.0367244
0.0661625
0.034351
0.0256181
0.167418
0.00782577
0.000825262
0.00358722
0.116559
0.00712936
0.00706147
0.00774799
0.042053
0.00430624
0.0263143
0.0206522
0.00910376
0.00750489
0.00558469
0.0173905
0.016754
0.0511119
0.00291718
0.00317152
0.0342563
0.0659197
0.143617
0.00242207
0.0596132
0.000937762
0.0010802
0.000934549
0.0342168
0.10202
0.00247758
0.124719
0.00365349
0.0351948
0.005545
0.00394843
0.00196815
0.00416105
0.0264668
0.0232116
0.0133265
0.00757974
0.00800342
0.00749877
0.107311
0.00395313
0.00365965
0.00350546
0.0110902
0.00686539
0.0171805
0.0456908
0.00757714
0.0334384
0.0540529
0.0480309
0.00998125
0.00337715
0.00676061
0.00191237
0.00533975
0.0516505
0.00759779
0.00349886
0.0040166
0.0112733
0.0215014
0.0919029
0.0285757
0.0287469
0.0105567
0.00206479
0.0174298
0.0162817
0.0265975
0.0718415
0.0126556
0.0256223
0.0690157
0.00430393
0.0744018
0.00344491
0.0147806
0.260393
0.00461299
0.0469882
0.0218144
0.0163425
0.00049536
0.0179946
0.0194092
0.0168255
0.0193772
0.00660048
0.231085
0.0052792
0.00273981
0.00685421
0.00417358
0.00805701
0.00420274
0.0633366
0.0390638
0.00204124
0.042807
0.00945551
0.0257375
0.00356255
0.0338399
0.0283784
0.0246245
0.065889
0.00295932
0.00894751
0.0606411
0.0275069
0.00647978
0.115805
0.0703572
0.00429404
0.00100059
0.203976
0.0968958
0.116677
0.00819481
0.0146809
0.000726208
0.0297125
0.00249552
0.00676506
0.00180845
0.0797297
0.0201508
0.0316254
0.0352417
0.0331095
0.00109259
0.0437874
0.0495805
0.00120596
0.00968267
0.00968257
0.00925414
0.024528
0.0289012
0.0245744
0.0035935
0.0864507
0.00864971
0.0484431
0.00918646
0.00667059
0.0027567
0.00747681
0.00601925
0.00552976
0.0125819
0.0141039
0.225786
0.0213264
0.00618399
0.0104282
0.00887377
0.0123627
0.139571
0.056876
0.0240959
0.0326952
0.00548587
0.0403341
0.113408
0.0164977
0.0822529
0.0129032
0.0247328
0.0202012
0.11798
0.0542482
0.0640564
0.0375243
0.0716094
0.0183594
0.0664021
0.00725455
0.0148822
0.0163522
0.0808892
0.0041918
0.0083384
0.0146613
0.00164043
0.0729616
0.0751
0.0750993
0.0204451
0.00392773
0.0197996
0.0178422
0.00868014
0.00724005
0.0183976
0.0206278
0.0835183
0.0195322
0.00505244
0.0015139
0.0663392
0.0029518
0.0128584
0.00707484
0.0220107
0.00437809
0.0289262
0.0104184
0.00853702
0.0548369
0.0405065
0.0401113
0.00975726
0.0456004
0.00233013
0.0259227
0.00297318
0.0194234
0.00452671
0.016365
0.0148126
0.0092358
0.0268937
0.00922158
0.0138933
0.0242579
0.0321889
0.0112187
0.0088773
0.0107323
0.00626789
0.0311142
0.00677162
0.00222803
0.0635158
0.1216
0.00583953
0.0284824
0.00436807
0.00961178
0.0234394
0.00363974
0.0040251
0.0281473
0.0104758
0.0146424
0.00916131
0.0419905
0.111532
0.130862
0.00140784
0.0336599
0.220134
0.0123172
0.00316967
0.208225
0.0412066
0.0630491
0.00686746
0.0853971
0.0471438
0.0166474
0.0060506
0.0299022
0.00408361
0.0784129
0.00552459
0.00686236
0.0249329
0.019016
0.0119312
0.0316255
0.0193531
0.0300793
0.00518572
0.00794786
0.0464327
0.0259922
0.00948231
0.110777
0.0466727
0.00941171
0.00536008
0.116059
0.0136266
0.0216346
0.0589945
0.00339197
0.00745623
0.0429591
0.00973986
0.00856561
0.00573483
0.034997
0.0315839
0.0316364
0.0133749
0.0976357
0.00408791
0.00990498
0.00573087
0.00714774
0.0388271
0.0231899
0.0333161
0.00260559
0.00517587
0.00510542
0.00327696
0.0065283
0.00514409
0.0859796
1.73649e-008
0.0629233
0.150023
0.00714499
0.0134086
0.00128686
0.00383447
0.00631278
0.00528674
0.000717282
0.000722873
0.0122067
0.0323155
0.0164983
0.0121766
0.0268643
0.00751282
0.137718
0.00310378
0.0071312
0.0882968
0.221722
0.0169757
0.213424
0.228551
0.0922016
0.00252507
0.00808613
0.0262044
0.00647919
0.0583235
0.0105279
0.00491558
0.00110185
0.0684607
0.0180746
0.000322626
0.00634361
0.00175589
0.0279631
0.0221218
0.00324976
0.00288113
0.0631146
0.0111977
0.0315224
0.0185728
0.0627276
0.00330396
0.0897228
0.00404806
0.0112532
0.0221603
0.0172801
0.00177637
0.0056058
0.11536
0.0193731
0.0245717
0.007998
0.0128447
0.019489
0.113625
0.0446136
0.0635168
0.00379206
0.0131758
0.0185284
0.00422043
0.0131952
0.0433891
0.0056043
0.0342336
0.0560765
0.015711
0.0160513
0.0448464
0.0171415
0.00335383
0.00498298
0.106905
0.00831433
0.0147007
0.0102486
0.00395549
0.0141981
0.0187157
0.0124898
0.0863369
0.0240687
0.00632469
0.0176648
0.111758
0.0135952
0.00598855
0.00800633
0.015796
0.0427106
0.0280356
0.0265814
0.00847397
0.205482
0.105771
0.219593
0.0459865
0.0246315
0.0310982
0.0402274
0.0103255
0.00220452
0.062757
0.144315
0.0308457
0.00285377
0.00439038
0.0071005
0.130148
0.0200637
0.0036298
0.00651478
0.0753286
0.0331274
0.0167027
0.0246227
0.0245575
0.00616177
0.00512005
0.0206077
0.00594032
0.0293517
0.014042
0.013086
0.00102249
0.0105901
0.0112664
0.0205816
0.0203587
0.0053128
0.0377102
0.0686012
0.0732413
0.216165
0.0454237
0.00482113
0.033451
0.00763652
0.0285356
0.00481995
0.0471392
0.00522577
0.0150493
0.0808407
0.011586
0.0104873
0.00982357
0.00811304
0.00489706
0.0107214
0.0126324
0.00323826
0.0582644
0.0141125
0.00393389
0.0150877
0.0345638
0.00909878
0.00800352
0.00823427
0.0295799
0.00437942
0.00374146
0.00374147
0.0058758
0.0149497
0.064853
0.124857
0.00897108
0.0148515
0.0177189
0.011185
0.0110247
0.00846738
0.0058503
0.00708046
0.0998323
0.000733879
0.065455
0.0181199
0.0608548
0.00658415
0.00162902
0.179628
0.00744794
0.00693555
0.0339872
0.00388111
0.00449297
0.0162732
0.0103806
0.0659523
0.00873358
0.0136864
0.00905821
0.00335855
0.0422731
0.0689279
0.00376882
0.0641959
0.0873434
0.00400878
0.118531
0.122341
0.0767324
0.0031294
0.00771734
0.00255085
0.0343913
0.112174
0.00650398
0.002841
0.00863859
0.0089779
0.0071536
0.0525501
0.065006
0.00827114
0.00710592
0.0854111
0.0458373
0.00183075
0.00201913
0.00132702
0.00254342
0.0850447
0.00658416
0.130726
0.111361
0.0680105
0.0302549
0.0178701
0.0411735
0.00966942
0.00751732
0.00463792
0.120551
0.00461661
0.00757279
0.0474476
0.00560914
0.00297029
0.0993466
0.0180014
0.0261167
0.00641571
0.00853057
0.0128733
0.0127435
0.00466613
0.00595885
0.0349944
0.0364268
0.0247131
0.0087044
0.00583935
0.0627131
0.0988009
0.0696306
0.0139688
0.00379945
0.0803782
0.00306538
0.00938933
0.0124391
0.00981051
0.0161499
0.0951212
0.0302138
0.0115156
0.00518498
0.018012
0.0517786
0.00565054
0.0452999
0.0154552
0.00242083
0.00798068
0.00810214
0.0889868
0.0564944
0.00710566
0.00135206
0.0149698
0.0152387
0.00659492
0.00350837
0.00216733
0.0312831
0.00677849
0.057506
0.0516127
0.0103132
0.000925131
0.0074417
0.0130841
0.0089333
0.0169424
0.00274068
0.0564949
0.0432617
0.0148805
0.0161048
0.020748
0.0111861
0.00725649
0.0661257
0.0605347
0.0111512
0.00658711
0.023517
0.00449076
0.0103958
0.00820492
0.0207879
0.023271
0.0225524
0.0177821
0.00273411
0.0016948
0.00950473
0.00626152
0.00819351
0.00572784
0.0138057
0.0993146
0.00471216
0.0763069
0.0200665
0.0340127
1.73658e-008
0.0243869
0.0979095
0.0824673
0.026154
0.0153715
0.0198052
0.00801057
0.0276462
0.00569578
0.00578323
0.0287602
0.0934028
0.00757951
0.00488299
0.0106962
0.0482333
0.0244344
0.0333084
0.00190844
0.00340463
0.00309389
0.00748127
0.0462756
0.00634571
0.00667596
0.00556844
0.00151315
0.00102194
0.0097325
0.0137823
0.00338238
0.0683054
0.0474957
0.0192203
0.0118215
0.109364
0.0107636
0.0123859
0.00524532
0.0179154
0.00465312
0.00962504
0.00407396
0.0187855
0.0114031
0.0174125
0.00642948
0.00657763
0.00201925
0.0305819
0.0709534
0.100937
0.00426279
0.00110044
0.00199793
0.020631
0.00409465
0.0226903
0.00675771
0.00427448
0.00958541
0.00499104
0.00641737
0.0104241
0.0264477
0.00940601
0.00502438
0.00759022
0.00918053
0.0121938
0.0156378
0.0142881
0.0104481
0.0154372
0.00343982
0.00164325
0.00707214
0.00173116
0.00557403
0.0066694
0.128612
0.00633096
0.0305937
0.0156281
0.0724795
0.0076538
0.14978
0.0227038
0.00755058
0.00676202
0.0474031
0.116434
0.00179365
0.0445825
0.0235342
0.00921225
0.0893288
0.0305794
0.0222231
0.0299344
0.0402795
0.0136699
0.011941
0.0168087
0.0156296
0.00866858
0.00726513
0.0943597
0.00268694
0.0102232
0.0116478
0.00906113
0.113308
0.0281571
0.00896864
0.0190606
0.0183954
0.00620537
0.0135754
0.0299572
0.0175346
0.110566
0.014643
0.0112158
0.0160756
0.0236539
0.0191587
0.0228471
0.00925387
0.0151893
0.00363807
0.0690022
0.0505319
0.0270366
0.00910502
0.000842393
0
0.0213276
0.070789
0.0348562
0.00888316
0.00868724
0.158319
0.0496537
0.00352785
0.0202789
0.0212551
0.0284062
0.00280419
0.0245267
0.0204348
0.00281413
0.00876411
0.0131077
0.0124478
0.0157855
0.021794
0.141038
0.051402
0.124567
0.0135267
0.016367
0.00362335
0.0480788
0.0175017
0.0574464
0.0137777
0.0734619
0.00274057
0.00238446
0.0119752
0.0238358
0.0188473
0.0114387
0.0235194
0.00212506
0.0307588
0.0362566
0.0244693
0.0432381
0.0187426
0.0299649
0.00161805
0.0069712
0.00251545
0.00909652
0.00946792
0.00481313
0.221131
0.0185466
0.00494399
0.00217918
0.0373034
0.00595464
0.0345585
0.00537227
0.00310498
0.00828995
0.00701453
0.0156469
0.0348486
0.0581172
0.0125286
0.00289528
1.73656e-008
0.0254802
0.0736656
0.0833891
0.0149598
0.00876292
0.00876292
0.0544603
0.122399
0.025954
0.00461251
0.0161442
0.0082428
0.00860865
0.0143788
0.0151724
0.021382
0.0101114
0.00853206
0.113871
0.00303927
0.00420798
0.0114055
0.00639766
0.0127741
0.00986796
0.00965258
0.00174099
0.00427746
0.0109033
0.0536529
0.00735649
0.00112256
0.0663236
0.0297841
0.0223612
0.0743062
0.00553608
0.00776567
0.00674656
0.0221014
0.0500303
0.0499849
0.00831843
0.00635432
0.00616834
0.0846486
0.251619
0.189887
0.0185129
0.0154222
0.0121025
0.0061096
0.0136483
0.0135082
0.0131433
0.00813567
0.0132572
0.0771685
0.00175919
0.00132834
0.00875392
0.00569912
0.00842644
0.0129614
0.0437641
0.05417
0.00651337
0.0514777
0.0153133
0.0071031
0.0284234
0.0313453
0.0282393
0.0171144
0.0134297
0.026419
0.0625443
0.0271499
0.00978351
0.0304963
0.0306828
0.00712173
0.106586
0.0115909
0.00656075
0.00593045
0.0139957
0.0101973
0.0105363
0.00776249
0.0111157
0.0475416
0.022403
0.00944922
0.0226233
0.0524337
0.0226208
0.0231337
0.024729
0.00460983
0.00107282
0.00928123
0.00295972
0.00539427
0.0273844
0.0253379
0.0102743
0.00658284
0.0246472
0.0282169
0.0200808
0.0203204
0.0125299
0.00967804
0.00685557
0.00715023
0.00299417
0.0424657
0.00494137
0.0155915
0.0765461
0.0445558
0.0196444
0.00300436
0.00328014
0.00618747
0.00441476
0.0093123
0.0107746
0.0655413
0.0265765
0.0177841
0.0709346
0.00551513
0.0142705
0.0152799
0.0195199
0.0181487
0.0319869
0.0022991
0.00474788
0.0205252
0.0175443
0.045021
0.00986281
0.00956254
0.309969
0.0196874
0.000663733
0.00962912
0.0380255
0.0395544
0.029261
0.0255242
0.0124725
0.0256094
0.028467
0.032793
0.0473701
0.0352402
0.0300516
0.00313929
0.0333496
0.00154051
0.0133629
0.0326617
0.0129308
0.0248431
0.0209292
0.00973096
0.0310698
0.0232684
0.0076398
0.033515
0.0246435
0.0188409
0.0738175
0.0107648
0.000967759
0.00949102
0.0129038
0.00491279
0.0249643
0.0605702
0.0116648
0.00830713
0.0050844
0.0567977
0.162868
0.0653891
0.00565995
0.00392367
0.0231312
0.00290599
0.0179424
0.0265199
0.0257363
0.0302959
0.0191763
0.0180802
0.0205153
0.0285968
0.0225815
0.0159345
0.0104454
0.0356653
0.00824622
0.000424975
0.00805873
0.0367846
0.0259012
0.0330848
0.0510753
0.0674005
0.0106368
0.0154159
0.0247049
0.0226377
0.00676796
0.0766978
0.0155834
0.0299122
0.00637184
0.0119147
0.00181427
0.00603393
0.0407684
0.00324967
0.0416414
0.00581528
0.0286955
0.0262977
0.017097
0.0178805
0.00533297
0.00768269
0.00422528
0.0221952
0.0191982
0.022272
0.0259102
0.0130284
0.00430926
0.0156901
0.00915418
0.00576195
0.130638
0.00848015
0.00296874
0.00278797
0.0300574
0.0511829
0.01387
0.0473366
0.00092791
0.0305224
0.00310671
0.0612508
0.00560188
0.0185203
0.00841375
0.108458
0.0164323
0.00673808
0.00149506
0.00238747
0.124133
0.00518353
0.013243
0.0063342
0.00708265
0.00880576
0.00468501
0.00308838
0.0605974
0.0285954
0.062137
0.0379164
0.0231465
0.0109277
0.0075551
0.011587
0.0217943
0.00630162
0.00194771
0.00759232
0.00669433
0.0181552
0.0120956
0.0401368
0.0365881
0.0418413
0.102389
0.0731563
0.023286
0.00707602
0.0363807
0.0149887
0.00349066
0.0175534
0.0265359
0.00284252
0.00145967
0.0689592
0.00284167
0.0333809
0.0189372
0.0199602
0.0170718
0.00652436
0.0232756
0.0111525
0.00641799
0.0201019
0.00824545
0.0345305
0.00963997
0.0136053
0.020781
0.0333027
0.0310743
0.0141386
0.0105323
0.0101662
0.0121412
0.0353423
0.0204215
0.0152963
0.032332
0.0425674
0.0485029
0.0121874
0.0118373
0.0512936
0.0122103
0.00398865
0.0885111
0.0921038
0.00364684
0.00125994
0.00185354
0.00652596
0.0230957
0.00849082
0.00438627
0.0051841
0.00521526
0.0231243
0.0490103
0.0357576
0.0315539
0.0146512
0.00698704
0.00808438
0.0596222
0.0427562
0.042756
0.00860117
0.022393
0.00348333
0.0102652
0.0162066
0.003945
0.00676249
0.0305476
0.025659
0.0879816
0.00391946
0.0328313
0.049783
0.0521313
0.0191355
0.00269652
0.0439887
0.00880748
0.126787
0.0493343
0.0141853
0.0377344
0.0248559
0.0415665
0.0166423
0.008364
0.0255373
0.0606034
0.011927
0.0154342
0.0102805
0.0348326
0.00677952
0.00416055
0.0533643
0.0248987
0.0259763
0.00272507
0.0423652
0.00573066
0.0348316
0.0225717
0.00381761
0.001127
0.0250434
0.0311357
0.0579358
0.080548
0.0137528
0.0363473
0.0189101
0.0138348
0.00230144
0.187041
0.0124495
0.0119558
0.0437457
0.00173306
0.0435774
0.0277324
0.0125678
0.0650739
0.00719988
0.094328
0.0747416
0.0120733
0.0332074
0.0072184
0.0153324
0.0195048
0.0226222
0.0216567
0.00452166
0.0130547
0.0107524
0.00975454
0.027434
0.0117865
0.0865939
0.00197241
0.00166256
0.00732456
0.0333107
0.00558756
0.0172546
0.0143707
0.0662314
0.00583694
0.0292207
0.0309056
0.00703757
0.00153115
0.00667443
0.0154644
0.026127
0.0899044
0.133002
0.0112543
0.0043222
0.00584995
0.00172865
0.006204
0.0128445
0.0134554
0.0242859
0.00779507
0.00392979
0.00835083
0.0362077
0.0129455
0.0149791
0.024052
0.191249
0.204413
0.0148803
0.0181305
0.0153064
0.0220003
0.00842626
0.0844852
0.00558166
0.00637545
0.0259709
0.0346201
0.0250588
0.040792
0.0386348
0.0279982
0.0279957
0.0309977
0.0245898
0.00628718
0.00483172
0.011341
0.00939241
0.0295956
0.035373
0.0139544
0.0321445
0.0841024
0.0634796
0.0192789
0.00291208
0.00780118
0.00651584
0.0131994
0.00271432
0.00697555
0.0275054
0.00309518
0.0157114
0.00484358
0.0104307
0.0118051
0.00639351
0.0142624
0.00129264
0.0209796
0.00243261
0.00339927
0.00765699
0.00795873
0.0218323
0.0195038
0.0110096
0.0182535
0.0204803
0.00623115
0.0113515
0.00706096
0.0518223
0.0560388
0.0624108
0.0238561
0.0240123
0.00833569
0.0143463
0.00221903
0.00529901
0.00728109
0.0315056
0.0807466
0.0412095
0.0337337
0.0449743
0.0212536
0.0117994
0.0105112
0.00819466
0.0076044
0.0111157
0.122481
0.0954525
0.102188
0.0277041
0.00334319
0.0610682
0.0150297
0.0207043
0.0049682
0.0647477
0.0352373
0.00470427
0.0413423
0.0217809
0.00882306
0.0265419
0.0204559
0.0153253
0.0260399
0.016377
0.0128446
0.00544042
0.00393707
0.0376103
0.0215402
0.0291039
0.0319927
0.0265085
0.0355948
0.0167165
0.0901898
0.0111984
0.0249299
0.00937884
0.0200083
0.00668657
0.0087938
0.018876
0.0219818
0.0373988
0.036209
0.025432
0.00283811
0.00167502
0.0421577
0.00844836
0.0108948
0.0427407
0.0469124
0.0335598
0.00777033
0.00776517
0.0455142
0.0156841
0.0121152
0.0631924
0.0116079
0.0243286
0.0450816
0.0759442
0.0273151
0.00091512
0.00708774
0.00193419
0.0334636
0.0158227
0.00657288
0.00696141
0.0124955
0.00344348
0.00628224
0.0238458
0.0242968
0.0148041
0.0148041
0.0141159
0.0240124
0.0264621
0.0196045
0.00552852
0.00901498
0.0195361
0.0209701
0.00811611
0.00638347
0.0720625
0.00387807
0.0103237
0.00897323
0.000835736
0.0216265
0.0134055
0.0338671
0.15288
0.0208129
0.00291717
0.0606013
0.048795
0.0154673
0.0211994
0.000394941
0.0148305
0.00380342
0.0050731
0.107665
0.0284009
0.0140749
0.00428382
0.0349766
0.069126
0.0133069
0.00486571
0.0415952
0.00210705
0.0230678
0.0220449
0.0204035
0.0199934
0.125142
0.0120341
0.0354756
0.00372641
0.119958
0.0146254
0.00177215
0.0673362
0.00702155
0.0393183
0.00387856
0.0442554
0.0280624
0.0238861
0.101358
0.0398009
0.0408172
0.00782293
0.0066984
0.0119594
0.00777312
0.0617881
0.0603357
0.0175325
0.00245926
0.00951084
0.00139158
0.0411689
0.00288683
0.0048374
0.0511144
0.0403084
0.0216744
0.0271678
0.0393692
0.0385439
0.0149969
0.0745563
0.0329908
0.0414404
0.0162449
0.00902772
0.0146293
0.0146294
0.0389112
0.0146715
0.0148935
0.0148564
0.0377812
0.0333645
0.0455736
0.00469723
0.00511689
0.00419972
0.0181077
0.0127092
0.00900429
0.11068
0.0872348
0.0271789
0.0215272
0.0139625
0.00639651
0.00318415
0.00374709
0.137495
0.0156199
0.0499631
0.0655338
0.019056
0.00376508
0.0152086
0.00764493
0.00553686
0.0015376
0.00687781
0.00895739
0.00984993
0.00550415
0.00638275
0.00669983
0.0458035
0.0112955
0.0496142
0.0800242
0.0323879
0.0370353
0.0337014
0.0814883
0.0151989
0.00451477
0.0303332
0.00530767
0.0123286
0.0356025
0.0121738
0.00812848
0.00211133
0.016165
0.0156478
0.00201299
0.00306278
0.00191817
0.152066
0.042237
0.030412
0.0270478
0.0101553
0.0966836
0.100408
0.0835184
0.0225317
0.00791228
0.00848588
0.00805162
0.00112486
0.00103178
0.00133961
0.00110032
0.0371402
0.00359025
0.00848904
0.00913798
0.0154309
0.0197825
0.0196195
0.00782651
0.00617614
0.00787809
0.0205153
0.0130638
0.0333527
0.0298668
0.0410962
0.00807753
0.00761734
0.027438
0.0349158
0.0041744
0.00886877
0.166947
0.00534393
0.0128101
0.0156832
0.00261594
0.0068874
0.00183601
0.0173865
0.0127251
0.00210066
0.00360802
0.0549856
0.0114742
0.197483
0.0359922
0.000700182
0.160341
0.00195272
0.0306336
0.0412827
0.0424116
0.01057
0.017444
0.0209049
0.00447206
0.0157673
0.00906671
0.0104249
0.00320016
0.00222957
0.0170002
0.0100681
0.00261617
0.0153777
0.00240762
0.0179713
0.00953652
0.0125493
0.0160137
0.0634775
0.0129421
0.0222157
0.00939255
0.128992
0.11105
0.0103572
0.0259921
0.0308496
0.0658092
0.0234547
0.0186238
0.00403277
0.0443257
0.0660006
0.0306787
0.0226277
0.0538272
0.0262306
0.00257534
0.0320465
0.0199314
0.00392248
0.00427411
0.00619049
0.0152701
0.0221303
0.131003
0.00733811
0.0122732
0.0171339
0.00827099
0.00106928
0.0387942
0.0796866
0.0380049
0.0188324
0.15931
0.0595656
0.0566607
0.0560704
0.0141481
0.207385
0.20057
0.00222916
0.0102467
0.0046507
0.00594074
0.0116905
0.00355355
0.0105281
0.0294625
0.0222426
0.00790796
0.0341669
0.00166124
0.000891688
0.00113663
0.00085374
0.00100995
0.0227792
0.00658283
0.014926
0.0124858
0.00685144
0.0214232
0.0240083
0.0316421
0.00468147
0.00352014
0.0027237
0.0622914
0.0108083
0.0219101
0.0038911
0.0251521
0.0420354
0.0282725
0.00104498
0.0159888
0.0615768
0.022954
0.00251126
0.0133423
0.00564855
0.00294154
0.0129216
0.023055
0.0224798
0.015766
0.0255536
0.00223099
0.00148237
0.00340568
0.0178607
0.0775394
0.0121612
0.0217281
0.0175474
0.000256225
0.0211948
0.0187504
0.00361707
0.100307
0.0131016
0.0113191
0.0605265
0.00602197
0.00696755
0.00627584
0.0160073
0.0116702
0.0806957
0.00909469
0.0102692
0.0121235
0.0123364
0.0149802
0.00952056
0.00173659
0.00240204
0.0457606
0.00955357
0.0107798
0.0331035
0.0251062
0.0110996
0.0255791
0.103643
0.0579399
0.0183493
0.0657216
0.00779543
0.0104807
0.0102055
0.0106797
0.0174721
0.0248719
0.00533023
0.00637653
0.0215941
0.0073919
0.0115588
0.0161409
0.0116258
0.0350339
0.00346355
0.00425792
0.019431
0.00683713
0.00634779
0.016248
0.015671
0.00997304
0.0286926
0.0448307
0.0448313
0.0574358
0.0594205
0.00480548
0.00487761
0.00549959
0.00257123
0.0451538
0.00925654
0.00794088
0.0655677
0.0103197
0.0222463
0.0323573
0.0193883
0.0250298
0.0360734
0.116155
0.00718599
0.00507551
0.0129473
0.0167236
0.000838748
0.0201944
0.0139818
0.0815777
0.0172655
0.02745
0.00539753
0.0852972
0.00847491
0.0149957
0.0785514
0.00504176
0.0309105
0.0188226
0.0246359
0.0117117
0.00598923
0.0136258
0.0275941
0.0252847
0.0192687
0.0216141
0.0118872
0.052836
0.0400506
0.0149071
0.164357
0.0797834
0.124682
0.0515173
0.030972
0.00179379
0.0140112
0.0237812
0.0258905
0.103075
0.0198321
0.0267608
0.0804447
0.0412241
0.0376269
0.0244328
0.010481
0.00646598
0.0583974
0.00401014
0.047586
0.0256146
0.00299544
0.0365671
0.0243141
0.012174
0.0215256
0.0205742
0.0192732
0.0145837
0.00415989
0.00411786
0.00411785
0.021753
0.0188222
0.000974887
0.00716871
0.00374978
0.0173369
0.00847297
0.00989516
0.000200588
0.00968266
0.00823527
0.00458034
0.0165586
0.0563375
0.00475544
0.247492
0.081699
0.0151312
0.0257608
0.000525439
0.0908888
0.021619
0.0272024
0.0927577
0.0099794
0.0249233
0.0270159
0.0115579
0.0223388
0.0223435
0.013159
0.021134
0.0909098
0.00421365
0.0264469
0.0259735
0.00779733
0.0517434
0.0110473
0.0203177
0.0207528
0.0809617
0.0316947
0.00527665
0.0397595
0.0348365
0.00917309
0.0309861
0.0202956
0.0170722
0.0246579
0.00885517
0.0683845
0.0130903
0.0435432
0.00411048
0.0275733
0.00647098
0.180064
0.00139274
0.00253084
0.0125146
0.00399034
0.0107541
0.0205522
0.0178694
0.00327471
0.0115298
0.0035664
0.016298
0.0144555
0.104323
0.0192464
0.119225
0.00843237
0.0109584
0.00605822
0.0400076
0.0278176
0.0473269
0.0642867
0.0117597
0.00555705
0.0145576
0.00833961
0.0555288
0.0219166
0.000759578
0.003032
0.0089616
0.0253564
0.0384551
0.056395
0.00405858
0.0356975
0.0364299
0.155375
0.00707587
0.00617218
0.003534
0.0166908
0.0038732
0.0247775
0.121599
0.0607677
0.00350592
0.01782
0.0214544
0.00631048
0.00288959
0.0118941
0.00504046
0.00485598
0.0102497
0.0129709
0.010589
0.0410959
0.00368541
0.00312688
0.00496901
0.0446009
0.0153699
0.0326929
0.0328669
0.118872
0.0266722
0.0037344
0.0180036
0.0229198
0.074751
0.0121726
0.00262287
0.0189529
0.00607654
0.031051
0.00726931
0.012328
0.0036186
0.0125942
0.0110964
0.0495729
0.089811
0.0273693
0.0255874
0.0448203
0.0497478
0.00880902
0.0257554
0.0176527
0.0481755
0.0325645
0.123681
0.0498822
0.00391388
0.00420229
0.0349629
0.00929005
0.0337792
0.0132177
0.0252945
0.0213397
0.0154211
0.0633718
0.0401068
0.00209764
0.00836599
0.00951724
0.00428293
0.0097792
0.114292
0.0322945
0.0146993
0.0183794
0.00589504
0.00742889
0.00690248
0.00917321
0.0379113
0.00498119
0.0126761
0.0313493
0.00189885
0.0332959
0.0374048
0.148701
0.0275204
0.0385772
0.0455388
0.0451459
0.076202
0.0108132
0.00357205
0.0395531
0.00857423
0.0377569
0.0255603
0.0640245
0.00153195
0.0665591
0.0146452
0.0478102
0.0403792
0.00803955
0.0114045
0.0115034
0.0377674
0.00779049
0.00426382
0.132378
0.132356
0.000785477
0.073213
0.00369036
0.113208
0.000888559
0.00858483
0.00197811
0.00548642
0.033207
0.0467858
0.0148012
0.120457
0.00178559
0.0845205
0.0321225
0.118102
0.077802
0.096783
0.0299695
0.00602994
0.124096
0
0.0179801
0.0930272
0.0131728
0
0.0648357
0.108993
0.0906751
0.062619
0
0.0645003
0.00580122
0.0969167
0
0.00430619
0.0483777
0
0.125
0.123939
0.0815657
0.0606081
0
0.00401806
0.0815231
0.024529
0
0.0283735
0.0078426
0
0.0603236
0.00574633
0
0.108977
0.121145
0.0667053
0.0867935
0.101912
0
0
0.0552377
0
0
0
0
0
0
0.00174583
0.00104504
1.73656e-008
0.00108113
0.00124492
0.0467455
0.0254177
0.000326998
0.000383082
0.000633453
0.000576986
0.0142365
0.000727869
0.000760317
0.0376877
0.00857679
0.0154699
0.100717
0.216538
0.0379552
0.0595811
0.20158
0.314924
0.00169466
