6951
0.125525
0.0883516
0.00766629
0.00941638
0.00469153
0.00584935
0.0324488
0.00371657
0.0302588
0.00702837
0.0139222
0.00404224
0.0118811
0.005186
0.00763687
0.0791727
0.00653828
0.01753
0.0105192
0.00824298
0.015908
0.00749276
0.00835549
0.00646644
0.0151155
0.00863395
0.010515
0.0259572
0.00794621
0.00650678
0.00409255
0.0299278
0.00655786
0.00283477
0.0345273
0.0305403
0.0452659
0.0872937
0.0246866
0.00851503
0.00485666
0.03972
0.0137737
0.0332985
0.0134734
0.0380653
0.0202979
0.0714794
0.0147944
0.00792595
0.0110398
0.0132913
0.0161175
0.0142599
0.0585754
0.102657
0.0294477
0.0207059
0.00781945
0.00559373
0.0200941
0.0241071
0.0432357
0.0119525
0.00359138
0.00780066
0.036099
0.00673939
0.00592245
0.0189019
0.00845724
0.0107606
0.00870853
0.0902862
0.00790225
0.00796294
0.00471984
0.011881
0.00442678
0.00258185
0.00742259
0.0127233
0.0647156
0.00445954
0.00598577
0.00198123
0.0326451
0.0122793
0.00973517
0.00599661
0.0140055
0.0101756
0.00664651
0.00639182
0.0443637
0.00526131
0.0408322
0.0203474
0.0360911
0.0519378
0.0113275
0.00261274
0.00351264
0.0294184
0.0358209
0.0259294
0.0154866
0.00558396
0.00310198
0.0849118
0.0118606
0.00245232
0.00224308
0.0148473
0.00382684
0.0246154
0.0117072
0.0126441
0.00633083
0.0112385
0.0149762
0.0357063
0.00547582
0.083429
0.00511201
0.00959153
0.0226521
0.0577536
0.000920486
0.0078017
0.173017
0.175846
0.0117262
0.016161
0.0155887
0.00572858
0.00468269
0.00440815
0.0320594
0.0599807
0.00541495
0.00782821
0.00814609
0.00550344
0.0145968
0.0413067
0.00746311
0.00672795
0.00734893
0.00265968
0.0106064
0.0773121
0.00670236
0.0045942
0.0193842
0.0248276
0.00656035
0.0109522
0.00974991
0.012846
0.00574281
0.0100494
0.00635755
0.00737524
0.00187818
0.00388983
0.0310194
0.0716438
0.00558925
0.0155314
0.00814938
0.00994993
0.00334236
0.0150293
0.00131168
0.11323
0.0709391
0.0153081
0.0088196
0.0113144
0.00410706
0.0108809
0.00834863
0.00234351
0.00409638
0.00988494
0.00867435
0.00568001
0.00205083
0.00542281
0.00333098
0.0348434
0.033496
0.0462339
0.0416481
0.0285451
0.00834473
0.0031142
0.00152117
0.00634159
0.0080635
0.0434747
0.0553866
0.00632027
0.00775189
0.128858
0.00370519
0.00713104
0.00358119
0.00334119
0.00510958
0.00167195
0.0133953
0.00579256
0.00619157
0.00832216
0.00771188
0.0659118
0.0121513
0.0720734
0.0171247
0.0198473
0.00264571
0.0116699
0.00144071
0.0186448
0.010312
0.0896582
0.00598089
0.00647366
0.00429573
0.0829056
0.0367359
0.00855914
0.0122582
0.0115635
0.0751578
0.0064737
0.0427374
0.0524342
0.0139659
0.00833712
0.121055
0.00351942
0.00826188
0.0114083
0.00224786
0.00148774
0.0156421
0.00909452
0.036587
0.0163651
0.00418533
0.00679213
0.00284361
0.0503926
0.0266239
0.00293983
0.0235332
0.00153323
0.011815
0.171501
0.0110108
0.00310009
0.00210542
0.0682719
0.0408506
0.0420162
0.0233046
0.126578
0.148572
0.0655297
0.0134455
0.0289896
0.00537713
0.0386718
0.00134749
0.00185183
0.0079964
0.0107227
0.00638215
0.00424697
0.0137981
0.0247269
0.00957237
0.047576
0.0552438
0.0278858
0.00604622
0.00332837
0.00305323
0.212204
0.00644476
0.029122
0.0264744
0.00305032
0.00373123
0.00183314
0.00537966
0.00761252
0.00761162
0.00510951
0.0876507
0
0.0131991
0.0845038
0.0133164
0.0244757
0.00252709
0.00127331
0.00577867
0.00269423
0.0141835
0.0723735
0.00283863
0.0533775
0.0081921
0.0343065
0.00622421
0.00608963
0.107036
0.00344757
0.00680409
0.0340484
0.00230062
0.0229851
0.00348346
0.00504899
0.209025
0.00904353
0.124882
0.0847729
0.00331758
0.000423095
0.0298854
0.0126384
0.00674314
0.0382744
0.000286043
0.152739
0.00750952
0.0177037
0.0416073
0.0205857
0.0178562
0.0970788
0.000753324
0.076412
0.00329546
0.00400367
0.00304156
0.00673532
0.00531272
0.135019
0.11637
0.00384924
0.0268826
0.0605333
0.0305341
0.00692016
0.00689345
0.00684396
0.00535202
0.056031
0.0105365
0.0275327
0.0125884
0.0011414
0.0130983
0.080923
0.0108933
0.00443703
0.00538918
0.0150552
0.00201743
0.0142004
0.00167192
0.0086691
0.082378
0.00825033
0.00197086
0.0717089
0.00343159
0.00493651
0.0427444
0.00839393
0.0081622
0.0103239
0.0122611
0.00296224
0
0.00582672
0.00717406
0.000670712
0.00099862
0.0312403
0.000473127
0.0371471
0.00166351
0.0542958
0.00910572
0.0193208
0.00407904
0.00421179
0.00745497
0.0116885
0.042483
0.00430846
0.0123719
0.00733041
0.00379614
0.0053624
0.00738868
0.0264087
0.035775
0.00176331
0.0223202
0.002864
0.0422556
0.0371104
0.000485601
0.0084043
0.028268
0.0366186
0.0530846
0.00230503
0.0121872
0.00351785
0.0149197
0.00573826
0
0.105939
0.000726416
0.01122
0.0173235
0.0229015
0.0470777
0.00120875
0.000908662
0.00518888
0.0447896
0.00536422
0.025948
0.0693498
0.00946204
0.00187704
0.0226684
0.0652912
0.0225691
0.00179975
0.00421906
0.0376777
0.0218699
0.00630784
0.0359532
0.0119344
0.010053
0.00234226
0.0467116
0.00369147
0.00350111
0.00275051
0.00217978
0.00344122
0.0659846
0.038364
0.00783943
0.018025
0.0432392
0.00101933
0.00195328
0.00123801
0.00134678
0.0247143
0.0118029
0.101212
0.024727
0.00816754
0.00301629
0.0326634
0.00500175
0.0135946
0.0135945
0.0153314
0.0285594
0.0423659
0.00519059
0.00811292
0.00656497
0.00514484
0.0122699
0.00309303
0.00602442
0.0261353
0.0248012
0.0530509
0.00622302
0.0140367
0.0236252
0.00130739
0.00574308
0.00716178
0.00187122
0.00720048
0.0228159
0.0413922
0.000585965
0.0388146
0.00448452
0.0254087
0.029156
0.0613692
0.00991336
0.00245982
0.00745182
0.00860431
0.00130716
0.0325853
0.010295
0.00578649
4.48526e-005
0.00687536
0.000631943
0.00207599
0.00952444
0.00946803
0.0700442
0.00977475
0.00148297
0.115127
0.000510083
0.050395
0.00675885
0.00266393
0.0140681
0.0548842
0.00254917
0.00114933
0.00323461
0.0835017
0.0439916
0.014038
0.00743911
0.00406069
0.0538191
0.0555033
0.0664097
0.0341317
0.0013203
0.00613795
0.0061433
0.00176389
0.0126765
0.0144034
0.0247551
0.0196777
0.00338785
0.0194537
0.000999395
0.0864403
0.0232034
0.0249219
0.00419139
0.00134702
0.0121344
0.00863376
0.00845931
0.0147902
0.0139781
0.00777164
0.00574804
0.00347689
0.00454223
0.0381975
0.0305358
0.00854873
0.0533676
0.0256937
0.149037
0.00421255
0.00310008
0.00244716
0.00983814
0.0371577
0.00877483
0.0414169
0.0137203
0.0104492
0.00932164
0
0.00591049
0.000772712
0.0242473
0.00123758
0.00176747
0.00273715
0.0172428
0.00344174
0.000551332
0.0942608
0.112073
0.0220783
0.00819444
0.00508047
0.113708
0.0477054
0.00365519
0.00541403
0.0013601
0.0088937
0.0105195
0.0214651
0.0269649
0.0181586
0.00724701
0.0383392
0.00336058
0.00459214
0.00400233
0.00798069
0.00210379
0.0471921
0.011905
0.00984719
0.0527682
0.0669532
0.075555
0.0320299
0.00600664
0.0363721
0.0219575
0.00395012
0.00387971
0.0098626
0.0781577
0.00544971
0.00399336
0.0239215
0.00771245
0.00137509
0.136934
0.000963853
0.000789599
0.0126508
0.00182187
0.000447689
0.116506
0.110091
0.00376619
0.0230337
0.00312887
0.00110998
0.00979484
0
0.0368447
0.000843625
0.0115012
0.012091
0.00345789
0.0788802
0.00135739
0.00324663
0.03907
0.000812756
0.0101977
0.00825149
0.00921119
0.00193742
0.00150372
0.00648637
0.0249169
0.0276807
0.00647544
0.00183198
0.00229448
0.017741
0.00522061
0.0796405
0.00101169
0.000990559
0.00341488
0.0304806
0.015888
0.0506154
0.0273413
0.00368265
0.00943886
0.0211268
0.00478049
0.0271221
0.111702
0.00126751
0.0013192
0.000680404
0.00232368
0.00631776
0.00836853
0.00655082
0.00249166
0.00777804
0.00365485
0.00161199
0.000233436
0.0696199
0.00186924
0.00150914
0.0192828
0.0173903
0.00326572
0.00142384
0.00160596
0.0112432
0.0682862
0.00606746
0.000332179
0.0311985
0.0228801
0.00136067
0.00361494
0.0240752
0.00154284
0.0107809
0.0021216
0.0729721
0.0219053
0.0692797
0.00781531
0.00136995
0.0137044
0.00241625
0
0.00241495
0.000747772
0.000423434
0.0242839
0.135445
0.00432798
0.00488282
0.00130083
0.00306454
0.00399641
0.0142112
0.00192911
0.00171122
0.00609289
0.00534201
0.0754201
0.0051097
0.0128964
0.00165578
0.00332837
0.00893391
0.0048427
0.0022862
0.0562817
0.0131563
0.00209734
0.00574333
0.00259241
0.0200764
0.00155437
0.00579026
0.00517015
0.00974592
0.00554929
0.0233376
0.0279394
0.00696555
0.161386
0.00439207
0.0085168
0.00696338
0.0802711
0.00843651
0.157053
0.00345968
0.00726559
0.0398642
0.00834392
0.00478337
0.00557802
0.00719577
0.00809315
0.0018434
0.0136719
0.0086985
0.0708729
0.0299096
0.000214348
0.00541952
0.000531379
0.000293741
0.143657
0.0590146
0.00388359
0.0013969
0.0679284
0.00476326
0.00614938
0.0247229
0.00201685
0.010184
0.106982
0.0106504
0.00532015
0.00324084
0.0111988
0.00324416
0.0724825
0.00166092
0.00261452
0.00572403
0.00190076
0.0111142
0.000521727
0.00129766
0.00133676
0.0024983
0.000981999
0.00150054
0.0208916
0.0905531
0.00563878
0.00326
0.00792066
0.0076867
0.00475804
0.00541209
0.127516
0.00341613
0.0102713
0.00363565
0.0025723
0.00430211
0.00621227
0.00766478
0.11004
0.00379213
0.00193811
0.0314589
0.00131491
0.000506374
0.00126099
0.00103192
0.0753903
0.0342262
0.000778089
0.000514093
0.0402391
0.00237264
0.142199
0.00195939
0.0141992
0.00255622
0.000875908
0.00414602
0.000806729
0.00759192
0.00315138
0.00276504
0.0927778
0.010259
0.011471
0.0419943
0.0584704
0.00373824
0.00699133
0.0477882
0.0409085
9.60305e-005
0.00489615
0.0225823
0.00463735
0.0119672
0.00552838
0.000456879
0.00553505
0.000449719
0.01174
0.00323432
0.00488501
0.032516
0.0127666
0.00438722
0.0106032
0.00138526
0.000972781
0.00833857
0.00210063
0.0273872
0.00520817
0.00222313
0.0534747
0.0387599
0.00567908
5.63169e-005
0.00144254
0.134942
0.0974231
0.0229018
0.00635559
0.00440988
0.00120831
0.07099
0.00411056
0.00281565
0.00948955
0.00108239
3.36322e-005
0.0121729
0.0128493
0.00850865
0.00396129
0.000578215
0.00109304
0.0124107
0.00550274
0.00273823
0.02078
0.013466
0.0286781
0.00269994
0.00234146
0.00643683
0.00463484
0.00577541
0.0387098
0.000845879
0.0100873
0.00488509
0.000255429
0.0336157
0.00161746
0.0167295
0.0176593
0.0126952
0.00136418
0.0379335
0.109151
0.0119914
2.07536e-005
0.00594021
0.00699688
0.00590398
0.00635094
0.00348235
0.000500119
0.0169502
0.000493743
0.00141006
0.00498702
0.00548557
0.0127129
0.0977707
0.00602932
0.0482175
0.0319922
0.0655193
0.00499661
0.086286
0.00324765
0.0040607
0.0462471
0.00163031
0.00161861
0.000153909
0.0364927
0.00152849
0.00138484
0.00192822
0.000184546
0.00233766
0.0703733
0.00116832
0.0204034
0.0307751
0.00102013
0.0618487
0.060785
0.0168539
0.00189316
0.000721211
0.0792659
0.0169999
0.0167422
0.0100077
0.000580646
0.018647
0.00927643
0.00549983
0.00533951
0.0179352
0.0115516
0.00359045
0.103044
0.000619083
0.042255
0.00144864
0.00358076
0.0674644
0.0448303
0.0080848
0.0310866
0.00845323
0.0540627
0.00278525
0.000346152
0.00130593
0.00722958
0.170567
0.0577024
0.0821929
0.0685903
0.00470662
0.00143892
0.00304908
0.000780458
0.00631561
0.00367024
0.00348875
0.00361515
0.00562796
0.0420689
0.00744575
0.00224364
0.00260532
0.0452975
0.0099186
0.0683706
0.00167963
0.00971435
0.122684
0.0255585
0.0063264
0.0397773
0.00171855
0.000110744
0.0829355
0.00939555
0.132786
0.00157056
0.00950224
0.00416023
0.0845583
0.00864446
0.0143061
0.0842497
0.0400011
0.00802007
0.12269
0.00336881
0.0383621
0.00272588
0.00133346
0.0141905
0.0296619
0.0261907
0.00484807
0.0017197
0.0490621
0.00658725
0.0114912
0.000716765
0.00316572
0.00520443
2.71049e-005
0.0465966
0.00203847
0.0455965
0.0318405
0.0888873
0.0141535
0.029072
0.00181381
0.00809938
0.144692
0.000839441
0.000904583
0.0760442
0.00347917
0.00480987
0.00331816
0.00616034
0.00485177
0.00106107
0.00398231
0.00178656
0.00928396
0.00180713
0.00112668
0.00319764
0.00362991
0.00597663
0.00291572
0.0387746
0.0674846
0.164129
0.00143859
0.0556496
0.024711
0.0443024
0.00473248
0.0147944
0.00978501
0.00290352
0.015021
0.0336474
0.00800951
0.00712364
0.000996883
0.0352022
0.000355477
0.00687481
0.0278246
0.0481551
0.0015593
0.0281113
0.00979027
0.0626558
0.0222787
0.0345679
0.0167773
0.0207456
0.0514342
0.0721549
0.00145924
0.00477243
0.0211491
0.0022116
0.00307017
0.000851582
0.000648128
0.0120328
0.0130421
0.0192379
0.013968
0.0332879
0.00363343
0.00253658
0.00127807
0.0248271
0.00161665
0.000808518
0.0088471
0.0192766
0.0044387
0.0874446
0.00378401
0.0187541
0.00667106
0.104788
0.0233568
0.00559565
0.00662251
0.0356087
0.00419241
0.00323147
0.0055011
0.0168517
0.00113792
0.00198587
0.028073
0.00458412
0.000989146
0.011901
0.0454899
0.0230114
0.000147233
0.00840627
0.00266719
0.00263901
0.0131953
0.00522195
0.00456522
0.000668129
0.000796141
0.00910051
0.00224599
0.00138339
0.0212498
0.00334902
0.0323771
0.0155629
0.0100002
0.0108853
0.00790318
0.00220969
0.0162901
0.00529996
0.00273177
0.00673843
0.00731032
0.00326703
0.00148068
0.00781173
0.00177243
0.00522373
0.0157466
0.00733878
0.00372505
0.000958788
0.00123091
0.0834983
0.00137147
0.0333131
0.00417834
0.00756098
0.0649289
0.105005
0.000923875
0.0142862
0.00573824
0.0370662
0.00282577
0.0005865
0.0652633
0.000824959
0.0181392
0.0419634
0.00287761
0.00340447
0.00494973
0.00974061
0.00398808
0.00346557
0.00250155
0.00533652
0.0149025
0.0138047
0.0464666
0.0264145
0.00177083
0.00727454
0.00334344
0.121227
0.0359901
0.0417334
0.0714004
0.00464424
0.00924248
0.00260797
0.0382234
0.0355054
0.0483433
0.00297143
0.0290626
0.0194213
0.00308801
0.0116253
0.045162
0.00514385
0.000975121
0.00937037
0.045997
0.0707415
0.0599386
0.00430681
0.00118491
0.00246555
0.0036851
0.00173702
0.0123399
0.00209611
0.00159336
0.0122659
0.00485076
0.0476363
0.00723389
0.00809294
0.0365523
0.0311959
0.00233421
0.0161194
0.00190642
0.0020604
0.000877109
0.00763831
0.00714077
0.00313805
0.0138065
0.00257563
0.00146693
0.00752252
0.00828443
0.0288164
0.00380106
0.00377594
0.00468285
0.00228899
0.00332032
0.0173508
0.00577729
0.00720911
0.0262563
0.00639575
0.000397044
0.00786588
0.0351695
0.0298821
0.00164379
0.00172046
0.0532396
0.000138727
0.0588797
0.0578865
0.0104674
0.0347727
0.0385489
0.0646322
0.00114362
0.00109419
0.0416792
0.0179672
0.0022862
0.0548167
0.0488409
0.00170449
0.0758278
0.000895548
0.0432258
0.0468126
0.0108823
0.0118593
0.00418519
0.00106002
7.84872e-005
0.010843
0.00992564
0.00726721
0.0628699
0.0329945
0.00244073
0.00194232
0.00301255
0.00504147
0.00298691
0.00569667
0.0403645
0.0194689
0.00078949
0.0525843
0.0384123
0.00122952
0.0734881
0.00244409
0.00129249
0.00252263
0.00189559
0.0188501
0.00779315
0.000922264
0.0026529
0.0714924
0.000306995
0.009958
0.0163181
0.00958053
0.00925063
0.0019424
0.094495
0.0107219
0.00841327
0.0221425
0.0356621
0.0543052
0.0361854
0.00907436
0.00290017
0.00964757
0.00149561
0.170428
0.0079052
0.0128998
0.00211349
0.0251952
0.0706982
0.0173583
0.0107497
0.00200291
0.00118327
0.0103379
0.00143356
0.00314607
0.00376435
0.00557241
0.0179356
0.000797353
0.00922261
0.0922011
0.00163227
0.0368314
0.00653034
0.00961451
0.00204972
0.00476066
0.00218664
0.0145469
0.0293342
0.022546
0.0170433
0.00989452
0.0860552
0.045063
0.12454
0.00351423
0.00260459
0.0817064
0.00346056
0.0486429
0.00247632
0.00149672
0.00409738
0.0120875
0.0039119
0.0462014
0.0012162
0.00282841
0.00517294
0.000979468
0.000721664
0.0569846
0.0293337
0.0277848
0.0292023
0.000886962
0.00176337
0.0145651
0.0304217
0.00173497
0.0475199
0.0222488
0.00277295
0.0130985
0.00378262
0.000710795
0.00166124
0.103382
0.000982649
0.00923826
0.00899484
0.0156733
0.00772236
0.00427378
0.000753148
0.00761411
0.0244982
0.00475848
0.00986196
0.00106328
0.0133456
0.00357441
0.0626034
0.00293657
0.000308394
0.0344384
0.000794452
0.0559172
0.00235108
0.0328703
0.00647439
0.025255
0.00445149
0.00273906
0.0018253
0.0234273
0.0246493
0.0169427
0.00617529
0.00123402
0.0222371
0.00175597
0.000638415
0.0306749
0.0606924
0.00421778
0.0729782
0.0883753
0.00121469
0.00512658
0.0298087
0.0707537
0.018598
0.0697508
0.00388386
0.13222
0.00298366
0.00039128
0.00198428
0.000884246
0.0189106
0.00126467
0.00195706
0.00355068
0.00271362
0.0118365
0.00387981
0.00331656
0.0936916
0.103926
0.00196365
0.00190509
0.0820591
0.000676962
0.00970362
0.00578494
0.0406825
0.00352451
0.00347156
0.00127371
0.00291969
0.0555913
0.00143829
0.00893503
0.0100368
0.0241426
0.00549209
0.00436592
0.113087
0.00518351
0.00559411
0.000838095
0.00112193
0.0458628
0.0327488
0.0158642
0.0166034
0.0628328
0.00878224
0.0247279
0.043594
0.00750267
0.00912065
0.00600274
0.0779156
0.00257117
0.0999574
0.0211755
0.0128639
0.001591
0.00212496
0.000558537
0.0260351
0.128772
0.110913
0.018827
0.00451933
0.00348161
0.0055679
0.00157328
0.000387869
0.191174
0.0931167
0.00691851
0.00135168
0.124339
0.116027
0.0196136
0.00114967
0.119157
0.0155782
0.00357806
0.0798135
0.00359688
0.00344985
0.00405396
0.0408013
0.00421081
0.00122419
0.00585613
0.000641892
0.00525282
0.00768187
0.0929364
0.0123169
0.018465
0.0219681
0.0032401
0.00319362
0.00141758
0.00642726
0.00523373
0.000340625
0.0511731
0.00836077
0.0612581
0.0162084
0.0164886
0.00403923
0.062736
0.0424925
0.0249235
0.0066084
0.00733837
0.00152461
0.00494893
0.026115
0.0195805
0.00142
0.0127854
0.00193197
0.0411445
0.00104994
0.00703511
0.00137729
0.00246412
0.0651203
0.00176215
0.0101416
0.000669542
0.00155103
0.020926
0.00732635
0.0541985
0.00142884
0.0101618
0.106315
0.0767898
0.00180961
0.00569313
0.0494265
0.0554401
0.0520863
0.0468745
0.00184961
0.00639253
0.0365052
0.0195819
0.00196559
0.00117595
0.00249314
0.00734355
0.00415993
0.00351995
0.00617516
0.00377231
0.053536
0.000743085
0.00610296
0.00203973
0.00336987
0.072179
0.0198363
0.00401749
0.0012557
0.00884554
0.00902495
0.00581195
0.00446374
0.00973129
0.00373494
0.0182429
0.0117629
0.00448157
0.0347019
0.00147342
0.000729863
0.0723348
0.00291768
0.000278038
0.000579415
0.00115617
0.0687765
0.017856
0.0098722
0.037956
0.00177084
0.0522632
0.113673
0.019273
0.00643514
0.0383874
0.114913
0.0214422
0.00633308
0.00577583
0.161356
0.0381281
0.0422844
0.00260603
0.00395404
0.0473009
0.0818943
0.0321505
0.00161466
0.0129953
0.00162944
0.000672745
0.00883195
0.0040258
0.0419446
0.0244664
0.0168926
0.0173114
0.00717681
0.0018977
0.0654557
0.0149295
0.0281822
0.0357416
0.00231315
0.00578752
0.0842834
0.0103369
0.0759111
0.0104783
0.00483584
0.00709432
0.00217082
0.00231426
0.036329
0.0337696
0.0276757
0.0115326
0.00637843
0.0108078
0.00216836
0.0569194
0.00230001
0.0838821
0.000286426
0.00187916
0.0888661
0.0370601
0.0464282
0.0175064
0.00194821
0.00352581
0.00718147
0.0213127
0.00175461
0.0151237
0.00585016
0.0939807
0.00493308
0.0128129
0.0142277
0.0651405
0.00780257
0.0050695
0.00209278
0.00254838
0.00455999
0.0027625
0.0146074
0.00293105
0.00112479
0.00314872
0.0716991
0.0796551
0.024485
0.0406936
0.00130755
0.00153477
0.0285348
0.0103181
0.000441469
0.0013976
0.00275805
0.00104653
0.00973905
0.00190428
0.00268371
0.00769479
0.0625568
0.0127958
0.0704655
0.00455696
0.00308377
0.00144225
0.0417479
0.0135205
0.00158288
0.00330204
0.00264149
0.00331883
0.0339429
0.0683875
0.0904949
0.00652895
0.00133174
0.0828838
0.0693123
0.00385269
0.00462109
0.00527288
0.00121324
0.0111922
0.0752712
0.00951644
0.008219
0.0347675
0.00318156
0.00120851
0.000835948
0.101026
0.126144
0.00124722
0.00172821
0.00138061
0.00301962
0.00128462
0.00026551
0.0780522
0.00860745
0.00366353
0.00385122
0.0010424
0.0683838
0.0829909
0.013171
0.0255226
0.0408794
0.00120831
0.0122742
0.0851614
0.0129853
0.0259111
0.0231446
0.00723275
0.175624
0.0288067
0.00656041
0.00211673
0.000290129
0.00867005
0.00247597
0.0055713
0.000749802
0.0197479
0.0555908
0.00375762
0.04522
0.0353829
0.00504334
0.00427855
0.0232605
0.00427309
0.00438685
0.00296779
0.00360345
0.00515101
0.000988038
0.0290638
0.00310013
0.0137225
0.000718473
0.0276133
0.0368312
0.00117432
0.00119823
0.00179673
0.0137103
0.00244621
0.095205
0.00915038
0.0011952
0.000498135
0.00218481
0.0487193
0.00181695
0.00802978
0.0208836
0.00309769
0.0508214
0.00305505
0.0687744
0.00230233
0.00397419
0.00104193
0.0212378
0.00316123
0.00390925
0.0299448
0.0103759
0.00121395
0.0473548
0.00613741
0.0634553
0.000649358
0.0171132
0.0435534
0.0223144
0.0307982
0.00725988
0.00514721
0.002572
0.00246227
0.00185409
0.00191178
0.0113903
0.00877397
0.000963192
0.00115719
0.00710253
0.0627363
0.0325633
0.0775222
0.00431532
0.141242
0.00151132
0.00157656
0.00226029
0.00158452
0.0225632
0.00540911
0.00164585
0.000261632
0.0184545
0.00523747
0.00127657
0.00898289
0.00314641
0.0209397
0.035412
0.0185191
0.0317266
0.0186713
0.0143494
0.0142808
0.00692288
0.0223052
0.0131723
0.00869195
0.00334409
0.00507069
0.00449787
0.0450864
0.0670253
0.0140833
0.000755238
0.0274122
0.00324553
0.0968988
0.0206917
0.0103927
0.00238101
0.00707841
0.0323653
0.000486472
0.00230489
0.103154
0.0399514
0.00775663
0.0320767
0.00505692
0.00279384
0.0365758
0.00480387
0.00471834
0.00183704
0.0761752
0.00261513
0.0346143
0.0345564
0.00798489
0.00505682
0.00695576
0.0172852
0.0729395
0.020318
0.00128495
0.00292468
0.00172091
0.000194497
0.0218683
0.00757133
0.00163734
0.0363448
0.00434599
0.0647211
0.0183942
0.044987
0.00224413
0.00487275
0.00711066
0.00230728
0.00032806
0.0492434
0.0256404
0.00182234
0.000342442
0.00156874
0.0689712
0.153863
0.12445
0.00831478
0.00820132
0.0132855
0.0330874
0.0017672
0.00170517
0.0165216
0.0220245
0.0364333
0.0066573
0.0193366
0.00275206
0.0016719
0.0825945
0.00769341
0.00137379
0.00410856
0.00830958
0.00309244
0.0126022
0.105118
0.0250252
0.0314927
0.0303165
0.0547296
0.00171058
0.00157042
0.00204275
0.00469649
0.00992182
0.00215424
0.00756737
0.00140144
0.00092507
0.0022943
0.016273
0.105235
0.0158664
0.000795045
0.033619
0.00279275
0.00177311
0.00250738
0.00462538
0.00213416
0.00509289
2.71047e-005
0.0768188
0.01916
0.0217569
0.00545874
0.000222504
0.00094558
0.0268754
0.0135597
0.020253
0.0037902
0.000611753
0.000172028
0.0104688
0.0208655
0.00529427
0.0315136
0.027301
0.00113041
0.00165146
0.0073312
0.0126783
0.00687056
0.0122766
0.00386429
0.00546552
0.00490216
0.0239497
0.0340808
0.00645945
0.00136731
0.00484538
0.00160922
0.00200923
0.0433652
0.040639
0.00533555
0.000957367
0.000463506
0.000781045
0.0031252
0.116719
0.0884269
0.00390437
0.0161492
0.0110512
0.0458037
0.0397394
0.00263807
0.00286069
0.00706423
0.0502544
0.00292936
0.00380609
0.0133278
0.0039463
0.0241652
0.00247861
0.0032585
0.00778998
0.00405853
0.0513466
0.00639661
0.00249043
0.0252017
0.0476858
0.0751953
0.00131551
0.00269681
0.00737196
0.0632863
0.0620872
0.00118586
0.0020553
0.0209179
0.00652994
0.00546002
0.0209228
0.00416253
0.000984455
0.00193081
0.00280769
0.00110428
0.000774183
0.00220594
0.00369416
0.00131259
0.00183246
0.00447643
0.0296257
0.00501193
0.00454323
0.00267389
0.0497291
0.104217
0.116782
0.00706025
0.00584567
0.00361813
0.00224386
0.0195863
0.124988
0.123348
0.0452302
0.00365354
0.00637721
0.00115031
0.00583317
0.00526253
0.000620312
0.00562691
0.00780143
0.0200857
0.0851557
0.00241637
0.0131643
0.00183238
0.0079801
0.0134679
0.017561
0.0121764
0.0177516
0.0176206
0.00835465
0.00500162
0.0219427
0.0044877
0.0197085
0.0152056
0.00390574
0.162236
0.0176825
0.00317738
0.0529227
0.0290444
0.00143304
0.0121917
0.00261629
0.00288461
0.0018175
0.00763736
0.019697
0.0227128
0.0241873
0.0361216
0.000480149
0.0425495
0.00638375
0.000684593
0.011614
0.00262874
0.00356856
0.0379718
0.0176069
0.0199901
0.033906
0.0002624
0.00547385
0.00416745
0.0579648
0.0415653
0.00399556
0.00437621
0.00924123
0.0181514
0.100712
0.169387
0.0109974
0.021154
0.0487204
0.00260635
0.129523
0.0177639
0.0033808
0.000981508
0.00333028
0.00665448
0.0122831
0.000832369
0.0134317
0.0247992
0.000991721
0.0079151
0.00190909
0.002564
0.0168628
0.00952071
0.0153019
0.0558406
0.0552213
0.0832499
0.000355994
0.00010974
0.127378
0.0677624
0.00264215
0.00291298
0.00292508
0.0340553
0.000652148
0.00745231
0.0201241
0.125941
0.00130451
0.0476852
0.00358686
0.115337
0.015503
0.00189958
0.00938316
0.0109018
0.121031
0.0381847
0.0030244
0.00105887
0.0350961
0.0865609
0.00481887
0.00225539
0.0452077
0.00343338
0.00692636
0.00294276
0.00462394
0.00644869
0.0444159
0.00297139
0.0184623
0.0461852
0.000898384
0.00288946
0.000459805
0.0016973
0.000892662
0.0671077
0.0372465
0.00106994
0.0284967
0.0678594
0.0235806
0.0405675
0.0950376
0.0373421
0.0127927
0.000471694
0.00475784
0.0151009
0.0207867
0.11564
0.0347203
0.00162469
0.0301718
0.00342198
0.00398913
0.00689011
0.0617921
0.000702036
0.0268712
0.00283841
0.000575606
0.00135644
0.0165021
0.138234
0.0229351
0.00516047
0.00231778
0.0668123
0.0396982
0.0481958
0.00202946
0.00797201
0.00352345
0.00175702
0.0403273
0.0471394
0.0156639
0.00471722
0.00640621
0.0199543
0.00332618
0.0161766
0.0170562
0.00214981
0.0329406
0.0083083
0.00176314
0.00110012
0.0246271
0.00708601
0.000671059
0.0010121
0.0683434
0.00157567
0.0146527
0.00427951
0.0110743
0.013812
0.00953327
0.00961875
0.00444984
0.0119001
0.00441132
0.000412173
0.00477878
0.0754607
0.0442745
0.02195
0.00162031
0.00574946
0.00267722
0.0190145
0.0309203
0.0212409
0.0163626
0.0825777
0.0824381
0.0187476
0.0199796
0.00361782
0.00333111
0.00176828
0.00181653
0.00217633
0.0672027
0.0051136
0.0066992
0.0407595
0.0366253
0.0579596
0.00451401
0.032318
0.0283684
0.00973672
0.00153468
0.00224028
0.0416575
0.000646052
0.0163358
0.00397681
0.0127975
0.00121515
0.000756031
0.0464013
0.00328649
0.0562416
0.00587965
0.0154997
0.00683743
0.00706315
0.0100035
0.0150178
0.00107884
0.00344444
0.0798841
0.0335455
0.00279818
0.0397771
0.0317133
0.0327736
0.0256012
0.00754387
0.00454244
0.00017648
0.00488781
0.0366446
0.00328668
0.00509157
0.0552386
0.0513444
0.026606
0.00292688
0.00877364
0.0277899
0.0263041
0.0887158
0.00399298
0.0137213
0.0117633
0.00464595
0
0.0030259
0.0330683
0.0647901
0.0249334
0.184778
0.000640489
0.0172856
0.0374333
0.00515131
0.0225647
0.00772016
0.0191771
0.185079
0.0150413
0.000677671
0.0025944
0.00351561
0.00252853
0.103484
0.0120657
0.0175528
0.0703534
0.015429
0.00161712
0.00126205
0.0502473
0.0167294
0.0114136
0.108348
0.0136207
0.00427755
0.130811
0.00155945
0.0175469
0.0768984
0.00126339
0.0124435
0.00232829
0.0872922
0.0508826
0.0134882
0.0033655
0.00367736
0.0284396
0.00303134
0.00417939
0.0204954
0.010086
0.00194225
0.00100976
0.0276092
0.030639
0.0240682
0.0121566
0.00135944
0.0075805
0.00477698
0.0289795
0.0123783
0.00160017
0.128588
0.0115891
0.0327817
0.000903745
0.00137139
0.0306657
0.113371
0.00101409
0.00825131
0.00466781
0.0286128
0.00178162
0.00331489
0.00274895
0.00152448
0.00176744
0.0778169
0.00250395
0.0520445
0.00840421
0.00711554
0.093665
0.0108438
0.00152693
0.207168
0.0661083
0.0119621
0.0404855
0.0269065
0.0468616
0.0281327
0.0617508
0.0687894
0.0215983
0.00780636
0.132106
0.00765974
0.0175165
0.0176725
0.0420797
0.0877712
0.00127867
0.0335842
0.00098186
0.00106329
0.00700263
0.000974735
0.00246851
0.00155362
0.017289
0.0752346
0.0115011
0.00264588
0.0150278
0.0240732
0.0833199
0.00845226
0.0469872
0
0.00819173
0.000537318
0.00150342
0.00345572
0.00194583
0.0129202
0.00081059
0.00383964
0.0025411
0.00150174
0.0106312
0.00478846
0.000829917
0.0026717
0.0381696
0.0899977
0.0118507
0.00236053
0.000851174
0.00826666
0.0657513
0.0299545
0.000673037
0.0503398
0.210877
0.00486643
0.0031598
0.0238069
0.0104535
0.00567677
0.00182237
0.000897068
0.00110556
0.00280493
0.00163699
0.011484
0.00203301
0.00140064
0.00279913
0.0302946
0.00499597
0.0722258
0.00342017
0.0168957
0.017982
0.0412337
0.0236329
0.00280157
0.0157433
0.00615495
0.00263318
0.00600082
0.000859048
0.0120858
0.00189641
0.0197895
0.00732398
0.0148645
0.00200952
0.00102482
0.0138371
0.00202141
0.00298055
0.00672549
0.00135874
0.0514471
0.00701137
0.00455035
0.00482066
0.00600454
0.0408971
0.000634357
0.00326021
0.0808208
0.00113944
0.0215993
0.00518126
0.00720117
0.0268206
0.00448147
0.00487702
0.077443
0.0231417
0.045257
0.0224083
0.00226157
0.00296468
0.012434
0.00702334
0.0211841
0.00235872
0.00434568
0.00108647
0.0660051
0.00627291
0.00180619
0.0558128
0.117991
0.111142
0.0991558
0.0199241
0.038219
0.00469999
0.00046426
0.0280981
0.00372621
0.0044297
0.00420556
0.00102816
0.0657266
0.0488037
0.00872065
0.0264335
0.0630116
0.0723992
0.00278204
0.0870984
0.0448574
0.0135025
0.00951009
0.0340742
0.00612134
0.0390702
0.0501546
0.00962275
0.0510307
0.0956768
0.00708212
0.00492863
0.000908168
0.000795574
0.0110781
0.0406754
0.0466592
0.00311654
0.000685409
0.0583287
0.0174424
0.0815287
0.108083
0.0136139
0.019151
0.00727084
0.0340914
0.0135556
0.0024098
0.00425833
0.00114956
0.0373242
0.0183411
0.00378123
0.0019057
0.00393676
0.034541
0.0107743
0.00665049
0.00132758
0.0385323
0.00782902
0.149616
0.0275672
0.00479305
0.0161306
0.00739744
0.102591
0.116415
0.00253237
0.00159015
0.00176663
0.0038339
0.0070687
0.0428041
0.0135527
0.00790032
0.00285699
0.0514239
0.0414743
0.00292383
0.0221906
0.00115463
0.00453996
0.0259328
0.0959162
0.0187711
0.0044888
0.0128138
0.00871675
0.0368887
0.0141459
0.002383
0.00453169
0.000787928
0.0564007
0.0023835
0.00224386
0.00213102
0.0660056
0.00398874
0.0182931
0.000539911
0.00717689
0.00340277
0.00650639
0.0201398
0.00574458
0.0171689
0.0064001
0.00268395
0.00226397
0.0178839
0.00697315
0.00166898
0.0429951
0.0187109
0.037325
0.00927164
0.0404286
0.0229804
0.00120929
0.00141616
0.00669067
0.0028842
0.00461188
0.00342901
0.00740752
0.0491957
0.0329195
0.0223846
0.00970498
0.00524842
0.000985674
0.00106941
0.0366514
0.0190955
0.00340484
0.00268968
0.0124606
0.0769956
0.0204229
0.0732489
0.0195329
0.00260898
0.00960001
0.0106965
0.0340378
0.00564881
0.070677
0.00570973
0.0162828
0.0303324
0.00654352
0.00406582
0.0100069
0.00184209
0.0339029
0.0424393
0.066564
0.00187096
0.00131499
0.0148144
0.00233395
0.00646614
0.00868063
0.0343664
0.00193963
0.00961899
0.0112659
0.0883525
0.00986559
0.0451996
0.00677011
0.00282875
0.0019434
0.0238052
0.0185693
0.00114373
0.0389817
0.0101451
0.00331523
0.212426
0.00160137
0.0362108
0.0118614
0.00166109
0.0155241
0.00264199
0.000617635
0.00239627
0.00465633
0.0023478
0.0183103
0.0122353
0.00542745
0.00204458
0.00406354
0.00499871
0.0570046
0.000222132
0.00171669
0.00341884
0.0183983
0.0258906
0.153006
0.00897687
0.00136998
0.00216204
0.10215
0.00138932
0.00195865
0.0115767
0.0371287
0.0518692
0.0356062
0.0167374
0.00458599
0.000623471
0.0145299
0.00283191
0.00509342
0.0225909
0.00663651
0.0955276
0.012591
0.00802597
0.00531956
0.00133664
0.0131027
0.000502747
0.0143036
0.0383594
0.00818404
0.0640298
0.0739601
0.00305307
0.0432959
0.0805613
0.0930205
0.0696363
0.0510419
0.0313597
0.003233
0.00418475
0.00407286
0.00278334
0.0107368
0.0467967
0.0011042
0.00655445
0.000666016
0.00763511
0.0542604
0.00592152
0.0213819
0.139959
0.00453191
0.00133089
0.00440579
0.0510882
0.0327393
0.0054789
0.00188273
0.125503
0.0135332
0.106276
0.00212042
0.00908625
0.00199524
0.0158334
0.00221957
0.0485793
0.0190378
0.0258083
0.0226246
0.00116331
0.022675
0.0420557
0.032029
0.00216955
0.0027045
0.00249952
0.0510877
0.18219
0.0181305
0.025807
0.0228075
0.00637826
0.0534992
0.00177355
0.110253
0.103509
0.00598286
0.00103823
0.00120079
0.00127677
0.0013366
0.00185045
0.000321565
0.0119629
0.109255
0.021067
0.0134808
0.0203962
0.0240258
0.00540973
0.0272061
0.18104
0.0058253
0.104849
0.00724508
0.0424283
0.00864192
0.00656683
0.007109
0.00566371
0.126812
0.00336215
0.00464947
0.00127774
0.0182049
0.0673723
0.0012195
0.0593734
0.000245964
0.0247956
0.0282107
0.00846328
0.00848031
0.165162
0.00522501
0.0667441
0.00739352
0.0940814
0.0039789
0.0591383
0.00455136
0.00240789
0.00605343
0.0865817
0.0422179
0.00760943
0.0516336
0.00884726
0.00458712
0.00459759
0.0199456
0.00407601
0.00674157
0.0058154
0.0199139
0.0134641
0.000531379
0.0378691
0.00266685
0.00629487
0.00169411
0.0306661
0.00320428
0.0124475
0.00234593
0.00277433
0.00385862
0.00145171
0.010874
0.000394737
0.00350606
0.00685245
7.67444e-005
0.00624939
0.00615605
0.0148796
0.00608698
0.00779404
0.0078983
0.0113605
0.00383795
0.00277242
0.00129367
0.00558105
0.0192441
0.00767516
0.00939552
0.00173938
0.00200198
0.0178716
0.0414378
0.00293472
0.00517945
0.00162622
0.00714222
0.0112989
0.0129896
0.0121349
0.0177764
0.0185623
0.0129566
0.00239087
0.00504039
0.00633413
0.00416184
0.00553385
0.0578181
0.0286505
0.0349773
0.00540204
0.00277522
0.000105785
0.0149129
0.00346443
0.026437
0.0248418
0.0629773
0.00300983
0.034595
0.0108758
0.0039742
0.00584528
0.00296719
0.0160012
0.00393749
0.125514
0.00712568
0.00082486
0.00512305
0.00328572
0.00658741
0.0119195
0.00323506
0.0755476
0.0632565
0.000300199
0.141234
0.00918419
0.0282566
0.00959812
0.0033498
0.00728929
0.0997696
0.00289298
0.0939526
0.00403815
0.00581113
0.000993215
0.00318026
0.0197849
0.00322054
0.00251434
0.00426116
0.0316997
0.0525058
0.00301975
0.0100368
0.00879801
0.0452908
0.0112449
0.00186673
0.00124286
0.00137238
0.00219389
0.00616883
0.00302622
0.0422931
0.000801942
0.0670888
0.0566601
0.124676
0.00685671
0.00461337
0.00340095
0.00201599
0.000552539
0.00504562
0.0751113
0.0310609
0.0415255
0.00373251
0.0346977
0.00841491
0.00950215
0.00719677
0.0388201
0.00545455
0.00484865
0.0415519
0.00164123
0.00852316
0.0105474
0.00203305
0.0124822
0.00333386
0.00292976
0.00191475
0.00496535
0.0500056
0.0405581
0.04009
0.00430376
0.00193589
0.0229852
0.00816708
0.00424935
0.00141696
0.00220551
0.0469594
0.0214078
0.0513847
0.00198798
0.0408072
0.00613332
0.029018
0.00714714
0.0285552
0.00371506
0.00468106
0.0031645
0.00959288
0.0102942
0.00840978
0.00164933
0.00670517
0.00387951
0.00517306
0.00367253
0.00123364
0.00195483
0.00845637
0.0162608
0.00507538
0.00268851
0.00653505
0.000447682
0.0135208
0.0143711
0.00260017
0.0292178
0.00103008
0.00537145
0.00414525
0.0167761
0.00647831
0.0129827
0.00471122
0.0144541
0.0295576
0.00825931
0.00864491
0.00236355
0.00451731
0.00411901
0.0123035
0.00125161
0.0596723
0.121803
0.00383702
0.00447629
0.00422166
0.0307425
0.00994471
0.11492
0.119994
0.00805244
0.0134402
0.0124922
0.0013472
0.00195744
0.00420138
0.000578297
0.000422832
0.00448179
0.00565936
0.00505328
0.00127974
0.000510519
0.0471206
0.00566455
0.0121796
0.0146054
0.0440958
0.00363034
0.00328141
0.0468117
0.0186238
0.00263074
0.0114086
0.00751016
0.0139322
0.00145002
0.0059663
0.03159
0.00648333
0.00432076
0.00344033
0.02702
0.00467925
0.00617674
0.0243171
0.0418428
0.0172892
0.00726717
0.00271346
0.00621507
0.00113363
0.000424001
0.0796353
0.00945287
0.00489295
0.00855387
0.00712229
0.0156102
0.00308154
0.00128622
0.00578034
0.0138472
0.0179486
0.0227945
0.020285
0.0247611
0.00363325
0.00418087
0.167137
0.0149367
0.00720331
0.00644486
0.0012944
0.0008626
0.0192855
0.029811
0.061206
0.0213052
0.0136793
0.114909
0.00165509
0.00794568
0.0499632
0.00278903
0.00254706
0.0218378
0.00106208
0.0130903
0.0698429
0.0839581
0.00873251
0.138426
0.0975941
0.0352382
0.017554
0.00295383
0.0311001
0.00376737
0.148817
0.0076243
0.000216454
0.00305684
0.000370025
0.00325212
0.00498455
0.0373031
0.0129861
0.0706627
0.00944623
0.010267
0.00566173
0.00480914
0.00600234
0.00201875
0.0396626
0.0397244
0.0242378
0.000230777
0.00776022
0.0173467
0.00195573
0.0530179
0.00278709
0.0117354
0.0234071
0.0118736
0.0219123
0.0197795
0.00470837
0.0654149
0.0033984
0.124061
0.194108
0.00152164
0.00725899
0.0135665
0.00244326
0.00236369
0.00298701
0.013954
0.00167183
0.0088295
0.00974669
0.022231
0.00365359
0.0089655
0.00989143
0.00198332
0.00644634
0.0193037
0.0076185
0.0109319
0.000319896
0.00357521
0.00291589
0.00384248
0.0105646
0.00462652
0.00234473
0.00394087
0.00339688
0.00411098
0.0113344
0.00374388
0.0234445
0.00489589
0.0125901
0.0280181
0.00482639
0.102309
0.120042
0.00619742
0.0090762
0.0244964
0.00951582
0.0368716
0.000843267
0.000589605
0.00705937
0.00426405
0.0114972
0.0130441
0.00744534
0.00525661
0.00113599
0.0850715
0.00313133
0.00213365
0.0035883
0.00173086
0.0132711
0.00135454
0.00338155
0.0147258
0.010945
0.00812971
0.0175928
0.0987518
0.055298
0.00756417
0.00191463
0.00412022
0.017654
0.00426489
0.00359293
0.0490059
0.0089627
0.0144915
0.00296165
0.00375794
0.00250747
0.031814
0.000919888
0.0106976
0.00709217
0.0183305
0.175481
0.0064492
0.00102396
0.00346441
0.00128197
0.111101
0.0295154
0.0727863
0.0109422
0.00646351
0.00142949
0.00303984
0.0185149
0.00306361
0.00946331
0.0200031
0.00387415
0.0283958
0.00399833
0.00681395
0.129044
0.000520982
0.00377238
0.00101981
0.0031822
0.00673207
0.022415
0.0380641
0.000459947
0.0338382
0.0143971
0.0123995
0.00201516
0.00581136
0.00435563
0.0314147
0.00697446
0.00763851
0.000367922
0.00420173
0.00495754
0.0219761
0.0326716
0.00564859
0.00922556
0.00924816
0.0268629
0.000569199
0.0021521
0.020405
0.0109368
0.0486557
0.0240947
0.00246826
0.00309566
0.00357192
0.0403587
0.00209438
0.00285271
0.00242321
0.102336
0.00492027
0.0829608
0.00523589
0.000988297
0.0223757
0.0150102
0.00480834
0.0857755
0.00724666
0.00160617
0.00223835
0.00637941
0.0701748
0.0033551
0.011883
0.0027102
0.00844739
0.0177233
0.0058637
0.00100255
0.0331393
0.00062242
0.00778665
0.00661642
0.00954784
0.0125451
0.108271
0.000350634
0.0188763
0.000641474
0.097272
0.0130114
0.0150935
0.00733063
0.00515352
0.00309941
0.152195
0.00183217
0.0809618
0.0040482
0.0659043
0.0559386
0.0899117
0.0576502
0.0815026
0.0134616
0.00307523
0.00669138
0.00252747
0.000408198
0.0156452
0.063277
0.00300843
0.00326574
0.00264699
0.0265763
0.012614
0.00775879
0.0624763
0.00147152
0.00503292
0.00875054
0.074063
0.0580983
0.0490099
0.00708658
0.075682
0.0152608
0.00302073
0.0481286
0.00220747
0.00141961
0.000962061
0.01353
0.00237975
0.132502
0.00123054
0.0485675
0.0020104
0.00651584
0.00154603
0.0824487
0.0105177
0.0200221
0.169253
0.00125638
0.00819245
0.0011546
0.0281017
0.116395
0.0118271
0.034342
0.00270608
0.0080615
0.0402178
0.0104483
0.0147679
0.00927383
0.0357384
0.019574
0.00157094
0.00651895
0.00127298
0.0302646
0.000478612
0.00224074
0.0504608
0.030838
0.0386835
0.0101621
0.00257667
0.0428618
0.0377301
0.00260176
0.00338962
0.00364108
0.00243311
0.00757436
0.00200881
0.00200041
0.0061496
0.0291312
0.00317159
0.00198001
0.00205867
0.0541167
0.00012587
0.00462319
0.0299125
0.00187522
0.00434386
0.00454741
0.0219461
0.00155367
0.00670782
0.00123311
0.0429609
0.0249939
0.00315644
0.0160435
0.0403868
0.0354665
0.0296804
0.0103684
0.00457237
0.00287314
0.018048
0.00126648
0.0236723
0.00411155
0.00590764
0.0237442
0.00444698
0.00142157
0.00205751
0.00879684
0.118582
0.0290458
0.0010803
0.0095254
0.0432974
0.017173
0.0190518
0.0712524
0.00180515
0.0103072
0.0168035
0.0354519
0.102259
0.001509
0.00584747
0.00866931
0.00534015
0.00149237
0.00588954
0.00739293
0.00876841
0.00167489
0.0082309
0.000940932
0.00929507
0.0295484
0.170829
0.023425
0.00118362
0.00133388
0.00649869
0.0284018
0.0919957
0.0130122
0.00557604
0.0107904
0.0053698
0.00544916
0.0729017
0.0440946
0.00519604
0.0466985
0.00657523
0.00439129
0.00857849
0.0108769
0.213508
0.175508
0.111657
0.00213052
0.0621349
0.00151803
0.0266469
0.00642432
0.0134879
0.0161752
0.0157724
0.0112602
0.000352391
0.00330308
0.00124149
0.00348392
0.00250147
0.00304295
0.00187388
0.0126463
0.00437162
0.0224184
0.0121058
0.000878129
0.00108368
0.0930505
0.00134159
0.19503
0.127477
0.0426844
0.0067331
0.0121739
0.0822012
0.00219091
0.0149604
0.00403914
0.026535
0.00158506
0.00555949
0.000742738
0.00724177
0.0140127
0.0194857
0.0172988
0.0009073
0.0119971
0.0125167
0.000887572
0.000617885
0.0187378
0.0187299
0.00408374
0.0110972
0.00814099
0.00798553
0.0121141
0.0839877
0.00809781
0.00444358
0.140645
0.0182953
0.0359696
0.0354444
0.00284342
0.00649616
0.0338488
0.0270724
0.004861
0.000332346
0.0819069
0.00528802
0.0488905
0.026747
0.0595377
0.00402144
0.0731885
0.00530561
0.0250921
0.00515884
0.00698661
0.0213488
0.0363706
0.0110144
0.00891002
0.105487
0.0973667
0.127617
0.00838515
0.00486209
0.00222984
0.0481767
0.0142017
0.00471271
0.0213081
0.000455247
0.0562022
0.113716
0.00556263
0.0757989
0.16551
0.000450319
0.00610004
0.104956
0.004423
0.0371967
0.00403864
0.0145348
0.00342296
0.00434502
0.00105177
0.127503
0.0187809
0.12986
0.149272
0.00837948
0.00344885
0.00129912
0.0392465
0.0295426
0.0148144
0.00461779
0.000386317
0.0947243
0.00358524
0.0754786
0.0530737
0.0287405
0.0376152
0.000770311
0.00406254
0.00330737
0.00222172
0.00734668
0.037647
0.0338538
0.0830421
0.0912931
0.0566019
0.0200797
0.0015558
0.00148017
0.0193759
0.0021889
0.00250704
0.0308556
0.0146317
0.0121074
0.0363149
0.00195328
0.0719802
0.00445116
0.0237184
0.00059412
0.00286923
0.0472744
0.0857123
0.00448431
0.0136676
0.000350597
0.00438107
0.032212
0.00176424
0.0476244
0.0332669
0.0327692
0.00135435
0.0193528
0.0363322
0.0707682
0.0900319
0.000792073
0.00618111
0.0516167
0.00172599
0.0187923
0.00302551
0.00033183
0.0321972
0.00700444
0.0073745
0.00232099
0.00725917
0.0341024
0.0114606
0.00506677
0.0144315
0.0190386
0.000673167
0.00356281
0.00923976
0.00860214
0.00113273
0.00431021
0.00632027
0.0458114
0.0537249
0.0513506
0.0306534
0.00348029
0.0271323
0.00382576
0.00402822
0.00564288
0.00578308
0.0750755
0.0695569
0.00517292
0.0057421
0.0580107
0.00905572
0.0622584
0.00269401
0.00903883
0.0433008
0.0274282
0.0244323
0.0222761
0.00826714
0.13678
0.0399082
0.00331762
0.0344232
0.00272667
0.00474306
0.0015909
0.00267065
0.00487994
0.00274564
0.00149651
0.00149596
0.0405059
0.00598895
0.00693654
0.00640631
0.0166983
0.00681973
0.00286257
0.00975995
0.00226103
0.00592824
0.00714308
0.00384069
0.0437621
0.0218096
0.00200636
0.0041189
0.013915
0.00864508
0.00310711
0.0130661
0.0761964
0.005281
0.0273643
0.00760527
0.0148057
0.00483722
0.116834
0.00135311
0.0433825
0.000140022
0.0313989
0.00282848
0.0115519
0.0161064
0.00812127
0.0161444
0.00135521
0.00490558
0.00344953
0.0010618
0.0245399
0.0115959
0.00627432
0.0744986
0.00579254
0.0451352
0.0491492
0.00119171
0.00196816
0.00394479
0.0196722
0.012613
0.00208608
0.00275953
0.00520955
0.00614465
0.00448269
0.0143776
0.00312728
0.000483767
0.00281985
0.0241289
0.073695
0.00155565
0.00143788
0.00345999
0.0016352
0.0279066
0.0233574
0.00947149
0.00826157
0.00826913
0.0710583
0.0952829
0.0625585
0.00322875
0.00465534
0.00698947
0.0177899
0.0036603
0.0152484
0.0140398
0.00467414
0.00873448
0.00598688
0.0251459
0.0061202
0.029184
0.00524336
0.00730335
0.00645754
0.0441939
0.0165026
0.0357971
0.14017
0.139717
0.00323924
0.00918385
0.000583247
0.0115645
0.015017
0.00466727
0.116475
0.0897255
0.000789385
0.0569666
0.00496881
0.00373762
0.00498131
0.0100231
0.0270544
0.0196249
0.0118158
0.00101371
0.0638616
0.00617947
0.00738601
0.0274898
0.0747593
0.0014506
0.00340076
0.00951793
0.00476028
0.00631928
0.0235791
0.0204647
0.0477554
0.000837272
0.0114426
0.00260999
0.000321754
0.00083812
0.00258214
0.0152063
0.0492431
0.00551959
0.0207252
0.0692311
0.024889
0.00854029
0.00628081
0.0149893
0.00529408
0.00207892
0.00196266
0.0213232
0.00439286
0.00384854
0.00918988
0.0113752
0.0218445
0.00467379
0.00558447
0.00369374
0.0397222
0.0489285
0.00181975
0.0614773
0.0514401
0.00347598
0.00823419
0.00836695
0.00353657
0.00279303
0.0036026
0.04622
0.0014695
0.00443641
0.0684744
0.211181
0.0158995
0.0136624
0.0414113
0.00848726
0.0138006
0.00804334
0.0135459
0.0123481
0.000401107
0.000208262
0.0123324
0.00879365
0.00191461
0.0636914
0.12435
0.165208
0.000593764
0.00272016
0.00889218
0.00657891
0.0133512
0.00796689
0.00101072
0.0323597
0.12833
0.00337471
0.059858
0.0065971
0.0080498
0.00820427
0.00115422
0.00386476
0.0198299
0.192623
0.145979
0.0492565
0.0053074
0.111031
0.00164544
0.0132994
0.00288549
0.0360877
0.0089412
0.00605372
0.00761058
0.00185284
0.00557679
0.00218651
0.0142732
0.00560256
0.00780547
0.00871769
0.00882885
0.0220439
0.0131439
0.0146139
0.0296931
0.00833508
0.0016449
0.0100148
0.00316019
0.00103209
0.0239593
0.0208901
0.033199
0.00328161
0.0116483
0.00782069
0.000883943
0.0034265
0.00238879
0.00636142
0.0446611
0.00119548
0.0116564
0.0119685
0.0139417
0.0112454
0.0114439
0.0251958
0.00361849
0.00588302
0.0138641
0.0389123
0.0035246
0.000518343
0.0733425
0.00430361
0.0172033
0.100148
0.00381061
0.00302856
0.0814243
0.114389
0.0384335
0.0599721
0.0320119
0.0111528
0.0218528
0.0426713
0.0109015
0.00174316
0.0928844
0.013433
0.0345256
0.0384741
0.00435765
0.0338486
0.0294187
0.00168195
0.00611657
0.000940859
0.00453618
0.0177194
0.0626868
0.0463563
0.00251989
0.0340426
0.0030278
0.0090748
0.00403419
0.00472644
0.0132731
0.0553875
0.0169566
0.125322
0.00283516
0.0641233
0.00610759
0.00561651
0.00337646
0.0150876
0.0144056
0.0389399
0.00648881
0.0133054
0.0154385
0.00190041
0.00186888
0.183368
0.0031909
0.013917
0.00470582
0.0473253
0.138698
0.00182062
0.0118968
0.00931902
0.00976599
0.0133385
0.00264119
0.0105752
0.000489931
0.0127165
0.0134689
0.00919313
0.0165262
0.00723192
0.00621793
0.000738052
0.0109779
0.00243415
0.00552602
0.0100944
0.00415258
0.0209939
0.0376941
0.00212469
0.00331491
0.00228766
0.00233104
0.0226674
0.0238281
0.00952137
0.0014528
0.0609355
0.0360065
0.00440725
0.0754562
0.0129166
0.00382838
0.00458022
0.00206886
0.00406576
0.027288
0.0182779
0.0187061
0.0567378
0.00326291
0.00159908
0.00167799
0.00914352
0.00609571
0.0148004
0.142596
0.15546
0.0740006
0.0551751
0.0892908
0.000781695
0.00335233
0.00162679
0.00144236
0.0725358
0.00235781
0.00056848
0.00459664
0.00923016
0.00842009
0.0241527
0.00942229
0.00334655
0.00727748
0.0351776
0.00231042
0.0113039
0.00374038
0.00381677
0.00600604
0.00859411
0.0101726
0.00271106
0.0340372
0.00578605
0.0139941
0.014009
0.00610055
0.00147022
0.000946394
0.00693228
0.00596347
0.0546988
0.00311609
0.00097637
0.045751
0.00730735
0.095649
0.00441132
0.0160061
0.0128118
0.0276271
0.0238295
0.0542032
0.0483891
0.00825097
0.0068885
0.00364109
0.00458708
0.00612972
0.000559851
0.0143853
0.017431
0.00925459
0.00201574
0.012298
0.224904
0.000436332
0.00169925
0.00361203
0.00673143
0.00819977
0.0392539
0.0674464
0.00337735
0.0116681
0.0250883
0.000870812
0.0357367
0.0290791
0.00344127
0.124048
0.00457782
0.0608748
0.0372591
0.00214291
0.0188963
0.0335432
0.0634114
0.0253912
0.00685766
0.00658238
0.000268586
0.00339217
0.00922943
0.00260373
0.0128977
0.0356403
0.00494564
0.00598566
0.012728
0.00127164
0.010796
0.00671658
0.010481
0.0205154
0.0343111
0.0126095
0.00231315
0.000740008
0.00345924
0.0101453
0.0371536
0.0182284
0.0868568
0.0725976
0.074869
0.0723663
0.0032376
0.0171348
0.0270557
0.0658729
0.0424096
0.00316812
0.00943868
0.00515304
0.0439378
0.0411707
0.00111619
0.00743257
0.013254
0.00243238
0.063009
0.0275959
0.00469162
0.0211323
0.00252446
0.00139157
0.00648155
0.0249532
0.0127951
0.000465333
0.0256817
0.00354816
0.157811
0.0221879
0.0562758
0.0161869
0.0242812
0.0298077
0.00897837
0.0228889
0.00382381
0.00780291
0.00743461
0.00807085
0.00276262
0.00367146
0.0057741
0.0973259
0.0779493
0.0343799
0.00790562
0.0184998
0.00121095
0.0214004
0.0107958
0.0222929
0.0351544
0.00128534
0.0205853
0.00212678
0.00244585
0.0568806
0.0555101
0.00613094
0.00376941
0.00780137
0.0232624
0.0344876
0.00308524
0.00628931
0.0405272
0.00345203
0.00233736
0.140719
0.00915253
0.00870301
0.00368975
0.0617418
0.00780819
0.0430686
0.0111327
0.00923676
0.00206963
0.0714798
0.00979968
0.00959119
0.0432903
0.00565543
0.0113337
0.00567132
0.0148074
0.0869669
0.00652817
0.00410019
0.0929418
0.00693731
0.0037575
0.0662769
0.00700948
0.0350788
0.0142359
0.00599255
0.0354073
0.00784766
0.00866247
0.00776491
0.118818
0.00134164
0.0012692
0.0446501
0.00612904
0.0306508
0.00721019
0.00729244
0.00515895
0.00325011
0.149556
0.107033
0.0181666
0.0412084
0.012784
0.0282202
0.000902152
0.086428
0.0270279
0.00769275
0.0171195
0.1905
0.00395429
0.0102994
0.0189789
0.035182
0.0134775
0.00280316
0.0213456
0.00267223
0.0125685
6.71047e-005
0.00102501
0.00900101
0.00313542
0.0361003
0.0486144
0.0184397
0.034137
0.00639717
0.00401732
0.237784
0.00231598
0.00315491
0.00184876
0.0159592
0.0563104
0.00391634
0.00883564
0.0222245
0.0186769
0.00079282
0.0084324
0.00116206
0.000675948
0.0442828
0.0170638
0.050216
0.0289613
0.00220913
0.0512659
0.00533665
0.00223689
0.0341096
0.0823893
0.00715586
0.00396572
0.0668372
0.045486
0.0724172
0.0391351
0.0946796
0.117917
0.00129927
0.0292116
0.0140685
0.00835909
0.00387709
0.0233232
0.0155967
0.00340334
0.0168768
0.000668384
0.0138294
0.0109719
0.0019473
0.0064622
0.00400908
0.00732412
0.00209444
0.010042
0.0196896
0.0179026
0.0494412
0.0228962
0.032127
0.0342725
0.0134553
0.0510296
0.109382
0.00459673
0.00682314
0.00158398
0.000550993
0.00242232
0.0138336
0.0138407
0.00101379
0.129314
0.0112756
0.00145867
0.00102196
0.00755491
0.00318008
0.0540221
0.147446
0.00279102
0.00315055
0.0323024
0.00176181
0.0714434
0.0804955
0.083277
0.0145315
0.0134672
0.00182237
0.0023176
0.00492469
0.00097843
0.00914994
0.00976832
0.00423136
0.00154837
0.0124171
0.172302
0.0474618
0.0022176
0.00833751
0.00997668
0.06163
0.00359464
0.00346865
0.00132739
0.00325404
0.0307798
0.00409641
0.00679081
0.00874329
0.00071371
0.0137023
0.0139145
0.00716767
0.0193073
0.00330529
0.0171667
0.0687986
0.0197549
0.00037606
0.0509193
0.0753089
0.00250613
0.00116021
0.000401181
0.000512394
0.0346591
0.0886596
0.000892991
0.00191357
0.144841
0.0155499
0.00750404
0.0348909
0.0213248
0.00301767
0.0026318
0.0793681
0.0739986
0.0180995
0.00450596
0.0221231
0.0141683
0.00391809
0.0117942
0.115911
0.178241
0.00432198
0.00712095
0.00188452
0.0865059
0.00341646
0.00715479
0.023209
0.123612
0.0357724
0.040988
0.038105
0.00146019
0.00208888
0.0478983
0.0305198
0.0450649
0.00673064
0.00712124
0.00820418
0.0375018
0.0446505
0.010635
0.166412
0.230437
0.000917743
0.00146069
0.00226741
0.0205367
0.0128203
0.030927
0.00626306
0.00470997
0.00362433
0.00384865
0.0501331
0.0212434
0.000965446
0.00755039
0.0148274
0.00780194
0.0204745
0.00933245
0.00516347
0.00746799
0.0344247
0.0752221
0.00338541
0.00335656
0.00427785
0.195459
0.0478599
0.00955114
0.0602087
0.00251368
0.0198881
0.0547095
0.0117644
0.0116468
0.00162409
0.00460337
0.062211
0.000603133
0.0187023
0.0387196
0.00331524
0.00319802
0.0511953
0.222384
0.201273
0.213829
0.225418
0.00692485
0.00519229
0.0042008
0.00266231
0.00371822
0.0252652
0.000660392
0.0240419
0.006945
0.0564502
0.0260195
0.0084512
0.0379405
0.0426035
0.00828215
0.00323935
0.00678017
0.000999087
0.0413275
0.00321567
0.00287671
0.0273501
0.00540373
0.0295541
0.00353038
0.00560214
0.015899
0.00056486
0.0173988
0.00894889
0.0312948
0.000658231
0.00707621
0.00231364
0.0302346
0.0101519
0.00317927
0.00717652
0.0404662
0.0071543
0.000536237
0.00118184
0.00367781
0.061221
0.00497652
0.00431676
0.0552993
0.00738499
0.0026231
0.0578928
0.0421546
3.00468e-005
0.00519796
0.02313
0.00433947
0.00180563
0.0110809
0.00571791
0.000237919
0.00245153
0.0157814
0.0625406
0.0313894
0.000952996
0.177633
0.00264444
0.00211908
0.00352117
0.0301331
0.016823
0.0203105
0.0215345
0.000972716
0.145438
0.00728677
0.00345811
0.00496149
0.00128396
0.00247522
0.00381878
0.0083169
0.0134796
0.027247
0.00301171
0.011268
0.0084638
0.000507027
0.0153077
0.00172888
0.148622
0.0180816
0.00667141
0.0144894
0.0439348
0.00384828
0.00572624
0.0539917
0.00371438
0.00131475
0.0106145
0.0026886
0.0110904
0.00891436
0.00821567
0.00146472
0.132516
0.0709031
0.000329812
0.0135356
0.136387
0.0393762
0.00151756
0.00384099
0.00604912
0.00747759
0.00616969
0.00309863
0.00881878
0.0177448
0.0277583
0.142343
0.00605589
0.00264803
0.000254354
0.00395822
0.0102281
0.00325599
0.0131882
0.00615403
0.00578508
0.0874306
0.00816408
0.00321864
0.0386945
0.194426
0.0360187
0.0151188
0.0496999
0.196892
0.00279271
0.0574423
0.00365474
0.0878176
0.0131378
0.00561557
0.00333313
0.000108426
0.017665
0.00383286
0.151915
0.0205925
0.00684957
0.00195287
0.00158507
0.182725
0.0092284
0.0490991
0.0160371
0.058009
0.000682084
0.00505873
0.0478472
0.0542686
0.00998329
0.0139285
0.0110466
0.00119591
0.00568393
0.0366435
0.00365068
0.0169954
0.00298997
0.0459883
0.0106188
0.0101564
0.00294328
0.00144156
0.0847378
0.0840913
0.0289101
0.00524177
0.0530014
0.00209283
0.00519927
0.000718131
0.0457979
0.0692741
0.00372529
0.0556222
0.00439971
0.0744265
0.016855
0.00375208
0.00713651
0.0261803
0.00183835
0.00146932
0.0029612
0.0038127
0.0322631
0.00767757
0.00335139
0.00445083
0.00341727
0.00631553
0.104943
0.0994151
0.0048892
0.0169436
0.0163417
0.0128904
0.0173645
0.00445582
0.00976229
0.0390799
0.00838532
0.0039341
0.0333692
0.0384864
0.123339
0.00732721
0.113228
0.00281094
0.107365
0.111299
0.00511978
0.00324702
0.112631
0.00400604
0.00994157
0.00210246
0.000760611
0.00319849
0.0105407
0.0482266
0.00291986
0.00108413
0.00357513
0.0130441
0.0135867
0.0105937
0.0204238
0.0719713
0.00339356
0.0297497
0.00558616
0.00189744
0.0207699
0.00155715
0.00506558
0.00233186
0.00381658
0.0142716
0.000567399
0.0107693
0.00985394
0.00310546
0.0088297
0.011539
0.000825068
0.00304848
0.00241534
0.00243571
0.003244
0.0154168
0.0390064
0.00175457
0.00717967
0.000351992
0.0290959
0.00973218
0.0039397
0.0846609
0.0386834
0.00613211
0.0159517
0.0341012
0.0216329
0.0115218
0.0058407
0.00107206
0.0503165
0.0251335
0.00567992
0.00355436
0.00150739
0.00537691
0.00789608
0.0198141
0.00748547
0.00615267
0.00503363
0.0345422
0.00438776
0.00660651
0.00457629
0.0195595
0.0532386
0.0025828
0.00310376
0.014354
0.0677272
0.0739445
0.00877345
0.00142638
0.00547485
0.00875466
0.0057454
0.00936439
0.00313322
0.198449
0.0161027
0.00291202
0.0386522
0.000874967
0.0158252
0.108127
0.00515205
0.022776
0.0151079
0.0315868
0.00540149
0.0179987
0.00365381
0.00849917
0.000220084
0.0657938
0.0122675
0.0154118
0.0237134
0.00247315
0.0396401
0.00467518
0.00658144
0.0050711
0.0663778
0.0044055
0.00476721
0.00528259
0.0327569
0.0043
0.00224004
0.0218755
0.0338942
0.0265458
0.118939
0.0103861
0.00150439
0.0901365
0.00442342
0.00484826
0.000703225
0.0640748
0.0147448
0.010358
0.0553318
0.0276086
0.0243887
0.00191035
0.00124095
0.00415778
0.00658903
0.0201827
0.0966212
0.129434
0.0123912
0.0223561
0.00462698
0.013636
0.0164012
0.00620806
0.0180991
0.00763796
0.034756
0.00597716
0.00245156
0.00096815
0.00411626
0.0202016
0.143477
0.0115324
0.0694012
0.0604771
0.0282214
0.00101635
0.00426805
0.0359419
0.028612
0.00624286
0.00378365
0.035291
0.00178326
0.0277585
0.00388495
0.133784
0.0006261
0.00458344
0.00403152
0.00225199
0.00837742
0.0360414
0.00278468
0.000713412
0.0129116
0.00644578
0.0138134
0.0101492
0.0371737
0.0128713
0.0194163
0.0590541
0.014644
0.0432758
0.00285724
0.00553834
0.0310805
0.0482695
0.00921647
0.0768929
0.00382136
0.00740893
0.00762849
0.0213262
0.00352074
0.000964556
0.00297107
0.00245259
0.00437293
0.0532626
0.00789468
0.00148703
0.00344274
0.00218308
0.00317109
0.0227415
0.111652
0.00364594
0.00382355
0.00799012
0.00449248
0.00304275
0.0182398
0.00373362
0.132004
0.119559
0.00909453
0.00496427
0.022581
0.00941523
0.000319817
0.113779
0.00372698
0.204318
0.0151709
0.00153561
0.00214917
0.00219496
0.0126236
0.0070196
0.20105
0.00526155
0.00952736
0.00588966
0.121363
0.0180708
0.0511781
0.0148922
0.00197052
0.0918549
0.00443783
0.00316061
0.00113707
0.0658688
0.0199554
0.029387
0.019142
0.000709811
0.163729
0.00219264
0.00973273
0.0153729
0.0132722
0.00638145
0.0200467
0.0139846
0.0163011
0.00677725
0.00379644
0.00111707
0.00583892
0.0177022
0.00850185
0.00588008
0.13349
0.105629
0.0217624
0.00084092
0.00582612
0.00475379
0.00676665
0.00537248
0.0487667
0.00708254
0.0706791
0.0157501
0.00444505
0.000383034
0.013967
0.0117766
0.00573597
0.00135978
0.00877277
0.0692464
0.00137414
0.00852093
0.00705835
0.00732592
0.0794435
0.047847
0.085865
0.0379607
0.123146
0.00364692
0.0386682
0.0304356
0.00347405
0.0364373
0.00305297
0.105933
0.00186318
0.00636128
0.0370319
0.0570343
0.00173337
0.0168042
0.00634613
0.0444438
0.00831272
0.021254
0.0159205
0.0020093
0.0028671
0.0342016
0.0399897
0.00213546
0.0606836
0.00348923
0.0115778
0.00709308
0.000288314
0.0540758
0.0166641
0.0952914
0.0356068
0.00523948
0.00641614
0.0774189
0.00154202
0.00126297
0.00690909
0.00870215
0.0010099
0.0725619
0.134621
0.0101388
0.0734558
0.0534989
0.00436259
0.00272296
0.01008
0.0427368
0.00212204
0.163045
0.0254109
0.0130624
0.0153157
0.0265498
0.00161001
0.0630041
0.0024943
0.0181412
0.00213828
0.00249131
0.0317062
0.0224069
0.000903549
0.000386087
0.0187146
0.00974948
0.0103211
0.0283976
0.0763347
0.0192225
0.00178301
0.0827308
0.185403
0.0310434
0.0471909
0.00703484
0.00481056
0.103745
0.000918615
0.00366028
0.00956481
0.084304
0.0433541
0.0303577
0.0839206
0.00376211
0.0243672
0.0692002
0.0183
0.00716877
0.00280351
0.0188103
0.00273049
0.133129
0.00427873
0.023028
0.121718
0.0104044
0.00734311
0.0362959
0.0136011
0.0226941
0.211789
0.00135164
0.0099425
0.0945881
0.0804684
0.0556537
0.0118332
0.0110107
0.127006
0.091885
0.0321203
0.034983
0.0106498
0.00253681
0.0134496
0.0463286
0.00698062
0.000696766
0.0127407
0.00170983
0.014285
0.0190447
0.124957
0.0852105
0.00849524
0.00655179
0.0211621
0.0145315
0.163749
0.00199195
0.00613823
0.0102205
0.000693073
0.0105557
0.0070804
0.00416744
0.0048002
0.0689169
0.024641
0.0030874
0.00328335
0.0321909
0.00156833
0.0119956
0.0280678
0.00249432
0.00245125
0.00151326
0.00434827
0.00127396
0.00621059
0.0365711
0.0337779
0.0482413
0.0717315
0.0364436
0.0821221
0.0674403
0.00256995
0.0287985
0.00199083
0.0047749
0.00331233
0.139628
0.119188
0.00543673
0.000352937
0.0401733
0.000117732
0.00180993
0.0128956
0.00288923
0.00485032
0.0268411
0.167808
0.00391539
0.0569136
0.153192
0.0132177
0.00284833
0.110746
0.0145368
0.00477318
0.0437913
0.0690491
0.00525289
0.0785608
0.00380254
0.100676
0.0192028
0.0164722
0.00760899
0.0548133
0.0400488
0.00536857
0.0173555
0.00363301
0.00362262
0.0191174
0.034869
0.00461486
0.00914542
0.0014707
0.0204837
0.0305679
0.000645206
0.00300471
0.0976142
0.00306817
0.0323594
0.00399578
0.000466547
0.00377426
0.000980717
0.00755398
0.00355951
0.00476925
0.00303665
0.00260314
0.0191251
0.00517161
0.00301211
0.00654675
0.00214195
0.0296101
0.0059493
0.0292626
0.00545342
0.00355638
0.00289742
0.0138062
0.00180181
0.12445
0.00715511
0.00350458
0.0048992
0.00341909
0.00378547
0.00122964
0.0417728
0.00267655
0.00382506
0.00252595
0.00961471
0.00544106
0.00204017
0.00224538
0.112035
0.0842473
0.00422513
0.0946211
0.00605293
0.013242
0.00166736
0.0057459
0.00060682
0.0580941
0.00169243
0.0221499
0.0503212
0.0506764
0.0184545
0.041514
0.023399
0.0286978
0.0089179
0.0410638
0.0182461
0.00226587
0.00743809
0.0257678
0.0289476
0.0298314
0.0281427
0.0423021
0.00395308
0.00251091
0.00508837
0.004282
0.0246234
0.00562816
0.215685
0.00417754
0.0632178
0.154806
0.0073336
0.00802286
0.00426851
0.00295527
0.139815
0.121484
0.0672932
0.0190457
0.00109936
0.177805
0.0147101
0.0119772
0.00320931
0.00237807
0.0529481
0.00438874
0.0285907
0.0816889
0.055835
0.0135652
0.031457
0.00488383
0.00147482
0.013338
0.0185876
0.00226258
0.0697942
0.0477273
0.00147127
0.00439254
0.0223858
0.000786351
0.122922
0.111132
0.186389
0.0405689
0.0840729
0.00509419
0.00543308
0.00402285
0.00400985
0.0287865
0.00844
0.00881076
0.00346814
0.0676345
0.00109674
0.00313775
0.000998691
0.00340353
0.0464775
0.00437273
0.0224449
0.00163235
0.0130536
0.0193885
0.00197085
0.00539924
0.00537748
0.0502528
0.135916
0.00792524
0.00426461
0.015196
0.0150488
0.0648214
0.0493089
0.0348425
0.0640516
0.0859668
0.00559092
0.228375
0.126248
0.00608156
0.014078
0.140879
0.0121995
0.0407455
0.00623148
0.0403823
0.00169061
0.00186458
0.000857261
0.0402686
0.000821033
0.00397076
0.00542255
0.00193437
0.00104219
0.0163273
0.00309888
0.0151583
0.00155962
0.125948
0.00608131
0.0302381
0.0430863
0.0049266
0.00183863
0.0257796
0.0845269
0.0547636
0.00638336
0.00876782
0.0899619
0.00165564
0.0014696
0.00384697
0.00472606
0.0127704
0.00673288
0.00223098
0.00163033
0.0308804
0.0632002
0.00257138
0.00534316
0.00283225
0.00651603
0.00171812
0.00258022
0.0008008
0.0899879
0.0665256
0.132203
0.00696699
0.00550483
0.00503542
0.00283558
0.0899634
0.00296708
0.00873294
0.0103638
0.0383332
0.0132829
0.00397439
0.0279965
0.030376
0.0363754
0.000728186
0.177792
0.00109834
0.00259602
0.0133313
0.00748608
0.0030106
0.00140566
0.0266984
0.00806408
0.00107067
0.0504207
0.0169832
0.0191869
0.0362413
0.0403199
0.000856046
0.00337388
0.0867942
0.000996667
0.00228952
0.0062106
0.16366
0.0128155
0.00182203
0.000716923
0.148537
0.00728846
0.00105372
0.075645
0.0557597
0.00321368
0.184751
0.0388122
0.0174421
0.0126543
0.00850539
0.0106025
0.00792676
0.00140323
0.00462143
0.0405708
0.0415967
0.00277523
0.00495136
0.129723
0.00386205
0.0349592
0.00432986
0.0373038
0.0437967
0.00326838
0.00153689
0.00561934
0.0099022
0.000768294
0.00499201
0.013753
0.0411277
0.0239809
0.00448394
0.00185656
0.00273762
0.0464586
0.0907373
0.00684781
0.037185
0.00223804
0.001176
0.0227614
0.0225172
0.0240386
0.0240682
0.0200921
0.024081
0.0199135
0.0354834
0.0380946
0.0206114
0.0178429
0.0135358
0.00364717
0.00504148
0.0379848
0.0712557
0.0134072
0.00831962
0.0309657
0.00220983
0.00619655
0.0101851
0.00369663
0.115857
0.311361
0.000425885
0.0421796
0.00737337
0.00337609
0.00515511
0.00611049
0.0168689
0.0769998
0.00075007
0.122127
0.00676403
0.0022329
0.00436081
0.000697727
0.00098914
0.00528501
0.0102746
0.00250741
0.00913944
0.0113827
0.012259
0.0256289
0.00299503
0.00301249
0.029047
0.0276111
0.00279034
0.00211082
0.00607136
0.0480008
0.00296712
0.0377823
0.0165631
0.108323
0.0107405
0.00538307
0.00999458
0.0125276
0.0158996
0.0102662
0.00186208
0.00205635
0.00346468
0.00592418
0.0190639
0.0252089
0.026495
0.0105721
0.0420175
0.0041191
0.00102618
0.0037474
0.00197336
0.0247146
0.0108725
0.118396
0.118517
0.0885966
0.11491
0.106031
0.022619
0.00224886
0.000516221
0.103443
0.00152871
0.00696075
0.00412883
0.0254219
0.00106217
0.0332998
0.0263551
0.00522637
0.000167947
0.00108187
0.0388564
0.00108318
0.00168257
0.0424162
0.0249789
0.000801723
0.00509188
0.0809608
0.0562021
0.0073909
0.181235
0.0687716
0.0869265
0.00311177
0.00523555
0.00545917
0.00280251
0.0153034
0.0173893
0.114162
0.154495
0.0123302
0.0138406
0.0110297
0.0294906
0.00141971
0.000592972
0.0938399
0.0485461
0.00810238
0.0622351
0.00513543
0.000765938
0.00854064
0.00222782
0.0327927
0.0330975
0.00488605
0.088054
0.00272157
0.0348497
0.0198406
0.0019754
0.0686287
0.000403402
0.00344377
0.00105658
0.000414815
0.00647085
0.00401962
0.00345267
0.00144279
0.0525745
0.0048344
0.113272
0.000804389
0.00195028
0.0310902
0.0615983
0.0122477
0.130206
0.0664528
0.00818997
0.00906248
0.00996532
0.00405618
0.0104724
0.00895657
0.0297487
0.024612
0.0282199
0.000377044
0.0440305
0.041894
0.0026569
0.064955
0.00997743
0.145198
0.0829724
0.00299614
0.0642702
0.0163097
0.0872968
0.140254
0.00331688
0.0451806
0.00171829
0.00524686
0.0259016
0.0358514
0.0157844
0.00821494
0.127631
0.00265628
0.0241534
0.00163181
0.0328968
0.028292
0.00682975
0.0973747
0.134273
0.00182874
0.0117164
0.000807721
0.0356786
0.0250984
0.0336206
0.0108748
0.0117379
0.114157
0.107486
0.0119454
0.00118448
0.0218631
0.00831323
0.0237591
0.000701281
0.00393052
0.022207
0.0612545
0.00749964
0.0057202
0.00571017
0.00806584
0.00544389
0.00644457
0.00888908
0.0222871
0.000972441
0.016635
0.0646935
0.00534332
0.00349554
0.00358672
0.00669258
0.00765224
0.0397123
0.0399287
0.0529706
0.00310693
0.00220942
0.0570549
0.0560721
0.000856176
0.0398221
0.0384168
0.00953428
0.00572481
0.00144605
0.106394
0.0658428
0.00401924
0.00183916
0.0266216
0.030508
0.00452338
0.0238101
0.00489951
0.0167992
0.0731873
0.000724981
0.00476381
0.0122654
0.0192644
0.00258695
0.062517
0.0601141
0.00336235
0.00117566
0.0117276
0.00086211
0.0014906
0.00220422
0.00789537
0.0783257
0.00338348
0.0413597
0.0157638
0.00228589
0.00376504
0.0335988
0.00950234
0.0473032
0.023391
0.00280656
0.00320491
0.00404286
0.134016
0.0736803
0.0115708
0.0167721
0.0645824
0.00191378
0.186889
0.0529064
0.0421403
0.042827
0.0104452
0.00224497
0.00514205
0.071212
0.0124697
0.00119387
0.154552
0.0660756
0.0638885
0.00933753
0.0716363
0.0801113
0.0790094
0.0204769
0.00183716
0.00166286
0.00674765
0.0257578
0.0119502
0.0405015
0.0410377
0.0023151
0.00480924
0.00379176
0.00504556
0.144445
0.0821448
0.102961
0.017993
0.00683216
0.0026679
0.000500452
0.0332749
0.0209564
0.0113263
0.00812057
0.109859
0.00175458
0.049302
0.0286417
0.00043604
0.000484926
0.00455088
0.0071793
0.00533493
0.00936303
0.00209006
0.00169993
0.0893793
0.00680793
0.0108777
0.072459
0.0392229
0.115491
0.0666758
0.0112143
0.004351
0.129163
0.00449712
0.0045946
0.00330854
0.0305236
0.0200426
0.0723304
0.0656572
0.000661778
0.00603243
0.00997266
0.0521814
0.00103187
0.00426221
0.055362
0.0167968
0.113462
0.00552106
0.107294
0.00394598
0.0738652
0.0640192
0.0408185
0.00427827
0.00172715
0.0143006
0.00494268
0.106204
0.117282
0.00470681
0.00772295
0.00820222
0.0542655
0.043213
0.00101859
0.0137906
0.00206844
0.0422667
0.0185634
0.00204045
0.0379692
0.056428
0.00873693
0.0216961
0.00317601
0.0022533
0.0475697
0.00500464
0.045508
0.0268618
0.0426351
0.043491
0.156142
0.157026
0.00363583
0.0670359
0.00151008
0.0877071
0.0979414
0.00468458
0.00196838
0.00615979
0.00149157
0.00649315
0.0128962
0.00787418
0.176165
0.0175139
0.0157232
0.00593944
0.00576812
0.0293455
0.0852969
0.00441755
0.0337324
0.0300023
0.00906933
0.13524
0.00595136
0.00508536
0.000642941
0.00184244
0.032402
0.0158024
0.00220898
0.116709
0.098401
0.0180471
0.0659353
0.00876425
0.0593792
0.00489607
0.00198158
0.0423754
0.00233127
0.0176174
0.000560568
0.0161447
0.00178796
0.00332077
0.0053468
0.00627179
0.0265498
0.00284172
0.000999962
0.00373873
0.00185795
0.007876
0.0128047
0.0730274
0.0763368
0.0182724
0.00121575
0.00756795
0.0373231
0.00442228
0.00283172
0.0380314
0.015303
0.00326905
0.00432493
0.086484
0.0990931
0.00252606
0.00209115
0.03479
0.00409533
0.129242
0.00871642
0.0287901
0.0024289
0.0715532
0.00539665
0.0439603
0.0695453
0.0103048
0.0137195
0.000604394
0.000897826
0.0220218
0.0083545
0.0961713
0.00508511
0.0181737
0.0311166
0.0433777
0.00443911
0.0015318
0.0283511
0.00312519
0.0051355
0.00109161
0.00369692
0.000465532
0.0337204
0.15563
0.00543626
0.0046329
0.00640296
0.024231
0.00289925
0.00332017
0.0144569
0.00445247
0.00418174
0.00374927
0.19937
0.00109908
0.0124693
0.152683
0.0450751
0.00346574
0.00295827
0.0327145
0.00902434
0.00471825
0.0211814
0.0160658
0.00139144
0.0405303
0.00337397
0.00195496
0.00391707
0.00339841
0.0729668
0.00430154
0.00291492
0.122297
0.0904559
0.00184392
0.00130297
0.0353582
0.0193965
0.0220106
0.0479154
0.00471723
0.0898057
0.00359261
0.0390672
0.0180408
0.00133531
0.00170995
0.00153924
0.00314011
0.00329091
0.0582985
0.00265898
0.00288768
0.026368
0.02571
0.00162359
0.00329238
0.0462221
0.0420921
0.00456227
0.0228567
0.00277096
0.00774985
0.0564561
0.00617226
0.00174932
0.100822
0.00101345
0.000827019
0.01625
0.0313895
0.0180803
0.0926829
0.0647507
0.0833424
0.00570173
0.00560795
0.00338167
0.0017402
0.00330707
0.00235195
0.0123518
0.0107214
0.0919531
0.0716441
0.0434573
0.0087666
0.00735389
0.0160155
0.0152764
0.00299327
0.0300404
0.010597
0.00525857
0.00591273
0.00317156
0.0107644
0.128305
0.00569072
0.130227
0.00410543
0.00608111
0.00233209
0.00957868
0.00418991
0.00229991
0.0884013
0.00183939
0.0155639
0.0410254
0.000881006
0.107882
0.0656108
0.0772742
0.0338203
0.00335104
0.0166608
0.0138396
0.00458679
0.0558055
0.00451862
0.105135
0.00438302
0.164245
0.0409533
0.0751841
0.0255568
0.00152697
0.0743618
0.0531922
0.00403758
0.00754837
0.00116832
0.194388
0.00973955
0.0347994
0.0389802
0.0159156
0.00075885
0.0425737
0.0616293
0.0147412
0.00415045
0.00532193
0.0170363
0.00762261
0.00458659
0.0119411
0.00241724
0.0353671
0.00448302
0.0675223
0.0553282
0.0355756
0.00699284
0.00146567
0.00159049
0.00326534
0.00414129
0.0725746
0.00993334
0.0618697
0.0582732
0.0031638
0.00207417
0.0107521
0.0102049
0.131376
0.0682469
0.0115036
0.0261584
0.000603019
0.0409495
0.067223
0.0126145
0.00243577
0.00202634
0.0501676
0.00353592
0.0836078
0.0418437
0.0499013
0.0462936
0.0194823
0.00357103
0.00143218
0.00223721
0.00860881
0.036276
0.170892
0.00385258
0.003705
0.147776
0.192566
0.0123561
0.00791674
0.0037355
0.00189671
0.00189398
0.00111541
0.00329061
0.0638587
0.0116912
0.0492961
0.0670696
0.00841971
0.0418155
0.109755
0.00318351
0.0862466
0.00189702
0.024322
0.0760962
0.0875543
0.00462424
0.0700534
0.00369081
0.00574364
0.0195237
0.146476
0.0672582
0.0054152
0.00547075
0.00346293
0.0176327
0.0106373
0.146131
0.00879345
0.0626799
0.0728017
0.0113335
0.00108734
0.00621027
0.00785939
0.00718808
0.0259466
0.00479248
0.00392594
0.00985627
0.0286109
0.0377706
0.00225225
0.00310431
0.00423087
0.0451513
0.00218346
0.0289794
0.0464311
0.00177353
0.00405081
0.00766207
0.00584831
0.00277487
0.00407341
0.0162129
0.0039847
0.00336643
0.050838
0.00399114
0.0137948
0.035185
0.0140944
0.184978
0.0214278
0.00194138
0.00199398
0.00552195
0.0289442
0.00394545
0.00203509
0.0470525
0.00445229
0.00203255
0.00410315
0.0170993
0.126796
0.00768716
0.0855761
0.00411261
0.156732
0.00278713
0.0020478
0.0067242
0.0029337
0.012261
0.0056176
0.0252463
0.138514
0.0762601
0.00217325
0.0010672
0.16135
0.124162
0.00349034
0.00728342
0.00602205
0.0446321
0.0347757
0.0249748
0.174549
0.0514045
0.00207928
0.162306
0.00125371
0.0129545
0.0063061
0.00594459
0.0109264
0.0374497
0.0919266
0.0287392
0.107379
0.00154724
0.0130202
0.0116528
0.0143648
0.0363742
0.00442203
0.0155473
0.0286939
0.0166354
0.00289305
0.14138
0.00325643
0.0106536
0.00225557
0.0398644
0.0228542
0.193875
0.0384328
0.0408201
0.00273669
0.00742466
0.00553801
0.00394309
0.0588631
0.0320828
0.0250063
0.0300443
0.0214134
0.0217284
0.0302793
0.0466486
0.0160204
0.0415417
0.154829
0.0120787
0.00199498
0.00336781
0.0256906
0.00150819
0.0100426
0.00319398
0.0062304
0.00167208
0.00665575
0.0016112
0.00677066
0.0666527
0.00965325
0.0654247
0.0208838
0.0485079
0.0147832
0.0754887
0.0100431
0.000874384
0.00293286
0.00162814
0.104855
0.00569767
0.194709
0.0341379
0.0338831
0.00923701
0.0735048
0.0711214
0.0238167
0.0679509
0.032792
0.00907273
0.0108301
0.0804676
0.077764
0.0664295
0.0555777
0.106049
0.0782561
0.0912935
0.00452259
0.0498244
0.00530169
0.00519198
0.0604694
0.00413441
0.116019
0.0699239
0.00330363
0.00830177
0.0121544
0.13343
0.097794
0.00579288
0.00653771
0.0608152
0.161908
0.159676
0.0776258
0.0134482
0.0153341
0.10823
0.00537688
0.00780807
0.00287128
0.00734382
0.084904
0.00133686
0.0300129
0.0303464
0.00502155
0.0215333
0.0569324
0.00143803
0.00335163
0.0344931
0.000793843
0.0791015
0.0395407
0.00295125
0.00671914
0.105309
0.0116825
0.0978212
0.0142159
0.101583
0.0547864
0.0938595
0.005204
0.0544529
0.0854805
0.00578769
0.00298281
0.0164271
0.0295455
0.0067068
0.00327591
0.0325015
0.00611147
0.0542429
0.0387946
0.000284628
0.00918685
0.00175053
0.00666789
0.000777763
0.142433
0.00276318
0.0245032
0.0031588
0.0191314
0.0154364
0.0162296
0.0778624
0.00147895
0.0712427
0.0168838
0.00856565
0.00384768
0.0366715
0.0245168
0.0267987
0.0298308
0.0325043
0.042835
0.0205163
0.0211622
0.0140928
0.0589404
0.0378454
0.0548473
0.063977
0.0727862
0.0317931
0.00110787
0.0348907
0.153541
0.00546956
0.0331891
0.0611254
0.00712142
0.0590493
0.0055742
0.0476164
0.0198475
0.077062
0.101509
0.117848
0.0302781
0.0462276
0.00245445
0.0148513
0.206392
0.00502687
0.0014506
0.165856
0.00979356
0.00204052
0.12319
0.0435626
0.154914
0.00325195
0.00362639
0.0174875
0.00239481
0.00515473
0.197928
0.0510018
0.0365831
0.0695411
0.00983232
0.0197327
0.0177744
0.146898
0.169288
0.0966056
0.155797
0.0114708
0.0176902
0.104774
0.021499
0.0439058
0.00635013
0.00840423
0.0609856
0.0432553
0.00391707
0.044466
0.00131252
0.0499797
0.00606328
0.0181846
0.0187192
0.0118048
0.170177
0.110507
0.00211326
0.0148469
0.0361902
0.0545019
0.0524217
0.0302508
0.0121737
0.124452
0.00876633
0.0154885
0.0129415
0.027969
0.0344593
0.014244
0.119467
0.039466
0.0435224
0.0354136
0.104586
0.0108296
0.0362364
0.00402924
0.162897
0.0236193
0.0414676
0.180773
0.0544232
0.00156828
0.00141622
0.00272273
0.00666167
0.0228287
0.0130424
0.00417049
0.0097741
0.00583159
0.00906638
0.0748897
0.0133169
0.0486752
0.00108954
0.0407333
0.175874
0.0213421
0.0410573
0.0131732
0.0550504
0.0921297
0.00338478
0.00840022
0.0495472
0.13474
0.0806334
0.00531654
0.0127397
0.0169385
0.0641314
0.0209991
0.0670642
0.079726
0.0331509
0.00705892
0.0271812
0.00480848
0.124144
0.00451471
0.0296317
0.00826801
0.0181918
0.0801764
0.0391281
0.0427819
0.0991826
0.0895144
0.00170723
0.0164459
0.00983969
0.0268416
0.0410948
0.0143656
0.0455533
0.0300333
0.050069
0.0264913
0.0267567
0.00355616
0.224676
0.193337
0.209845
0.00480635
0.0494552
0.0364438
0.0319632
0.00848182
0.0917132
0.022808
0.0390775
0.129765
0.0822678
0.0726861
0.0224436
0.00375832
0.0402819
0.00705673
0.0121602
0.0697555
0.0068199
0.100498
0.0504116
0.00177784
0.03109
0.033051
0.0550031
0.00642116
0.0575656
0.0741354
0.109559
0.00940593
0.231186
0.134952
0.0344625
0.163094
0.0170199
0.0871782
0.0298162
0.00647349
0.00283738
0.0304115
0.121497
0.18937
0.0910734
0.108646
0.04455
0.103942
0.100879
0.0476189
0.0965825
0
0.108251
0
0.0589311
0.0805486
0.0234388
0.00900209
0.00764355
0.0356675
0.0406611
0.00150179
0.00793071
0.00270981
0.00141389
0.0271432
0.00852434
0.00197751
0.00746345
0.0204065
0.041216
0.0568727
