3823
40.061 -21.1695 -14.5063
31.1099 -22.2214 -4.4975
20.7496 54.1507 -79.5314
24.2978 52.7487 -79.5018
36.0837 38.8063 -97.3254
-41.0936 -44.1029 0.0792553
-39.3921 -45.1284 2.44067
-36.3754 -44.5953 4.95039
39.338 -8.28045 -18.3369
28.7012 43.5184 -98.3384
49.2609 -25.4277 -27.5508
49.6248 -21.3151 -28.6647
31.5178 46.4269 -88.3813
30.8949 45.6253 -91.5864
0.586865 56.6386 -84.3882
-36.2475 24.4483 -27.7971
-31.3317 19.5037 -19.4427
-28.6758 20.9524 -17.3785
19.6821 55.2832 -74.3689
23.7227 53.9582 -70.9857
24.6172 53.3209 -74.5491
30.4688 -7.86155 -5.87511
35.637 -66.7647 0.394152
36.5457 -62.7474 1.45849
-4.30786 53.2599 -93.8035
24.2415 10.759 -3.65373
-7.8733 54.7385 -87.6151
-7.87006 55.436 -83.5758
20.6736 54.2686 -59.9471
20.0655 53.4814 -55.4603
24.2772 52.6959 -60.4109
-11.7218 50.5782 -97.0373
-11.9601 52.2886 -92.8958
-8.54902 54.1903 -89.0222
4.37132 55.0678 -89.5559
8.06979 52.9258 -93.4272
4.07337 53.4625 -93.6688
-20.4302 49.0167 -93.4895
-19.2607 49.8797 -92.3501
27.6653 46.9214 -92.7383
-7.83712 52.9471 -93.5393
-7.94847 51.3037 -97.4232
7.2502 57.6693 -78.9628
11.456 57.0797 -78.376
0.428299 55.5326 -88.36
11.7462 55.7531 -83.5139
48.8065 34.586 -74.3053
-29.7909 40.2044 -98.8377
-28.1011 42.5288 -97.2163
-12.5284 53.6118 -87.7749
-15.8622 52.442 -88.4453
3.29191 55.759 -87.9379
24.2689 46.8129 -96.5586
24.3266 48.2208 -93.3886
0.463891 53.5356 -93.9753
-28.1576 24.0258 -18.8949
3.68048 57.4325 -83.0134
19.3429 54.8042 -78.7923
-0.185159 50.13 -101.405
-4.32162 48.8325 -103.146
-3.83034 49.8965 -101.29
7.97262 48.1976 -102.709
11.9212 47.6414 -102.158
11.7089 45.3789 -105.689
3.11866 58.3739 -77.8518
-0.0474257 57.7873 -78.292
31.2058 -17.4679 -115.594
15.7897 51.5022 -92.816
8.75464 60.374 -73.4709
16.1085 53.3815 -87.9127
16.7009 54.3515 -84.4264
12.3392 53.891 -89.0969
-3.59284 51.2746 -98.644
15.7402 55.8819 -78.9707
12.0306 52.2916 -93.2195
7.87459 56.3494 -83.9173
-12.0188 55.1757 -78.7442
15.5288 54.9524 -83.2983
-23.8005 50.8032 -74.2837
-25.5123 49.8378 -74.5192
15.9338 56.2805 -75.7712
12.2599 57.6937 -75.5281
-7.70133 49.4664 -100.993
9.14179 61.1103 -67.7436
-4.18566 55.2929 -87.3743
-3.644 56.0293 -84.7048
8.12001 58.8707 -76.3623
20.4121 53.1368 -84.2702
-4.37517 54.7584 -89.2941
11.4791 54.5714 -87.7563
8.50414 55.2641 -87.2222
23.8976 51.8625 -83.7021
10.2117 59.9094 -73.0232
20.0983 51.9708 -88.1947
8.32771 54.5053 -89.3515
19.4841 50.5545 -92.4103
0.791073 57.9634 -69.4198
50.034 29.5984 -84.0923
-0.90886 51.9922 -97.64
20.2325 47.5925 -98.0817
19.4047 45.9629 -101.417
26.9318 45.4011 -96.6122
-28.051 47.2469 -83.7346
28.3728 48.1534 -88.6576
29.8443 48.9127 -83.8843
0.841369 54.2852 -92.0711
11.5762 50.5953 -97.012
-4.12038 56.7484 -79.1326
20.5209 44.3047 -103.34
23.4424 50.7313 -87.9724
-12.8968 54.2197 -84.1916
21.0096 54.7787 -74.7594
20.7536 49.4357 -93.9092
16.7447 57.0914 -69.7068
7.78321 51.2164 -97.2778
3.81389 54.214 -92.1436
-7.93623 46.3656 -106.276
-9.13578 48.236 -102.783
-0.830845 49.3512 -102.918
16.3474 48.7576 -98.3447
5.53086 62.45 -67.7168
8.37295 50.1319 -99.092
32.7945 48.6671 -74.5606
3.84434 51.6744 -97.5206
-11.6736 54.6011 -83.4498
12.41 49.5119 -98.8521
-16.0563 53.256 -84.5088
7.99408 46.0726 -105.784
16.294 46.4535 -102.343
-20.1048 51.76 -83.713
-12.171 46.8895 -103.87
3.55684 49.83 -101.086
-20.043 47.3499 -97.6611
-15.4312 49.6349 -96.7314
-16.7195 48.8641 -97.5668
-15.8142 51.0864 -92.7211
19.0413 53.9586 -83.153
-0.363965 57.8922 -74.5747
-4.29531 57.2415 -74.2247
15.3939 49.8486 -96.5954
40.2446 -25.7175 -13.6702
-15.902 46.7617 -101.961
-12.7137 49.4872 -98.7354
19.6235 55.7054 -70.4888
30.6178 49.6408 -78.884
32.5687 48.3202 -79.2653
-8.00926 56.1178 -79.0545
24.9784 49.6086 -89.251
23.9622 43.299 -102.529
22.8989 44.8796 -100.99
2.13169 58.5035 -69.9185
9.76344 -71.2086 5.65622
-17.8658 49.7288 -94.469
27.1787 50.4035 -83.3145
-8.0825 56.4451 -74.4716
27.6122 51.271 -78.8742
4.04836 48.553 -103.051
8.19854 44.2519 -108.088
-8.06282 56.3612 -69.847
-11.8033 55.5229 -74.4494
16.944 50.4032 -94.4343
4.90399 58.5497 -74.1953
27.7938 51.6853 -74.4408
5.58516 59.9751 -72.6745
-8.74537 50.2501 -99.2285
-10.7878 46.2197 -105.525
-1.43774 47.2908 -106.023
-20.1755 50.7693 -88.4593
-2.67534 45.947 -108.221
32.4447 47.5209 -83.2918
31.7134 -71.1338 -0.122413
22.8862 49.4342 -91.9982
-36.1977 -49.3108 5.81089
39.4902 41.9686 -83.5699
39.9947 42.5579 -79.5184
-23.44 -58.5879 -97.5344
-26.7251 -56.6106 -96.6185
-16.9909 53.6159 -78.6894
3.73554 46.397 -106.214
-20.4901 52.3909 -74.4745
-11.7103 44.375 -107.807
-8.48149 44.6135 -108.398
29.1308 48.3471 -51.0589
40.743 38.7792 -88.8834
36.6866 42.7692 -88.4062
38.768 41.2322 -87.7897
-13.3742 54.7085 -80.0335
25.0418 45.0228 -99.0426
-16.8103 53.8465 -74.5085
-0.485127 55.9454 -56.3503
-20.3477 52.2397 -79.176
-16.7038 53.8951 -69.7231
-12.7143 54.1291 -60.187
-16.1653 53.4932 -62.0019
16.1384 56.6722 -65.6326
11.9906 57.624 -64.7524
28.6099 -50.1023 -98.7379
-4.20086 57.1721 -69.7911
15.4315 43.6675 -106.604
11.6006 41.4992 -110.387
12.2341 43.7314 -107.662
27.8385 51.7626 -69.824
30.8506 50.1041 -69.4277
4.15447 44.6526 -108.414
10.4792 60.1143 -69.1887
19.8278 42.2802 -106.488
16.6623 45.2074 -103.964
-7.9888 55.9532 -65.2499
-25.1319 49.0769 -84.0356
-23.2157 50.2475 -83.4965
36.9398 43.9921 -84.0822
12.6823 57.7101 -70.2103
32.5801 43.6938 -93.4489
-11.885 55.4569 -69.9964
19.2587 55.6271 -66.191
29.3696 45.2798 -94.1978
-27.7297 46.3741 -88.4612
30.7735 49.964 -74.3374
-21.4391 49.9058 -89.1704
20.6619 39.9776 -108.66
25.4545 51.452 -55.6535
25.4009 38.537 -107.654
-3.11089 45.0619 -109.29
-24.9655 46.7041 -92.9717
32.2177 42.0692 -97.0109
35.3227 42.0913 -92.5533
-23.4377 50.6937 -78.9882
-19.3576 45.7399 -101.33
-20.0255 44.2545 -103.109
-26.8628 45.6573 -92.3911
38.3894 36.8231 -96.6987
-0.156982 42.7551 -111.524
-24.4051 48.3845 -88.8913
-20.1813 52.2405 -65.1605
-19.8155 52.6845 -69.8146
-11.6014 54.5263 -60.835
-11.8273 55.0586 -64.9709
-15.9684 43.7654 -106.589
-3.99919 56.0614 -60.6046
3.85062 42.2647 -111.333
-15.4125 54.3737 -69.8313
35.7262 46.7038 -74.541
-11.9617 23.1235 -125.986
28.076 41.9081 -101.325
-16.0262 53.845 -65.0837
-11.873 -36.1961 8.04778
-9.93801 -34.3033 10.4533
29.5221 50.0433 -79.6746
-0.319258 -13.156 7.87877
-24.002 45.7604 -96.668
15.2025 56.0603 -60.3875
7.5672 41.7778 -111.14
-17.1402 45.1238 -103.814
33.3934 44.8732 -89.1873
-23.4644 50.6627 -65.3059
32.896 48.8039 -69.8043
33.0581 48.5265 -64.6818
-7.86457 55.3642 -60.7132
23.7588 41.3917 -105.332
27.8374 51.112 -60.6949
0.242827 45.0296 -108.738
0.0917439 57.4214 -64.6845
40.5087 42.9067 -74.7199
57.4816 -31.4864 -49.2225
56.0389 -29.6026 -47.5651
-24.5465 -67.8317 -89.5125
-19.7109 42.0641 -106.364
-8.03038 42.4034 -111.213
12.1107 53.0113 -46.2596
16.0371 52.1872 -46.0218
-3.02696 42.014 -112.656
24.5447 53.2349 -65.0573
21.1355 54.7618 -64.889
12.1623 56.7787 -60.6883
-3.07355 56.7957 -64.347
27.7536 51.6023 -65.1952
-39.3452 -30.8276 -102.172
-12.8943 54.749 -64.8016
-12.1153 42.0159 -110.447
19.5885 54.8241 -60.5722
0.761359 56.8801 -60.9963
-11.9885 -2.8788 3.52026
-16.1158 -2.9089 1.35882
35.2589 46.4189 -78.9322
27.3229 50.6573 -56.0746
7.89733 55.9703 -56.0251
8.20065 39.5787 -113.116
29.0013 39.6334 -103.546
27.6678 38.1186 -106.408
32.1763 -63.6461 -74.3184
20.1115 37.363 -111.473
37.5092 44.699 -79.3401
-23.9647 50.7202 -70.0558
-25.3828 49.5635 -79.3701
15.1252 40.9413 -110.035
16.1793 38.6805 -111.835
-16.0654 19.7705 -5.09483
-13.9713 54.6065 -65.5098
34.8019 45.8414 -83.3876
33.3388 40.0042 -98.9234
61.0553 -38.6263 -62.9983
45.1447 34.8536 -50.3323
3.78135 37.6585 -115.448
-19.5701 -3.08422 -1.22156
-8.87608 39.886 -113.571
-7.15781 54.5892 -55.2883
-3.87139 55.3303 -56.1374
34.3164 40.7624 -96.5621
-20.8545 39.7991 -108.238
-16.3307 52.1255 -55.7574
32.5829 48.323 -60.3763
32.4193 37.8059 -102.787
-40.1825 -35.3482 -4.60652
-27.6089 48.3255 -78.9191
-24.9579 44.1766 -98.4676
38.8214 -25.8153 -106.877
3.95185 52.272 -41.7849
3.15092 53.4751 -45.6938
16.2865 53.3527 -50.8689
11.8985 54.2956 -50.5429
30.7779 49.8773 -65.287
-20.3594 18.8275 -7.73387
35.5756 46.8484 -65.2145
-36.6757 -12.1651 -112.925
27.7112 16.2717 -8.50194
-22.9152 49.5589 -87.8589
33.0071 44.3295 -46.0681
4.23416 39.9812 -113.523
-31.0588 45.8969 -78.9244
-31.3043 46.1568 -74.4036
-28.0405 48.3704 -73.973
12.1694 39.3842 -112.418
-21.7886 45.6404 -99.3168
-41.2839 -16.3981 -17.8014
7.76779 37.4933 -114.924
-36.8853 -17.397 -111.782
-34.4575 -16.4542 -114.208
3.27225 58.5106 -64.6031
-5.02802 -20.0884 6.2329
-3.1608 -20.7015 8.23902
39.9452 43.6925 -69.3305
36.054 46.6746 -69.7528
27.5295 -43.337 -105.108
29.1216 -39.7808 -107.375
-32.9158 43.5851 -84.132
-24.9101 41.3585 -103.057
0.0997122 54.7953 -51.7047
3.97463 55.0478 -51.6286
-23.3014 5.52386 -5.5831
3.74107 56.1917 -56.0158
-12.4989 39.5743 -112.928
-31.9968 25.6705 -23.8757
-35.8728 -17.387 -12.9305
-29.3815 44.7545 -89.7985
16.6097 54.4005 -55.2864
4.57049 57.5482 -61.7842
-4.40848 53.9474 -50.7151
14.7233 55.1167 -56.0175
-28.5857 -66.7182 -86.6306
8.28322 57.6388 -62.1663
11.8475 55.6775 -56.0841
-0.158373 54.5299 -50.5941
-35.732 -40.167 3.61365
-37.1332 -38.9086 1.57889
20.0696 52.3406 -51.1324
-41.1348 -49.297 1.49583
-39.3091 -48.4281 3.33906
16.7955 35.7053 -114.13
-4.19698 37.9235 -116.535
-8.12715 37.9417 -115.667
-40.6545 -59.1191 1.23331
11.5937 36.4924 -114.948
25.4778 1.78986 -2.94379
3.86107 54.7248 -50.4838
38.9045 1.57372 -19.4486
41.6124 7.61713 -23.0002
39.1089 7.55013 -20.003
-28.8452 43.7084 -93.4343
31.6825 -4.24353 -9.10333
28.2598 -6.86031 -4.19127
31.2021 -6.89944 -7.43924
10.9166 54.7307 -51.6432
-12.6962 -76.6576 4.73344
-24.1617 0.818174 -5.60179
-25.5335 49.8119 -69.7594
-28.5565 48.027 -69.8068
36.9773 40.2518 -93.3901
43.6287 37.8716 -83.6129
44.3393 38.4904 -79.2139
7.86504 55.0209 -51.6343
-30.7199 45.4301 -83.3969
-32.6885 -58.367 -88.6678
19.9415 51.093 -45.94
-35.8006 42.0229 -79.2224
15.9322 -58.6526 10.8062
11.5204 -59.1675 10.4864
35.4929 -17.0626 -9.70533
37.5278 -16.4059 -12.2591
46.9023 36.8957 -73.4426
23.2548 37.015 -110.232
-16.3562 38.6694 -112.053
-37.6134 -31.7911 -103.713
-3.78641 40.4182 -114.171
-12.5083 53.3347 -55.5753
-8.62477 54.268 -55.3711
-44.7945 -21.7881 -19.0849
-45.6176 -16.5957 -22.6545
8.27578 58.3026 -63.0515
24.9751 34.0303 -111.917
8.43554 -24.7298 3.94469
62.5696 -31.3654 -61.0928
-15.3163 41.0589 -110.05
39.6223 38.0908 -92.6636
-25.3754 49.6043 -64.9606
0.233153 40.2439 -113.835
-9.17971 53.1664 -51.173
60.1266 -50.9773 -65.0132
-30.2854 -13.2716 -6.03732
26.5686 -49.9682 -100.163
46.7278 -21.4193 -23.0102
47.3647 -26.6354 -23.2861
37.7846 45.0847 -64.9751
-11.7102 37.3894 -115.191
44.6462 -50.225 -61.5657
44.3548 -3.0249 -107.2
15.9465 51.0013 -42.1862
-31.3257 45.7981 -64.8156
41.9813 40.8268 -78.698
-3.733 54.3179 -51.8341
8.33714 62.6058 -66.4141
27.8197 46.3385 -42.1716
45.034 33.6628 -89.4531
42.6479 41.2741 -69.9185
24.0167 51.0014 -51.3348
-28.4459 47.8395 -65.129
-32.3697 38.2152 -98.4588
8.00031 53.5354 -46.1484
8.08397 54.6703 -50.4946
-12.2071 52.277 -51.1468
41.5211 39.7934 -84.2628
37.5326 -7.15825 -113.007
36.7555 -12.4187 -112.643
37.8019 45.0764 -74.7213
-39.7465 -2.64925 -23.1323
-40.204 -6.89619 -21.4777
-0.391553 38.4012 -115.489
58.5062 -43.8148 -61.8919
57.4643 -45.392 -59.2901
11.8946 51.6862 -42.0226
-36.8182 41.8509 -74.6771
50.8789 4.7981 -33.6405
-33.5041 44.4863 -74.5953
-33.2464 44.1601 -79.3095
12.2031 -3.04846 5.39747
12.0911 -7.75263 5.08617
0.102522 53.38 -46.2314
-39.3173 -25.5408 -10.1001
-19.4189 37.8118 -111.128
29.5395 50.1215 -60.1583
42.445 41.1556 -74.2392
-11.8966 15.1539 -0.368633
-13.4396 16.9637 -2.17345
44.7082 39.3842 -69.6427
22.8783 50.4047 -47.2574
31.9521 -62.8028 4.72199
35.6919 -61.3405 2.6854
34.9042 -58.6218 3.88561
47.3742 -3.16209 -28.6899
12.0557 33.7144 -116.762
15.6399 34.4174 -115.511
55.0812 -2.70066 -43.2574
20.5197 34.5991 -113.632
41.2782 -48.7754 -4.35468
21.184 -8.51752 0.44317
-38.0113 40.2177 -78.2924
47.4166 1.9726 -29.5828
45.2792 1.93616 -27.3157
19.7272 -3.80714 1.86546
-22.8446 40.9153 -105.398
-30.2599 45.5866 -84.4472
49.2681 -12.8202 -28.5933
46.3886 -13.2225 -24.9431
-29.7915 -60.6049 -90.5423
-27.4694 -58.7076 -94.3624
-27.7311 -61.3498 -91.5693
15.3276 36.3913 -114.025
-36.0783 -59.101 4.76752
15.6546 48.8656 -36.5374
-15.8349 -34.579 6.02325
-13.8919 -38.4869 6.94105
-13.067 -35.2763 7.06435
42.7567 37.1135 -87.8825
7.43219 -21.1168 3.82181
-26.0494 45.4676 -94.2116
-25.0678 49.1317 -60.1412
32.4646 -49.1766 5.66437
32.1959 -53.2132 6.27421
35.3504 46.4848 -60.5538
-3.76193 52.9507 -46.5816
-8.66522 28.6884 -121.515
-30.4722 40.8022 -96.7016
24.0949 -59.2161 -94.3235
23.6586 -61.2009 -91.8266
39.7961 -16.1252 -14.3901
36.4518 -2.8203 -15.6086
35.0462 -7.36484 -114.853
36.0103 -30.9047 -5.80395
-42.2469 -11.2841 -106.565
-41.555 -12.6863 -107.271
44.7285 38.9419 -74.5531
50.6518 -29.7868 -82.3994
49.079 -30.2868 -85.6054
39.996 42.7663 -60.1785
37.5172 44.8972 -60.8136
24.7741 49.1207 -46.0155
25.3727 50.1354 -50.4772
-32.1971 42.8612 -88.4182
45.3413 -52.9241 -61.5102
47.8027 -58.065 -55.4362
-31.7016 -31.9338 -110.096
41.8396 40.6141 -80.5914
8.03363 52.1698 -41.9186
35.4169 7.51946 -115.422
-19.998 51.6623 -60.592
-26.8526 41.0615 -101.22
31.6393 -35.9237 -0.270657
27.7654 -26.2987 -2.05021
-33.1607 -43.6773 6.79232
1.12308 51.9976 -41.4637
47.554 33.4232 -83.6283
11.858 -58.7786 -99.2392
30.7843 36.6717 -105.476
32.0496 34.0341 -107.095
-24.2381 -30.6352 -116.388
-24.6908 -2.05857 -5.19529
24.6293 -53.9721 -98.5206
-45.0335 32.9943 -74.6557
-21.2769 15.8428 -8.02217
29.1718 49.488 -55.3878
-31.4013 41.9503 -92.6681
34.1915 18.1756 -15.4387
35.1975 14.4071 -14.9575
36.3295 16.2459 -16.69
-57.5083 -49.5161 -66.3896
-57.0506 -53.5712 -64.8071
-25.6473 40.1685 -103.893
40.3962 -2.26224 -111.262
23.2441 5.56991 -1.53186
23.1058 0.486734 -0.611196
35.5501 -17.0381 -112.537
-8.87217 26.8761 -122.885
-9.22997 23.5007 -125.675
27.4144 1.16034 -4.66638
28.0686 47.5863 -46.5066
36.0944 20.0902 -18.4796
45.7852 35.1842 -84.3824
-4.65668 -40.0374 20.5816
-34.2575 38.946 -93.4946
-35.1521 41.736 -83.4423
35.1363 -39.135 -101.707
-15.7971 48.1114 -41.5879
-7.19602 -35.8296 18.1909
-24.0018 -21.5087 -120.295
-35.7273 37.5989 -46.9004
-9.19233 -25.9689 6.02574
37.2707 -58.4932 1.66497
37.6113 -53.1689 1.96271
35.9877 -54.5777 3.60832
27.5149 -53.7034 8.41519
28.816 -59.0406 -89.0968
-24.7061 -7.74328 -121.204
40.8294 -2.79422 -21.935
-33.4276 -58.8509 6.60068
59.9623 -53.37 -64.111
59.0432 -12.691 -58.9882
-32.1307 -40.576 -104.057
36.9047 -35.5197 -4.88977
48.266 34.2158 -78.8381
44.2986 6.86247 -107.183
44.4133 1.27265 -107.384
-12.1792 20.9401 -3.46965
-10.7579 19.0871 -1.92113
-7.01737 21.0396 -1.10538
-0.391531 50.6236 -37.9394
48.5339 -6.68614 -28.4654
37.1254 -45.5547 -93.8282
-28.494 39.0439 -102.336
40.9263 42.5553 -65.1946
35.9376 -52.2952 -88.5134
37.9667 -21.2042 -12.2686
-7.76671 -2.92287 5.6066
-44.6121 -30.9313 -14.0663
-42.7833 -29.5211 -12.2519
19.5512 32.9553 -115.147
-37.0058 6.30201 -22.7342
-36.7429 11.4241 -23.3387
-38.43 5.7714 -24.6713
-32.1433 -44.9652 7.60324
-3.2974 51.5637 -41.8261
-11.988 27.9052 -9.42335
-37.231 -49.2475 -91.8402
31.7232 -58.8216 5.98667
-31.9206 -21.2682 -115.329
-32.2915 -16.8081 -115.965
-31.1905 -39.1302 -105.846
-28.3889 -18.0997 -2.84951
5.01984 -69.0981 7.4713
2.4625 -71.8165 9.80073
8.67702 33.7235 -117.467
-35.7085 -53.6156 5.96779
-5.70494 -60.45 -99.8723
-4.82912 -57.2238 -102.022
-33.7701 -48.7318 7.18096
-32.0163 -48.7859 8.11011
-23.7421 1.94696 -122.442
-26.0483 5.99208 -8.29503
55.1588 -43.8358 -56.7206
57.5781 -39.8323 -59.1734
20.0243 0.732557 1.52315
11.8908 -31.3302 5.12889
-31.2814 46.2249 -69.2236
-59.1965 -44.3778 -70.4352
-57.8958 -43.3871 -72.3526
-56.0477 -38.5069 -72.2758
8.42124 -57.3771 -100.766
8.3667 -58.7471 -99.8412
-40.9137 7.46461 -28.2795
-23.5517 -21.1987 -1.92477
-34.9417 -52.0418 -92.5235
-41.4692 -53.6763 1.39774
-43.8939 -53.3625 -1.29493
31.5954 -17.0466 -4.40814
37.1963 -40.056 -98.9184
-28.8576 -21.8109 -117.25
50.2178 1.31456 -34.9797
49.999 1.04586 -35.0784
52.645 2.37183 -37.7569
-39.5268 -53.4564 3.24078
-46.6122 -50.1715 -6.21691
-46.5911 -54.227 -5.44001
-32.4644 1.80602 -14.5263
-23.4079 -7.26098 -3.29257
3.96479 -35.8867 18.9938
8.39602 -36.2175 9.31594
-3.27262 -7.49715 7.58963
-5.11138 -7.80811 6.70801
-7.76225 -62.2549 -98.8373
-31.6871 -53.6479 8.15971
31.6815 -30.3709 -111.227
-19.1125 23.4699 -10.607
-20.9747 24.7638 -13.1889
31.404 -25.5382 -5.24872
22.8338 -71.8484 -77.8099
24.3255 -73.356 -74.2199
12.1777 1.54399 5.30281
23.0322 -3.53335 -0.427915
-28.318 -26.164 -115.95
-12.9165 -67.9848 6.95377
-11.7142 -72.2221 8.11779
-10.633 -66.819 7.31799
-13.2501 -72.375 7.00196
-27.8094 -48.5486 9.6695
-17.1639 -8.7595 -0.208911
-11.4872 -7.38984 3.4541
-7.72929 -8.4346 5.14239
-28.359 -53.711 9.59909
-33.1597 -16.9296 -9.03576
-30.5278 -17.3967 -5.76042
5.08256 61.0351 -66.4869
-15.7894 6.05476 0.233301
-16.2752 1.5209 0.739634
-19.2901 16.0798 -6.27412
-16.151 15.8607 -3.61384
-12.0627 47.8227 -37.2931
-8.44763 48.5543 -36.6138
35.4282 -48.3398 3.02328
-8.17925 -39.7647 18.2743
-4.74217 -35.314 19.7499
43.889 32.9914 -92.923
46.5867 32.0197 -88.8399
-28.3409 -36.2252 -110.818
19.004 -12.204 0.643767
23.3234 -12.1333 -0.402752
-12.8525 11.3505 0.421409
28.4046 -3.19405 -5.07804
25.6182 -2.59749 -2.46833
-43.099 1.10704 -28.8067
-41.4211 1.61089 -27.1988
39.8311 41.9657 -56.178
-24.016 11.2142 -8.20226
20.5766 -76.2663 -0.678331
-32.4833 -3.06508 -13.3272
-36.4738 -3.37836 -18.5968
-18.9081 -8.26189 -1.04183
39.8403 -54.3077 -0.652022
-5.26965 -3.19401 6.96089
24.8408 6.61592 -3.12846
-37.3654 39.429 -84.1149
40.0157 -45.228 -89.1824
-24.8855 -58.3671 10.351
-28.6024 -58.6484 9.17034
-18.8668 -43.9335 -111.033
15.5462 -2.74303 4.15905
-15.6126 29.781 -14.062
32.89 15.1159 -12.6445
-15.5405 10.5356 -0.986208
20.1306 6.26854 0.616361
17.0332 6.63559 2.22388
-33.093 6.94716 -17.1105
-32.1375 -27.1348 -2.13382
-27.6143 -25.4506 -1.15521
-19.6621 -20.0835 -2.43038
-4.62769 -12.3337 6.52652
-5.35657 -18.2941 5.70086
45.5735 -34.7319 -18.8908
-48.7629 -33.613 -65.5335
-13.4059 1.02958 2.35423
-13.1231 6.28906 1.69419
-23.2498 50.2227 -60.8101
-33.0368 11.8808 -18.915
-20.5197 11.3317 -5.13995
-15.7449 -25.183 1.2695
11.6317 -18.293 1.42825
24.0051 -8.02666 -1.08623
20.6086 -68.5658 -84.3569
-39.014 -8.40127 -19.361
-21.204 0.283673 -2.60912
-53.6539 -3.24541 -47.1112
-27.2944 -48.3645 -103.004
-24.0317 -49.5123 -103.691
-45.6339 -54.0707 -3.75171
-45.0652 -47.9961 -4.17407
42.8726 -3.18084 -24.338
43.684 -7.49022 -23.9145
-8.11406 52.0163 -46.5608
-7.80908 50.7604 -42.3215
-15.8279 51.1475 -51.4644
-28.9619 10.9609 -13.3271
-47.7078 -2.61919 -32.562
-20.1637 49.057 -50.1932
-24.4607 47.1377 -51.2259
33.4888 -22.5469 -113.065
32.3678 -25.8142 -112.869
27.8261 -24.3977 -3.87499
-25.1264 -26.6642 -117.853
29.4755 20.3684 -12.0457
27.562 19.2021 -9.49443
32.102 19.3604 -13.8441
-35.9333 -20.9593 -111.634
-33.845 -21.0688 -113.658
49.6392 -3.01521 -31.2498
51.5488 -2.35363 -33.843
-7.82551 6.11793 4.44626
-7.44799 1.2212 5.55528
-43.4417 -48.5832 -1.52976
-25.404 -12.8503 -2.90611
-23.8787 -49.6739 10.8603
35.5916 -26.0634 -8.84978
35.226 -21.4237 -8.75998
-28.4123 -19.8564 -5.36887
-30.4202 -20.1078 -6.13518
-8.22785 16.3691 0.947177
7.6358 -54.3618 14.1068
34.8365 -45.7492 2.62297
-9.57413 -64.5079 13.397
5.32893 -16.4895 6.43866
5.37325 -13.1171 6.69932
-33.2302 -38.8699 4.93741
-33.8125 -54.168 7.04656
35.271 0.701406 -14.2728
37.4492 0.499202 -17.4731
-13.5141 -40.6766 13.9527
29.0381 35.0194 -108.413
27.8348 33.4274 -110.747
-9.3443 -17.8186 1.827
-5.81237 -18.2801 4.85609
20.233 -49.2654 9.84108
-27.7807 -44.3389 9.0043
-30.5826 -41.5744 7.3656
36.9149 -44.2181 -0.534696
-11.9747 34.0316 -117.788
-38.9174 -57.8885 2.8872
31.2715 -43.4809 4.59236
26.8191 49.8047 -51.843
-26.0357 1.50612 -7.5343
-27.1795 -29.7901 -114.881
15.9572 1.22822 3.71166
32.1753 -7.65784 -116.739
-44.4274 -67.3226 -9.3913
-20.701 6.86362 -3.66471
10.1039 -34.8862 7.60922
27.6221 5.64526 -5.4208
-21.3439 -2.90486 -2.62292
-31.7363 -7.62713 -10.8518
-34.1576 -11.8059 -12.2884
-32.9776 -6.68349 -12.314
-36.7854 38.4156 -88.7823
-34.4708 41.03 -87.8476
-16.1642 24.5311 -9.25706
-2.69718 -18.1928 7.61543
-16.7958 12.3253 -2.56785
-46.62 1.53008 -33.3951
-45.8276 1.09897 -32.1838
-31.497 -58.558 7.73334
-39.9385 -34.5446 -97.8858
-19.7821 46.6353 -42.1797
-11.524 51.2491 -46.7763
3.4208 5.95464 6.86472
-21.7561 -6.94624 -2.57039
35.9135 -2.29728 -115.006
-23.1045 -53.6413 11.6673
-44.6963 6.41465 -32.8283
-39.745 -40.2604 -0.546589
15.4677 49.6069 -38.201
35.3355 -40.486 -1.04457
-8.14048 -11.7096 4.08299
-19.5043 -0.0344936 -1.22463
32.147 47.6666 -55.8135
-28.4199 -32.0935 -112.641
-13.3509 -7.56879 2.33272
-27.434 6.52085 -9.8059
32.1577 -29.5285 -3.07224
0.60732 0.866927 8.12656
-35.9331 -13.3535 -13.762
0.451953 6.97604 6.47117
30.4493 -30.5532 -1.57769
30.7496 15.6494 -10.7118
31.1163 11.8193 -10.8981
16.1384 -17.9726 1.6676
9.07976 -20.589 2.32264
-11.1646 5.71067 2.84774
-7.69279 10.2778 3.3217
-9.17343 11.4642 2.26839
-23.0153 9.59558 -6.56344
51.9221 -11.8944 -93.469
29.1105 -17.8543 -2.97852
-28.1184 1.04789 -9.72106
31.3887 6.21874 -9.68138
39.9218 14.6971 -20.458
35.9565 12.5011 -15.7562
27.5168 -49.1348 8.13926
29.2808 -48.5686 7.22543
-32.247 -63.3397 5.45826
-34.7147 -64.8667 2.95634
33.734 11.8219 -13.9002
-6.86762 -43.6467 11.9897
-3.1668 -45.0688 14.23
-32.7251 -30.906 -0.164164
30.8672 -54.5813 6.96949
45.5254 6.50548 -27.4855
15.6156 -7.12342 3.86814
23.8517 16.2545 -5.61039
25.2307 16.977 -6.71487
11.5496 10.4762 3.67309
11.8893 6.1269 4.58621
-11.4279 1.43585 3.46211
-35.1523 -32.1524 -1.09149
-36.2511 -29.9917 -3.30953
24.2068 47.9476 -41.7181
-33.2096 20.943 -22.0973
-32.8148 -48.9367 -97.3752
-29.5159 -50.6314 -99.0611
-28.0562 29.3408 -23.189
-36.0641 -7.94004 -14.85
18.7337 -3.05107 2.43518
-24.5341 -43.7568 9.33195
-43.7695 -3.38509 -27.1679
-24.2816 38.4105 -107.11
-19.1111 19.1996 -6.83235
48.7098 29.6141 -87.8555
32.1847 2.20441 -10.1411
-22.828 -12.4797 -1.8827
-19.6428 -12.3652 -0.743104
44.0824 -53.622 -52.6076
43.4365 -55.9716 -55.786
-22.9823 36.5405 -109.912
38.9945 -49.754 -0.637536
-22.2014 11.9016 -6.90549
-8.7784 50.0016 -40.9796
-27.2706 -39.7328 -108.442
-0.624647 49.942 -36.1698
30.0238 1.68326 -7.51685
-18.7851 5.7297 -1.89958
36.1672 -30.6637 -107.073
4.13398 50.3698 -36.962
-31.5272 -54.5263 -94.4237
49.4293 0.988555 -33.1713
-43.4022 -17.3441 -19.5236
-29.4115 -6.47582 -8.98122
-26.6029 9.44313 -10.307
23.0904 -29.8142 0.862943
24.7283 -25.4546 -1.0392
38.7528 -40.6962 -5.31792
37.8935 -36.0203 -6.01012
-37.5774 20.2905 -26.8258
-25.4275 -17.4246 -0.790581
-19.3387 -66.9857 -93.2823
-26.0526 -7.62838 -4.81649
-40.089 -17.1886 -108.249
-26.8649 -4.56316 -6.78453
11.9475 -34.8152 6.39956
32.4861 -12.2271 -6.90093
-42.0361 -20.6364 -16.7413
-32.2619 -12.2389 -116.452
-29.2475 -11.7001 -118.343
-40.0148 38.0579 -79.0648
-15.4637 -13.1389 0.263711
-29.1451 -2.46743 -9.05035
4.57212 -25.1249 10.2534
36.9321 -49.514 1.82423
-3.50532 -2.6072 7.67566
-14.7722 14.5822 -1.98808
33.3703 -33.6836 -2.24604
24.0717 -30.7251 -116.162
29.2192 -58.7931 7.21451
7.03107 -40.01 16.8525
4.50335 -39.9431 18.9746
-35.3756 -34.8381 0.424769
-35.9514 -21.003 -10.7993
-34.7395 -18.2397 -11.0276
-35.1427 21.3512 -24.3466
49.5017 33.8985 -69.9098
61.5784 -31.7767 -63.5563
7.43552 -16.1438 4.75083
26.6845 -13.7468 -1.57789
40.6572 -62.8586 -3.64019
39.5653 -61.8738 -1.30274
-31.2059 -35.718 4.14703
-40.1554 -22.2209 -13.9096
-39.3959 -17.3737 -15.7478
-36.0958 -20.0916 -11.5685
36.1667 38.2816 -37.2475
-34.3722 40.5647 -89.3437
42.8105 -48.2441 -7.93434
41.416 -43.725 -7.79994
40.1019 -44.7936 -4.84691
6.89974 -26.9193 8.83836
-40.8291 10.5239 -27.215
-43.005 10.0156 -29.9356
34.1829 -2.5755 -12.5317
17.1776 -8.65454 2.61939
27.5162 -63.3419 6.88192
-56.7786 -35.9466 -71.1395
-39.6486 -11.4263 -18.0364
45.7597 -6.66566 -26.5852
44.5025 -12.1738 -23.0017
39.2165 -59.0584 -0.298607
-38.0931 -34.2884 -2.91621
-27.9891 -40.7571 7.89511
34.8788 45.8563 -56.2513
-35.0243 -25.4196 -110.53
-47.1038 -11.9183 -97.387
33.7115 -24.5655 -7.41645
-12.6414 22.7245 -5.12761
-14.6224 22.7677 -6.60855
-25.8452 -22.3254 -119.016
26.8613 10.5371 -5.96312
32.518 -11.1421 -7.23283
-11.3539 -25.4749 2.9857
-14.5762 -27.7913 2.81191
11.8938 -54.4147 12.3651
11.408 -57.4165 12.124
34.4776 -36.4402 -2.32606
27.6941 -58.835 7.83581
-31.0213 -61.9533 -87.4111
-23.6683 15.1462 -9.89941
-42.6135 -57.7135 -0.332525
-28.0039 -45.0973 -105.036
-37.9292 -10.3747 -16.5677
-32.9435 -26.2219 -112.189
-23.5075 28.4425 -18.671
23.5354 -49.6808 -102.391
-30.618 10.1092 -15.0906
-31.4828 5.94077 -14.4985
-29.7492 6.61802 -12.6239
-29.0572 -16.8038 -118.145
43.0014 7.20382 -24.7395
47.2237 -17.3982 -24.8871
-28.0161 16.1343 -13.8827
-27.3327 19.3637 -15.1493
-26.7683 -20.3609 -118.987
46.3583 15.5367 -29.0083
39.6578 -12.7286 -17.0125
15.7429 -31.0616 2.76185
-38.0082 -8.19035 -17.9106
19.5997 49.2565 -40.2783
-31.4146 -35.1415 -108.557
8.47436 -76.5991 5.57935
3.41849 -21.4637 8.44517
4.86846 -20.9823 6.82429
-55.704 -35.3626 -59.533
-52.1495 -36.1167 -58.0575
-32.9828 -33.8604 1.64406
48.3672 15.547 -32.5943
43.6333 -21.412 -18.5499
-8.31691 34.8221 -117.919
-32.1869 -43.8259 -101.725
-25.3909 19.5226 -13.2096
19.322 10.817 -0.125361
31.4599 -52.4793 -94.118
32.6098 -54.9823 -89.5874
35.8625 -12.4863 -10.1824
-36.5328 6.70506 -113.411
-35.1504 5.78278 -114.675
-0.875335 -58.734 13.8725
15.2865 5.8476 3.22253
17.5103 1.98627 2.80718
9.6255 -42.101 -114.954
7.90646 -41.4022 -115.579
28.2285 -21.7235 -2.41593
-43.2697 -8.1956 -24.1463
-44.5346 -12.3363 -23.3993
29.219 10.6813 -8.40138
18.4063 -5.98275 2.49972
-41.4522 -25.9153 -12.9858
-36.4329 -43.9687 -96.8966
-37.0027 -39.977 -98.8754
-34.8132 -12.0938 -114.493
28.9197 -13.0328 -3.05469
-32.4119 -25.5266 -3.2183
-36.1913 -26.5419 -5.39374
-32.1536 -12.3682 -9.14336
45.0097 -32.142 -18.0731
35.9986 43.7127 -51.045
24.5478 -17.7219 0.431923
44.7027 15.7348 -26.4141
42.9488 15.3741 -24.1403
33.8537 1.21987 -12.2511
-48.4174 -54.5248 -9.11202
-41.6882 -2.0902 -25.6503
39.0684 -3.76924 -19.4957
-31.3163 -52.8546 -96.206
-43.2986 -26.6249 -14.7571
-19.9587 35.19 -113.315
-7.18982 -21.3715 4.33629
-57.2619 -43.8234 -63.5871
-50.0935 -43.4621 -64.806
16.416 10.8652 1.49187
-47.2806 -31.4488 -19.3565
-45.8316 -29.7869 -16.9063
-11.5124 49.9118 -42.5879
40.7017 20.006 -23.2454
-24.7937 -36.6989 -112.897
-23.3388 -34.8793 -114.317
-12.7725 -31.401 6.32224
-32.2341 10.7598 -116.332
-33.096 6.59791 -116.241
-34.4229 23.4192 -24.8954
-28.6611 -45.6688 -103.871
-17.4055 35.8824 -114.058
-25.9173 15.5723 -12.367
40.1002 -35.2255 -9.51615
-34.5513 -47.8523 -96.233
-38.8094 -30.5306 -5.9613
-36.1352 14.1491 -22.6211
51.2218 10.6436 -37.6097
-44.4162 -44.5141 -4.72651
22.563 10.0563 -2.0787
-47.1246 -27.5184 -20.4263
-45.3428 -25.8675 -18.0206
-31.6194 -57.1128 -91.3018
39.1969 -12.0077 -110.561
-37.8863 -45.1192 -94.0956
-49.1674 -26.2692 -83.7012
32.0002 -49.3197 -96.9201
-34.9818 -7.52093 -114.72
-36.9067 -7.82815 -113.1
-35.186 -39.3112 -101.443
-33.951 -29.1575 -1.9994
-11.1945 -18.3438 0.902144
-12.4011 26.382 -122.531
-12.791 28.0616 -121.348
-5.16255 0.69415 6.71457
8.73387 -40.9703 16.2833
10.5823 -40.9839 12.9821
-12.4118 -24.3146 1.59407
33.6155 7.016 -12.4934
39.2895 11.585 -18.6863
45.4327 -16.3989 -22.5539
40.2532 33.3527 -98.5887
-42.377 -11.2819 -21.3892
-47.6858 -20.8588 -24.3487
-46.0735 -20.6049 -21.5069
-12.8351 49.0965 -41.4319
7.84575 50.5108 -37.8462
17.3877 -72.4163 -82.761
-12.9112 -12.6887 0.924846
-29.2832 -55.7488 -95.1206
34.9494 11.6386 -15.1233
45.308 -2.55579 -27.3742
-45.0208 -7.04565 -26.8651
-40.0253 14.9965 -27.9501
-24.2367 -16.8579 -120.8
-27.2333 -16.6882 -119.2
-38.5573 15.9198 -26.1629
42.6178 -13.0573 -20.5884
27.4836 -20.7438 -1.19974
43.0718 -46.9408 -79.1767
44.5799 -44.9001 -78.8796
27.2265 -62.4984 7.23681
-36.1237 -34.4491 -103.092
-9.72774 -12.9918 2.6024
-33.6205 -31.2754 -108.432
24.1381 -66.6195 -83.5727
-9.62421 -53.7368 15.6707
-6.20663 -52.4513 16.6769
-48.669 -7.33168 -32.1754
-24.111 -45.7871 -107.173
-11.4576 -32.048 7.8066
46.2867 -31.0005 -89.9167
47.8754 -29.2497 -88.637
-34.6269 -36.942 2.60894
11.7904 20.6998 -1.03084
14.556 19.5071 -1.41173
47.9668 6.34754 -29.8473
38.1937 20.9839 -21.2885
37.0258 24.6869 -22.2579
-19.9878 -36.3552 -115.163
-30.2659 1.84938 -11.9919
55.6785 -33.361 -48.2225
36.8445 -39.7765 -3.18063
-42.0032 -34.4234 -7.60021
-40.7963 -30.3569 -8.63564
-30.7667 -25.1497 -114.498
41.699 35.1828 -93.5397
-20.0676 -61.6335 -96.7106
-21.0534 -64.1641 -94.5483
21.7921 11.639 -2.05536
19.4055 14.1149 -1.28682
-30.2568 23.2743 -20.5191
-38.3907 -36.5405 -1.55529
-14.8017 27.5119 -10.9131
42.5857 1.65957 -24.3543
43.2516 -17.4066 -19.3844
-23.3153 -25.4122 -119.401
-31.7501 -7.76276 -117.181
-32.8535 -3.10471 -116.758
-39.3006 0.694619 -24.0553
-48.0762 -12.428 -29.2303
37.9201 15.5105 -18.5127
-44.3023 -29.9803 -93.2254
-44.4323 23.4621 -41.6277
-42.7407 23.4348 -37.89
3.91086 -76.5808 8.35542
-3.93258 -27.6361 14.122
-6.2384 -27.9744 12.4641
-45.6383 -58.6803 -4.58819
41.6389 10.7767 -21.3004
41.8072 -7.19842 -21.8608
44.0344 10.0705 -25.0986
-12.7922 -62.6142 12.5549
-30.339 -11.3971 -7.07734
-34.888 5.84019 -19.5198
-19.3366 -53.9079 12.7985
-30.634 -34.7472 -109.799
6.52728 -64.3427 12.2882
44.208 -25.9827 -18.1633
-36.9103 -52.6347 -88.7677
-37.3453 -55.6498 -84.8557
8.54841 -2.6764 6.8473
-22.1374 21.643 -11.648
38.1166 -7.124 -17.1469
-11.6148 -53.7926 14.999
-16.3216 -54.1714 13.4423
42.3908 -26.6583 -15.6593
28.4039 -44.1455 6.41126
7.96822 -12.2909 5.61054
29.1017 29.6528 -112.481
-36.8402 -26.0125 -108.193
27.8398 -26.3118 -115.78
16.5041 47.0395 -32.9911
19.5391 46.1803 -33.16
50.4773 32.6921 -73.0252
-32.359 14.6359 -17.7465
-28.7133 -38.8558 6.86136
20.2873 -79.7598 -3.2224
37.8167 6.93539 -18.2332
18.228 -62.7344 -93.4811
50.0706 5.22369 -99.8747
51.2002 5.95052 -98.0368
29.9358 5.76873 -7.87395
-35.8489 -30.6078 -106.44
11.5669 -71.9923 4.67255
-23.4525 24.0783 -14.6446
36.9859 33.5714 -102.741
34.8107 36.9844 -101.292
37.9572 35.5552 -99.1364
-42.2036 -22.6439 -15.7659
-42.8194 -7.51906 -106.054
-41.4235 -7.71253 -107.906
-29.2444 -37.4001 -108.451
46.6189 37.4027 -68.921
-34.2301 -36.2614 -104.243
-47.4596 -37.511 -62.0401
-49.2709 -39.1468 -64.5494
32.1368 -39.0384 1.28092
35.8995 -8.39645 -13.5136
53.3727 -17.2931 -37.6076
52.5682 -21.8567 -36.8704
-41.3906 -39.2277 -3.52707
41.418 -16.6678 -17.399
-20.945 -31.4304 -117.827
-37.6761 -25.2797 -8.16633
7.51443 -62.1566 -97.6712
33.9511 -42.8969 1.83856
50.9912 -6.53238 -33.3533
-27.3667 -12.1275 -119.427
-27.578 -7.50423 -119.811
-7.19307 14.3879 2.11072
-16.0652 33.6059 -116.639
-28.1412 -35.1717 5.02621
-8.78813 -67.1145 7.89398
-15.7719 -50.6143 12.6848
-24.447 -38.6973 -111.161
-19.2082 -40.3794 -112.43
37.9776 -45.2986 -1.39682
-20.3221 47.7859 -46.4422
-37.5378 31.0623 -37.0621
-40.0217 28.3446 -37.8479
39.0096 -35.0711 -101.161
-16.1216 43.7429 -32.1623
-15.744 42.5727 -29.8221
-30.7337 -13.2803 -6.59396
-43.9342 -35.7406 -9.93559
31.1702 -40.8563 3.18414
-32.8474 -46.3148 -99.3657
-31.0513 -61.8162 6.88775
11.0591 -41.3215 6.82933
28.8566 -56.7813 -92.3019
37.5435 -3.20307 -113.482
37.7421 1.66745 -113.658
24.666 -26.0854 -117.693
62.6971 -29.8821 -57.4334
61.3118 -30.5092 -52.1055
-3.79232 -72.2015 10.8521
-0.0280242 -21.687 9.73807
-42.358 -3.91408 -25.4141
-38.5901 -16.5026 -110.147
-42.4864 -31.5025 -10.4338
-4.01674 10.6338 4.35274
38.326 -34.6834 -7.11738
-24.5912 -54.6069 -99.9693
41.2455 -39.8629 -9.25289
-24.7215 26.2796 -17.6106
-35.9851 42.6307 -68.8231
-57.4918 -48.6277 -70.3419
-42.2714 -13.1542 -20.3231
35.4051 1.59501 -115.462
39.2086 -44.0441 -92.0744
6.54287 -72.7757 7.67282
6.64906 -75.2203 7.33073
-42.1295 5.59569 -29.5324
41.7541 -29.7709 -13.9635
-21.975 -68.9119 -90.6653
-47.67 -44.1226 -65.1947
-34.4932 16.1819 -21.4202
37.4543 -3.95154 -17.0884
-38.1312 -22.1219 -108.613
37.1923 -30.3684 -7.61603
30.2116 -2.87621 -7.41045
-20.0882 -25.8747 -120.878
-46.3584 -2.18008 -30.9948
50.0078 31.209 -80.7099
51.2043 28.0563 -83.6017
-37.403 1.24652 -112.905
19.3973 50.1536 -42.563
38.722 23.8333 -23.3154
-23.5176 18.4357 -10.4649
35.3606 5.99955 -14.6041
-30.1082 -62.4477 -88.0519
-14.2711 -61.1718 11.8933
41.5694 -59.2096 -3.78113
-55.6565 -44.3474 -63.4177
39.0644 -31.5793 -9.58782
-27.7964 -2.90951 -120.09
-29.6272 -7.89025 -118.577
43.4406 9.74893 -24.0188
-37.3714 -3.07844 -112.835
43.5369 -36.1416 -14.7148
42.8989 -30.751 -15.3836
52.4761 -37.2621 -47.5862
-38.1226 25.5806 -31.2049
14.9104 10.1566 2.33998
4.20216 -54.2143 15.9788
-30.9201 27.9605 -24.6335
9.28613 -37.7506 9.05069
-25.3833 -2.87678 -121.447
10.5383 59.6549 -66.3409
27.7425 -36.7358 -110.421
-8.4413 -30.5238 11.2692
-37.8845 14.8465 -24.9642
-34.5249 11.9331 -20.253
39.5957 -7.53119 -111.151
8.5294 -30.6774 8.98849
-24.8939 -62.0797 -93.2232
27.6105 -18.0432 -1.91954
38.2095 19.1668 -20.3479
29.1515 -35.1705 0.685171
-42.0663 15.8996 -31.4355
-42.8128 11.3022 -30.8352
24.6165 20.2249 -7.80982
42.3908 19.2662 -24.7682
44.0403 20.0041 -27.0771
13.0236 11.5421 2.82777
-47.0632 -8.56446 -29.1275
31.2092 -66.7884 3.3522
0.155006 -6.59935 8.57264
-4.91005 16.0702 2.18838
31.4536 -42.7232 -102.618
-7.89198 -34.9076 16.3628
-28.8074 -30.1686 0.836955
-16.3094 -31.2633 4.45696
21.0771 16.8736 -3.77648
33.6052 -17.7663 -6.67147
-30.7198 -3.03977 -10.4679
43.0918 -45.0925 -10.0781
-46.3809 -11.6191 -26.6303
-19.0615 -25.0512 1.04942
31.9727 -68.7203 1.74084
-26.504 -38.5456 -109.971
-38.949 -12.0714 -110.519
-23.9654 33.4617 -23.7963
-15.6924 -67.8593 6.51116
-11.2839 -58.102 12.2097
0.174493 -17.0621 8.00122
15.3633 -35.0095 5.29606
10.5067 -40.8751 7.89125
-35.0716 -2.97451 -114.944
-0.591369 -71.7068 10.6034
26.471 -38.7782 -110.281
-26.5816 -51.8548 -100.464
44.5273 39.213 -64.8447
45.9118 18.2814 -29.0381
46.361 20.8811 -31.2489
-7.91151 -26.8753 9.34777
-6.30403 -23.412 7.65962
-3.59513 20.5852 0.175257
8.43711 -7.55552 6.46709
-34.2282 25.4569 -26.0706
23.7338 -62.8973 8.17726
-4.19776 6.49635 5.61599
41.682 40.0348 -55.3918
44.223 38.0634 -56.8635
0.357678 10.8588 5.13208
-20.0669 -20.8708 -122.108
-23.5733 -11.5398 -121.397
-19.429 -29.8283 -119.383
3.77858 -42.5981 17.6377
-35.6824 41.8422 -61.3509
38.1324 -26.9815 -10.9669
36.9779 -12.453 -12.6271
23.5844 -57.2447 -96.1934
-4.1307 -58.3705 14.4352
28.2634 -43.7991 -104.08
31.8882 -12.1832 -116.108
-21.0741 29.5809 -17.8493
27.5278 24.6427 -13.4528
28.7888 -31.2234 -112.813
-39.5262 1.34462 -110.675
38.2453 -43.7383 -2.81657
-61.5889 -35.1933 -70.6328
-60.2701 -36.3223 -73.7058
34.6216 24.403 -19.7252
-39.3018 -2.99686 -110.879
20.4347 -61.118 -94.1947
-43.7058 -40.5618 -6.15756
46.604 -11.2265 -26.1562
-51.5815 -12.7931 -37.7137
29.7509 -27.1645 -114.201
12.9386 -62.5551 8.82843
-52.159 -48.7965 -59.9932
-54.4495 -48.3089 -62.1727
-36.0939 37.2886 -92.9195
19.7972 -59.0836 10.073
8.81665 -63.9779 11.0768
-7.41754 -49.8895 15.27
-29.7957 -24.0908 -2.91786
28.9643 -67.5905 -74.9261
29.0435 -69.032 -71.3976
35.0508 32.1093 -106.095
23.9706 -53.3811 9.53912
-15.435 50.0006 -47.1638
-16.8126 49.1283 -46.0092
-43.6299 10.0614 -31.2395
9.6452 -23.9495 2.40474
27.9654 -40.6643 5.01715
-3.86784 14.6227 3.05156
11.8131 -21.6063 0.938654
27.4943 -45.3693 7.22509
-33.5393 -20.5906 -8.77749
38.6039 -16.4187 -110.06
23.7033 -39.3434 -111.49
24.296 -37.1025 -112.249
-43.9826 -27.0616 -96.6042
-39.8918 -21.4357 -106.536
-39.2621 -48.2153 -89.2884
-41.1921 -44.0883 -88.7826
7.10086 -2.50943 7.35233
-7.36751 -31.0825 13.4633
35.3426 -35.157 -105.111
36.7258 -35.6581 -103.149
27.3291 -29.7652 -114.638
-0.226527 48.515 -32.852
-17.8545 -71.3353 4.46618
-39.6743 -7.6931 -110.199
49.0667 -16.4211 -28.3248
42.1953 40.8018 -60.8575
44.1904 38.784 -60.3218
-42.7516 20.9254 -35.8055
-43.7076 20.2044 -37.3761
-30.0905 -27.2071 -114.014
-31.7747 1.52159 -117.483
-53.3992 -17.0947 -42.3982
46.0088 -21.9038 -21.9159
43.6159 -39.755 -13.8986
42.5774 -59.3706 -5.9403
33.2982 -57.4745 -84.3839
31.6342 -57.0737 -87.527
32.8866 6.11253 -117.246
34.1559 -29.5188 -109.627
-8.17419 -72.3107 9.97659
-34.4325 -23.616 -6.54412
-38.056 -3.98221 -20.3096
53.0897 -58.2834 -60.9714
52.5473 -53.5108 -59.6564
57.125 -35.8614 -62.0486
54.5871 -34.1155 -56.5002
-21.2614 -48.3227 10.9168
-20.1301 -50.4796 11.9481
27.3627 -30.4186 -0.226719
-21.0865 -15.9389 1.23224
-28.7543 41.3707 -41.8576
-32.5023 29.8235 -27.7737
-25.0429 -59.8852 -95.2301
-49.3707 -21.2079 -88.5035
-49.2156 -20.6012 -84.5853
-46.5646 -3.91783 -30.3648
-33.2399 44.7882 -69.4371
12.8656 -73.073 -85.2924
12.1122 -75.1135 -84.3819
32.1164 -37.0441 -107.144
30.6666 -34.1369 -109.862
-2.93691 -12.0079 7.34157
-4.46808 -29.8688 15.6423
16.7437 -12.8165 1.2504
-27.0172 27.2059 -20.381
33.6126 -31.699 -108.878
-12.5089 -58.5234 11.7668
-39.1019 19.5224 -28.6477
-40.6743 19.9212 -31.5043
37.1057 -69.1609 -3.1307
-29.1034 26.3635 -21.6774
23.8547 -58.4299 9.1186
32.5964 24.7485 -18.1049
-52.3467 -25.4953 -46.5767
53.6136 -29.2704 -45.6897
42.5909 -11.334 -21.1924
-48.0398 -25.9385 -22.9758
48.8883 -63.2288 -41.3437
-15.3373 36.6371 -114.393
-17.5836 20.9267 -7.31001
39.9027 -35.027 -99.0477
38.299 -37.0888 -99.6983
-19.2996 -71.255 -90.8617
-34.1004 2.10845 -17.0331
-44.7634 -13.111 -101.792
-43.8146 -16.6326 -102.329
-41.2432 -39.6356 -92.3979
-41.6298 -3.08623 -108.106
-27.7193 1.56739 -120.199
33.6693 35.5403 -104.062
-17.1869 -57.3854 -100.802
-17.3268 -58.9404 -99.8133
36.9883 44.0933 -55.5664
19.372 19.4184 -3.59155
3.13938 -67.1198 6.20857
19.6689 -35.1174 -115.945
23.0796 -34.2129 -114.672
2.97909 -48.7123 14.3709
41.3579 1.1495 -22.8087
-38.3699 -2.29148 -21.629
32.4948 -40.9155 -103.178
-15.4511 -33.3727 -119.13
-17.789 -36.3576 -116.201
-16.3393 -30.315 -120.519
-45.1767 -34.6991 -12.9392
-24.851 -70.0176 -87.7345
10.3712 -16.029 2.64523
-20.6778 34.5218 -22.6249
-19.2385 -70.844 -91.0739
37.7489 -11.5343 -14.7783
9.92679 -17.585 2.41209
31.0085 45.9354 -47.0115
-8.12107 -57.1939 13.8021
-38.7291 -25.3541 -106.042
-15.5412 -20.436 -2.04332
-43.6588 -38.742 -88.1927
37.9474 -73.5322 -21.0372
34.1386 -6.01136 -11.9549
-34.1198 -4.17277 -15.03
-29.8419 -3.13363 -118.77
-46.9137 -45.1982 -9.438
-45.8819 -44.4052 -7.656
-44.9131 -40.2194 -8.66159
2.54178 -44.092 13.639
31.6171 -20.936 -114.73
57.6971 -57.9998 -64.0279
-38.5191 11.9181 -24.9436
28.5453 -17.0033 -117.237
-41.0798 -31.0026 -99.0378
4.79855 -41.2003 -116.1
-0.438585 -41.1971 -116.522
-24.5433 10.7451 -121.788
-27.2629 11.7721 -120.169
-2.42569 50.4426 -38.0521
-20.2341 -58.7855 -99.3209
-11.8483 -60.3605 -100.034
-12.2648 -58.3531 -101.655
-33.7963 16.4392 -113.791
-34.9655 15.9172 -112.916
-13.9294 -40.2386 8.50161
-13.1025 50.3377 -45.6765
28.6986 -55.5601 -94.0124
26.1133 -8.82364 -2.48972
27.5352 -2.92221 -120.018
32.5423 -3.11424 -117.13
35.6012 42.7524 -47.1391
60.2097 -30.6966 -51.4257
-17.3568 -32.177 -119.051
35.3086 -21.8308 -111.891
-15.3963 -79.3269 0.46282
-16.7716 -77.8483 0.458159
24.4286 -48.6299 9.01583
-35.2165 1.93735 -18.6685
-24.6192 33.4451 -111.639
13.2283 -13.8119 2.1461
3.8756 -43.8992 11.8932
-34.6036 -57.2571 -87.3527
-36.6442 -57.4699 -83.5182
42.0227 -7.81768 -108.835
28.1698 -21.8147 -116.651
-38.8023 -39.0682 -96.9177
56.3258 -49.6317 -59.4971
56.6253 -48.8547 -65.7487
41.6753 -19.8493 -16.5782
41.2522 -45.8554 -85.3113
-35.5903 0.773788 -114.577
-21.5032 -45.4085 -107.604
11.9691 -24.341 0.0771194
3.35546 -12.8157 7.44516
-28.1921 -53.9977 -98.6002
30.6528 -25.3824 -114.219
-47.7577 -48.9461 -8.8626
-4.99848 -67.0239 9.45899
42.5009 41.1633 -65.3054
35.0969 -25.5647 -110.634
-19.6354 50.8928 -56.1507
7.32335 -58.6534 12.3653
15.855 15.1422 0.305125
-32.2266 -64.447 -83.5385
46.2427 36.6045 -78.8195
45.6513 -43.0287 -61.5786
43.2118 -12.3691 -106.453
-39.2108 5.91863 -110.656
11.6027 47.9489 -32.6287
12.2547 49.4506 -36.3995
3.6327 -7.53723 8.0978
-4.88671 35.3565 -118.292
-39.5068 24.8965 -32.755
-52.6028 -30.4114 -60.1104
14.8758 -70.2812 -86.6589
10.8949 -71.9998 -87.3124
-12.2411 -72.6875 -92.3563
-11.7009 -68.6797 -94.8353
4.43594 10.7116 5.38513
-19.5949 -2.80627 -123.711
52.3835 -2.34001 -36.9718
53.2862 -7.44419 -37.3534
-39.0039 -27.2806 -104.369
4.22669 -30.2962 14.7486
6.14594 -31.5534 12.5455
23.8831 18.1189 -5.92285
32.3014 43.3 -41.7176
-40.4799 38.342 -74.8412
-38.2739 40.4565 -74.7802
-43.3458 15.5035 -33.3679
-54.5344 -53.0004 -44.0484
-50.787 -52.0275 -42.0847
11.5077 -64.2148 -94.8492
-49.2816 2.22061 -37.7433
-49.355 6.35143 -37.7577
-46.2358 5.10239 -34.8461
-21.0201 15.9758 -122.51
-24.2944 15.3817 -121.145
16.0537 -52.9534 -102.927
-42.9493 6.04124 -106.065
-43.2236 1.21833 -105.985
-45.2663 5.86192 -102.548
-16.4313 -39.2318 -115.26
-20.4493 -38.5602 -114.442
23.8551 -12.1515 -120.535
27.1238 -11.7911 -118.918
-24.5192 5.2346 -122.236
-29.8091 11.1255 -118.319
28.7699 -12.4815 -117.964
-24.3834 -25.0799 -0.00632893
48.498 9.7361 -31.9089
-27.5589 -17.764 -1.77686
-27.6768 6.14289 -120.213
-24.0076 -53.8025 -101.005
53.1335 -35.366 -56.5177
-29.898 30.7769 -26.0447
44.3288 -56.2508 -60.8713
-19.2368 49.8992 -51.8088
-59.9477 -39.9019 -72.9413
-19.9077 -16.8315 -122.635
40.4955 -21.8654 -106.642
29.3195 44.9876 -41.0255
-35.3166 -33.2854 -106.065
-41.0676 6.72542 -108.498
-36.967 -64.0692 1.68266
21.3032 -26.9554 -119.067
19.7321 -26.3246 -119.953
37.2026 -26.5695 -108.179
-45.1954 -35.4754 -88.1407
-41.9393 -38.7094 -91.7192
26.4644 23.0313 -11.2912
18.6992 -20.8815 -0.108825
-19.5369 -58.2492 10.806
0.200373 -3.76423 8.52721
28.2349 -65.3547 -79.4335
-24.5904 -29.9893 1.57373
45.2692 -12.1395 -103.965
47.4249 -12.5547 -100.889
-8.45617 23.5538 -3.60889
-7.48199 22.5527 -2.11036
58.9841 -45.8071 -66.1752
16.3239 -21.1426 -0.324637
15.4185 -74.8881 -82.3982
-24.6595 -66.207 -90.8677
20.5264 -30.348 1.56068
3.34133 -17.2398 7.49394
-34.2886 -50.3065 -94.682
40.8387 -17.0505 -107.786
53.8776 1.99569 -39.8017
33.746 -21.1581 -6.79258
-29.8465 1.54097 -118.874
20.5991 -30.4742 -118.058
19.1309 -29.8207 -118.981
51.2447 -39.2974 -54.9214
55.938 -40.5721 -57.6334
10.3597 -11.5854 4.51533
34.622 -11.8525 -114.292
39.6813 -67.2508 -4.89976
-21.1107 32.1954 -115.073
-40.656 -27.0414 -101.914
32.6162 40.3205 -35.6345
11.4232 -76.8059 3.40101
-38.7204 -44.8784 -92.9547
-4.08617 -24.7376 11.1446
16.9027 -64.1716 -92.7373
41.9907 -40.2281 -10.3886
11.37 -27.4363 2.91017
-19.935 -12.2536 -122.825
27.7004 -67.51 4.77325
-40.4312 -62.1874 -0.149633
-35.6483 -61.9752 -79.8561
-33.3326 -64.1561 -82.2912
-12.1104 30.9814 -13.1774
-11.5739 32.3861 -14.8635
11.4543 -66.6585 -92.4819
-47.7558 -24.5486 -88.0025
20.9352 -40.7001 -111.922
21.1748 -36.7427 -114.054
47.46 -60.11 -60.9981
56.4853 -2.53259 -46.7541
-38.5926 36.8164 -87.8265
52.5701 -26.7245 -37.5707
-37.7037 1.82832 -22.3122
17.8805 -74.0696 -80.9796
20.7278 -72.1125 -79.9504
17.8192 -73.9348 -81.0554
-49.3221 -11.621 -32.2746
-12.6139 25.9069 -7.86504
25.4065 -17.3463 -118.946
-9.16845 -44.7194 10.9175
27.826 -53.6102 -96.5127
-19.5032 -7.49051 -123.282
-51.1685 -31.1886 -45.9882
44.6257 -21.6037 -101.406
42.134 -34.8341 -12.6593
-60.3934 -39.7152 -70.5076
-16.56 -25.977 -122.2
3.0008 -63.1705 13.9822
-19.776 -48.424 -105.977
-25.4264 24.3882 -117.231
33.4548 21.8003 -16.7794
-36.3961 10.8164 -112.845
-42.8902 -20.9916 -101.702
23.7763 46.5822 -37.6683
33.3367 -46.2744 -98.0412
20.3565 -65.8638 -88.2231
24.8233 -40.6943 -108.822
-23.121 46.5314 -46.6948
30.5608 32.204 -109.74
12.1276 15.8386 1.58556
24.3699 -34.1846 1.75357
-41.361 -21.5697 -104.213
38.0019 -22.9096 -108.866
37.954 -20.8681 -109.617
-55.3159 -20.3967 -60.9131
42.9351 -25.5628 -101.602
-29.8798 6.30128 -118.564
-42.6017 -26.61 -99.1484
-43.3126 -28.7707 -97.7115
36.3076 -47.7854 -92.0732
15.0169 -11.2483 2.57039
41.5448 -54.3035 -3.55111
-15.743 19.8588 -124.293
-12.7572 20.3122 -128.167
15.0029 -39.9397 -114.589
16.7468 -41.0561 -113.367
-9.71008 -47.1879 11.7497
7.96134 11.0186 4.69106
51.2864 -16.4746 -32.6775
33.6286 -17.2281 -113.899
20.173 -53.4581 10.4758
29.195 -7.92087 -118.423
38.1055 -31.7637 -104.2
-39.4323 37.5011 -83.5552
-42.3123 -45.067 -1.32189
8.24073 -71.9463 -88.7257
31.6112 46.8679 -51.3771
25.6239 -32.0508 -114.38
8.4722 1.8189 6.55642
15.7328 -30.7392 -119.917
16.9047 -31.9755 -118.836
11.705 50.1937 -37.9881
-24.841 48.1746 -55.5908
-21.0142 -3.25839 -123.179
-40.9451 -49.453 -83.7919
16.4446 -53.7626 11.33
-17.4639 -62.4273 10.526
-56.2447 -25.8058 -51.8887
-45.4581 -46.0831 -60.9147
46.0508 10.2723 -27.9219
-43.07 -2.99251 -106.171
3.47575 -27.6052 13.3417
23.6201 -44.2455 -107.321
-15.9766 -62.8362 -97.4892
41.0213 -12.5149 -108.952
-41.6278 1.59339 -108.081
-0.577652 -45.5544 13.9271
35.4681 -44.4673 -97.7057
-45.2302 15.7498 -36.8203
20.1361 -45.449 -108.055
-30.0792 -65.7363 -85.8891
32.0696 29.0087 -110.846
-42.5485 -17.5141 -104.266
40.1132 -30.6945 -102.531
20.0826 47.7715 -37.1028
40.2318 1.70811 -111.589
30.6801 23.42 -15.334
51.2948 -12.0917 -32.8363
-54.5329 -21.0681 -52.3825
4.06967 34.5264 -117.585
-12.7265 -50.262 13.216
52.9825 -44.9616 -56.2952
16.8223 20.481 -2.92632
34.6637 -8.67535 -11.3031
59.6591 -13.5711 -57.8875
-47.4028 -39.0119 -48.9219
-41.9294 -16.3595 -105.595
-16.1737 -68.0669 -93.9676
45.7033 -39.4006 -84.5965
44.0388 -39.7735 -87.7374
45.0991 -35.8424 -88.8261
-4.08965 -31.6993 17.2993
10.5257 -80.9505 -1.44717
16.3788 -58.2006 -98.3794
36.0299 -54.4605 -84.4044
-45.8184 -45.0115 -64.0365
16.3673 -35.1297 -117.279
25.0402 -21.7925 -118.332
-32.53 33.735 -32.8229
48.9366 2.01379 -101.484
13.1404 -78.2185 1.28513
23.2093 -21.1601 -119.315
19.8929 -21.4057 -120.769
-39.3084 -52.6326 -83.9986
-42.2109 -61.9316 -1.75999
-28.4442 43.2344 -46.4201
-31.2392 41.5219 -47.0465
27.5904 -66.1763 -78.9229
25.014 25.9091 -12.5972
-30.3863 16.5639 -16.7295
10.1325 -32.1097 7.23758
22.9922 32.3206 -114.171
-31.1831 31.6904 -28.4094
18.7849 -71.5334 -82.5184
11.5112 -34.2416 -119.364
15.072 -33.7924 -118.535
-54.9254 -26.7831 -50.3353
26.7646 -7.36794 -119.821
20.7752 -64.2852 -89.9268
20.8715 -52.7467 -101.441
-27.8403 -32.3261 2.81041
38.7004 -28.7501 -105.359
-41.6061 -36.7705 -93.7928
-47.1347 -29.4761 -87.3841
-45.8804 -30.9771 -89.5302
-34.9271 32.7291 -101.481
-36.5534 29.3215 -102.833
29.4866 -3.43079 -118.925
-24.6717 -40.9283 -109.209
41.3389 25.1777 -27.5012
43.8764 -53.2598 -9.22374
-49.7425 -26.6573 -27.8764
8.26209 -46.4119 10.1354
8.09726 -47.7461 10.0235
33.5987 45.2171 -50.5326
-28.7002 33.9202 -107.575
-27.1802 36.9984 -106.02
22.9394 -25.6286 -118.71
43.1797 -16.6915 -105.37
7.77562 -50.2293 11.893
-45.2525 -7.65832 -102.097
43.2894 -7.40307 -107.652
-49.8601 1.40756 -93.5919
-48.0086 1.66012 -98.0473
25.0803 -62.4386 -88.3981
2.49764 3.65365 7.49652
4.1969 1.03273 7.69428
25.2233 -66.9173 -81.4007
-14.9812 -41.4101 7.23006
-15.3948 -44.1269 8.37677
16.6035 -26.3307 0.758402
-48.99 -34.4951 -23.1257
-49.1448 -31.0888 -23.5689
-50.3614 15.9343 -50.6213
-50.8795 14.943 -51.4911
-44.8785 -22.045 -96.9983
-20.3208 -7.79497 -122.953
44.7933 -26.3053 -98.1334
-20.9826 1.91317 -123.636
-17.1696 -41.1368 -113.065
24.1715 28.6171 -115.883
47.6004 20.3772 -33.1571
59.2571 -39.0202 -65.3673
-47.8586 9.08528 -37.7797
-48.8763 10.958 -41.5333
-11.966 15.7245 -126.103
-15.6767 16.3613 -124.782
3.26198 -2.65323 8.35054
-38.1305 -58.167 -79.9995
-23.9741 -31.9586 3.26755
51.8104 4.34609 -35.9907
7.37692 1.13304 6.97059
25.2591 -64.5659 -85.2773
5.953 -36.9742 16.9022
-47.0021 -39.9213 -14.9507
41.3534 39.0926 -50.9177
38.2421 40.639 -47.3058
40.4189 38.4806 -46.4303
-10.7901 -11.4223 2.47365
43.4273 -49.629 -9.23396
-19.8142 -51.0748 -104.329
-41.5184 24.7849 -36.4914
-41.9566 -41.1983 -89.413
38.712 -47.191 -89.0226
5.14741 -33.6401 15.9284
43.0485 -33.9121 -93.9475
41.0872 -36.5525 -95.2811
-46.3014 10.4133 -35.8952
-42.9316 -34.352 -93.3092
-9.402 26.7083 -6.74744
55.0811 -55.1656 -62.0548
16.4481 -65.5155 -91.5351
-8.11138 29.1653 -8.55491
-31.8781 14.8036 -115.868
47.8229 -48.9075 -61.8203
29.953 -60.3561 -84.9709
50.8686 -31.1053 -33.3511
4.02518 49.7142 -35.5036
23.9077 -44.1022 7.88436
26.4529 -62.4391 -86.7289
53.0121 -11.6006 -36.9153
-38.2724 27.8056 -33.588
-45.6035 -26.4242 -94.2026
-55.4638 -30.0244 -63.4499
-43.5486 -62.4328 -3.70756
31.7815 0.958788 -117.989
-17.1059 -20.0835 -2.36736
-48.4813 -45.1864 -13.9093
-12.4746 -21.9002 -0.880092
48.3765 -3.40568 -101.898
-48.2611 -58.1889 -9.64799
-49.0979 -22.0857 -27.3955
25.1029 30.3365 -17.2798
-19.6659 1.66456 -124.045
-56.1328 -54.5397 -46.004
-19.3341 -37.9632 6.89324
-20.8559 -35.2522 5.89599
-17.6196 26.4968 -12.0444
-3.49418 1.15597 7.11631
33.2231 -50.6199 -94.4877
23.525 -16.6654 -119.966
16.1438 -62.4584 7.79475
-19.5181 -76.5177 -0.39713
-41.0628 29.2261 -41.7738
55.8632 -57.7771 -61.8337
7.07631 -75.4717 -86.6821
-19.9786 42.2799 -32.6393
-18.5613 -30.6975 3.41045
-20.8138 -29.5777 2.13938
-44.8603 -2.75832 -103.59
-16.9219 -58.0872 10.5807
50.0238 16.2191 -36.4511
45.8745 -30.886 -19.845
-36.1426 29.4837 -32.0276
-47.7139 -7.85821 -97.231
-17.0813 -64.6066 -95.678
52.2816 -38.1334 -59.5197
48.5374 -40.2572 -61.9618
-34.893 36.6176 -96.5352
-47.2445 -36.0933 -17.4335
-8.82489 -21.7583 3.05822
16.1276 -49.4225 9.93305
-39.4295 10.8131 -109.648
-41.5963 10.6419 -107.123
-34.337 -55.2343 -89.7545
42.3941 -22.2816 -104.095
-41.8896 -64.4275 -2.98978
6.96178 -36.0876 13.586
40.785 -48.5415 -82.8187
-29.4839 40.2473 -40.3999
19.8998 -16.8179 -121.499
-45.3431 -63.9905 -7.67473
23.0096 25.1807 -10.4593
24.0035 -7.62503 -120.983
42.6066 -54.7897 -5.42727
-24.5519 -39.5344 7.87583
7.11134 -7.34912 6.98701
29.7583 -36.1695 -109.361
34.1674 -27.4747 -6.43504
-45.1866 1.5813 -103.112
-53.6024 -22.2506 -69.5654
-48.5168 -17.5434 -27.9819
42.6087 -39.4594 -90.9528
40.4672 -40.1806 -93.9119
-19.9399 -53.7956 -102.75
-38.0702 -48.0444 -91.5106
41.9608 -20.7119 -105.336
50.9691 -34.8041 -78.9775
62.8994 -48.7399 -64.0518
50.0907 -26.0227 -30.5739
44.4729 -16.5811 -103.819
8.38794 6.29811 5.70538
39.5811 6.34498 -112.155
40.7554 -26.5873 -104.109
-46.4817 -57.4063 -6.05351
-12.6279 -36.3429 -117.966
-35.1892 13.6257 -20.2036
-0.636332 2.54542 7.58076
-38.1199 -36.2523 -99.7079
7.35031 -67.2264 -93.3815
16.7341 50.2744 -40.7959
-9.46949 20.4485 -127.212
46.954 -7.8507 -102.759
46.1166 -7.98754 -103.931
-50.0985 -3.25315 -36.1025
-15.9571 -37.9677 6.63681
-46.8345 16.4108 -40.991
-45.143 21.3727 -41.3573
-21.7298 -20.9992 -2.28342
48.9846 6.47546 -31.1183
43.4466 23.7555 -28.9827
-24.365 -48.3155 -105.154
42.6016 -63.3929 -8.06441
27.5219 1.53879 -120.335
20.6618 -57.7109 -97.2878
15.3958 -61.5224 -95.9484
-11.7681 -34.2223 -119.694
-7.85634 -34.0155 -120.622
50.1464 -36.6791 -79.6969
25.4681 -45.7366 -104.613
-25.7879 35.4847 -108.811
57.3705 -54.1966 -65.4489
48.6349 6.50152 -101.689
42.4041 -47.4819 -55.5725
55.3577 -12.28 -41.8951
54.7452 -7.00322 -42.0358
-52.2688 -44.9939 -63.8746
-53.7393 -21.0205 -47.6868
51.5451 -47.1468 -59.8579
15.8593 28.1958 -9.14302
16.5915 30.8093 -12.5648
-28.5664 33.3442 -27.692
-41.7532 -54.2772 -74.8412
-38.1092 -50.2121 -89.5675
46.9322 -15.1866 -100.754
39.5493 -38.3663 -97.2804
17.7802 17.6959 -2.18339
27.1672 -70.3496 -73.5435
-15.8657 -7.55161 -124.273
-4.50002 49.4346 -36.4264
3.48912 -65.5609 -95.6127
4.26621 -67.7909 -93.6019
37.281 -50.2304 -88.9492
50.3465 11.0006 -35.7344
-52.052 15.0747 -56.0329
42.4363 -3.41787 -109.149
48.371 -35.1012 -83.3306
11.967 -30.4412 -121.188
41.7779 -32.3007 -98.8091
-49.5013 -58.6627 -13.414
42.2915 -40.9229 -89.7976
36.1991 28.4977 -107.802
-28.6343 47.0191 -60.6324
-28.9309 45.8606 -56.3685
33.4921 30.4002 -108.763
47.9513 -16.8222 -98.5084
12.3138 -36.3828 -117.791
43.2211 -44.1657 -83.5662
46.7351 -34.3187 -87.239
10.9639 -62.5107 -96.6084
48.1277 -43.8286 -27.1632
21.0443 44.6922 -31.2138
30.4949 -39.0057 -106.615
-51.8357 -33.8 -56.7731
-51.7411 -31.1388 -54.2331
-23.3089 -60.6444 -96.14
35.4485 -72.438 -4.77078
-16.552 -71.8645 -91.6762
15.9534 -26.6975 -121.182
-41.8416 -25.275 -101.076
4.27994 -61.9627 -98.337
11.7085 -82.6003 -2.53149
-16.903 -22.1563 -122.992
11.6944 -40.9328 -114.886
27.9709 43.9325 -36.813
-44.6687 -48.3965 -63.3519
27.5969 -72.5516 -70.1404
-0.810023 -67.0143 9.55896
-55.8062 -51.5388 -68.3974
16.7858 -67.4203 -88.7317
18.9942 23.173 -6.22889
-27.2002 -61.8291 8.47721
49.0444 -39.4969 -78.5087
27.2883 -63.4604 -83.745
-15.547 28.6872 -120.071
-0.981827 -58.6117 -101.066
24.2219 -3.05319 -121.544
16.9061 -44.1001 -110.153
-46.826 -17.3774 -24.2943
19.925 28.6729 -117.516
19.358 -43.4728 -109.956
45.6759 -43.8243 -59.3489
44.9282 24.1068 -31.6565
47.8149 -40.7715 -64.5459
47.0405 -43.0119 -63.3186
-15.7865 23.7749 -122.674
-21.1429 11.5537 -123.272
-11.7533 -37.6077 13.599
-44.8672 -54.0649 -64.4145
-45.4633 -52.1874 -61.9981
-46.0493 -46.7368 -63.0519
-46.2515 14.6645 -38.1908
-11.9646 -66.5522 -96.0329
46.2504 -25.0221 -96.4497
46.6677 37.0196 -65.332
-49.8933 -39.8391 -23.0965
43.2632 -31.8307 -96.9318
42.366 -33.2872 -96.1196
20.5138 -62.0344 8.76558
45.5527 -30.9714 -93.2602
41.0106 -49.9896 -79.7099
-58.9494 -48.2543 -68.507
8.83442 -69.5197 -90.5787
-19.5785 10.8503 -123.937
21.2947 -54.5707 -99.6487
32.7449 38.3202 -32.2824
53.5693 14.9276 -45.6547
52.5804 19.6224 -46.3491
26.2135 -73.2415 -71.5106
55.5919 -17.0495 -42.1743
39.1884 41.2757 -51.9013
23.9766 -67.2557 6.00574
-7.49627 49.434 -38.1376
-38.9667 -57.3431 -79.347
4.07768 -73.4402 -89.2907
-12.5747 -26.283 -123.111
-0.112728 -39.9793 21.1569
-0.188505 -35.7019 20.5698
19.9463 25.8665 -9.06719
-56.1922 -40.2695 -61.8138
7.13243 -43.4564 -113.011
-46.4154 -12.7851 -98.5774
42.1643 1.61182 -109.767
-34.8559 28.1844 -29.0426
16.7175 -45.715 -108.708
29.6167 26.1809 -16.747
-15.4403 -66.0626 -95.3694
51.4034 -2.22044 -97.1249
45.369 -40.0936 -18.0962
40.7587 -52.9623 -54.3482
-46.8141 -7.9015 -99.0067
-12.1528 -62.7516 -98.4241
40.2336 34.0872 -36.827
41.2462 35.0206 -40.5056
-5.14598 -44.6423 -112.379
-8.25549 -30.6876 -122.266
-43.0609 -44.8548 -83.5515
0.409717 -65.8498 -96.1407
-9.2675 22.1165 -2.63213
-31.8137 42.3477 -51.3556
43.5253 -62.9236 -10.1563
-0.391684 -71.5355 -92.1058
0.577672 -73.4761 -90.5203
-39.7164 -54.9763 -79.4794
-24.3269 43.8928 -41.118
22.9823 45.0748 -33.6297
-48.9246 -31.0659 -83.6499
8.10923 -67.682 6.21255
-24.2626 -35.0277 5.56998
31.9933 41.806 -37.5753
57.2555 -17.1167 -69.8937
19.8863 -17.9661 2.28273
-19.3959 5.75025 -124.26
24.2932 44.0353 -32.7597
-53.0831 -11.8706 -74.5282
-15.3391 -76.1185 3.08152
37.7659 -55.1566 -78.7605
39.5197 -52.5245 -78.2168
-49.6461 -49.326 -13.8749
-12.2509 -30.7202 -121.561
22.4067 -65.4288 -86.7452
3.98568 -57.7266 -101.107
-31.9587 38.8453 -41.5617
45.8445 -24.6748 -21.0789
31.2964 -67.3521 -69.7053
30.8553 -65.885 -73.4414
42.4486 32.0642 -96.7781
47.6203 -49.1245 -26.9898
-25.9073 30.3228 -113.135
-42.4291 35.5822 -78.0408
-51.1938 -26.8513 -32.6689
-12.2205 -49.0985 -107.061
19.5666 -47.3326 -106.302
49.7221 -8.24037 -98.6553
-2.54406 -54.1188 17.545
0.151621 34.7945 -117.916
-4.3 -49.1023 15.4252
-40.5851 -56.4994 -75.8161
35.6032 -57.7772 -78.9015
-17.2956 50.2903 -50.3415
17.1488 -69.8306 -85.5567
-16.1448 6.22183 -125.42
-38.431 -34.3828 -100.215
-17.668 -28.5157 2.38589
4.18157 -59.6705 -99.8687
-0.700177 -63.0136 -98.3393
0.409327 -60.2899 -99.862
-47.263 -38.3912 -17.1303
-4.4645 47.6069 -32.2706
33.7769 -47.6225 -96.157
64.4726 -46.2031 -63.7808
27.1369 -36.5826 2.62209
7.80708 -34.4301 -120.131
-47.7174 -16.7039 -92.8643
4.77762 47.8856 -31.3231
-46.9728 7.34492 -34.6906
20.3106 -12.3438 -121.91
20.4816 -7.79889 -122.421
31.5804 -61.8277 -79.334
12.0391 -68.7624 -90.0218
16.2186 -30.3589 2.35487
12.5994 -52.2925 11.4936
12.2725 -49.3761 10.1168
-32.9341 43.8057 -60.3226
-33.3233 44.3251 -64.986
-35.996 42.3688 -66.3559
-35.7704 33.7162 -38.2045
13.4401 -53.4243 -102.716
-47.1482 27.497 -83.0514
-48.1602 6.03883 -97.6943
25.2862 30.701 -114.051
37.4747 11.1429 -113.312
35.001 10.2543 -115.391
49.2749 -28.0578 -88.6572
50.8637 -26.364 -86.8047
47.1888 -21.0156 -97.2642
-42.0685 -46.1117 -85.4457
49.1559 20.0504 -36.8206
-55.6224 -39.5912 -73.0403
-19.8017 -44.3436 9.17841
-21.1828 6.26282 -123.519
24.3044 2.27776 -121.784
-50.0788 -54.2439 -13.764
29.5093 -38.2538 2.62334
47.1702 -39.9465 -23.1279
47.3615 -44.9864 -24.35
51.792 1.7236 -97.1619
50.3514 1.90799 -99.3223
-46.2224 1.5432 -101.225
10.0528 -75.6701 -84.9441
-42.3918 -32.9454 -94.6139
-4.14644 -72.4582 -92.5575
-4.06086 -69.0259 -94.6666
-46.6212 -36.5344 -15.306
20.6293 -3.21009 -122.864
-11.8287 -25.534 -123.443
-12.0843 -21.6986 -124.17
18.9401 -38.0241 -114.215
-29.0497 16.163 -117.782
-46.2523 -21.9625 -93.8226
-46.7494 -24.5349 -92.3704
40.1362 29.404 -102.824
-49.3443 -43.7766 -17.863
-44.4044 -44.2992 -78.8512
-44.9161 -39.5672 -84.5778
-45.5328 -17.1171 -98.2715
-8.79618 31.287 -11.9117
-8.02 33.3555 -14.2149
52.8882 -32.3955 -58.6838
-8.5588 -26.8324 -123.613
10.0246 -44.2403 7.461
-46.1345 -2.88544 -101.221
31.6917 16.1429 -116.377
31.8284 19.3208 -115.31
-8.67138 -66.7513 -96.2358
10.7761 -42.5206 -113.135
47.0545 -30.6188 -22.1083
-4.25367 -41.553 -116.193
51.8952 -30.5975 -36.383
-23.2936 42.7388 -37.0719
55.7613 -34.2389 -51.3754
50.0465 -17.3593 -93.9654
49.0448 -20.8419 -93.785
-36.7583 38.0876 -51.0905
50.2735 -30.9531 -31.693
-57.061 -17.7427 -53.1076
8.1166 49.8425 -36.2345
-49.884 -6.94526 -34.2854
-25.485 -76.464 -2.64624
-23.1104 -75.8377 -2.04054
-42.5836 19.0495 -34.2853
-52.9654 -8.20246 -41.519
-7.62631 41.6494 -24.1643
-7.26458 44.4415 -27.854
38.729 32.6739 -101.371
49.4719 -35.8855 -28.6761
32.4999 -60.3095 -80.3198
36.564 -58.6927 -73.5311
-7.16355 27.7963 -6.67242
-46.2203 -38.9522 -12.835
47.3956 -37.9078 -83.0611
32.6298 34.3874 -27.298
-56.0063 -30.0964 -64.6259
18.7789 -32.6078 2.62389
18.5913 -34.6709 4.02988
3.96496 15.4561 3.54722
0.0733097 15.0874 3.58732
49.2277 -12.6297 -98.1872
45.0941 -53.7193 -13.8129
44.4663 -49.5518 -13.6333
-42.5656 10.4773 -105.819
-15.6906 -44.1501 -111.982
-0.36999 -64.0883 13.9112
-39.9799 -69.7665 -5.83252
9.73336 -28.9749 5.84745
-44.8582 33.5671 -70.0205
-48.116 28.9504 -70.6297
-51.5925 -7.68624 -37.5785
27.8737 6.06473 -120.067
-36.2586 33.7341 -98.2293
24.9695 45.3183 -36.2076
48.3327 -58.9032 -47.0741
-42.7554 -66.1068 -5.6276
-35.6618 -67.812 -0.349475
-15.6049 -3.06364 -124.844
-0.00509067 -44.3522 -112.324
-1.08325 -46.7904 -110.079
-16.0651 10.766 -125.325
39.0002 -51.7955 -81.8736
-12.172 -40.3148 -115.738
-0.454212 -53.6954 17.3459
-0.187171 -53.9904 17.3935
-21.33 49.8266 -55.2375
-46.2195 -28.0204 -90.3667
5.51178 -47.0466 11.3574
-19.8056 -57.1246 -100.621
46.1759 23.4934 -33.4785
50.9 -16.1855 -92.7958
-0.421461 -47.861 14.2764
-49.3375 15.4071 -46.7295
-15.8473 -12.1793 -124.074
-16.9324 -17.0132 -123.508
-47.4057 -21.8801 -91.4715
41.1464 30.0347 -32.2217
38.6184 29.6775 -28.5313
3.45849 -75.4151 -88.4096
11.1816 14.5068 2.50262
-16.4259 1.70923 -125.156
19.5234 -41.6205 7.52998
20.1182 -44.4228 8.37279
-46.9708 -62.5462 -9.91282
42.1404 -47.8813 -54.234
-48.0516 -2.93272 -97.135
51.343 31.6216 -69.4085
37.7733 -51.4592 -85.0641
-15.9118 46.6286 -37.812
-44.5578 11.211 -102.678
57.0943 -20.0937 -50.9869
51.1265 -7.57014 -96.5129
53.4268 -7.42896 -92.3225
-39.8232 15.1866 -107.959
52.7578 10.5994 -41.3517
50.8247 15.8557 -38.1641
44.0128 -58.322 -9.00048
-26.9412 45.7559 -51.4091
-0.0503381 -76.8457 -88.6479
-8.61308 -75.6407 8.56526
16.5886 -12.4887 -123.088
8.3715 -36.7265 -118.538
-50.9561 -11.9468 -36.2631
38.068 30.6294 -104.142
-11.788 32.3925 -118.928
37.5583 6.2279 -113.788
45.9868 -22.089 -98.7905
20.0388 -50.062 -103.351
52.9248 29.4205 -69.3912
8.29239 47.9235 -31.7768
44.0291 29.1699 -97.6004
45.5245 30.1433 -93.8035
-1.1263 17.6198 2.29427
31.0452 -60.6314 -82.723
16.278 -49.5805 -105.513
17.104 -50.3775 -104.493
-21.4639 -18.8494 -2.84462
-22.4192 -18.3609 -2.50927
-23.5092 -20.6937 -1.73722
12.3566 -26.5886 -122.282
12.4938 -21.7917 -123.158
15.6236 -56.2525 11.5664
50.3543 -11.0488 -30.6804
-47.6811 15.1383 -41.7393
-8.98409 -57.8949 -101.481
-29.4065 45.0361 -54.7285
50.2707 -11.5835 -96.7404
-59.7793 -31.1387 -73.2853
26.4658 29.2051 -114.386
-55.1107 -7.87094 -52.0485
-57.6893 -39.5569 -64.1267
-7.95622 46.9516 -32.839
3.34875 -70.8297 -91.4266
-46.9654 18.9442 -43.4952
51.0042 20.4586 -42.309
52.2638 15.2082 -41.7873
54.7658 -21.5604 -42.6395
-25.4373 44.905 -45.8515
-4.03533 25.3783 -3.44705
24.112 -40.1761 6.13936
-46.2656 -16.3866 -96.9494
-46.246 -35.3262 -84.1288
-47.2636 -34.5208 -83.0813
-30.7525 36.479 -34.6764
23.598 -64.4501 7.56423
24.9387 -43.4235 7.39956
-12.0614 -7.57165 -125.052
-0.709798 -53.416 -103.742
29.5019 -72.6928 -66.0061
31.0132 -70.9283 -64.9178
-4.3276 -42.4606 -113.943
7.59595 14.953 3.33823
44.1992 -44.3017 -14.4239
16.8141 -55.6394 -100.272
42.3377 -29.3503 -100.152
-27.1396 32.2956 -110.44
-28.5175 29.3589 -111.58
65.4275 -39.1614 -64.5887
-55.4516 -7.5354 -64.3892
42.9459 37.6569 -51.333
11.481 -48.2784 -107.298
-40.6297 34.1655 -88.3087
48.8837 -64.7098 -56.4093
-46.6221 11.1652 -99.1742
50.1421 -2.96971 -99.1477
53.4932 -47.1493 -57.9016
-4.25118 -31.2442 -122.46
20.7596 0.841184 -123.106
43.5546 -48.3465 -74.7894
-56.3942 -54.2785 -60.3973
-16.7886 -53.6176 -103.732
-15.7382 -48.9128 -106.858
4.12097 3.0988 7.32431
3.71464 -58.4274 13.0584
-8.51378 -41.0418 -116.029
46.7544 -30.3029 -91.7941
15.9048 -16.7901 -122.785
-46.2988 5.53922 -100.936
11.4171 -16.6718 -123.976
12.6579 -17.0733 -123.629
-51.8424 -2.68855 -41.5807
-51.7388 6.15159 -88.2538
-51.6806 1.59986 -88.2409
7.81209 -63.8747 -96.0316
3.75603 -53.443 -103.506
43.5109 -60.3146 -40.6607
8.18089 -30.5366 -121.998
47.4779 -58.8154 -41.2127
45.036 -62.814 -22.4384
44.6299 -63.399 -17.9774
53.4644 6.80228 -41.8087
-24.2491 28.924 -115.214
52.1891 30.0318 -74.637
27.1391 45.2284 -38.4887
-23.5544 39.8555 -31.7463
-27.6977 37.1541 -31.8383
-50.5976 -17.9184 -34.2162
-51.6133 -17.6362 -37.7597
-20.5733 -73.1794 1.92091
-4.67962 46.1787 -29.685
53.2651 -3.00502 -93.7502
47.8002 -35.5655 -23.9465
24.0601 5.65534 -121.809
-42.0515 -49.8816 -79.0758
45.4498 -43.6893 -18.3096
-7.98317 -60.2145 -99.8156
-50.7274 5.43124 -41.2574
7.13154 -70.1763 -90.6644
-17.2537 30.3743 -118.285
15.2563 -56.537 -100.025
35.0974 41.3429 -42.1473
-7.85685 -66.4498 7.1444
10.4041 -67.7041 6.33737
15.5197 -79.7518 -1.87806
-27.391 14.8286 -119.352
-49.136 -8.19321 -93.4178
-48.4471 -12.116 -93.414
46.3785 -41.1955 -80.3813
50.7957 -26.3606 -32.5343
51.337 -22.129 -32.9981
15.5534 -39.174 6.78854
-52.8488 -22.3362 -73.1057
-52.9565 -17.0372 -73.8648
37.0215 39.4086 -41.2574
-5.25581 -51.1838 16.5498
-0.45463 -51.6738 -105.173
-0.934801 -48.5225 -107.667
28.2831 24.3708 -115.62
-43.7407 14.9986 -102.458
2.85788 -32.2831 17.2577
-12.1548 -3.00563 -125.578
-25.2068 -38.0294 7.07181
-0.304743 22.7585 -0.548184
0.353825 19.9327 1.24579
49.8398 19.2182 -37.981
32.5377 -68.0545 -65.0723
-16.3622 -48.4078 11.3615
46.2637 36.6648 -60.853
-4.15198 -34.4953 -120.932
24.2932 -52.5704 -101.063
47.6819 23.766 -37.2576
20.3485 -39.0428 6.29534
-8.8473 -49.1915 -106.913
-2.9588 -49.1118 -106.892
-8.63903 -36.8204 -118.658
-50.5505 -48.6395 -17.9759
16.0299 -73.755 2.2597
14.2629 -74.8474 2.51561
16.3478 -77.2006 -0.0330131
46.4012 -27.7084 -93.9383
47.4877 -26.2239 -92.8115
-10.5943 -74.8942 7.86699
19.3876 43.3804 -28.356
54.0997 -1.95723 -41.369
-50.8882 -57.7276 -44.1987
7.77319 -54.5077 -102.607
25.2114 -21.6849 -1.14183
44.5021 -46.262 -63.55
3.86366 -16.7912 -124.851
-19.4414 -12.0239 -123.017
-20.3756 38.8155 -27.7304
-15.7431 -16.7229 -123.884
-49.3605 19.5651 -50.8861
-47.895 23.8598 -52.3553
-7.86169 -25.2905 -124.078
-50.3768 11.4868 -45.41
-51.0198 10.3205 -46.531
39.4727 37.6781 -42.1505
55.004 10.1813 -47.4042
48.2763 -53.984 -63.184
41.7174 -50.9139 -75.9572
4.059 -25.3935 -124.153
55.9952 -25.6645 -60.6344
56.7449 -25.824 -55.5915
58.6637 10.2631 -61.2189
58.2408 12.052 -60.2658
57.3842 10.4924 -55.571
-33.9197 31.1476 -30.9123
50.655 -16.703 -31.2092
3.9384 20.4173 0.67535
38.4188 -66.0469 -2.2086
-45.1327 25.2112 -46.2279
15.6924 -21.4502 -122.319
-42.8572 -55.2875 -70.5548
-42.676 -51.9943 -73.9783
-49.7918 -15.9231 -32.2246
52.4214 -16.7668 -88.7321
48.6774 33.6925 -60.3356
-49.8463 -41.5516 -64.5729
-20.2065 -39.1899 7.41064
-2.65478 -77.3349 -89.2186
-23.6619 -73.6058 -0.627442
24.0478 25.0879 -117.516
48.9275 -39.4089 -28.5005
15.6747 24.0463 -5.16725
-16.9576 -16.98 1.63097
-19.2665 15.0135 -123.462
-12.0349 -55.0119 -102.954
66.1446 -35.1669 -62.032
-47.6005 20.5806 -46.9858
-19.1049 28.1302 -14.9079
12.1148 -12.1864 -124.29
-12.8734 -16.7106 -124.487
-49.5925 -17.2151 -87.5591
-42.6991 -46.8663 -81.6468
56.3999 9.97153 -51.5911
-47.8132 10.115 -97.6042
42.4392 32.2692 -38.0548
43.9936 32.7128 -42.2563
53.7566 -22.4481 -40.7704
54.3261 -26.6965 -40.4905
33.5246 -64.223 -69.9359
-31.0621 37.2436 -101.473
16.3984 -7.49185 -123.736
16.7399 -7.95479 -123.583
-15.6485 -21.2021 -123.437
-36.9934 34.0795 -41.6154
-34.5274 36.9528 -42.4926
46.2836 -36.1949 -20.8388
37.8585 40.3786 -45.7299
-11.6614 46.0186 -33.33
-42.9734 -48.3213 -77.966
45.9731 -53.9008 -18.5948
10.8317 -57.6506 -100.438
-58.1042 -25.3456 -53.6901
47.7177 -48.9568 -63.0741
-50.8255 2.22112 -42.4534
15.7446 -72.5819 3.00091
28.197 29.2529 -18.4269
33.3565 -73.2157 -3.72118
31.1614 -75.9284 -4.92637
-12.1848 11.3232 -126.486
8.40501 -26.5027 -123.203
-0.130254 -68.5587 -94.1941
-33.7096 -60.0087 -85.2412
-51.2669 -39.978 -27.9653
56.7038 5.86208 -51.1143
55.2761 5.84307 -46.4173
-4.17975 -26.5215 -124.16
3.98961 -30.0338 -122.807
19.6906 -24.1635 -0.155876
-19.1019 -71.1474 3.78133
-8.72147 -54.5995 -103.333
0.430413 -30.6465 -122.842
-0.158831 -25.592 -124.413
49.7574 -6.97296 -30.8025
-50.5435 -43.2943 -22.7978
-11.2324 1.3861 -126.401
36.986 30.4031 -27.4451
35.3656 28.464 -23.9543
11.5062 -21.1732 -123.487
32.6052 11.2962 -116.776
-7.85815 -44.2368 -113.281
-14.1184 -41.1136 -113.755
8.44071 20.8773 -0.0895297
34.9547 -60.8876 -72.9831
56.2747 -7.75229 -47.2222
-12.6535 6.22683 -126.41
42.2943 28.0485 -101.126
46.356 5.4852 -104.9
0.0358915 -29.5083 -123.309
42.0382 30.5377 -99.1072
-53.5142 -56.9332 -61.796
-55.0542 -56.9087 -59.8555
-52.6453 -53.1386 -67.1046
-49.9246 -30.8405 -75.2337
-19.3396 36.8397 -24.4765
-12.4752 34.4467 -17.9639
14.6612 -66.6677 6.37322
41.2477 -67.8092 -9.18051
38.5397 -71.7348 -9.25049
-42.2333 27.8729 -42.5888
-50.4183 -41.0394 -23.9067
49.0648 -31.3833 -27.8379
-51.4057 -16.1782 -83.9829
-50.5614 -18.4716 -86.4358
15.9938 -81.2145 -3.05519
54.0128 5.72519 -42.5929
1.64332 -76.8387 8.67709
56.5572 -16.9387 -47.6823
-33.7175 35.0638 -36.8206
51.9093 29.1044 -60.5695
-8.14492 -7.61536 -125.57
38.568 32.8285 -32.2596
1.35407 5.00102 7.08652
53.137 6.18584 -94.5156
53.6091 1.38752 -93.8481
27.5618 42.169 -32.966
3.87229 -34.3445 -120.832
53.5553 -27.752 -73.1791
-25.8878 -64.7595 -90.5078
8.27053 -48.7417 -107.05
54.2903 -15.4992 -39.9805
-51.2016 5.02997 -42.207
-52.1609 5.41924 -46.7195
-52.1936 -24.8063 -73.0161
-50.8545 -25.2726 -78.3698
-30.2645 35.692 -104.217
-32.5372 29.3624 -107.637
-50.4863 -30.7626 -27.167
-50.5879 -30.6409 -27.7281
-3.82723 28.3081 -5.90184
-44.8559 19.5916 -98.1971
13.7615 -50.4746 -104.88
-32.135 43.3339 -55.4901
-48.0315 -34.0525 -79.3362
12.3489 -46.4162 -109.16
-54.1834 -2.31347 -51.5284
55.692 0.837185 -45.5163
15.3999 -11.9878 -123.483
56.2211 -21.2733 -70.7649
26.7092 27.4782 -15.5892
4.00801 -51.6393 -104.834
4.3196 -48.9384 -107.18
-51.0569 -50.4529 -19.0073
54.0163 11.3655 -45.1685
49.2931 33.9559 -65.3743
35.4025 -61.6284 -69.547
-8.07235 -21.3699 -124.6
-29.543 35.3341 -31.4208
-56.9432 -56.4763 -51.5098
-57.2338 -54.1332 -50.4746
45.0793 -58.7027 -13.9753
-7.57182 -74.1458 -91.6472
53.7694 -17.9918 -83.6537
51.2457 -21.4695 -87.8643
-27.4374 -22.6546 -2.08233
-8.34664 37.3062 -19.2092
-11.4285 36.7011 -20.0238
46.1304 25.7737 -36.244
4.22461 -37.0628 -118.936
-28.301 39.7009 -37.2536
-25.4863 40.651 -35.3893
-43.0437 -42.5788 -86.527
37.7875 -59.2588 -65.3859
-46.8555 15.4 -97.0904
-45.7826 16.2685 -98.5789
55.8197 -23.6658 -43.5954
56.4689 -25.0243 -48.3153
-16.7011 32.6543 -18.2544
-17.0874 35.3943 -21.4305
3.92473 -43.3674 -113.241
-55.4679 -12.5513 -52.2699
16.2515 -44.7648 8.3287
-5.08985 -62.8413 -98.4569
-3.4006 -66.6569 -96.1465
-49.7642 -3.34641 -93.1752
-51.3611 -21.9706 -78.3967
-0.160395 -34.4359 -121.059
-4.50348 -37.0784 -119.11
-3.58702 -53.8832 -103.423
24.3589 -35.9873 3.17345
-49.8291 6.48753 -93.6461
-4.02723 -29.736 -123.141
-58.6848 -26.2099 -54.5281
44.4453 34.0909 -46.3769
-34.3135 25.6171 -108.616
-32.1528 24.119 -111.676
55.373 15.0871 -51.3569
-25.2599 30.3694 -21.9166
12.4026 -41.5621 -113.709
45.0522 -58.2083 -37.2693
28.2669 -72.6308 0.489155
31.8175 27.5613 -19.8352
32.4445 29.8935 -22.5881
-11.9221 -45.2059 -111.179
-41.2391 34.5399 -55.601
-38.615 37.1206 -54.5208
-33.7671 33.0728 -102.81
-28.8206 -64.6396 6.31025
-31.1811 32.8179 -106.063
-43.2404 -53.3115 -70.4188
50.3066 -22.6027 -89.1784
55.3909 -6.85248 -87.4218
54.5178 -11.545 -87.1569
-42.1814 26.5932 -40.1966
-21.4499 45.3159 -40.8741
-39.0237 -65.7763 -1.37442
49.0345 10.596 -100.702
-41.6233 37.3328 -70.585
-23.2267 41.3841 -34.1222
7.29914 -24.8229 -123.767
0.0978529 -66.273 12.0433
46.4587 -53.1875 -20.468
36.9153 -68.4804 -47.2258
46.5582 -53.9948 -22.9548
-17.163 21.2878 -122.941
-20.5664 20.4418 -121.47
-51.9387 -7.79113 -83.6648
-53.0289 -8.79354 -78.5648
-34.8459 41.2643 -56.2721
52.2312 -43.8463 -60.8629
-50.043 -2.60907 -92.5109
-50.6177 1.399 -91.578
47.0938 -49.1583 -23.748
46.1169 -48.6223 -20.2288
9.28955 16.3965 2.18211
-12.042 -12.2117 -124.688
-28.8356 -66.8077 4.61092
55.0703 0.606354 -42.3838
-22.6878 31.8522 -114.289
-40.3162 37.4954 -61.8596
66.5659 -40.6075 -59.8917
16.1976 2.13787 -124.493
-53.1949 -12.0606 -41.2084
-49.9384 -18.9354 -84.9513
-51.0123 -13.2816 -84.2892
-37.465 34.8814 -94.3536
54.8563 16.1667 -50.4323
11.7736 -7.55844 -124.814
-23.0498 23.6158 -118.84
-8.1989 -68.734 -94.9733
-0.202311 -29.2464 16.1048
-0.0968069 -31.4976 17.6673
55.8243 -21.9637 -46.1507
-4.55989 -62.4678 15.1979
44.1893 9.97729 -107.135
-51.6607 -29.4752 -32.538
57.4394 -11.7275 -56.947
58.2209 -9.59195 -58.2165
57.7734 -8.53216 -56.5341
-20.4002 29.3903 -117.275
-19.092 27.921 -118.718
16.0881 -41.5973 7.32759
33.4738 -69.0263 -59.9305
35.0602 -66.2965 -60.0171
-48.1466 25.1592 -55.7431
53.1443 -58.7361 -64.6061
-50.8588 -3.75453 -37.5575
-49.5363 -62.9311 -17.4226
-48.4753 -62.5245 -13.3885
8.57233 -21.8107 -123.948
35.04 24.5336 -111.046
-31.5114 37.4101 -37.651
-27.5303 32.0053 -25.163
46.1414 35.3955 -55.307
34.5073 -64.4558 -65.8121
-8.19571 -3.09788 -126.196
-51.3822 -16.2161 -79.5625
45.4781 30.0589 -41.3393
47.3077 27.9158 -42.3186
-16.907 37.9002 -24.1904
13.6632 21.6461 -2.26561
0.391818 43.2846 -23.8211
-53.7351 -28.8853 -52.1851
40.2049 -53.1852 -75.3967
-3.95411 -2.99051 -126.497
-56.7164 -27.0441 -69.2294
50.4063 20.8462 -40.854
-3.90654 -52.132 -104.616
15.6557 -2.91667 -124.355
49.1588 -58.6303 -63.4091
48.2154 -63.2418 -60.1059
-8.19355 1.1132 -126.809
-4.69623 -65.6076 13.1198
-53.9641 -12.7673 -66.9783
-54.6403 -13.1794 -64.7221
-12.3199 -44.8552 8.63928
53.6002 -12.4258 -88.7839
23.1398 33.7338 -19.7853
27.1882 -70.6161 2.73073
-54.9068 -33.4944 -73.1466
54.0426 14.879 -47.2478
-5.38508 33.4242 -119.347
7.90041 -51.8345 -104.583
46.5073 -42.6866 -78.3495
34.975 36.9847 -33.1697
-11.8747 -47.0649 10.5589
56.5654 -10.8717 -47.0585
-45.7222 -41.0931 -78.575
-46.5503 -38.7992 -77.9035
-4.35476 29.2889 -121.331
16.8195 26.0758 -7.53134
3.88762 -78.7834 6.52863
-47.0899 -36.436 -79.5314
36.0766 19.4801 -112.236
-4.12324 1.49766 -126.889
32.7904 -71.4454 -56.5004
31.8958 -72.0871 -60.0636
34.8886 -64.3803 -64.7678
-15.6093 -51.6864 -105.103
-34.9794 28.5082 -105.682
49.8913 32.131 -60.8971
-54.9527 -21.4141 -54.5774
-48.3653 -37.854 -52.1654
-8.32095 -50.8076 -105.569
19.3166 -2.80544 -123.358
29.544 31.0352 -21.3772
-37.0893 -69.2407 -2.91716
-34.552 10.2057 -114.503
-12.4608 -47.0359 -109.769
23.4735 28.8152 -14.5438
34.9005 -56.6564 -83.0471
-50.9367 -39.3301 -27.1259
22.9519 -41.8992 7.23778
-50.3052 -9.01406 -89.2311
-50.4591 9.2121 -44.2462
-17.1058 31.3853 -16.8554
-48.9261 -30.8175 -80.0858
-34.3148 35.4868 -99.216
25.2385 -78.0701 -3.85894
24.5319 -79.4861 -5.09899
46.7156 32.604 -49.7551
47.9763 33.2193 -55.6583
-19.9716 -63.0869 9.35389
-49.582 10.7848 -93.5813
-4.2335 -74.5682 -91.1502
32.4072 25.1199 -112.611
37.9299 -57.1039 -73.2485
-51.7243 -25.9405 -37.1202
51.819 -35.7944 -70.2811
-3.86088 22.535 -1.07615
3.89479 -12.1968 -125.31
-61.1797 -31.5784 -70.0351
41.6214 25.2506 -104.135
44.3245 -63.28 -14.5381
19.19 27.7018 -10.5065
-55.9364 -57.1471 -55.3726
-56.5861 -54.1095 -56.2093
-51.2416 -44.9992 -23.9454
-50.0152 -44.7692 -19.4144
50.5064 -34.9866 -42.1473
52.9159 -29.5227 -42.6592
50.5102 -20.2453 -31.1793
-50.119 -34.4207 -27.148
54.4106 -8.37623 -89.4161
30.8908 41.0326 -34.5746
-52.1201 -49.5716 -46.3014
-51.9257 -48.9172 -42.1988
-45.6085 26.4915 -49.7938
-44.1971 29.1232 -51.1116
-49.7706 -12.4638 -88.8417
-35.348 19.312 -111.074
23.6152 37.8171 -23.9743
24.5631 35.4302 -22.2137
20.6593 6.30187 -123.011
-50.3151 -55.0938 -14.5713
37.2541 -58.6759 -70.3424
-46.2961 23.5653 -47.2001
-53.1918 -56.1362 -63.3986
55.5503 -17.9865 -77.9547
55.3506 -20.1198 -78.3152
53.9096 -20.9525 -78.0581
48.5606 29.9235 -49.9038
50.3105 -11.4958 -30.0155
38.57 28.0603 -105.571
-33.0448 20.2264 -112.935
0.191317 -26.4795 13.9254
40.3034 -54.6277 -69.6353
44.0147 -63.6022 -31.6642
42.3113 -63.0474 -38.6139
51.9328 -54.7246 -63.8146
11.8564 -2.9927 -125.152
55.6397 19.077 -56.0736
54.2434 19.9193 -52.024
-53.8689 -12.5058 -68.7691
-53.775 -16.8781 -69.7038
-54.9277 -15.1096 -65.1499
38.3888 -66.309 -45.9906
7.79482 -16.7459 -124.554
-8.1185 -12.2116 -125.116
-4.12125 -12.2136 -125.392
-57.5671 -41.7534 -72.9064
50.7895 27.1066 -86.5575
16.9554 -63.9824 7.04768
-34.2031 30.8986 -104.378
-51.9797 -48.2192 -50.9641
50.227 -19.7909 -92.0224
7.85756 -12.1674 -124.977
12.2276 -42.6721 7.08701
-50.5521 6.04291 -92.0254
4.8142 -28.2252 -123.328
51.9394 -24.7035 -80.2761
-38.3842 14.8679 -109.725
-42.9129 19.6389 -101.454
54.3072 -16.3729 -83.2402
-52.1851 10.244 -51.7632
-12.7847 44.6917 -31.5617
-42.1861 35.0128 -60.529
57.0624 1.65361 -50.9583
43.1988 28.4656 -33.7209
-31.876 -66.0648 3.68485
60.5744 -35.6298 -60.4259
-51.5876 -21.7976 -37.3574
-33.282 39.5729 -46.0762
-22.9942 45.1893 -42.6889
-17.5669 -74.1304 -89.5285
24.5802 11.4743 -120.998
31.1774 32.7022 -24.3139
28.136 33.8691 -23.1134
-8.11499 -16.7957 -124.851
19.178 0.912757 -123.653
50.3182 -35.6047 -32.5255
-54.1849 -17.508 -65.6907
-54.1744 -18.3634 -61.2166
-4.43694 -22.1038 -124.799
34.3925 27.9811 -109.617
3.87185 -21.3822 -124.595
56.9037 15.0414 -56.5437
-50.195 2.98376 -41.2692
-49.8001 0.774542 -37.8182
64.5305 -43.8187 -62.052
-51.6453 -44.3127 -27.5403
37.4144 25.3387 -108.483
-50.5526 -28.0814 -29.9333
-36.3682 24.6619 -106.956
12.9499 24.6513 -4.32733
-50.8736 -7.422 -88.0461
-51.3718 -2.92168 -88.1619
48.7519 -39.7218 -74.698
49.5781 -39.2523 -70.5231
50.0109 -60.6794 -62.9818
-18.1104 44.8499 -35.8616
28.4045 38.6009 -28.3196
-45.5211 -41.0723 -58.9679
47.173 28.5988 -92.5171
-51.1519 -53.8657 -17.9106
29.1989 40.1384 -31.402
-50.9019 19.1766 -56.1967
11.5946 27.8291 -120.08
7.81253 28.7707 -120.227
37.7981 -60.2988 -60.0483
39.0688 -57.7433 -60.096
-50.469 9.52641 -91.6015
-23.6967 19.622 -120.091
50.6659 -62.1218 -43.4402
52.8158 -62.7958 -59.7314
-39.5527 33.1628 -92.7696
3.60463 32.5201 -118.855
-0.112322 29.1864 -121.085
-0.308784 32.757 -119.214
43.5946 -49.146 -69.6937
46.1185 -36.8279 -85.9135
29.5733 35.7278 -25.9834
43.5508 24.0372 -102.482
46.1951 24.6777 -98.2468
-36.4699 -70.643 -3.98684
39.8813 -62.0736 -46.0659
40.9253 -63.4443 -42.4995
-3.96407 25.7438 -123.259
-4.58978 23.7983 -124.393
-0.106349 -7.65771 -125.93
-24.1418 -63.3688 8.3938
-51.7027 -49.5433 -23.089
0.398531 -24.0995 11.7428
-0.149211 -21.4012 -124.8
-40.3834 38.1846 -66.1616
21.3551 -33.2116 2.14886
54.5887 0.456293 -91.9662
-7.93752 16.0966 -126.685
-32.9275 -68.955 0.41381
53.348 -22.5717 -82.4735
-38.6831 -52.0569 -86.3693
-48.7185 17.0023 -92.6782
39.8351 -68.7192 -37.4892
40.1879 -69.0637 -33.8527
7.90812 -7.61097 -125.452
-42.5223 -50.4318 -76.5286
29.0326 -76.8379 -4.67984
-52.5834 -21.7446 -41.6387
45.6288 -48.7203 -18.1257
-27.1131 -47.2088 -104.929
-21.4479 25.7345 -118.693
-44.1147 33.2248 -79.4477
-50.8725 -30.5496 -42.1984
63.3968 -35.8517 -54.9251
54.0921 -2.89508 -92.1065
55.546 -3.73426 -88.5825
12.5701 44.4476 -26.7317
11.2643 46.0701 -28.9113
-28.9736 44.2963 -50.7044
51.2946 19.744 -92.8478
50.433 15.5977 -96.8272
48.6889 20.2989 -97.2904
21.9024 -78.3661 -2.93081
19.307 6.02037 -123.417
15.6717 6.08092 -124.486
23.3928 41.6991 -28.7861
0.716444 -42.5339 -114.421
-42.2394 -68.8974 -7.97287
-19.1963 45.3397 -38.0417
-43.2944 32.6265 -83.9661
-41.5587 34.7743 -84.1874
-52.8429 -13.2267 -79.6883
43.4422 -62.8253 -41.8239
52.878 24.5916 -84.3415
44.5322 28.8528 -36.8499
-41.6306 -70.21 -8.46109
20.3123 29.6649 -13.4104
-0.410711 25.8334 -3.03978
19.826 34.5902 -18.6869
56.3255 1.58263 -87.7924
56.2917 6.35659 -87.8385
34.3198 -65.8815 -64.1888
-19.6252 24.7561 -120.139
3.92136 -7.64479 -125.801
36.9434 34.5742 -32.3925
26.8565 31.933 -20.279
7.95054 -3.03764 -125.796
-20.8052 44.0414 -37.0319
54.7143 20.8588 -55.1535
53.4788 21.0388 -50.804
47.0429 24.6105 -96.8851
-52.6923 2.20373 -46.9947
56.9309 -43.9286 -64.988
51.7847 -30.7735 -78.5293
-4.14173 -7.65251 -125.866
29.2864 11.1602 -118.654
-43.4542 -49.1162 -73.3125
33.9714 -71.582 -51.5723
34.6052 -70.8927 -50.8239
-12.3445 38.7651 -22.8893
-0.0855207 -3.09639 -126.408
27.5748 -79.12 -6.85281
-50.1078 -20.8852 -31.6843
35.573 33.1297 -28.9211
54.0385 -7.04333 -39.9135
50.9566 25.5368 -88.1139
-19.2283 32.6102 -19.8179
4.42557 46.3081 -28.3601
-47.6865 28.5878 -64.5908
-0.111362 -12.2096 -125.417
51.2062 -26.0575 -83.8045
42.4041 36.7077 -47.1662
-52.0998 -12.7333 -80.7924
26.8681 36.5787 -24.8824
-0.156451 30.5255 -7.70807
0.0711025 32.2923 -10.199
55.4016 -11.7659 -83.3427
-4.11777 -16.8176 -125.028
51.3351 -38.8642 -48.8483
-50.5369 -21.2662 -33.0117
-47.9562 -35.4733 -73.6319
49.1777 24.6788 -92.8937
50.6686 22.6852 -92.005
-50.1256 -11.7761 -87.8672
3.94852 -3.06173 -126.158
44.0359 -46.4015 -53.9672
38.8092 -64.4405 -47.0631
-43.9742 -49.222 -69.7798
-52.1005 -49.2311 -27.7264
57.5373 6.93448 -83.9915
-53.8592 -17.8503 -46.2477
36.0403 -68.2797 -51.1855
-50.5012 -34.6994 -28.6969
16.5234 15.7751 -122.946
13.1283 17.3203 -123.502
12.4248 20.37 -122.795
36.6372 -73.4837 -8.7173
-49.8279 19.0945 -87.8834
-12.1037 42.7387 -27.9692
-50.8617 -58.3262 -43.4937
-49.0601 25.6177 -60.8803
-47.5346 28.1756 -61.4973
47.8778 -45.4779 -43.2451
-20.4732 -67.8416 5.45987
-51.0552 11.3884 -89.6024
52.1348 -63.2519 -54.9346
27.0711 10.3491 -119.998
49.969 30.5489 -56.0343
42.4637 19.0714 -106.446
41.0332 19.5539 -107.769
20.5161 10.9811 -122.554
-0.463368 28.6887 -5.64126
57.158 16.8425 -59.7809
-26.9947 40.9755 -38.1186
41.0933 -69.6545 -14.1829
-9.41066 45.1791 -30.3314
7.42626 -66.0613 9.39669
34.4034 -76.4818 -14.8027
37.673 -73.7076 -18.9533
-0.134142 -16.8049 -125.004
-16.9534 39.8878 -26.8237
53.0261 -30.3469 -74.3411
-50.1647 20.6309 -55.2289
2.3682 -46.9215 -109.533
-41.8379 24.937 -99.1508
15.7839 44.3007 -27.6572
-4.85764 36.1244 -16.5589
-4.06785 38.1626 -18.7218
28.8826 15.721 -117.962
46.5073 32.0706 -48.1003
7.97306 1.56502 -125.963
11.9007 1.57572 -125.348
35.3469 -67.6613 -55.7425
-40.0535 23.8929 -102.727
-3.68406 30.5632 -8.55797
-45.9668 19.1286 -96.3745
-47.6309 19.2505 -93.236
52.4136 -62.7472 -46.5451
36.3386 15.5516 -113.189
39.9644 10.3011 -111.304
-7.93875 6.11065 -127.105
-41.7944 30.2453 -46.0329
-26.5527 27.819 -114.33
-0.0524652 1.50831 -126.764
27.7527 14.2479 -118.892
53.6781 -31.1655 -69.8657
-1.45769 46.1833 -28.7278
-54.4121 -11.183 -45.3637
-57.2989 -36.2133 -63.9779
-50.7145 -57.5756 -17.2976
-50.1465 -59.4705 -16.4497
39.424 25.0117 -106.746
36.5922 -62.7694 -60.7683
-8.21363 10.8523 -127.021
-40.7478 33.7827 -51.0938
57.8441 6.10553 -55.6609
31.0612 37.227 -29.0435
15.5662 24.8069 -120.524
33.0233 20.71 -113.974
38.0955 -63.4542 -50.8682
48.7204 24.8518 -41.6539
19.9527 39.2932 -23.4576
21.2991 35.9719 -20.8748
-8.47483 39.6943 -22.0741
42.7887 -66.2178 -31.4533
54.367 6.03537 -92.1824
38.2256 -73.2798 -14.7459
39.822 -71.5496 -14.3874
-37.6976 39.8284 -60.6091
4.24245 17.4228 2.52447
-4.2488 34.2057 -13.8733
-60.4194 -26.9145 -58.9729
49.7172 21.1918 -94.7029
42.6589 -64.9481 -10.2343
-40.0063 19.9703 -105.408
-41.3259 20.0861 -103.606
38.9113 -68.2244 -41.2813
-38.3229 40.073 -64.7665
-7.57973 32.4389 -119.532
-44.0774 30.0274 -87.2075
-42.246 30.61 -90.7112
-41.5348 30.2415 -93.2998
49.9294 26.2128 -89.6082
3.98826 1.54456 -126.454
37.5087 -69.344 -43.5323
20.4748 26.0571 -118.563
18.8331 -65.1164 6.54109
19.6257 -68.6693 4.9571
52.2545 15.4257 -93.6925
53.4264 10.8679 -93.1493
-50.9255 -39.5011 -40.822
-49.9234 17.8108 -89.12
-11.3603 -64.6477 10.7568
10.2619 -43.0149 12.4256
-45.3032 30.1292 -83.289
-16.1308 -56.4176 11.8348
-31.0574 28.0924 -110.014
19.1653 36.6105 -20.3222
-46.201 -40.411 -74.7717
11.4748 -65.8187 7.97568
15.4684 45.6038 -29.6089
-4.49021 -76.8764 8.57203
45.8256 -40.9068 -19.5122
-3.98681 -43.978 18.0026
-38.9951 32.1865 -42.4914
11.1689 22.7371 -2.18939
-19.1336 40.6321 -29.403
24.6853 39.9674 -27.2416
28.4236 20.1818 -117.058
-34.2891 40.5362 -51.8838
-34.0038 40.3872 -50.5703
-52.9726 6.29235 -51.0562
3.40773 -42.883 -114.089
19.4087 -18.064 2.86152
34.7328 14.8973 -114.567
19.1588 32.0289 -15.4119
43.933 -59.7024 -59.8645
11.8884 6.15643 -125.312
8.37489 -44.1112 12.2451
39.2985 15.106 -110.814
-29.5996 25.2459 -113.397
-36.9031 39.1825 -55.6557
51.2554 9.65196 -97.1798
42.1365 11.1755 -108.97
47.4875 -49.9252 -43.6785
38.0615 35.7192 -36.004
-40.1816 28.9627 -97.6458
-38.3666 32.2184 -96.6458
-49.6339 -36.056 -46.9235
-45.5294 29.0226 -55.3565
55.9337 -20.2459 -73.1997
56.8669 -17.48 -73.3609
-28.6887 -72.698 -1.73565
49.8983 25.5181 -45.9215
48.0958 28.9169 -46.5507
34.8386 -75.2281 -8.98631
11.5989 15.2032 -124.29
39.347 -60.896 -49.578
52.963 20.3825 -88.6911
7.97682 6.18027 -125.964
56.4317 -21.817 -67.4696
18.6361 24.4824 -119.851
-46.9146 27.5887 -56.6904
39.7096 -59.5574 -51.3691
46.598 30.9248 -45.8968
23.0271 23.6541 -118.509
23.4562 19.5734 -119.661
-51.7457 -53.9017 -22.9143
39.0461 -57.2106 -64.6202
11.9664 29.6938 -8.87658
50.1751 30.9345 -58.8258
-52.5086 16.7704 -60.0866
-51.5721 20.0993 -60.7418
-50.6353 -29.4812 -74.1412
51.2727 -35.6405 -72.9343
-52.5017 -2.60436 -83.8218
-0.0151575 6.17645 -126.944
8.20077 23.1663 -1.63986
-3.84939 6.93276 -127.202
-5.49434 -55.4128 16.0027
-44.5419 -45.1072 -74.2467
-52.3502 -24.2019 -68.1477
-31.3176 18.4686 -115.089
-49.9445 -41.0125 -42.9797
-43.3361 24.2933 -96.9674
37.8079 -61.2637 -55.5441
-47.0953 -66.0627 -13.6054
24.4809 -76.0933 -1.63018
-43.2124 28.5437 -46.7702
-25.5242 20.7804 -118.57
-37.6167 19.8786 -108.453
15.6418 32.8546 -14.6342
29.3425 26.3616 -114.098
11.7895 10.6757 -124.927
35.6656 -70.8631 -46.2555
34.3908 -68.9916 -56.3338
53.9741 10.4879 -92.0114
55.6802 10.6322 -88.3146
4.00599 6.18112 -126.515
20.0565 20.448 -120.743
16.0415 29.5001 -118.325
48.2464 -48.7937 -37.132
49.1419 -43.9655 -37.576
-53.8999 -20.8562 -49.5738
39.5629 -71.8903 -27.4986
53.3353 24.5267 -55.4198
-50.4835 -24.0398 -81.7877
6.47951 -46.9371 -109.484
14.9927 27.8081 -119.403
11.3016 27.4455 -6.30438
45.8578 -44.4477 -19.1887
-27.813 20.1777 -117.322
-24.4997 37.1375 -28.7875
-51.0241 -3.33332 -89.2435
51.2519 28.3598 -55.5565
50.3388 28.0245 -51.746
42.8787 -66.6343 -13.9779
-44.5614 24.3221 -94.7807
-43.1867 27.9954 -93.018
-44.6116 -44.5923 -69.3106
7.53855 28.0736 -5.74414
-9.9495 -42.571 -114.337
7.93051 10.7707 -125.68
25.936 19.6738 -118.546
-0.144553 44.5202 -25.9988
3.86982 45.1159 -26.4813
52.0568 24.6138 -51.2251
16.3861 10.052 -123.94
11.776 42.7513 -24.0631
24.3147 -70.5034 3.67085
38.9672 -56.4283 -70.0002
-7.23145 -74.5471 -91.3387
-38.7962 36.0577 -51.6132
-24.5129 35.2845 -26.3211
-31.8324 -71.0273 -1.60191
23.6996 15.2884 -120.625
3.68484 23.1076 -0.884556
39.2977 -56.2453 -55.4044
37.0204 -63.2101 -56.8616
-39.6966 33.2356 -46.7313
30.678 23.7187 -114.34
16.4438 39.564 -22.1512
-51.6679 -58.0142 -23.3486
8.36727 30.6429 -119.198
-4.62859 -80.7068 4.76168
-30.0935 30.6834 -109.033
-37.5006 35.4869 -45.8445
-38.6408 35.8722 -50.395
3.86035 28.9972 -120.707
26.9718 -74.9289 -1.3015
-4.06232 42.08 -23.4589
49.6802 -37.0853 -62.1491
53.4575 28.077 -65.6707
39.028 18.4926 -110.148
3.60519 30.4188 -7.45027
8.22954 30.3184 -8.32576
-49.9873 25.0788 -64.8942
40.7612 -54.0375 -64.7309
-27.1117 24.1053 -116.127
-54.8616 -2.13239 -55.5477
-42.2522 35.8167 -64.8174
-15.272 45.1167 -34.0726
8.08613 25.4043 -3.50524
-52.7183 6.65062 -84.7207
16.3753 35.0815 -17.528
51.7998 29.5666 -78.1642
55.967 -29.5213 -59.646
15.7197 37.1157 -19.2645
-3.28905 -47.3361 -109.531
54.235 -23.225 -76.2963
14.8386 13.9419 -123.74
-30.7991 45.5119 -60.8945
7.68546 -79.4402 3.32647
58.7275 -57.2256 -64.2617
42.4287 31.0643 -35.9468
15.509 41.6727 -24.2717
-53.6314 -27.8244 -61.4539
-48.5098 -42.9232 -47.8185
-50.738 23.7163 -65.0882
-50.6322 -60.8642 -20.2467
-4.26225 15.2582 -126.801
-4.1035 10.8495 -127
44.9477 20.8918 -102.519
46.8745 21.0891 -99.5814
3.88849 43.0352 -23.3059
28.6648 -78.9899 -7.57428
43.4922 15.2123 -106.511
20.2756 15.5335 -121.824
16.7778 11.1666 -123.7
-45.7132 -68.0924 -13.7446
-11.214 40.9283 -25.0175
-48.1873 24.7184 -84.9815
-52.8114 10.943 -55.7304
-50.7889 -25.5182 -78.37
-0.0197334 10.833 -126.766
-38.2906 30.5879 -98.9037
12.4217 30.3764 -118.607
-8.46395 35.3521 -17.0593
-42.9709 32.6625 -56.212
-22.2798 40.2086 -31.3465
4.04677 10.8943 -126.297
47.3564 14.9665 -101.749
42.7532 -42.6807 -86.5199
41.8787 -64.549 -37.4581
16.39 19.9441 -121.982
-43.682 33.2185 -60.655
-49.8805 -44.5948 -42.9972
-50.8266 -44.0205 -40.2556
-52.0921 20.5283 -64.6016
-39.1756 27.7923 -100.461
49.5692 -39.4483 -31.8596
4.13716 25.1837 -122.449
-46.6149 -39.3784 -74.0381
-53.2903 -51.6591 -61.8669
-52.2054 -54.0665 -28.0006
56.2934 -12.7198 -79.082
-54.6976 -4.69289 -52.7
53.8892 25.497 -60.151
45.7353 15.7638 -103.665
57.6594 1.00841 -83.7639
50.8111 31.8786 -66.0838
-4.31851 31.897 -10.5605
3.04428 26.0002 -3.1835
-29.4922 -73.4958 -2.67861
-28.012 -75.1205 -2.72462
48.3319 -57.6404 -52.4447
-50.1273 23.5053 -60.9053
45.1267 -45.3308 -76.0424
3.57399 39.1144 -18.4992
6.18326 39.0612 -18.6045
50.0285 -27.4574 -85.1031
-60.5489 -26.5444 -69.6263
-44.2383 -57.8333 -66.0459
0.394936 -44.2483 17.892
-53.3121 -40.2498 -61.4969
47.2136 -42.7537 -70.8138
2.71139 -65.8853 11.9314
7.8538 42.9062 -23.407
-26.6881 19.1213 -118.487
-54.5929 -29.1895 -50.6707
-46.1438 30.4817 -79.4563
3.70897 19.4835 -124.919
3.4437 23.4864 -123.326
50.7882 24.4486 -46.9183
-7.59781 -80.3011 3.87672
56.8937 -7.24027 -52.1352
-55.9904 -56.7255 -46.9934
-4.9493 44.3097 -26.9182
-46.0866 -39.9042 -65.1118
46.4196 19.1614 -101.375
38.4587 36.6577 -38.1989
-46.2647 20.7112 -94.6226
-59.9479 -23.1949 -60.2511
19.1088 40.7672 -24.9346
-49.3012 -36.2823 -60.5825
56.4125 19.7891 -60.4546
49.3742 15.1202 -98.7334
56.7002 -17.1129 -51.6557
45.9233 -63.2234 -55.8918
-32.648 -72.7265 -3.4995
57.9926 1.21864 -55.323
20.2599 -71.7034 3.09638
58.4539 -27.6299 -54.6565
49.8044 23.4871 -42.7082
-29.0664 -69.3454 1.85799
23.7896 -72.9942 1.60205
24.7451 -75.0441 -73.7532
7.81747 15.2699 -125.065
3.51237 28.3717 -5.34993
-42.9391 -70.3151 -10.967
4.16876 32.3706 -10.1876
7.54981 32.3517 -118.402
8.08841 24.9309 -121.924
0.1364 25.4865 -122.945
45.623 -45.3644 -69.9316
-54.4733 -7.75629 -67.1768
-54.3378 -8.1208 -69.3098
-9.65945 -78.0447 5.86541
-50.6894 15.7794 -88.1514
-54.1165 -9.37081 -75.3981
-54.8366 -9.76396 -74.0943
41.1246 16.6245 -108.685
48.9082 -44.7608 -32.0657
-51.0135 21.0001 -59.9078
7.83182 46.2559 -28.5802
-54.7721 -21.4178 -66.2388
-0.21438 15.0049 -126.462
64.3881 -35.7754 -64.3916
45.9702 -53.3365 -42.4554
44.3604 -50.721 -42.9002
46.3301 -52.5416 -40.8973
52.2022 -60.7923 -62.9733
-47.7234 -49.1094 -58.2118
46.2525 12.9224 -103.721
59.9201 -34.3896 -64.0717
-47.2491 24.8119 -87.4829
-46.1286 25.6102 -89.1594
-47.5647 -35.6926 -68.9241
20.2785 -73.7822 1.46219
58.3557 16.0344 -65.0807
28.5717 -78.981 -7.84918
45.8933 -57.971 -19.0166
-50.8387 -61.9605 -23.1784
60.8834 -15.5793 -58.186
-51.7652 -39.9042 -37.3733
-54.7271 -15.5822 -59.8421
4.54016 16.7689 -125.435
11.8466 33.542 -13.9001
-52.0475 -25.0201 -67.0081
-38.0784 25.9547 -103.783
-53.7319 6.53937 -55.484
7.66654 19.0976 -124.145
-51.8166 -39.773 -32.1589
-51.3065 -35.882 -32.335
49.7731 -41.0722 -56.1511
-53.9684 -8.17165 -46.2629
-52.1617 -57.3191 -27.3877
50.2066 -37.2934 -76.7321
54.7293 23.6384 -59.2893
54.1679 23.2997 -56.4612
-42.7769 31.7445 -87.6466
57.3053 -31.3331 -65.9311
8.41032 20.8414 -123.436
42.4086 -49.578 -62.6471
-55.8107 -31.3985 -72.6353
-49.4749 -31.2818 -68.8539
-50.8611 -28.1477 -67.4139
50.6773 -35.4346 -37.0672
-50.6682 -34.8924 -41.4935
46.2052 -43.5033 -75.3667
55.4973 24.3418 -65.9845
54.5892 25.8501 -64.7804
12.6378 35.7453 -16.7501
12.2617 23.8611 -121.641
0.851708 38.6911 -18.0343
-14.7974 22.4054 -124.037
-52.3716 -53.6389 -32.2588
-24.8878 -64.6913 7.30477
-54.3484 -48.591 -69.2094
-32.3437 -76.5089 -5.02586
-45.784 30.3331 -60.1393
55.2811 24.8615 -74.2663
54.5786 25.9241 -74.8191
-56.233 -8.9501 -61.0916
-34.3363 23.5037 -109.809
-51.5338 -34.9131 -38.2769
-53.519 -2.93012 -78.5171
-0.360928 23.6992 -123.867
-58.7504 -22.7532 -57.4505
-61.5175 -29.2025 -65.4204
54.9189 15.7693 -87.7765
54.1199 16.1771 -89.3017
-23.4367 -70.1861 2.96086
-52.7609 1.21408 -83.7562
6.74366 32.0981 -10.2589
-54.4599 -7.56501 -50.887
-47.473 28.5784 -80.2652
-53.9814 1.79337 -50.1906
-5.1701 20.0089 -126.018
11.4534 19.3019 -123.268
-47.3659 -67.8223 -18.4224
11.8674 38.0079 -18.8933
-18.7726 -56.1723 11.8857
-54.1468 -3.06677 -74.7655
43.7843 -65.8743 -23.0707
-52.2736 -49.8065 -32.6618
-44.6474 33.0776 -64.8251
-4.63011 40.3803 -21.5296
-54.2786 6.40544 -60.3347
-46.5418 30.8975 -75.5098
-47.9856 29.0551 -74.5579
56.2761 23.3786 -68.7167
-62.3058 -25.8649 -63.9028
-51.5591 -45.8259 -37.6902
33.8502 -76.8251 -10.9776
-56.1322 -12.8488 -54.9859
-54.2087 -12.7862 -53.7621
54.9696 -25.7474 -69.9167
57.7952 -4.32098 -50.6368
-6.76426 45.5987 -29.5867
8.13927 45.0141 -26.5794
12.5299 40.2709 -21.4459
9.48326 -59.5846 10.6934
-50.1445 -64.137 -23.3054
25.0872 -23.6101 -2.63729
25.5599 -23.9411 -3.77021
0.0579802 36.4396 -15.5884
58.2825 -39.5954 -64.6505
-54.6785 -19.9054 -66.3691
58.0161 -13.2447 -70.6756
57.9514 -7.88186 -74.713
51.2472 -39.1488 -49.8701
-53.3408 -51.2457 -67.9367
57.4316 -7.43613 -78.8093
58.7999 6.63004 -60.4556
-54.6254 1.99563 -55.5909
56.9085 -25.3397 -75.0365
57.5238 20.0751 -70.8445
57.2867 19.6305 -64.729
-0.156109 19.8104 -125.454
50.9586 -37.3799 -68.897
50.86 -37.8397 -67.0851
-52.5829 10.6546 -84.5884
53.7979 23.4954 -83.112
55.3179 19.8597 -83.0141
-53.4394 15.9078 -65.3427
53.672 26.1746 -78.7721
-8.73597 -41.5512 15.7535
42.9719 -67.4917 -19.216
57.7397 -12.0094 -53.1703
-53.848 6.71861 -78.7358
46.0909 -55.1708 -38.0903
57.1899 -1.83456 -84.2501
-56.1125 -8.98504 -57.4335
-24.9922 -68.2029 4.34802
-45.8325 -40.4152 -70.0753
-50.3325 -34.5519 -42.9796
8.54851 36.3958 -16.2382
-54.1569 10.9822 -65.0454
-46.3019 -39.1284 -70.0743
46.1685 -58.3775 -23.2262
46.2368 -57.983 -23.1761
56.685 -6.50121 -83.5045
-19.8719 -65.7416 7.32514
-34.6079 32.1552 -33.5698
49.7826 9.93392 -99.447
46.5883 27.2418 -39.1106
40.1687 -53.5437 -58.7833
56.3166 -27.1298 -50.4245
11.3568 31.461 -10.9285
46.4638 -54.8184 -36.5525
-53.6218 10.9703 -60.3234
-54.6047 -11.736 -47.9771
58.0473 6.16543 -56.2165
-49.8503 21.6167 -84.3475
-51.4152 -31.092 -36.6441
57.8705 14.926 -60.9237
-14.5466 -66.282 7.74274
-53.6788 10.5871 -78.8122
0.31827 34.5254 -13.2496
-52.3749 -24.487 -40.9748
58.1571 1.46141 -56.1676
-12.2059 -42.2809 12.6918
53.9803 -28.0458 -45.9735
3.87928 40.7321 -20.4165
-43.0441 -71.6905 -14.1934
9.07641 33.6662 -13.0553
57.3285 -12.3994 -74.6919
7.51057 36.2033 -15.8154
-55.285 -6.08993 -69.6773
-50.442 -33.7126 -47.3984
8.44412 40.7879 -20.988
3.86984 34.5931 -13.2374
52.489 -62.3144 -52.0418
-48.8727 -48.9531 -65.2364
58.3178 -14.6895 -69.2147
-51.7556 -49.3207 -37.9074
-51.1502 -62.6988 -27.7063
59.0496 -2.18048 -69.8214
58.5911 -7.8762 -70.3441
3.80933 36.453 -15.5371
46.9144 -54.6481 -32.2118
45.4628 -58.8128 -34.0298
-49.9618 -36.3012 -51.0552
-51.23 -34.3456 -51.2951
48.4186 -48.663 -32.7389
0.0990261 40.5584 -20.4726
46.3751 -57.3357 -27.5509
45.7809 -59.8472 -28.5453
53.4037 -50.8951 -63.2961
47.2476 -53.2502 -27.704
3.22791 -80.5031 4.25095
-55.1854 -0.206094 -55.1409
58.8769 1.56596 -60.6844
59.1552 -7.34996 -57.2079
-54.6348 0.779899 -52.504
-42.2989 15.9504 -104.208
46.3646 -53.6386 -21.4622
-52.0206 -44.491 -32.4796
-54.2718 -3.03255 -74.1344
-55.1624 -5.2545 -69.5711
48.9042 -64.802 -45.5466
58.6654 14.9675 -66.0292
58.7387 -4.56051 -60.1488
58.2362 -4.64627 -54.9167
56.725 15.5834 -82.9753
-53.63 1.52039 -79.3235
-55.9421 -3.92085 -64.2975
-54.9904 -3.06986 -59.9342
59.3721 1.62459 -69.7939
59.1711 1.65062 -74.3843
57.2806 10.6721 -83.8564
53.8795 21.5694 -85.315
-19.6781 -80.8918 -1.84641
47.4086 -44.2523 -52.6442
48.9099 -41.7731 -50.1393
49.6896 -39.814 -37.8026
46.7624 -55.8986 -57.104
50.168 -37.7857 -37.5182
-54.7708 1.49088 -69.6556
57.0395 -22.5991 -59.9686
58.0452 -3.8964 -54.4694
-0.310711 -80.0173 5.79408
-55.3202 -0.594552 -59.3611
-52.1586 -58.2525 -31.9544
-52.1116 15.3405 -83.7254
48.8378 -40.0721 -45.3064
59.3011 11.0599 -66.7166
43.434 -65.8363 -28.5246
44.177 -64.0475 -28.8115
54.7878 23.9685 -78.7242
46.4252 -56.648 -32.1623
53.9189 19.151 -87.5496
-48.3339 -67.5981 -23.4963
-51.2529 19.2398 -83.1533
-54.2449 1.56388 -74.6956
38.5239 -72.543 -25.4274
58.5278 1.61637 -79.5393
-54.0687 10.885 -74.5849
58.4446 -14.0502 -68.2508
-54.281 6.19988 -74.6258
-46.0746 23.4013 -92.1529
-4.74071 -79.292 6.35021
-49.4465 -31.5206 -67.1946
59.087 -2.78669 -64.9205
-54.3922 5.94549 -60.6077
-12.9602 -78.3268 1.52728
-53.3049 15.3322 -78.4925
58.7586 6.37784 -79.0764
56.4985 -17.9371 -63.4635
-44.6051 -43.176 -64.5077
-54.2723 10.9462 -69.8285
-54.5676 6.28695 -69.8683
50.6323 -34.5725 -33.884
-45.4532 -40.2701 -56.4968
58.99 -8.93923 -64.4117
63.5559 -30.9958 -60.0672
59.2217 -11.9281 -64.4821
59.3438 6.27323 -64.6732
56.1999 20.0262 -79.8163
53.184 -34.5697 -65.1553
41.7809 -51.11 -63.9468
58.0059 -3.20458 -79.6884
58.607 1.66145 -78.879
50.0068 -36.9788 -42.888
48.9024 -40.4375 -42.5986
-45.7271 -69.6552 -18.0542
-50.688 23.3166 -79.3377
-50.0706 24.3354 -79.6429
-51.7436 -58.2674 -37.078
-51.5312 -61.5348 -32.5384
8.42703 -81.5378 -0.766899
-53.9369 -51.8051 -67.9203
-53.6052 16.1291 -70.1052
58.1856 -2.69353 -78.9774
-17.1431 -46.3946 -109.065
-55.0879 1.33581 -65.3456
59.298 1.59369 -65.2107
-53.7018 15.2004 -74.5141
59.5814 6.27346 -69.4428
59.4335 11.3911 -69.5199
-54.5738 6.08063 -69.7187
58.2597 12.0121 -79.5718
58.699 10.3293 -78.5269
58.6798 -2.84473 -74.3222
-50.454 -19.8595 -79.8054
-49.8797 26.0958 -70.1318
46.2591 -55.6691 -46.7853
-54.6788 5.90227 -65.4233
-43.7061 -46.2978 -57.7388
59.1277 -8.53186 -59.6975
-52.2098 19.6763 -78.8212
44.5813 -63.2604 -45.0409
26.6094 -65.6602 -81.9992
-46.3796 30.5933 -64.8278
59.2317 10.6914 -74.3686
-52.3498 20.9067 -69.6992
59.3227 6.18144 -74.3975
41.7115 -69.4387 -18.6314
-53.6583 -51.7345 -50.7347
57.7439 -14.4707 -62.2117
57.6404 -14.0264 -64.4411
-50.2051 25.5388 -74.3197
-54.6147 6.38174 -65.0496
-52.6857 19.7611 -74.9335
58.6754 6.31488 -79.7465
58.9262 15.0093 -70.1871
-51.9746 -47.714 -54.2791
-49.7957 -61.5372 -46.6503
-50.6479 -63.7236 -27.567
-60.974 -27.2526 -51.8256
54.5261 -30.9728 -68.5241
57.5056 16.0419 -79.5573
38.1212 -72.3225 -26.6084
53.7459 -31.9568 -66.2689
58.7046 16.0497 -69.7016
-49.3455 -61.9095 -48.6259
-51.5033 -53.0773 -37.8783
57.3654 19.6132 -75.1093
-49.8123 -60.1045 -47.6236
58.7154 15.3137 -73.7707
-51.5047 23.0276 -70.8925
55.7601 -25.3362 -66.1724
-53.6251 -51.7343 -55.8287
-51.2035 23.4379 -75.3479
-55.6861 -27.8689 -69.4368
-50.4418 -47.7358 -48.2605
-51.0932 -62.3163 -37.0231
-50.1294 -65.2877 -31.9687
44.3451 -54.0355 -47.0772
-49.0248 -66.7959 -27.6702
37.7567 -73.3837 -18.5961
39.057 -72.1589 -18.5839
39.1405 -69.5976 -41.5876
53.5394 -36.1213 -50.6021
-58.9106 -22.1756 -65.5121
58.0032 14.996 -78.7411
50.2751 -37.2283 -64.2006
58.4391 15.8523 -74.8483
-54.6276 -11.1531 -42.9943
-36.8844 -66.3589 -83.7694
47.8018 -43.1695 -46.1861
-9.66782 -64.7782 11.7499
-53.6647 -57.4289 -57.6089
41.3266 -51.2726 -60.4938
-46.8995 -68.8662 -22.1413
53.6299 -31.3185 -58.9779
-55.5094 -12.7455 -61.9161
-54.2429 -44.8618 -69.8445
46.6952 -55.9022 -49.6482
-45.5862 -47.0035 -57.6664
-56.0391 -27.6373 -66.1767
22.5516 -18.4054 2.52481
38.1877 -71.3667 -43.5236
-49.486 -47.6024 -50.7586
24.2326 -76.4457 -69.2096
-50.3007 -52.3422 -65.3667
-53.7699 -12.311 -52.4514
58.3933 -16.3984 -63.1429
42.1854 -68.5295 -23.2558
62.147 -33.584 -56.6988
-50.4278 -61.4112 -43.5666
-10.1704 -78.4606 2.28336
-50.2181 -64.1039 -37.4008
45.0281 -44.9089 -51.816
41.6038 -68.8542 -26.8098
-47.186 -39.2214 -54.0948
-48.8134 -36.9585 -55.9261
57.706 -20.2135 -57.082
48.256 -64.16 -49.6536
31.0205 -79.7212 -13.0245
4.0883 -81.873 0.509299
-41.3264 -73.1164 -13.6491
39.2275 -59.9392 -46.7136
-12.0205 -79.3356 -0.607078
-54.5032 -17.6387 -57.035
41.1694 -54.3491 -52.8512
-6.32755 -65.8385 11.9673
-50.5301 -61.9343 -41.3268
-44.3536 -70.9107 -19.2965
46.8983 -47.2041 -46.2617
-50.1085 -67.5817 -37.1859
-41.6067 -72.4824 -4.55263
-51.1153 -63.9791 -45.1803
39.2007 -74.6115 -19.4995
-53.3156 -40.1751 -69.3396
40.265 -70.3636 -35.2385
39.8278 -71.528 -31.8947
