3798
-42.7741 42.9696 -90.5351
17.2313 55.5763 -80.8002
17.1322 60.0929 -78.8849
-22.2776 67.008 -84.3125
-8.03685 17.7199 -89.7712
-7.58408 34.7356 -92.0369
-7.60841 38.9067 -91.8279
50.5799 58.1073 -42.8537
45.2148 55.5001 49.9093
43.0623 56.1256 52.2762
-26.9534 -11.273 -74.0907
-27.8101 51.3172 -90.8848
-28.2053 55.0333 -89.825
2.30383 1.19633 -79.0078
2.59921 4.99646 -81.3373
-18.6295 14.1736 -92.0944
-28.3862 6.07238 -86.9008
-7.46948 0.628922 -81.5532
6.47957 34.8204 -88.4211
46.4715 64.928 -28.3329
43.3695 71.0552 3.67702
43.4604 72.0615 9.32697
-12.4666 8.94389 -87.3642
16.8186 2.81152 -74.0455
18.0955 5.72381 -75.1591
-3.24468 18.9685 -89.085
44.5608 67.518 -11.0633
-38.002 60.261 -86.6527
-38.2086 56.467 -88.1532
-28.122 34.8246 -93.315
-33.1981 50.4482 -90.75
-12.5824 38.95 -92.5491
-17.6676 39.0194 -93.0328
-22.7706 34.7072 -93.3451
-28.0702 8.55219 -88.0951
-33.0709 8.77225 -87.669
-2.85338 26.4481 -90.4612
-22.1657 17.674 -92.2577
-11.9172 34.5053 -92.6702
-26.8852 13.5567 -90.7334
-27.1442 10.4977 -89.22
-13.1925 10.834 -88.3387
-28.0021 39.0397 -93.0881
-71.8711 -10.3493 -34.3831
-73.4575 -8.8768 -34.2227
-12.9875 14.3574 -89.5971
12.8162 13.3473 -81.7088
-17.7909 26.4895 -92.8947
-18.3232 46.5834 -92.0459
-37.8064 17.6669 -90.2125
-18.0964 22.2314 -92.4172
-18.3489 18.9674 -92.2206
16.6384 22.5149 -83.4325
-22.7726 22.072 -92.6202
-27.929 22.0514 -92.1948
-2.30856 22.7476 -89.6167
-27.8909 43.2426 -92.5362
-13.2228 22.8941 -91.9489
-2.83359 38.4164 -90.9574
-12.7925 18.1123 -90.727
-22.8021 39.035 -93.1428
-18.0418 33.9957 -93.223
-37.5703 14.6701 -89.5693
-32.7203 14.1821 -90.0202
-22.7954 51.351 -91.0056
-27.9759 17.6111 -91.4735
7.65138 47.3631 -86.9537
-22.7783 55.2694 -89.8609
-2.72835 29.3651 -90.88
-17.5686 43.0135 -92.5049
-22.8137 43.2745 -92.6765
-2.68134 34.1271 -91.0886
-22.996 30.0113 -93.241
17.7746 29.2375 -84.3917
12.4484 30.4721 -86.1882
-22.8512 26.2247 -92.9674
1.69877 26.6555 -89.1428
7.73997 26.0373 -87.0539
3.18461 25.8084 -88.5036
-12.5768 26.2275 -92.3057
-8.18188 14.6364 -88.8236
-33.696 55.9361 -89.0343
-22.7975 47.3701 -91.9308
-27.8588 47.3417 -91.8147
-32.299 10.4204 -88.5483
-17.6368 30.4522 -93.1203
-22.5081 5.00936 -86.4989
-3.18599 6.45929 -84.0246
-2.75971 9.77811 -85.5666
-33.0308 60.3778 -87.2639
-32.1834 58.4463 -88.2688
-33.8768 17.5028 -90.8557
1.95598 38.8008 -89.8516
1.99964 42.8305 -89.3823
-17.8035 52.1411 -90.6226
1.47915 22.7066 -88.4523
-27.9581 26.2192 -92.6857
-7.72625 30.7436 -91.9473
-12.562 30.4706 -92.5801
-2.6585 1.25339 -80.6354
-12.7565 5.56559 -85.6777
-17.7021 5.24155 -86.264
3.00501 21.8021 -87.8317
-27.9175 60.521 -87.6916
1.92607 -5.25935 -74.0028
2.67781 -7.99087 -71.0506
21.1898 40.0308 -83.2258
-32.9239 22.1144 -91.6869
-1.57758 16.3494 -87.8911
-7.64146 26.303 -91.4998
-8.24203 3.09492 -83.3672
-7.91792 5.98031 -84.9122
-16.9288 -3.21773 -80.6852
12.125 22.701 -84.9046
6.33675 10.8679 -83.1989
2.10794 10.6545 -84.6843
-28.2784 30.3898 -93.0145
1.87169 45.7224 -88.9251
22.9785 25.8336 -81.5319
20.9288 26.9046 -82.6757
20.3032 31.0697 -83.7082
17.6365 35.3585 -84.9608
-19.3616 9.60629 -89.1624
-57.8251 51.1775 -84.6506
-17.7745 2.18374 -84.5015
-32.575 -10.9424 -74.1786
-7.79474 47.1192 -90.6842
-2.97737 46.9015 -89.8032
-7.67282 43.0835 -91.3956
2.7243 17.7069 -86.99
-27.7525 2.05914 -84.6188
-33.0361 38.9674 -92.5055
6.51109 38.7543 -88.4633
-7.77806 22.2474 -90.778
-37.837 22.233 -90.889
-37.7576 5.72747 -85.6234
-17.3976 8.35631 -87.8405
-37.6839 51.7008 -89.8457
-32.8783 47.2706 -91.4435
-12.9395 46.9742 -91.4481
-12.3866 42.9395 -92.1528
-32.9517 34.3255 -92.7501
7.21883 18.1156 -85.4613
-22.8234 2.00093 -84.7337
-2.71481 42.1548 -90.6161
-37.4128 35.3793 -91.9989
-32.0801 1.85065 -84.2062
53.4007 56.0178 -18.2385
51.0834 55.9971 -11.0497
16.77 18.1588 -82.0706
13.2811 17.0923 -82.9923
-38.3248 30.8051 -91.7047
6.353 30.822 -88.1274
6.29729 26.8059 -87.6683
-32.8727 5.40183 -86.0075
-1.19912 14.7539 -87.3711
-22.008 13.9712 -91.1309
-42.5812 17.39 -89.1981
-38.1019 9.12482 -87.0856
-33.2498 26.337 -92.1626
-7.54816 9.33163 -86.5328
-13.0281 54.8682 -89.1876
-17.221 56.3801 -89.213
2.03286 34.6973 -89.9331
-7.23985 12.9637 -88.0431
7.70307 22.5697 -86.3461
-22.9679 8.29201 -88.3535
7.88264 30.3102 -87.5522
-28.1754 -7.93043 -77.3222
-33.226 -8.07447 -76.8346
-47.4947 30.6183 -89.493
-37.9335 26.3327 -91.4019
-37.9828 38.9053 -91.7382
-38.1478 42.3056 -91.465
-76.1318 68.7824 -12.5802
16.8381 38.9534 -85.2388
-33.0213 30.424 -92.5172
12.2941 26.3687 -85.6778
-13.0437 2.49014 -83.952
2.63308 14.6966 -86.0855
12.5968 34.4513 -86.5066
1.86632 30.6702 -89.6552
11.9142 43.1144 -86.4216
8.05134 38.7876 -87.9508
-22.3103 9.56143 -89.3674
-42.6931 47.0105 -90.0599
-42.5379 51.4105 -89.1642
-3.71423 -1.69785 -78.9435
18.6972 22.0183 -82.5213
21.3078 33.8272 -83.3709
6.45271 42.6533 -88.1466
-27.839 -3.24357 -81.0767
1.42521 6.9962 -82.8729
11.9341 17.5044 -83.6896
-32.9676 43.1678 -92.1247
12.3993 39.5553 -86.5422
-48.2641 42.3714 -89.4156
-43.3751 5.71204 -84.4626
-12.3849 0.133489 -82.2857
7.57407 -6.66181 -70.4698
-47.4134 26.5339 -89.1821
-47.549 34.7275 -89.6434
-7.63834 59.9413 -86.3172
-7.34966 56.2736 -87.7673
6.80104 13.2445 -84.0674
-7.97916 50.9471 -89.6483
-42.2957 14.9131 -88.5508
-3.45368 14.9574 -87.9115
-42.8328 34.693 -90.82
-2.05278 4.30423 -82.4664
-2.17741 52.1485 -88.1346
-2.3583 55.7617 -86.9728
-38.4335 12.6471 -88.5054
-12.8444 51.1657 -90.3508
-49.1372 17.3553 -87.7132
-47.3193 17.6519 -88.1654
-37.8206 47.1452 -90.8063
-1.93759 59.6185 -85.2553
16.146 18.9801 -82.5916
-48.5259 9.72875 -84.9942
-47.436 6.52346 -83.8545
-42.6405 22.356 -89.9455
-17.5096 -0.238365 -82.837
-38.2141 2.42652 -83.595
-12.5796 -7.695 -75.955
11.7948 50.9724 -84.7086
-26.93 63.3897 -86.3936
7.34303 51.3985 -85.8787
18.1922 26.7534 -83.8106
53.0658 59.3345 -32.2781
2.67926 51.3126 -87.2624
7.89446 43.0278 -87.607
-52.4814 10.5961 -83.9586
-42.837 30.5957 -90.6833
-42.9148 0.727711 -81.776
1.42026 19.1724 -87.8158
-42.689 -2.26545 -79.7473
-37.3104 11.0657 -87.996
-41.9191 2.72233 -83.2131
-81.9855 -1.9074 -27.7921
17.572 42.1934 -84.5773
-12.7838 -2.64737 -80.2645
-3.4249 51.1897 -88.7348
-17.5614 -8.15338 -76.399
-22.686 -8.44717 -76.6844
2.42455 -3.24897 -75.615
6.64665 -1.94302 -75.026
-42.9848 9.49427 -86.2516
12.3893 10.2644 -80.467
6.52917 2.74454 -78.4187
12.3111 1.3996 -75.1541
-42.7353 26.4308 -90.4038
-2.27194 -3.98594 -76.5473
-22.8958 -11.326 -73.7839
-47.4493 38.5155 -89.7627
-43.3153 13.1066 -87.63
8.01859 34.5874 -87.8813
-22.7305 69.5369 -82.6209
13.0023 -3.16534 -71.3266
2.92956 47.8166 -88.1275
12.1502 46.8186 -85.6723
1.48963 50.3938 -87.7691
7.62191 0.232434 -76.3132
-42.8212 38.8419 -90.771
11.274 14.9348 -82.9628
-22.7711 -3.27502 -81.117
16.6891 14.0508 -80.4012
-53.0746 18.4743 -86.5823
-47.3395 22.4599 -88.8778
22.4183 18.1259 -79.2219
7.82217 9.03705 -81.7531
-22.8429 58.7048 -88.5602
-22.8582 -5.8263 -79.1205
-27.7475 -5.82984 -79.0828
7.24753 5.78332 -80.1452
16.607 46.6311 -84.016
-52.0626 30.7104 -88.2296
-32.5625 -3.58674 -80.5006
-8.19365 54.6492 -88.5085
-27.6888 58.6517 -88.4703
38.4657 8.56597 47.8658
36.9537 9.66815 50.7506
22.3683 22.1841 -80.808
16.3595 10.4896 -78.8791
-12.5672 60.2446 -86.9799
-37.2832 -15.174 -68.9807
-38.2012 -12.7352 -71.4803
6.72906 66.9305 -78.7245
-47.4333 46.8744 -89.1208
-51.9567 46.9002 -87.9518
-13.1767 -5.17002 -78.3427
-17.986 -5.57178 -78.8477
-53.8306 8.75907 -82.6687
-48.173 13.5363 -86.6162
-3.34777 54.3463 -87.6425
-42.3998 54.5726 -88.1989
3.17949 8.28805 -83.0584
28.0599 27.1623 -78.9031
22.9991 6.97671 -73.1199
22.3288 9.73777 -75.1205
-32.8937 67.7676 -83.3408
-38.1487 0.253919 -82.2913
-37.8403 -2.74653 -80.4088
-7.92781 63.2928 -84.7288
11.6152 -6.64482 -68.6343
-48.5105 4.43345 -82.4148
-52.4705 37.7568 -88.4253
23.2989 39.027 -82.2481
42.12 6.38032 25.1126
-53.582 43.171 -87.7892
-7.91679 -2.00033 -79.7391
47.5772 63.424 -17.5648
-17.9564 58.5987 -88.3754
-17.8287 60.3741 -87.6147
-52.0173 26.6139 -87.9632
-53.4815 26.2349 -87.4303
11.5519 -1.39869 -73.4266
-12.994 -14.0781 -68.9108
-37.5322 54.7541 -88.8908
52.1481 52.8764 35.112
-7.70412 -7.05156 -75.2718
-51.9604 6.8883 -82.6004
-47.9623 1.14976 -80.6443
-53.7029 34.5937 -87.8817
11.2135 54.7147 -83.5695
11.5932 6.58278 -78.7514
-47.5424 50.0767 -88.5103
29.0839 12.6637 -72.1072
32.8969 14.7077 -70.2184
-51.3121 43.2369 -88.4312
41.2283 6.15159 39.3543
38.206 4.37071 40.9661
-28.2738 67.4025 -84.0067
-58.1747 26.3833 -85.8567
-27.8025 -15.1362 -69.7836
-22.8115 -14.934 -69.6186
7.42495 55.4097 -84.5094
-58.1992 47.7075 -85.3872
-51.8885 5.90301 -82.116
13.0554 4.52608 -76.8432
-53.4365 47.1642 -87.3947
-32.6788 -5.64117 -78.8616
17.9847 51.8099 -81.8448
-37.347 -7.49214 -76.7427
-48.5793 51.3342 -87.9318
53.6913 13.4495 -23.0237
2.1895 55.4122 -85.9559
-12.3304 56.55 -88.4602
17.2033 -2.58717 -69.5977
-37.9241 -5.30273 -78.5185
-48.0553 55.3776 -86.7676
-52.178 34.693 -88.4243
4.0061 0.0637314 -77.4066
-2.91172 -6.36247 -74.5603
23.0738 43.1269 -81.676
24.4979 16.6026 -77.3031
-52.6987 14.0745 -85.1733
33.1593 4.59045 47.5046
30.6628 5.46834 51.1838
54.2809 52.0825 -11.8925
51.3184 52.8334 -7.05443
-57.5175 6.05713 -79.7107
-58.1092 9.46732 -81.0317
-58.511 22.655 -85.4296
-22.9481 64.9273 -85.5841
-2.56661 91.6056 -1.46654
-36.4058 -10.7363 -73.9426
-22.7473 60.5915 -87.7001
-7.9927 71.244 -79.3637
-7.57252 68.6036 -81.2945
-17.9527 66.9306 -84.0181
-53.346 22.0444 -87.0377
27.1216 38.3456 -80.139
-48.6932 21.8944 -88.4868
21.1643 14.8646 -78.4087
18.2812 8.74625 -76.9008
23.1692 30.7699 -82.1572
23.112 13.2537 -76.3969
32.6076 42.685 -75.4914
27.3707 43.5159 -79.1663
-43.1809 56.1837 -87.4887
-43.0655 59.992 -85.8899
23.5888 33.8364 -82.2773
-53.5833 30.4078 -87.7207
-58.3776 34.6582 -86.0726
-57.7106 38.7172 -86.4632
-33.168 -0.199141 -82.7873
-7.52635 -12.0785 -69.701
-32.8228 63.7914 -85.626
27.1737 34.2055 -80.2731
-8.40438 -4.6435 -77.6928
56.1486 47.2629 14.2435
-42.1947 -4.86023 -77.8342
-56.94 14.6198 -83.5553
-13.2181 58.3598 -87.8597
-57.2253 43.2653 -86.4861
1.39255 -0.809163 -77.8479
50.8313 13.4986 -48.266
18.6216 47.2617 -82.9505
-3.15822 62.8498 -83.9108
-17.9076 63.0314 -86.3082
26.898 14.2167 -74.4732
-57.5173 30.3366 -86.2945
12.3931 58.8878 -81.2836
17.6392 87.6079 -17.4402
-53.8804 38.7322 -87.8907
22.6187 47.331 -80.939
-47.8539 -1.80191 -78.5505
-56.5521 11.0459 -82.4555
25.5941 19.3353 -77.895
27.7854 18.3573 -75.964
2.10548 58.8455 -84.5482
16.2028 50.4911 -83.0342
57.757 51.5656 -18.0453
20.6626 42.7897 -82.9217
26.3565 22.6986 -78.6937
-12.8204 63.6029 -85.2827
-53.9519 55.0023 -85.0584
27.1055 30.5769 -79.9976
1.4555 62.6311 -82.8523
-57.1 18.3904 -84.7884
8.09969 60.9574 -81.8375
12.9779 56.2341 -82.2453
30.0748 26.777 -77.4532
32.1373 27.3188 -76.2074
30.5126 34.2333 -78.1176
-17.8557 -10.2334 -74.3702
27.8938 51.7115 -76.1963
25.8101 50.4078 -77.9798
-42.2925 64.8756 -83.4734
7.0836 63.7265 -80.6309
31.6571 22.2811 -74.8854
-77.6664 63.3294 -48.1126
-78.5061 64.2818 -43.4758
-21.7858 71.9171 -80.9177
15.9073 7.75057 -77.5344
48.1839 13.0766 -5.32339
18.202 0.239069 -71.3363
-42.9993 -7.3229 -75.6191
25.2294 83.8817 40.826
27.1885 81.2264 45.7514
55.5971 18.2115 -16.9557
57.7362 17.8994 -22.6668
-37.5608 64.3567 -84.6391
28.6826 22.4261 -76.9564
-59.0549 12.8698 -81.9277
-48.6774 47.7533 -88.6534
-52.3056 51.205 -86.9415
51.1544 29.4844 30.9011
-13.0895 66.6583 -83.5422
-7.2084 -4.64946 -77.3441
-33.0412 -13.1612 -71.8035
57.4224 32.1024 19.3048
55.9044 46.2074 -7.56986
-32.7244 -15.5506 -69.0932
21.3682 55.2177 -78.8413
32.5808 30.3545 -76.4136
-48.1353 -4.08059 -76.7634
-82.4373 63.0419 -28.3792
-82.2772 63.6818 -21.5821
64.6272 34.3997 -28.3272
64.6263 34.6456 -22.1935
36.6 72.4651 -24.4936
61.156 22.744 -28.5664
-17.558 69.3415 -82.3882
31.8976 76.324 49.9772
8.22314 -4.68922 -72.0545
30.6478 30.8934 -77.7968
-22.9305 -18.6465 -64.6719
11.8918 63.6351 -79.0542
53.839 19.3528 -11.1516
46.1345 13.5767 9.51556
58.7752 21.7005 -17.8686
-8.36491 -9.46039 -72.9632
60.5571 33.4981 25.0805
-12.6758 -9.68661 -73.994
23.3235 4.58286 -71.2743
26.0281 10.8349 -73.2786
35.8552 14.2695 55.7906
51.0633 15.1399 -12.3043
52.2539 14.3726 -16.9138
-2.83128 -11.2545 -69.1534
-3.45134 -8.46793 -72.6438
22.4788 51.3742 -79.7493
16.842 -15.2482 -5.66763
51.8449 50.7276 29.4018
2.55579 64.4501 -81.4248
3.0976 61.1683 -83.1755
29.1562 25.5686 -77.7364
-27.5156 72.5367 -80.4719
53.8849 12.5233 -33.1615
6.56238 58.5522 -83.4425
36.9377 75.7963 46.6349
-17.7556 72.387 -80.1246
46.2233 63.9893 -22.3276
6.35621 -4.7866 -72.7423
28.2275 6.55495 -69.0462
22.2064 1.64611 -69.8763
45.4998 14.1008 20.2167
43.6374 9.24532 19.8531
-33.7334 69.1482 -82.1966
-27.3661 69.2978 -82.7853
56.5273 55.1997 -27.7667
-28.0515 -18.602 -65.135
-52.4567 1.98497 -79.6114
-61.9249 30.5985 -84.0054
40.2861 35.7647 59.3632
-48.7623 -11.2228 -69.6214
-52.7366 -9.84746 -68.9334
-53.2972 -7.81358 -70.8845
48.1557 22.742 -0.423702
22.7308 -6.83128 25.1682
-17.4868 -12.8222 -71.3439
-52.4566 58.7685 -83.8748
-47.6942 59.3446 -85.0373
28.095 9.15117 -70.7815
43.3574 76.9818 24.8661
-47.7275 -6.55147 -74.743
-12.5219 68.9978 -81.8865
6.60602 -9.07327 -68.2182
43.5711 68.4367 -6.41594
-37.7297 71.6671 -79.7627
-33.5346 72.2729 -80.1152
-12.4941 -12.2675 -70.8487
-23.4503 -19.8737 20.4702
-62.0176 34.7352 -84.1433
33.5954 33.4369 -75.8177
-2.19103 65.033 -82.4342
46.5718 13.7078 40.0805
-64.7853 12.4804 25.5793
44.2858 3.63362 -38.43
42.1622 1.63224 -38.1917
32.3305 79.3918 -8.23284
33.32 79.3553 -1.44903
50.2931 8.70407 -22.7062
44.9318 6.68492 -18.363
48.6813 6.89077 -22.0107
-83.3863 0.71264 -16.8482
-84.3578 0.818367 -23.1689
41.4694 71.1241 -7.22885
58.5502 52.1177 -28.1082
60.0066 49.8848 -27.1226
54.148 50.5966 18.3771
51.5151 55.0948 19.3078
42.9543 76.6439 35.9186
33.5335 17.2969 -71.0779
42.834 7.05184 4.92613
41.3867 70.5996 -29.6954
37.5713 73.7842 -27.5258
37.4873 80.2043 19.7307
-2.01521 -8.4728 -72.1227
-8.23378 66.268 -82.9851
52.0299 58.7002 -22.329
-16.6164 -16.7256 13.7195
-63.4214 11.0193 -78.5847
-63.0201 14.3378 -80.0681
50.9468 58.8637 -17.3346
32.9594 38.6898 -75.9965
-94.2613 26.7422 -28.2726
-94.2859 30.5912 -27.9139
49.3144 53.5029 8.2137
48.9174 51.4278 7.93793
17.4018 64.0629 -76.2959
-12.5051 72.3462 -79.2738
47.4627 13.5707 -1.23142
-64.2807 30.4127 -82.5283
26.3997 46.706 -78.9006
42.1169 75.077 13.9415
44.0083 16.4417 47.5215
53.8514 29.8777 -1.2704
16.2068 72.3548 -69.3479
-43.7078 -9.36118 -73.6037
48.4813 63.4665 6.97728
57.8758 17.5416 -33.1187
61.148 22.6619 -31.6639
53.7048 25.3194 -5.37001
32.788 1.12817 40.9864
36.1383 2.7976 39.8194
43.7434 26.4512 -65.7706
42.5703 21.2984 -64.8579
30.6131 38.3248 -77.7786
-53.0772 -3.06796 -75.5156
-84.5711 5.44041 -6.43343
-81.9658 5.13512 -1.00437
-8.37347 -13.2423 -68.3085
41.5048 17.632 52.2394
-62.0123 38.7885 -84.1364
-80.7776 6.49388 2.75662
-37.9586 68.8788 -81.7596
-87.9842 5.73678 -27.7919
-87.8265 5.65103 -22.3097
29.9537 44.1342 -77.2733
-64.4241 34.6377 -82.6229
33.8626 38.2871 69.6878
40.7936 75.5114 9.32562
58.2342 52.3614 -21.5878
-21.9851 -21.8951 -58.8808
-22.6032 -13.1645 -71.5956
50.3904 14.3415 -11.5942
-17.8649 -14.5699 -69.3291
30.1842 -4.63124 14.1865
27.5765 -7.56506 9.20751
30.4248 -4.97792 8.86771
36.2595 33.7994 -73.6755
44.8884 14.9162 44.7309
46.0394 18.585 45.1651
48.5729 48.989 3.46363
52.0598 46.2309 4.17436
-53.9508 -0.239527 -77.3136
37.7318 2.13563 24.5618
-58.12 0.854128 -76.0757
-61.5009 23.0859 -83.5106
-61.5706 26.9474 -84.0247
31.8544 10.7797 55.7292
-56.7811 2.90102 -78.1601
31.1236 18.4445 -73.5926
43.5371 13.601 46.1489
57.492 42.1278 -5.52499
36.3029 -2.90244 -15.3971
-87.6828 55.769 -6.4054
-88.6741 55.7653 -11.704
41.2582 5.01637 19.9143
-49.5488 77.2035 23.3691
-45.9089 79.4155 23.2327
56.3799 54.8787 -22.3743
59.8555 47.6527 24.3087
60.8588 45.6725 20.067
31.9956 -6.4147 -27.6998
31.9125 -6.30955 -22.4506
40.3381 69.9528 -17.2219
38.0046 72.4413 -16.2283
43.7548 66.8903 -17.8677
-63.3305 66.8781 20.1446
-60.9052 67.7248 24.5334
-61.5456 46.5571 -83.656
-61.2454 6.51696 -77.8702
-78.6494 59.2722 -54.0558
-80.0075 56.7755 -54.8474
21.0544 -1.15217 -68.1876
49.6331 17.7642 -4.57729
48.4058 18.9985 -1.9911
-37.4489 66.5195 -83.3851
52.6685 31.1031 3.6542
8.38546 -11.343 -64.4534
40.6798 71.4106 -13.1038
38.8126 73.1304 -13.2944
30.6609 41.8784 -77.2977
37.0152 75.2312 -11.0414
35.8798 74.3508 -16.5591
55.8646 49.8733 -12.2253
51.1122 55.0799 35.0966
46.6205 56.3974 47.2937
48.9108 59.5187 40.8661
-90.9607 14.5257 -6.87358
-92.9267 18.8766 -6.47634
-43.3147 -12.1107 -70.8209
38.4743 12.9513 52.3971
37.4618 22.1567 -69.9555
37.9366 25.4511 -70.8142
-91.5466 14.0292 -11.6596
41.5393 76.3364 40.0132
43.8527 73.2037 40.4208
41.5193 9.92673 45.7338
45.2417 11.2315 40.1754
50.2563 54.9474 -6.30641
34.319 21.1819 -72.2408
-61.8781 42.8332 -83.9692
28.5321 -8.66054 -22.3666
27.5661 -7.3125 -6.1325
57.6162 47.0687 -12.0179
47.0136 63.6582 14.6537
59.5526 20.814 -21.9251
47.5875 10.776 -12.1174
57.9634 30.3527 25.9938
22.0198 84.6725 -17.9519
2.05779 68.3932 -78.9354
48.4476 27.4613 46.7748
51.5177 32.0721 45.8483
-2.42232 67.2916 -81.0239
-26.5391 -27.7001 13.6213
45.6797 74.989 29.4759
43.5843 9.62503 41.2399
46.3179 10.4694 35.042
46.7901 8.55276 -18.1371
47.6515 72.1282 29.7173
43.551 77.189 29.4824
45.0315 74.4223 34.7649
45.128 12.5023 42.062
36.657 5.38108 45.637
36.2409 7.58732 49.0273
49.2289 30.5129 47.6068
41.0092 78.6915 34.9697
27.9279 -4.56155 25.4568
31.5012 -2.52053 24.9755
45.7149 68.2039 9.62699
-81.679 -1.82272 -33.0978
38.0733 1.72441 19.9218
34.8042 -0.8366 19.1601
44.3065 9.60273 24.459
54.3706 57.468 -27.5814
36.3084 1.63053 30.1105
47.7915 13.3897 35.2184
46.9795 62.4294 -2.27135
-59.3602 4.11192 -77.5326
50.9482 60.9486 -28.1981
46.3429 25.0293 3.46322
36.3186 29.1149 60.6079
42.8159 6.31953 35.2535
-82.9717 55.775 -49.1904
51.1785 19.4928 -6.65913
-22.5596 -17.48 -66.2632
57.6095 18.7669 -38.3593
55.0211 14.6885 -37.2968
40.7175 14.0094 50.6166
41.1116 70.5318 -0.864536
-79.5188 42.2227 -69.7964
-79.6478 41.1279 -70.0248
46.1898 10.2769 13.0687
37.2887 79.5693 40.0255
43.3999 6.50696 13.1962
44.5274 8.43326 14.9616
40.1945 79.6074 29.9674
42.2757 5.26333 -12.013
42.948 4.88814 -17.098
50.3412 54.2663 13.8499
51.9332 52.3682 14.3789
39.715 11.0089 49.1945
39.1111 78.1024 14.0916
42.3737 68.0789 -22.5198
-51.8437 -0.818347 -77.8238
43.306 30.4418 55.1254
61.3877 26.732 -17.3637
-33.4615 -18.7029 -64.7415
46.7384 22.3169 46.4203
51.7861 9.86201 -23.8563
53.6439 46.9578 29.5855
56.3926 42.6104 29.2745
51.5604 47.8259 -0.808978
-27.7187 74.6836 -78.6426
32.9289 -5.62531 -12.8347
45.7145 10.0795 -1.69179
44.831 7.44524 -3.22817
38.9702 73.4621 -0.692819
47.5593 50.3921 4.06039
-42.5611 67.974 -81.3072
61.0165 22.8346 -23.2517
46.7883 71.9231 34.7539
44.4115 8.09756 35.9272
44.2062 11.1036 20.1961
1.94545 -9.99317 -68.9912
55.3215 15.0102 -24.0888
43.4648 65.0226 -43.8583
26.7925 -7.28356 15.2368
32.6237 -2.32391 14.3841
23.2928 -12.4204 -22.3527
41.6653 76.4007 18.9537
52.0086 30.5701 41.1695
27.2029 85.6108 3.86382
50.1258 27.1853 40.7264
48.1255 60.3891 -43.7722
32.8274 -2.16432 10.8768
-57.0793 54.9933 -83.7065
44.7641 66.6853 -16.0422
30.3286 15.2507 -72.5094
62.9552 42.9472 -22.4488
-88.7278 9.25327 -11.8648
49.2635 25.3951 41.6742
-57.6533 2.58885 25.2218
57.1651 49.2687 26.5549
-76.7352 62.7161 3.11291
22.8535 60.5501 -75.3109
41.5552 71.3382 46.1849
-15.2429 90.9314 4.60529
60.0416 23.5158 -18.2959
46.1695 26.3478 49.3073
45.1787 22.3517 49.1292
48.5446 22.5409 41.3026
52.1913 21.7764 -6.38178
51.628 29.9288 35.0525
-7.42948 97.3764 -1.60683
23.2421 -11.7881 -7.52149
50.5796 62.4157 -32.0196
46.0681 9.76893 30.0963
38.8359 1.95388 -7.84168
45.6584 74.3017 23.9955
47.4197 72.0924 24.5182
44.4494 27.2168 51.4683
45.6692 30.6338 50.7645
39.212 78.4869 18.4628
62.8395 26.8543 -22.5649
35.0725 23.2196 -72.4263
37.69 81.0506 34.8801
36.5259 75.8048 -0.110307
31.4165 10.4309 -68.7742
48.3628 64.2787 -31.5197
59.2059 24.9029 -15.3275
47.1976 18.9552 18.9451
38.5206 77.4323 8.21424
62.5311 39.0465 25.3395
-40.6887 66.2748 -82.9752
46.4562 13.543 24.5132
48.0933 13.8076 30.2012
56.3854 23.4854 -11.8421
57.7018 31.5158 -6.12276
-34.2475 -21.7062 23.2756
32.6158 -3.18389 4.0102
11.3995 90.195 -12.845
43.7457 28.7958 53.3041
27.4702 81.0364 -17.4777
31.7255 18.4366 60.3389
50.468 55.3894 41.5451
42.0626 63.9038 -50.8026
38.7724 3.54364 35.4153
41.815 5.25835 30.4844
46.775 9.93737 -5.64492
-47.2204 62.5266 -83.4535
54.4396 55.2067 -18.8578
26.8668 75.8379 -48.1615
47.0506 34.8092 56.2414
47.7386 52.0645 -1.05832
37.0507 76.4656 3.28754
35.347 78.3046 4.48527
46.2784 65.2037 -11.0791
35.6253 26.4674 -73.0916
33.5064 80.44 5.27919
43.205 22.0032 51.8814
55.7196 37.5363 28.6178
44.9306 73.8435 36.3558
-59.4883 17.2845 -83.0649
-63.3266 17.9628 -80.8683
-8.65295 85.9823 32.3448
-9.15398 86.1119 33.7546
42.4105 2.01643 -21.428
44.7114 3.65254 -20.0313
2.95946 69.872 -77.565
49.7935 60.9188 -23.1814
50.6721 28.4737 2.30654
54.3825 49.2499 41.8039
56.5461 39.0734 0.148232
55.8576 42.4386 -1.19845
50.6729 23.3908 -2.88014
43.4513 72.8676 14.0228
54.306 29.8204 19.7152
36.9709 81.752 30.5271
54.0615 57.0877 -22.6738
33.742 78.2599 -6.78233
36.5638 75.8107 -7.11499
58.9613 18.381 -27.7946
31.1887 -1.54267 30.5903
43.8889 7.34559 30.0109
50.1981 8.51215 -26.2778
47.2314 5.71024 -27.6891
-81.7351 62.5443 -7.24944
36.2138 30.4692 -73.4346
27.5012 83.8046 -6.57617
-17.4674 -17.0932 -65.9586
27.4802 84.7113 -1.4427
29.7106 82.9501 -1.30361
33.3511 8.26565 52.3931
35.3054 -0.788569 3.58529
50.5574 26.6313 -0.204234
32.9685 -2.46582 -8.98647
43.2663 68.3485 -31.7284
53.9076 17.3263 -15.5365
42.7906 5.44864 -1.28452
58.3492 26.3603 -12.2396
30.6726 82.9634 4.18801
54.619 44.3356 -0.72232
55.801 26.7964 -6.98334
43.2633 5.25861 -6.58442
32.794 -3.89325 -10.7504
37.2371 -0.381711 -13.4893
49.8982 59.4738 -8.48706
39.4627 2.52967 -11.8812
-7.60878 87.0107 31.7507
-17.8864 -14.6479 19.6375
-22.1459 74.9326 -78.4131
40.9233 3.40181 -1.14256
39.9561 3.29889 3.81674
38.7684 1.87399 3.75913
46.1856 62.6201 -43.0825
47.8894 18.3351 40.3441
45.812 72.3347 20.251
-7.6108 -20.9495 14.4267
-8.42822 -18.8301 9.17339
-5.39583 -14.6969 15.4968
46.5037 67.6836 3.77232
51.5972 26.3896 19.5197
38.5424 77.784 41.9408
31.282 30.8316 67.2124
30.5304 27.3819 64.6678
51.5132 10.8622 -38.4853
53.5862 13.461 -39.0907
55.7819 32.2013 -1.92565
49.5052 62.1567 -27.0189
48.5542 38.7475 57.1183
52.0668 33.6936 46.3093
58.6432 33.9015 26.6028
6.54397 83.2465 46.4605
39.9488 0.0299236 -16.4401
25.074 -10.4054 -7.62867
54.5143 33.9359 8.77301
38.3896 69.2522 -43.8138
34.4023 78.0201 -1.76786
44.5974 65.6115 -19.2166
-9.2767 93.5216 5.39551
-5.89182 94.727 -1.87977
47.6296 63.1765 -37.5114
-83.9202 2.39025 -12.5349
38.8332 73.823 -7.04155
28.0373 26.406 65.3828
42.3471 68.1609 -0.566642
47.2195 63.6553 -10.7059
30.7217 78.5886 -16.4725
54.6982 35.1625 41.7672
54.7888 35.4433 41.9701
36.6954 80.2303 14.6368
-88.1695 18.0496 3.58354
54.1061 33.1247 4.7742
38.6454 55.366 56.9682
33.5782 8.5286 -65.5247
32.189 5.67283 -64.7433
59.4984 29.6554 -10.6496
61.3915 30.3898 -13.4656
34.9452 80.528 8.58792
43.8052 67.0708 -27.9255
59.2205 33.7401 18.3074
57.9056 34.9392 14.2615
60.1883 47.593 -17.2717
46.3512 67.9009 40.7659
40.1726 3.59546 14.3714
33.0838 -3.23569 -0.413594
54.458 21.2697 -10.0147
22.109 84.563 -26.877
23.114 84.5175 -23.423
55.2689 54.6339 -37.1469
56.2598 55.0995 -32.8314
28.3714 5.06198 52.3837
41.0715 78.5176 24.5195
51.4864 30.4956 9.1665
31.8877 78.8812 -12.0756
49.0919 61.3112 -16.8057
11.2553 -8.60792 -66.744
36.4642 70.9907 -43.215
61.1156 46.5751 -33.1414
54.6369 57.498 -32.8903
53.4805 56.3538 -38.6024
56.3466 34.5676 -0.576998
55.3748 35.4896 4.11092
51.5206 58.9239 -37.9532
49.4395 61.1821 -37.8827
23.1775 -12.5049 -28.2469
22.702 85.1731 -11.9706
25.8467 83.5933 -11.6042
-64.6073 38.7304 -82.5204
54.4774 48.183 35.3009
47.0139 13.2042 10.1774
31.7281 83.82 14.6901
33.8096 82.1179 13.7203
46.4698 59.2154 -50.2887
55.1194 42.2027 4.38194
61.3568 46.6943 -22.5254
42.2924 1.48705 -32.9444
45.2375 7.39405 -7.78748
-33.2925 -19.809 -6.12556
-27.5164 -20.8214 -4.4814
-28.141 -20.4479 -0.270991
49.6442 11.8134 -16.368
50.0278 58.9293 -6.73321
49.1022 58.4319 -6.86168
-86.5536 6.118 -11.6529
-87.3772 5.99738 -17.2545
-66.8759 19.6872 29.091
46.1831 66.186 -31.1634
46.3571 65.3496 -29.2278
23.4756 -11.9561 -16.0883
47.902 14.5025 12.8787
34.5131 -3.85144 -17.544
12.8354 90.4247 -20.7829
37.4243 2.2097 9.13534
49.0706 28.5667 5.00745
55.4816 35.2813 9.29668
56.3971 38.6928 9.35524
59.1519 48.6273 -16.3093
37.6704 68.3808 -49.6007
51.7702 10.101 -33.2755
29.0311 82.5215 -7.14829
20.7962 -13.8029 -17.0033
-59.6944 4.93659 25.8297
39.0556 64.8549 -53.0218
46.2873 13.7051 4.33295
32.2143 76.9195 -17.7435
56.0532 14.9551 -32.6816
44.491 65.8068 -22.1773
38.5993 1.28741 -2.7144
38.9406 70.0087 -38.6957
36.9988 71.6709 -38.1182
34.1316 81.3573 9.19246
56.7147 51.1193 25.8125
49.4304 28.0516 44.9277
-82.0622 2.35285 -6.42699
48.3276 68.0485 35.4258
42.1314 67.7041 -38.1548
45.7457 67.4902 14.5636
50.9298 26.8033 15.8267
53.1409 29.6875 14.3698
1.53968 -5.39032 39.5685
35.8249 39.006 -73.5749
27.9958 -7.61529 2.94896
32.499 75.8323 -22.4618
55.38 45.9553 35.2183
53.6958 48.1499 -5.90448
39.8452 -0.153766 -16.6484
37.36 0.540899 -12.7239
50.2203 11.9066 -17.9419
-78.0102 67.5574 -28.3926
46.5398 58.154 -52.5711
26.334 -6.63044 20.8875
45.5907 31.103 54.3267
31.8896 83.8263 19.6497
16.5034 79.9676 -54.1703
8.90407 68.6578 -76.7946
36.038 26.5587 59.7114
56.405 14.482 -26.6146
49.2936 7.78424 -33.104
47.2336 5.74993 -33.37
41.0102 3.37364 -5.67127
50.3574 26.6965 34.9492
31.8073 25.5136 62.8263
33.9501 29.7315 63.7371
52.5104 55.3673 -43.6334
32.5037 81.3837 41.7958
48.3455 46.1745 56.5616
49.4603 47.5418 50.3969
36.2639 36.8658 66.7035
28.4608 80.0752 -22.4354
62.46 43.052 -33.1315
59.8663 27.8715 -13.2531
52.6934 10.9131 -26.5132
47.1784 63.7745 3.07126
49.7808 11.8027 -47.3998
49.1911 13.363 -49.9492
61.4011 47.2331 -27.9651
49.6081 21.252 24.4109
50.2138 22.8946 25.0023
58.525 47.0639 18.5395
-22.439 -5.93352 26.6336
58.79 51.2039 -33.2268
-70.5559 62.2541 12.2536
-68.0997 64.2966 14.5091
-76.9577 67.2086 -7.87193
47.453 8.22562 -45.4479
29.4972 -7.78857 -10.9899
53.6554 34.0098 35.3505
21.5071 86.7197 -6.24968
21.2842 87.7944 -0.972637
-23.2354 -10.1174 24.2896
25.3399 82.8674 -24.0424
24.4319 83.6037 -25.1265
40.2287 78.2479 20.9035
58.6865 38.4796 -4.92467
58.9046 34.8379 -5.97112
32.6754 83.3078 35.3129
44.8364 70.6858 15.765
37.4916 1.25273 14.9405
13.1934 86.6257 -39.6613
33.6021 -0.0408738 30.437
-78.4849 -3.10215 -11.413
-79.0815 -3.91644 -16.8936
45.7797 6.15453 -44.8536
49.1424 8.57311 -39.7815
37.0462 81.2355 24.534
46.8663 6.08708 -38.1342
27.971 0.930334 -64.3832
25.8834 2.94982 -68.0867
30.3001 79.1599 -26.7969
26.2078 -1.64191 -63.1126
23.5593 -2.59354 -64.5933
44.213 65.6289 -1.8313
40.6818 26.2335 55.3818
-77.3443 -2.12384 -48.5037
41.4649 66.9216 -43.1914
50.4301 50.1648 -2.66245
32.838 77.3237 -27.291
-57.9495 -6.5899 -69.2901
37.0529 -2.36618 -22.4504
-53.6563 64.0989 -80.0345
-18.8005 84.492 20.0385
45.168 68.9836 13.584
33.0157 33.6939 67.8774
51.298 54.9577 24.0805
52.7945 52.8056 25.5753
48.8187 25.6089 -60.51
45.5569 23 -62.7177
46.3096 27.0757 -63.4802
55.8476 49.5114 19.7253
50.3031 63.3963 29.8717
44.1066 65.797 -38.8148
32.747 0.176558 37.1092
36.7733 2.27238 35.0419
34.8389 32.1974 64.8016
20.9644 -14.1149 -29.2614
28.9895 47.7778 -76.8131
7.78827 38.9218 70.5258
7.37242 35.8242 69.7241
40.0331 66.1993 -49.7402
35.6116 -1.15937 -1.94952
33.1545 78.1337 -10.5294
51.4173 27.2881 24.5675
12.1792 68.5086 -75.5127
-81.767 -1.97814 -21.0036
-81.8087 -1.39999 -18.0089
37.9414 43.9812 -70.5904
31.634 84.2635 24.9828
35.452 11.6243 53.9492
30.6849 -5.13591 3.75047
33.9262 -0.665699 25.2812
30.3116 -4.96974 -7.49733
45.1323 65.3969 -37.7475
45.6506 62.8796 45.8848
36.4035 81.8098 34.5589
17.4513 -15.7105 -12.39
-3.99376 91.1655 3.62425
49.6409 56.7937 42.0424
38.2144 2.80263 29.6883
47.739 58.9147 0.0470172
36.9421 17.7249 56.8758
46.8151 53.0276 50.556
21.85 79.2866 -46.4101
17.2267 -14.2748 -1.01738
59.6867 43.2824 -10.9455
37.767 14.0851 -65.3892
62.9287 30.8722 -17.0277
44.0514 10.4801 2.96245
-78.3697 55.9877 -59.8157
39.222 38.3481 60.4177
37.9473 72.3604 -31.7498
35.5874 -0.452186 -6.94865
34.1895 -4.57789 -21.6265
54.8713 44.3162 30.6105
33.9769 -4.94706 -27.5676
43.0424 9.60922 4.0924
43.9561 9.66554 8.05284
31.5734 83.1771 8.97748
49.0111 68.7416 25.0281
-78.0954 63.9703 -1.2974
-22.3975 83.6493 14.121
-23.8222 83.3855 15.7099
-16.1933 86.2506 13.6031
43.3605 3.52237 -43.4819
32.4349 76.2876 -32.7417
32.6024 14.2078 57.8294
30.4906 15.314 59.733
48.0658 21.5966 -59.6375
46.8942 18.169 -58.5641
49.938 15.3142 -8.51109
45.3411 71.207 39.4681
51.9413 39.3071 46.9125
37.2353 66.7753 -52.4332
21.745 -11.1733 -1.9571
59.8719 20.7412 -33.3294
54.8579 18.8228 -14.1481
-9.59791 -14.3621 19.4786
17.5279 87.8298 -12.2352
20.0379 86.9242 -10.2331
39.9366 18.1996 54.3071
33.8204 82.6835 19.4048
47.0221 9.58779 -47.8326
45.0551 6.897 -46.8518
42.2989 1.47837 -27.6863
50.1293 63.3501 25.2484
57.1487 31.1732 28.2322
49.2554 68.214 30.298
28.6323 80.235 -26.8966
51.0573 54.3042 28.7148
32.4183 -5.32851 -16.4552
55.9502 50.6113 -42.9109
-77.5638 67.5722 -32.9022
-72.9233 71.6488 -32.7177
54.7812 23.8496 -8.17134
-52.5491 77.0752 20.8282
-52.2703 75.1973 24.7524
-5.93956 88.5338 30.1108
27.4366 -7.82576 -2.00382
-8.49719 -22.716 10.0703
55.8526 38.8345 35.244
16.9536 -11.9711 14.5592
-76.2883 67.9343 -38.5239
36.0278 82.2457 30.6048
53.6215 34.4798 30.6757
62.5355 26.1259 -28.7772
40.7479 25.6798 -68.3165
44.243 69.7913 2.58974
26.6214 -10.0477 -22.4769
26.5106 -9.93379 -17.3113
60.5504 42.8934 -12.2135
38.5015 39.0557 -71.0778
48.9691 17.6037 35.3034
59.7566 49.9471 -22.7017
55.7363 42.6528 9.14517
62.9878 27.2377 -31.719
12.5494 -18.4253 -10.6363
54.5341 12.661 -25.7201
36.1557 75.0674 -27.8577
32.2627 -2.70576 19.7023
-3.01452 -14.4089 13.2048
53.9072 44.4712 4.96126
-64.2531 8.86254 -77.0573
-43.1061 -14.4983 -68.1137
-82.3702 63.5493 -16.8383
48.0123 21.1366 18.6185
50.4945 24.7359 19.6488
48.6968 61.0475 -10.7516
31.4604 -0.59276 36.4525
40.5366 74.5691 43.9608
48.6529 19.2586 12.8128
61.1337 35.4532 19.6398
55.8583 45.9739 40.776
61.6627 43.8152 -16.6767
27.6629 85.5613 24.876
54.7266 48.625 41.9046
27.5167 85.8161 19.4323
31.7795 75.4896 -38.0544
39.513 -0.165943 -20.5222
53.4448 46.5613 8.90525
-32.4387 95.8164 13.122
42.4748 68.6395 47.0727
18.8548 60.9109 -77.409
28.7305 -8.11573 -16.3137
-62.8542 13.5492 30.8656
28.4332 77.8053 -38.4954
-23.2238 96.553 5.74921
40.1231 69.9211 -23.0601
61.8516 43.4527 25.2233
57.3071 51.0518 -38.1085
49.366 58.7171 40.2116
32.7333 46.1016 -74.4585
55.6979 31.7307 15.5601
-21.8756 86.7323 7.74077
-86.5331 5.55587 -38.7491
26.5503 -6.54498 -54.4135
28.2995 -2.8934 -59.0617
28.6867 -4.24936 -56.0072
-2.04926 90.0523 4.34877
26.7716 81.4822 -22.025
-18.0339 -18.2684 -64.3359
31.9319 84.0611 30.2554
-26.4787 94.6264 15.3194
-25.372 92.4678 14.1084
40.9172 70.0522 -32.0242
48.3411 25.1294 0.154019
30.493 -5.37197 -2.00606
-84.4174 61.2643 -22.6184
31.2784 -7.16942 -35.1913
-11.1023 88.9151 23.5509
-13.35 91.8907 23.7431
35.891 70.2831 -48.301
44.3794 61.3717 -50.8062
21.6852 83.5981 -32.7253
-91.5957 50.5067 -12.6602
-90.4266 52.6256 -11.639
22.9491 85.9962 -6.92417
39.3256 -0.900426 -38.2217
13.2169 65.4166 -77.3619
35.5586 43.4042 -72.816
38.3929 34.5319 61.0934
27.234 77.1609 -45.4369
24.7384 78.9958 -43.8103
27.5066 -3.39697 30.4335
45.1889 61.7048 -47.8308
-93.3867 18.0311 -11.5402
36.4763 -3.24189 -38.5909
34.2345 -4.49462 -38.5375
31.6997 -6.00236 -37.8079
-85.7765 2.6568 -23.038
-85.9478 2.92558 -27.639
35.8051 78.0555 44.4886
-28.5291 94.1623 20.2931
-87.8293 56.0344 -27.6138
32.2416 59.8082 60.8943
26.6111 -9.62307 -11.0676
37.2327 -2.59254 -32.9436
37.1926 -2.54041 -27.6914
40.475 14.5978 -62.9922
36.0628 74.2559 49.1582
30.4064 77.7477 -32.5013
27.2231 79.9579 -32.424
45.0212 69.2024 42.1897
16.9867 -7.42008 -64.3537
-73.7948 68.8983 -43.7263
-72.9469 68.2974 -48.5652
54.196 52.5516 -44.2251
47.1562 56.7035 -53.037
-86.7705 10.7617 -1.66933
-88.605 13.636 -1.59066
-91.2872 18.6367 -1.40425
-53.7122 60.7669 -82.2157
-23.9994 89.5899 15.6437
39.4198 4.05523 8.02384
35.9139 74.0312 -31.0808
-33.0502 -23.399 20.8132
27.3279 13.6197 59.7705
40.3943 8.10236 44.4688
25.6244 -9.14845 7.32531
1.51978 70.0506 -77.8737
2.39656 72.3583 -75.5907
-89.174 55.3537 -17.1472
16.788 88.3924 -22.0198
23.0063 -8.03403 21.2681
41.858 34.7445 -68.4389
41.3396 38.4434 -68.6067
43.8168 39.0723 -66.0986
32.5563 79.7153 44.9541
54.2433 48.9559 13.5188
47.9376 63.5814 40.4856
32.7283 72.5157 -48.2633
28.684 81.472 -12.5084
47.1023 30.3111 -63.2702
25.0275 82.5749 -18.8522
54.8061 48.9686 15.2793
-86.7238 58.5814 -17.1669
47.4409 18.7517 4.87864
26.4963 79.1973 -37.9545
51.0275 50.4956 -53.688
32.225 2.89729 45.2078
38.9599 29.7468 58.2857
27.2503 55.4288 -74.9854
51.794 49.5704 45.38
-10.2287 91.7591 31.2666
63.2127 42.618 -27.7448
23.947 -0.519936 -66.4232
33.1925 73.2841 -43.7162
28.4064 85.5234 14.8343
17.7334 84.7137 -38.08
-84.6378 61.1279 -17.1588
56.0249 43.2167 35.2188
36.6581 18.1609 -68.7365
26.8732 -10.3333 -32.8939
-17.4934 -18.1674 13.3035
-54.0667 -3.4101 20.502
-24.3308 96.0761 9.1619
-24.9018 94.8603 11.8238
-22.786 93.5776 9.7452
62.0008 43.3713 19.6703
60.1077 38.9662 -8.41923
-9.4177 -23.1459 12.7479
11.584 90.8575 -17.504
14.4684 89.4421 -17.0028
41.305 62.493 -53.3458
43.105 60.261 -53.6951
47.2234 34.3051 49.0419
-86.4336 55.3955 -37.5964
-67.3931 75.4478 -32.8735
-67.8786 75.7114 -27.4612
-88.0817 9.83216 -6.93539
54.4256 36.9172 31.8709
21.3658 -13.8515 -22.5528
-6.69074 95.586 -3.47576
26.3709 2.47869 49.4722
34.5827 82.0936 37.0049
-89.6518 12.8218 -5.68136
-63.4762 5.19713 -75.7151
61.5411 38.8233 -11.2897
49.8894 45.5063 52.2576
23.5188 56.3751 -77.0416
-82.0984 60.0846 -43.1103
33.6748 73.9996 -38.6189
-76.1575 38.831 -72.7402
-75.7418 42.0674 -72.8737
-72.9381 44.4964 -74.8037
49.1737 55.2679 12.1875
-18.5821 92.7083 6.747
17.733 -15.8161 -17.1217
-68.2429 34.216 -79.8324
-79.8566 65.8417 -16.4464
-78.1322 67.2119 -16.7838
-83.8516 0.109262 -28.4107
48.8356 25.9887 12.8915
23.4928 82.1514 -33.6657
30.4883 74.6384 -46.8551
-88.4569 51.1339 -38.3587
28.0238 85.5498 8.96824
22.3557 -12.514 -32.694
27.6545 85.3519 30.8119
64.0607 39.1454 -21.9025
51.102 54.5862 -48.1555
-76.3819 62.4663 -53.3493
-73.9205 64.6981 -54.439
-57.7169 -2.14883 -73.8009
31.2685 74.7652 -43.1735
-64.2346 72.135 8.55697
-72.8702 72.047 -27.6879
48.1128 62.4083 -8.24289
44.308 34.9096 -66.1954
21.1603 -13.0012 -11.6238
-86.5495 58.6146 -11.9118
48.7729 44.4129 56.7712
40.8573 73.9636 5.03515
-7.72251 -10.3779 25.251
-9.01843 -9.04697 29.0248
48.6671 56.5383 -50.1788
22.7073 80.3756 -43.8639
-28.2216 -18.5053 24.8627
-27.7231 -16.4101 25.0611
-74.4424 60.8814 -60.1154
-77.2492 58.46 -58.7305
44.1227 73.2551 17.8254
33.0229 77.458 47.9558
-78.3855 60.1343 4.18481
61.7265 34.8841 -11.4562
50.1351 59.7725 21.2881
-13.0912 -7.53896 42.2155
-73.3172 68.3299 -1.04635
46.905 50.6163 55.2311
-85.1993 56.9434 -38.7247
-86.8628 58.2831 -23.225
26.141 86.2162 4.0223
22.0386 88.1961 9.14406
26.2999 86.3822 9.14129
50.721 58.8879 24.1968
50.6137 59.37 29.6774
41.5405 10.245 -58.2798
49.2375 59.8759 7.49477
29.1574 -7.73842 -37.1571
39.1556 73.7499 1.22528
-17.2869 -11.9515 33.7112
-15.1833 -9.41992 34.4044
59.7988 49.2373 -32.9688
15.7232 61.8177 -78.5252
29.9505 6.86964 -67.6742
26.5209 74.895 -53.3452
59.495 38.7054 -45.5936
58.9126 42.7253 -44.3831
-9.3609 99.4296 -5.939
-90.6863 50.5206 -27.3468
-89.8428 52.2164 -27.9978
-87.404 55.1958 -33.0853
55.3468 38.3168 43.7568
55.8975 38.4766 41.6206
39.4432 3.73201 6.37508
22.9866 -11.703 -11.5423
31.5056 71.2763 -53.3888
26.611 -10.2303 -28.55
-65.7986 71.915 5.58864
-62.3376 75.4286 3.77026
48.21 18.9386 7.97557
-16.2762 92.6237 0.790156
41.3754 30.6718 -68.7978
-31.3855 96.0661 14.8805
-28.2281 94.9106 14.5369
-86.1631 3.49153 -33.1418
-83.8219 0.556134 -33.0454
34.4049 74.298 -21.962
54.2389 44.4411 6.95378
-83.5926 1.29294 -38.4403
-85.1897 3.13738 -37.7309
-85.6053 59.4045 -26.7434
-84.5061 60.7252 -27.8398
44.7929 66.8739 44.5195
40.7394 1.09337 -42.34
49.4337 52.7965 -4.14258
50.1369 59.1363 34.473
47.1246 26.7534 7.93964
-63.3807 -15.6031 -27.4629
-24.1224 -10.8136 30.2398
28.9454 -9.0012 -34.1217
38.8908 73.2205 47.4722
-84.9165 4.10527 -11.3444
-91.3558 51.3058 -16.4629
28.8277 -5.02066 20.0047
-92.1841 14.3474 -17.2469
-63.8913 63.616 24.0071
-90.635 52.7513 -17.272
59.1558 46.8463 -39.2103
-52.204 -5.5466 -73.6886
-79.6099 65.3865 -33.1953
-34.0408 -18.2902 26.1942
-77.7957 67.8063 -22.432
18.6925 -4.69101 -66.3326
52.7891 51.4005 -49.0768
34.2459 -4.81316 -32.506
20.2469 -13.416 -6.47575
-84.4166 60.9166 -11.503
-83.7439 60.111 -5.66934
-69.3648 -11.7602 -37.4699
-65.9895 -14.0804 -37.8854
-89.7041 8.45322 -27.2241
16.7267 87.6775 -27.5173
28.6878 -8.78269 -27.6435
50.7027 27.5569 29.4538
-71.9197 14.203 18.8917
53.5817 18.4668 -49.5932
-79.3513 60.7512 -49.317
50.0652 11.2188 -45.1533
22.9435 81.4032 -38.4723
22.6049 29.5365 69.1501
27.1915 29.735 68.234
21.1781 82.7552 -37.7622
-68.3892 72.3137 -48.9148
-67.2867 71.6987 -53.7301
-86.723 14.5275 2.76516
-68.6407 -11.4877 -43.4832
-68.0852 -10.6823 -48.7749
25.3445 86.771 15.3248
-50.0103 77.4472 21.1478
-48.3003 79.2112 19.6567
-21.2409 -21.1157 14.1406
-80.6918 61.9022 -42.8935
-81.2836 62.4896 -39.0379
-79.403 64.5482 -39.2185
31.3855 82.331 40.0198
33.74 69.3273 -53.5929
-89.7053 8.78874 -22.2892
15.7781 -17.3002 -18.1152
49.4367 67.2248 25.0001
49.5289 67.2544 30.1284
48.3519 59.2033 14.2676
-62.2131 1.96459 -74.3251
7.86624 -16.0838 5.58964
14.1639 -14.7241 2.3051
-74.0602 69.4921 -6.64566
-72.9649 8.85985 13.7915
26.2452 -2.646 35.9876
64.1739 30.7283 -22.989
-89.2508 8.99974 -17.0099
39.2021 0.603475 -43.6172
-78.0554 -5.78496 -22.7944
50.1168 54.1099 44.3387
29.0841 73.5673 -50.9901
-83.5247 59.7064 -38.4335
48.0524 22.3017 14.4877
-11.9938 -25.0769 8.15971
-51.7271 61.8267 -82.3905
-59.9472 77.4674 -0.948589
-58.6327 78.6372 -0.504394
-81.8294 50.5225 -58.9123
41.1074 5.99955 7.06843
16.827 67.1212 -74.294
-57.9836 72.8185 19.7104
-58.1651 71.2446 24.2353
-85.1751 9.70922 0.00122136
-85.0294 7.85198 -2.37928
-71.956 72.6873 -21.6215
28.9151 78.5261 -33.5554
-89.2086 54.7179 -22.3879
-48.214 85.4243 -32.8827
26.6838 77.2886 51.4026
-76.1985 66.3715 -2.89275
-86.1054 57.8715 -6.91765
-72.4402 66.7452 4.00511
34.4827 48.0518 -72.3134
42.2117 33.4995 57.619
22.9536 -11.9985 -38.1957
-80.4814 -1.48452 -12.9671
-84.6063 59.964 -32.468
-81.8723 62.9838 -32.8524
7.58154 -15.3396 7.97351
1.2135 -16.3515 9.10803
3.2448 -19.2724 4.99751
18.0428 85.7981 -33.2484
21.5748 -10.3161 14.5364
24.9602 -8.33314 15.7214
-66.2793 70.5788 8.45288
-66.0346 72.0194 4.07526
-61.4893 1.43257 19.0111
-33.4093 -21.2469 -60.34
16.8865 14.1159 62.3862
-77.8357 -2.22355 -7.13697
-80.3377 0.178372 -7.17419
-12.5727 -19.9558 -59.3485
-64.0215 76.4156 -43.8267
-66.2065 75.1519 -43.3424
-63.6039 51.469 -80.9634
-79.3045 5.95813 4.09254
-85.6773 58.2385 -32.6102
27.3136 -5.47633 23.251
-27.6233 92.9783 25.3356
16.1548 -4.84912 -67.9653
-86.8541 47.8477 -48.6028
-85.6889 47.1117 -53.0365
22.5834 -10.4167 8.95937
33.2242 72.3083 52.9221
-82.2362 63.0746 -12.0188
18.1761 -15.9063 -21.8642
-85.77 54.347 -42.8945
20.7988 58.3741 -77.6825
-61.9305 71.3995 15.0231
-85.9151 6.82611 -7.05561
36.6767 9.93191 -63.4458
-82.9845 52.3091 -54.5699
25.4358 -9.21633 2.71604
22.5724 -10.8111 3.92419
32.8761 56.3957 63.5341
49.5005 21.9849 35.6403
13.4681 89.4549 -27.5694
26.9448 9.27237 57.2115
26.6054 1.31509 47.3427
-27.0151 -14.9496 30.3481
-78.1435 51.2678 -64.9892
60.3143 23.7686 -38.3845
59.9247 46.1393 -37.4804
28.1488 73.6354 -53.9659
37.5695 71.3376 50.5562
-19.643 94.7841 2.44939
-17.6643 77.0139 -75.7568
-18.0795 74.395 -78.3519
-76.8908 -5.96475 -16.8124
-89.7201 52.0297 -5.94918
-18.66 86.97 12.294
41.784 18.3346 -63.952
46.5097 37.9952 -63.7793
50.1944 25.9627 35.8743
-89.297 51.3981 -33.2252
48.1846 21.644 9.69508
-72.4765 71.5409 -11.97
52.3999 13.1303 -42.9034
26.1813 72.7876 -59.6729
55.9453 47.4692 -47.1562
-89.7846 17.5756 0.645755
24.4752 -9.7081 -1.78478
33.7247 52.0043 -71.4094
32.7807 55.1451 -70.7565
56.1609 44.2645 42.1099
-79.313 65.0159 -7.63287
49.6453 59.4694 19.0519
-71.7894 1.6884 7.886
37.7648 51.925 61.044
49.2843 64.2357 35.8646
-80.7708 62.1677 -3.45427
-48.0744 72.4417 -75.2964
59.2974 21.6373 -38.5201
34.2553 -3.46319 -43.8382
36.5691 -1.57918 -42.6164
38.5744 8.77818 -60.4348
55.9273 39.0234 3.87485
-62.4782 -15.0865 -47.5804
22.6743 76.941 -54.1972
-79.5779 65.5438 -11.6332
-64.166 26.201 -82.2459
39.3075 43.1273 61.2231
-71.6193 50.7078 -73.8296
-72.8701 47.8796 -73.8602
-61.04 11.4504 31.6153
-81.182 3.48276 -2.43363
4.89243 -22.4059 -18.7698
34.917 82.6185 26.5457
43.1478 8.69674 -54.0272
-79.2989 -3.10438 -39.0523
-69.1097 73.7349 -38.4584
-69.2108 72.6913 -44.0625
57.5923 46.9271 -43.5517
31.7475 54.4151 66.4675
39.8499 70.12 49.1762
-67.7067 38.8151 -80.1375
-8.66543 -4.44436 38.8376
-61.5277 76.4662 -0.578823
-17.6492 -9.65708 40.7255
23.3437 17.8128 63.0834
16.9724 81.2038 -48.8962
7.61054 91.4093 -10.3896
5.86326 91.6474 -5.90682
7.71014 91.3205 -7.27591
36.7006 43.5677 67.615
-63.6918 69.5681 15.0804
-77.2504 -6.51283 -27.0792
-79.4716 -4.44861 -27.4868
26.6831 -9.43214 -36.9071
-76.4861 66.4895 -43.0469
43.9281 30.3316 -66.2926
-66.139 14.5446 25.4327
-67.4222 17.9009 25.5756
-90.5086 11.116 -17.397
-74.0111 64.4973 4.86599
45.1049 10.1862 25.7032
26.9356 18.353 62.2837
50.4341 50.64 9.9317
40.3682 23.1181 -67.6997
30.6751 35.2215 69.9531
63.7255 29.9217 -29.2069
-17.7538 95.287 -2.60283
35.6057 14.9865 -67.9252
-68.1484 58.7657 20.2411
-69.8215 59.06 16.3645
-7.94126 89.3124 10.4803
-7.72945 91.3856 7.49515
23.1792 78.1792 -48.1055
-22.6971 92.3981 19.8542
-78.5685 1.22047 -1.26025
18.8783 86.5297 -27.0022
-73.8998 -7.24012 -11.8703
-76.0693 -5.34443 -11.1942
48.5568 38.4256 49.5895
21.1253 -5.18808 -63.7686
-28.9386 -12.7591 18.606
-22.3634 -10.3437 17.8293
-78.9523 -4.89535 -22.2901
-60.164 68.719 24.7779
36.4501 38.2751 67.1325
49.5584 49.0954 6.63332
-58.9702 56.2322 -82.007
49.2482 17.8291 30.3346
31.807 67.9876 -59.971
-90.1326 52.9681 -22.4675
-91.5168 50.062 -22.348
-85.5075 3.26621 -17.5528
12.1414 83.4258 44.9226
-82.3432 2.07938 -44.8369
-37.8203 -15.441 8.2884
-33.0938 -15.4222 9.91615
48.3856 28.4336 7.24762
12.1894 88.8765 -33.831
11.7187 87.2663 -39.8984
60.2352 19.8856 -28.8794
48.6109 18.1298 25.3529
11.289 -17.508 -1.78386
7.12614 -18.6286 -0.194741
-86.7161 52.1852 -43.254
-72.2855 1.77309 -64.0497
22.6841 87.5552 14.3388
16.3077 86.9204 -32.5764
-76.7187 -6.59669 -33.1795
-76.2766 -6.19651 -37.6502
-82.1508 59.5831 -0.730666
-65.2882 5.68145 20.188
-87.3875 5.29931 -32.3896
-26.9695 76.9443 -76.511
17.6159 -16.0179 -27.3873
12.2335 -16.7858 -1.10604
-57.0095 79.765 -5.67686
49.649 22.6097 35.1399
49.9677 21.8127 29.4851
61.2682 42.3665 -37.8816
-69.3572 73.998 -11.6109
43.2238 48.3178 -64.099
-52.8488 -0.780231 25.7645
26.1222 6.09671 54.7645
-33.398 93.7318 14.9605
-33.2325 94.4287 9.8629
-19.5461 -17.6608 17.8902
-71.7831 70.1876 -2.61469
-72.0561 71.4056 -8.27881
-82.6763 9.64493 3.8386
22.9462 -11.8485 -43.159
-58.8513 59.9704 -80.0835
-33.4229 97.3026 3.81801
-84.5053 56.4723 -43.0357
-86.9425 54.0494 -1.35601
28.2399 -8.08978 -43.247
-13.1478 92.7691 31.2615
17.9687 -14.8792 -38.5393
-74.1449 -8.84285 -23.0267
-71.2448 -10.2585 -17.2549
-74.7363 -7.81726 -17.5004
36.9327 63.669 -58.8208
12.0041 -17.6173 -5.66183
50.1078 64.351 30.5231
-71.964 72.4442 -17.5672
40.8758 21.4115 54.2967
-81.7296 58.2198 -48.349
-66.9868 67.0064 -63.9447
-68.409 68.2076 -59.2692
49.8244 59.9115 35.8985
-46.2429 -0.622688 29.4964
22.1001 87.9761 2.89843
-68.7251 67.4524 9.04092
-90.123 11.3198 -12.2036
-72.0228 67.0562 -53.6082
52.4488 48.1936 45.3605
49.9338 21.5565 29.8941
-91.0481 11.1933 -23.0762
-84.1578 56.9976 -0.391091
15.828 69.5753 -72.6327
11.8971 71.4383 -72.8906
40.9526 3.27754 -47.6263
55.0655 36.5504 36.7281
17.061 87.1138 24.746
17.4761 87.9747 19.2506
-73.3124 -5.93534 -6.56003
-74.8661 70.2734 -22.4365
-90.0895 15.5397 -2.41553
-64.853 64.2924 21.0104
-73.0787 59.5709 -64.9349
-22.9199 -20.8958 -60.8325
31.199 -5.93967 -42.0866
-92.5424 14.5614 -22.7169
-72.2146 64.0547 -59.4855
-71.1144 65.9977 -57.8996
-27.7848 81.5856 -70.7337
-32.7524 81.899 -69.4986
-73.1704 38.5682 -75.3552
-9.66601 88.6344 23.872
-68.4414 -12.377 -22.273
-46.9822 -8.78434 -72.856
48.0914 67.0898 20.4741
22.4627 2.01802 50.859
37.4539 47.208 -69.942
63.5697 34.5298 -16.821
20.6965 -13.4017 -39.4903
-48.1893 -8.35305 16.1483
-46.2763 -10.1201 14.6602
-61.1549 50.5161 -82.8622
50.0002 61.8847 -29.5486
26.0106 -8.64807 -49.3283
28.3492 -7.00481 -49.2283
21.9879 75.6822 -59.0733
25.776 73.7526 -58.0442
47.9155 60.0412 2.94529
-73.3211 -2.87385 -0.420442
-10.1946 86.86 19.8299
-9.55057 88.8016 13.6969
31.3653 50.8544 -73.8836
-68.7232 64.5349 -65.0067
-71.2861 62.4086 -63.6138
-48.3344 64.7074 -81.729
48.9952 30.1832 -61.4641
-74.9323 65.7267 -49.4999
-73.7013 -8.31588 -38.433
23.6288 74.0009 -60.4514
18.8841 86.7039 -16.7773
63.3268 37.8273 -16.0388
-76.5065 -1.10027 -2.20797
36.029 -1.32382 -47.5743
38.9213 30.346 -71.1047
-81.0461 -1.59132 -37.819
-80.6507 -0.676495 -42.823
16.5535 89.0864 -1.61948
-33.1887 -19.8974 13.1336
-33.5266 -22.5773 14.669
-63.5546 54.8931 -79.5768
-71.7938 70.7592 -43.1738
17.4638 -8.52981 25.2411
16.4577 -6.49157 30.4741
-79.9268 65.8247 -27.963
-22.7416 77.1672 -76.1474
-68.922 -12.485 -27.4695
-71.7464 -10.8379 -28.5148
13.7759 -16.7082 -42.3011
-84.1813 14.084 5.78349
-69.8743 65.4234 9.52376
-71.1216 -9.35369 -12.7934
31.2602 -5.15718 -48.1342
33.2936 -3.42297 -48.1427
26.4507 -1.48617 39.9556
-21.928 87.9816 18.8527
-71.4825 -9.29076 -43.5802
-72.2326 -9.45339 -37.9054
-92.6986 47.2553 -11.9466
38.2931 26.6694 57.7293
29.18 4.14739 -66.2605
36.7901 59.4613 56.5129
-31.2729 -22.008 13.7506
-79.0368 -4.41814 -32.7792
-75.6246 65.7994 -47.9719
-22.1722 -22.8504 -6.93022
-23.1772 -22.1478 -2.45133
-71.1725 70.0381 -48.1529
-37.5148 -1.57106 30.7286
-38.9047 -0.327313 31.7797
-67.0354 22.4721 -79.2418
-66.6152 18.5151 -78.6359
35.5961 55.1254 61.7182
39.3168 17.8561 -66.1381
-90.7265 50.5646 -7.45005
-12.8353 -7.39539 34.0698
35.3228 65.8566 -57.9829
-74.5103 69.9599 -11.6295
-56.3191 -4.44805 -72.5655
63.9221 39.8237 -28.3261
-91.9184 46.911 -27.5538
-67.3979 -12.2244 -16.9526
-90.5593 12.3252 -11.4113
18.3518 82.7752 -43.5713
-68.0854 72.5687 -1.40275
-69.1091 73.3043 -6.62479
49.852 43.5308 54.2299
-66.9352 75.8646 -12.1878
52.4633 47.6066 -53.6347
-76.1179 -5.06664 -43.1878
59.989 35.3289 -7.84092
49.6082 64.5812 23.3244
-34.1174 -17.8327 28.4942
26.2147 -9.48678 -43.3135
13.552 84.5501 -43.6383
48.7502 63.7527 19.866
-76.7276 14.0184 13.2541
-64.1248 47.0907 -81.8218
-67.5515 46.673 -79.1748
-88.6741 46.5292 -43.6701
8.23927 71.771 -74.2138
-26.4339 -12.6524 24.2432
30.1119 70.9016 -57.1621
-74.7578 70.0548 -33.2918
-74.2733 -4.62787 -5.39368
-73.9354 0.542088 4.01737
13.6275 -16.8411 -5.50999
-74.3438 69.6073 -38.5165
-73.6382 -7.32535 -43.7265
-89.9737 50.1573 -32.4301
-91.2652 46.0427 -32.9935
-93.6483 18.1527 -17.2594
-72.3028 71.3366 -38.0905
-84.524 52.476 -49.8946
-85.9917 50.9377 -47.5146
-65.9238 59.2499 24.2083
-58.779 77.6463 -54.4472
-57.0135 78.9415 -53.6853
47.4457 58.6366 45.2393
-30.1901 95.2546 9.78878
-60.9394 -17.3668 -38.7366
-63.8866 -15.4315 -38.0473
7.62587 92.3271 -17.6989
-94.5206 22.2416 -22.6785
-94.9359 26.118 -22.5103
-12.274 -18.0964 -62.7283
-7.66542 -15.5583 -64.8899
-8.84262 -16.9459 -63.1176
38.9104 48.3053 60.827
36.3808 46.8372 67.3484
16.0869 10.0358 60.1262
17.9914 -14.8356 -31.548
-57.9897 0.688598 21.1422
-56.341 -1.80221 19.3934
18.9065 -12.4856 -0.0478692
-84.7207 47.577 -54.9679
58.6423 43.0707 13.8937
28.725 0.187382 42.7923
-72.007 18.2578 -73.9032
-69.2549 18.2194 -76.3133
-67.6072 9.01335 20.8518
-88.3488 51.4625 -1.20509
11.509 88.4587 25.8571
-70.7992 64.4861 9.36753
41.6021 51.1862 56.8273
41.6716 54.3979 54.9087
-77.0787 2.62205 2.80626
11.9091 -18.4316 -27.4489
10.4511 -20.1398 -23.8001
-79.3367 -1.85226 -43.8917
32.1231 22.8755 61.4224
-9.26413 99.0921 -3.22826
-56.0682 73.9867 21.9794
2.27784 -12.4453 -65.6083
23.3237 86.8251 -1.81607
-63.0237 -15.5883 -42.5528
-8.2388 95.298 1.79848
36.9345 1.91445 -54.0103
-69.3279 69.3348 -54.6013
11.8237 89.1982 18.9358
-81.7777 54.7782 -53.5092
-63.1175 22.5494 -82.2104
12.2326 -19.3704 -17.9262
-74.5201 -8.83385 -27.8222
55.3879 45.7527 11.45
34.113 61.0305 58.2597
-59.1483 -3.3489 -71.694
49.7133 24.8255 17.3313
-57.6241 75.7357 13.8359
44.1198 64.3535 47.3529
-90.5464 38.4653 -42.8692
-89.3506 43.3086 -43.8549
-90.1175 39.2559 -44.0813
-69.0785 5.36101 15.1996
-71.8848 7.04779 13.5356
-69.867 73.7272 -34.2813
56.6128 19.0483 -42.7012
-51.0086 78.6581 18.7481
16.6763 -10.5451 20.4652
-3.09917 71.0222 -78.3016
22.1678 87.0822 19.3556
48.845 17.1292 -55.2864
-79.9938 3.64009 0.0107249
-48.8175 -9.00715 -71.8868
-71.4971 -5.31146 -2.42082
47.7757 55.7948 -4.58337
7.67257 89.0692 -39.1607
2.56046 90.6533 -37.9949
-66.8043 76.1676 -17.6425
-66.3193 74.0285 -48.2458
14.9671 -13.8697 3.19585
-36.6632 -1.30773 33.2181
-54.6191 77.5201 13.7144
12.5058 80.3388 50.5538
-66.9197 61.5575 19.8762
-65.1124 61.3115 23.9775
-76.5342 6.46875 7.8667
-73.5861 5.38784 10.1608
-64.3029 43.2391 -82.316
21.1088 77.9752 -53.33
-91.6586 47.4565 -6.38029
-80.3534 53.9782 -58.1193
-53.76 6.06896 31.2699
-69.3492 74.2672 -17.0464
2.13261 -7.88527 34.4308
-29.8192 -25.3237 9.62529
-67.1261 -13.5775 -28.0962
21.0616 -13.0453 -32.9538
-12.4756 -16.4067 -65.3693
60.2258 44.0566 -39.1872
27.9845 82.4888 42.7202
40.0249 47.0463 -67.5807
-79.8621 8.06183 5.55668
-90.8555 10.7083 -27.3068
30.5359 57.1142 64.8435
-58.9918 73.7742 15.6856
-35.2617 -15.6167 24.8559
47.324 55.3627 0.0801985
-65.9055 67.5167 14.2834
-28.4802 -22.1474 -59.2117
11.4148 -10.6866 -63.5847
-68.1336 2.12456 -69.3429
20.286 86.228 -22.2695
-21.7377 -13.8268 18.6893
-57.7298 76.8069 10.1879
-61.4956 74.4439 8.5456
-71.9674 -10.425 -22.5185
30.9043 2.8275 -63.2613
34.6765 12.1821 -67.0637
-35.4071 -17.7603 22.9797
-35.873 -18.2533 21.4021
-80.4009 57.4821 -52.7116
46.8006 22.9645 3.76804
-93.9781 21.5477 -27.4927
-43.558 65.4829 -82.7716
-60.7617 70.8121 17.9749
-72.5576 42.7743 18.9693
-55.2323 1.17992 26.096
-54.9361 3.07529 29.3586
39.1736 3.472 23.4604
-91.7181 38.6606 -37.9385
-89.6421 9.76404 -33.4571
26.617 86.0861 19.3762
12.085 -7.5854 31.0023
9.71988 91.1569 -13.336
-63.7042 77.6626 -33.0623
-63.4332 77.3024 -38.1884
-3.55296 -16.2246 10.2504
-79.9954 60.9048 0.626178
-63.1359 76.1134 -48.9975
-63.3071 72.5326 -59.5405
-52.1697 79.5476 12.509
-63.6113 -13.9864 -17.6455
-61.509 -15.7225 -22.2638
20.9735 -9.19937 19.7818
-68.6931 0.543374 9.56907
-69.8173 13.8469 21.4941
-74.1852 12.9494 15.3534
-67.4552 75.8987 -23.0083
35.1194 58.1025 59.4442
-26.6202 -18.5756 4.91189
-32.8244 -18.215 3.94916
-66.6606 70.3759 -58.2064
-67.199 75.1141 -38.0987
-83.2264 55.2259 3.21147
-57.4795 76.8987 -59.1422
-9.18596 -3.45463 40.2582
-84.9785 3.93733 -40.6722
7.52212 91.7123 -27.1729
7.13015 92.278 -21.7064
-23.678 96.9546 -3.809
-80.3396 -0.431305 -44.3233
39.4216 51.5551 58.6685
-69.3243 -12.2543 -32.3777
-53.6688 -12.3 -65.1158
15.3603 82.2943 -47.9978
-61.8599 -1.34531 14.2264
-58.2878 -3.03566 15.5111
-62.3681 75.5268 -53.7002
16.9805 88.8611 14.699
-81.9848 14.6905 8.45878
-95.1562 34.778 -17.6631
-94.9105 33.9684 -11.2822
-71.9788 21.3281 -74.6858
22.7661 86.1765 25.0114
-67.7203 30.4455 -80.0462
-93.7627 21.8102 -6.18028
-63.6742 5.41358 21.5665
20.6765 81.7888 -42.9345
-17.443 -20.4817 -60.4284
44.014 16.9886 -60.8876
-64.2103 73.8058 -54.5965
-67.3416 74.6753 -7.6196
-92.2929 22.18 -1.07974
40.5416 44.3158 -68.065
16.7202 88.7472 -5.4547
12.8803 89.8481 -6.67709
31.995 39.5503 71.032
-67.1457 2.42081 13.6874
-31.6048 100.393 3.41175
-69.5518 74.4692 -22.6136
6.43043 -20.6163 -6.78996
-70.7475 46.9677 23.3625
-72.3653 47.2812 18.1323
-70.1094 41.7297 26.4251
-56.3293 79.3395 3.94959
-33.4247 -16.1472 30.642
2.08176 93.5802 -22.8038
2.98084 93.567 -16.7455
-27.839 -21.3961 -60.5462
-69.5948 21.8198 -76.9689
8.68818 -20.5517 -12.3786
-63.9267 69.2611 -65.0891
-59.8099 77.3916 2.65824
-26.302 -20.8206 20.0358
-72.013 -1.55635 3.1909
-68.8809 -2.91228 4.51547
44.8733 7.65706 -10.2512
-67.0995 -13.8163 -33.6069
-63.6977 -15.7598 -33.8143
-30.6248 91.5232 22.3143
-32.683 93.6738 17.9579
-72.6366 -6.57184 -48.8492
30.6286 54.4321 -72.9406
-27.8731 101.144 -0.492367
57.2811 43.1299 -47.8672
21.9886 63.6202 -73.8275
-92.9687 46.9461 -16.7023
-63.7971 10.3083 25.0554
-30.5513 99.9276 -1.81659
-67.7756 -6.80307 -0.630781
-68.2724 -8.59924 -4.88002
-23.3452 91.8568 24.6884
-45.69 -7.4026 20.9207
-46.104 -7.61112 19.2801
5.94564 -21.7194 -12.9963
3.25781 -22.381 -10.941
27.4053 79.0483 48.74
7.60591 91.8849 -12.8586
26.5233 59.5572 -73.3734
37.9327 22.0885 57.2024
-86.0114 51.4825 2.71198
37.0139 50.614 -69.1234
16.7761 -3.25673 40.4508
58.1151 22.0016 -42.9271
60.0061 48.5018 -33.9387
-50.8707 82.6227 3.47327
-52.2705 82.9062 -3.38973
-25.8796 -14.0181 21.3328
-81.0759 58.8256 2.08097
46.1605 34.9532 -64.2869
27.7693 60.3279 63.3823
12.9764 90.2089 8.4071
17.3693 89.4368 9.43526
11.7257 90.6636 -21.6132
-89.1073 21.6475 4.12244
37.9279 0.692595 -48.8062
11.5986 90.4325 -26.0266
-14.3973 92.4825 33.1962
35.2115 45.6542 -72.3658
-31.1354 -11.0496 19.7927
-3.79622 93.5466 -7.17912
40.2247 42.9872 58.9231
-66.6415 -13.3391 -23.0918
-69.7529 54.5818 20.6427
-66.8512 55.2616 25.9293
-45.664 82.8158 13.6321
-43.2554 83.3762 13.9587
22.945 81.2125 47.2119
22.4806 79.6528 49.7343
2.95032 93.1717 -11.7317
34.9336 17.585 58.2217
-49.5002 -3.7195 25.8722
-4.19884 89.3005 9.9368
-62.0763 -13.7646 -13.292
-54.2915 81.0829 -6.01529
-54.3177 81.6969 -2.75181
6.89337 -17.8976 4.07856
27.1351 84.6868 35.8282
-62.7999 -2.69936 -69.5919
-70.8761 10.9737 18.0739
49.6429 63.4639 34.9951
-34.2577 -6.90276 26.3202
-39.0192 -5.98388 25.1581
50.0047 7.29974 -22.4477
-67.7336 70.2411 5.0615
-74.674 56.5946 -65.5913
22.4487 -3.30913 36.02
-24.7274 -13.0958 31.8975
-64.3008 77.8875 -22.1625
-63.9246 77.9425 -17.1124
-55.8175 78.7823 7.71867
2.31434 -19.9342 -0.197094
-64.4427 17.1765 31.0854
49.4346 37.5737 48.1698
45.1851 54.157 -57.802
22.6876 -6.84148 -59.3899
18.5984 78.7969 -54.7668
17.736 77.3418 -60.1271
13.2916 -17.2601 -33.0219
29.2463 69.5762 -61.1493
-92.5019 47.2561 -22.5077
-34.3451 -17.7599 19.7875
18.2465 -12.3923 9.67863
45.9879 42.5996 -63.2335
-61.6718 6.55165 23.7486
48.8108 34.0885 -61.8382
45.1817 46.7828 -62.6215
-77.9402 9.17513 8.8194
-67.1752 63.6161 -68.6533
-37.6729 -18.5794 -64.2028
-35.1639 -16.9594 -66.7892
-61.4664 74.1955 -58.9306
22.6873 -11.06 -48.8096
32.0832 0.645011 -59.3902
31.087 69.7415 55.7205
28.2251 71.6871 55.5243
-92.82 42.6257 -6.03298
-62.7558 -3.17048 10.111
-29.939 96.3543 4.44475
38.8099 34.7196 -71.3989
-58.5947 6.77166 30.0105
-63.9843 1.24738 15.8322
56.0027 42.1139 44.1611
-79.2835 0.491068 -49.3257
-30.1987 94.9295 17.5222
-58.0204 80.309 -38.303
17.6423 18.6934 64.4384
17.2872 22.9283 66.3124
-94.7197 22.3001 -17.3742
-94.4374 21.7768 -10.9935
62.4932 38.9234 19.4676
6.73145 -5.23903 39.2953
35.7867 50.6601 65.6298
15.8454 -17.1518 -22.8217
-68.3434 14.563 -76.238
15.9097 -9.60091 23.6433
-80.2128 51.9512 -60.7616
-53.3641 80.1156 9.23147
-52.6679 81.5342 4.12382
-47.584 -22.9493 -48.235
-47.4889 -23.8607 -43.4816
-83.1396 47.0721 -58.9739
-74.9682 8.16045 11.0887
31.6623 62.83 59.0581
43.4156 42.9986 -65.7875
-66.0921 14.9919 -78.1037
-90.2257 10.7708 -32.4253
-92.1358 14.0149 -28.0195
18.2299 81.9464 -44.8042
40.797 67.3876 50.0656
-55.3471 -1.22535 22.4074
-60.9448 71.6076 -65.2302
-67.12 -9.62479 -5.95456
-93.4523 43.3531 -22.6685
-92.8847 42.992 -27.6897
-61.1156 19.0899 -82.6914
29.2904 -0.665616 -60.9087
-56.3032 3.15017 28.8292
-88.0672 43.0345 -48.7698
-72.2859 61.8866 10.1398
-62.4249 -4.71743 -67.6466
-7.91287 -11.699 20.9426
15.033 -17.5395 -26.6088
-57.3375 79.7787 -49.0419
-88.6487 9.73766 -38.4337
-62.1778 79.0211 -22.4322
-63.0324 76.9314 -6.36221
-61.6471 78.0126 -8.00314
-90.9009 46.1267 -2.60874
-80.6675 39.5146 -67.6236
12.5651 90.2568 -0.489789
-94.5797 39.1478 -17.3266
42.8457 13.4005 -59.524
-68.9067 5.05864 -70.9664
-66.3865 5.22886 -73.3721
16.6916 -1.29982 46.2968
-66.7136 -1.98078 8.13481
-57.4532 80.8391 -33.6167
54.0588 39.0712 -55.0776
53.1775 43.9506 -54.3438
55.3162 19.7164 -47.3003
35.4848 22.7773 59.2548
-66.9234 42.5014 -80.4773
31.6819 59.6974 -68.9962
28.4257 59.6961 -71.7451
-27.8854 100.772 1.54106
-29.5105 99.8854 7.12681
-13.2571 -15.1434 20.825
11.7301 87.6957 31.1161
-30.9935 -26.4188 13.9636
25.4101 61.9722 -72.5215
21.7711 -5.41479 29.9623
-80.8071 11.207 7.25416
-64.0475 77.7 -12.865
16.9225 89.5821 4.27015
-13.6911 -27.8268 10.5303
32.3597 64.0317 -64.4227
33.876 60.3503 -66.2132
-54.5131 81.205 -49.5562
17.0637 -15.1138 -43.4239
50.9452 26.3123 -58.8385
-89.5763 47.8408 -38.5728
-48.2952 68.2032 -79.2445
49.1544 37.9287 -61.1643
51.3561 38.4413 -58.7256
52.1532 35.6097 -58.3726
12.6073 -13.9324 8.87959
-93.6706 43.2394 -12.2068
-83.0531 4.71484 -47.7766
-66.3385 73.8801 -1.93535
-68.2037 22.0934 28.1556
-46.1644 -6.41737 24.0208
-64.8144 73.9387 0.9106
11.7835 83.6381 -48.4383
13.2735 82.7076 -49.4638
12.1781 81.522 -54.9101
-86.5834 42.4466 -53.9726
63.7232 39.089 -32.1302
62.0774 38.846 -38.1303
-49.8172 3.14069 31.4688
49.7689 41.0281 49.079
11.5698 86.9668 -40.9237
-47.2094 81.7598 16.0869
-62.4773 78.7647 -17.1221
-65.8281 -13.6922 -42.651
-89.5797 47.7647 -0.681246
-84.5105 5.19836 -44.245
-85.7938 6.4669 -42.8681
-59.8038 74.7617 -60.5896
26.6918 58.5729 65.7627
27.1239 55.476 67.9808
-70.9057 31.3444 26.0922
-70.6754 29.5533 24.0252
-69.8425 26.1244 24.7515
-93.8584 43.2181 -17.7668
49.9098 63.4503 -7.72228
-90.5771 47.6933 -34.0427
-78.0693 55.838 8.93174
-79.7752 57.0396 5.64082
-68.3432 -10.6989 -11.7278
-13.7429 -9.13988 28.2465
-13.6803 -12.1193 21.3647
-48.127 85.2228 -8.15415
-52.2198 82.6346 -6.38833
-58.2854 -6.2544 9.36968
-64.2117 0.686226 -71.6519
-58.7626 73.2666 -65.0774
-25.1665 -13.1349 31.7626
-2.95555 -14.2008 -65.155
-73.0371 55.3204 -69.2658
-76.8502 53.867 -64.9232
18.3487 -12.5433 2.98308
54.2698 48.0211 -49.7482
29.3576 24.9494 63.9454
-61.389 -17.1056 -33.2937
-57.7394 -19.0507 -32.0102
-93.7012 18.3178 -22.6305
-94.4024 39.0772 -12.1347
-93.5069 38.9419 -6.36151
27.01 63.1901 61.3967
-57.7546 -18.4976 -27.6044
42.0343 51.2907 -63.8692
38.9568 52.7072 -66.2081
6.83949 -14.7131 -59.5553
6.77709 -12.8613 -62.8038
-56.9096 63.9872 -78.2914
-61.6058 78.4187 -37.7227
59.8493 41.7242 -42.5943
35.6467 55.1329 -68.0593
-92.0348 42.8134 -32.7841
-32.2154 -15.4726 13.6434
23.4277 85.4068 34.8709
-79.1013 13.2569 10.4217
61.3536 26.1836 -37.8566
-92.7226 38.9117 -32.9575
-93.1877 34.7202 -33.0023
-94.0422 34.7902 -27.8679
37.196 5.52787 -58.8242
35.2455 7.22135 -62.7015
-87.4006 9.86298 -43.3559
15.0891 -17.264 -12.4303
-92.6333 17.6202 -31.7858
59.2491 44.7201 27.3649
-75.814 11.129 12.3474
-8.55844 93.8653 -5.59884
-7.71707 94.3095 -10.5953
-90.6155 21.4517 1.76469
-32.6548 74.5102 -78.306
-31.8984 77.4939 -75.5376
25.4715 -6.23366 -57.2142
14.6238 -16.6467 -30.1583
-76.708 59.1311 7.60444
57.9594 38.891 -48.6826
-63.0168 -11.6347 -6.66344
23.5581 84.1181 41.1977
21.8561 82.8857 44.384
-43.0177 -2.33727 29.237
-93.5793 38.949 -27.7936
-78.5706 2.10982 -53.8414
-81.0603 5.48768 -53.7634
41.4231 59.1107 -58.109
39.8536 61.802 -57.074
21.3576 -0.0973229 47.2628
35.6118 3.18577 -58.0329
16.2808 78.8304 -58.0504
-62.1774 78.5447 -12.138
-43.6196 81.3503 17.81
16.3927 86.8772 30.4097
-85.1083 53.6039 2.06514
-94.8166 35.1137 -22.3261
1.54926 -13.8488 -63.8343
54.4149 16.3611 -43.9322
-63.0166 -6.71165 3.66912
60.4053 39.244 -42.7742
38.181 68.0734 52.2853
11.023 82.9228 -51.7087
-51.939 -22.148 -37.9246
22.3537 22.5499 65.1016
26.0628 23.9113 64.6857
-67.3794 9.77024 -75.1644
-57.5668 -17.7916 -48.8735
-57.4125 -19.0827 -42.4163
-94.2275 39.0559 -22.5718
-90.139 46.4219 -37.5333
-28.0508 96.9993 -1.28469
16.0313 -5.28835 34.1044
22.2201 11.5529 60.085
22.1868 85.9382 30.6104
-30.8417 -11.8155 23.2861
-84.1702 51.5712 5.03177
16.7296 -14.5482 -48.7072
-91.0088 42.5915 -37.775
26.0775 70.4395 -63.3763
-53.4431 -8.34907 10.4398
-51.358 -6.97886 15.3932
8.67521 90.3258 -33.4193
-91.4897 14.4172 -32.6939
-66.7501 -5.22924 2.85187
-61.9327 68.2661 -69.1395
-80.7234 42.0102 -65.9135
-87.5872 46.9912 3.58578
-57.8546 80.063 -43.292
55.3059 45.7656 43.3678
-60.3279 78.2101 -5.54731
-57.0478 -5.35093 12.5615
0.798243 -18.7583 7.06404
-45.2555 86.3409 -22.2791
-42.422 87.5692 -22.5004
11.2385 66.0932 -77.6876
-52.3945 -9.48064 8.97069
17.6079 86.3181 33.9315
10.5349 87.2071 34.1152
22.4602 72.6627 -64.0279
-61.9409 58.5307 -78.7714
56.6629 34.5223 27.1475
64.2892 34.5607 -31.3073
-66.0709 10.6593 23.5548
-38.237 -17.1888 -66.0355
-43.6557 -16.397 -65.2867
-64.4755 -12.9095 -50.2914
54.9117 41.8544 -53.5699
-68.4055 50.4736 25.3312
-70.4902 66.5248 7.14264
-52.6942 76.7524 -65.5593
32.7517 52.0051 67.7737
-12.6961 76.4728 -75.4234
-59.2778 78.5195 -49.1913
-42.9922 77.9617 -71.3379
26.7438 81.8657 44.8046
-25.7956 -22.0205 10.1615
-64.0964 77.8298 -28.6572
60.0677 38.6482 28.2547
-91.1082 34.4924 -43.0145
-94.4167 25.3753 -6.89803
-47.5172 84.7153 -11.2749
-57.0057 75.187 -63.5376
-80.9274 2.03751 -48.2755
28.8319 12.3524 58.5651
-72.0868 58.7471 12.7158
-90.5925 14.777 -37.8313
-93.3391 18.2424 -27.8302
34.3487 4.11176 -60.6932
-11.5727 89.9649 27.5949
-54.5895 -20.7313 -32.9496
23.4537 -8.54797 -54.6711
21.5086 26.8063 67.3695
-57.5931 -19.2861 -38.2481
24.0515 86.3984 20.5453
-72.8672 18.2025 19.6755
41.8735 63.63 50.4803
7.75648 85.5831 40.8216
1.74313 87.4622 35.3892
3.46918 86.2261 40.0048
-59.2995 -17.523 -45.152
21.0674 -12.8975 -43.2295
12.0571 -4.22135 40.1013
53.3848 28.5017 24.8886
-85.2854 16.9788 6.33452
-68.7825 21.5214 25.2171
1.27059 -21.8657 -5.58584
-28.1926 100.818 -5.28657
-90.5574 43.6175 -38.8258
-72.6543 55.2371 14.2152
-73.0268 51.5743 15.5389
-13.6501 -19.4937 14.4147
-11.3646 -22.9605 12.8033
-53.3051 81.1527 -53.1609
-71.4257 58.2609 -68.8122
30.647 -1.73195 -57.6706
-42.025 -9.69995 20.5472
60.4304 38.7421 15.7094
59.2938 38.7799 13.9819
27.4081 21.6848 63.1859
-95.2953 26.5059 -17.1185
-95.0824 26.1178 -11.0985
-95.4016 30.777 -16.6502
-61.4873 -16.8252 -29.6776
12.2932 80.0172 -58.9648
7.70788 81.542 -59.162
-54.1917 78.4272 -60.1244
-53.3051 79.1185 -59.5562
50.9097 23.2526 -57.5457
-43.817 -6.07838 24.5517
-43.6922 -3.32994 26.7995
-61.7357 -5.1817 7.75881
-69.2848 42.3495 26.4134
-52.2184 67.002 -78.371
-94.0677 34.7397 -6.5756
-91.3302 42.2268 -0.788688
-26.9814 -10.9023 34.3841
-3.65563 -11.8597 19.915
-4.19249 -12.5638 17.8353
-88.7716 38.9944 -48.9807
-46.7764 -16.0209 -64.423
-83.6342 9.88538 -53.857
-84.7829 8.83139 -49.3787
12.544 23.4995 67.9357
12.6302 25.6526 68.9165
-42.4382 70.6966 -79.3376
27.2105 63.898 -69.5801
-52.3183 83.4389 -32.8995
-52.2845 83.2325 -38.4538
-47.8362 85.4918 -37.7121
-29.8492 -13.4021 33.5793
-94.295 30.4952 -6.26596
35.2828 67.7084 54.4384
7.53242 82.7183 47.2733
22.2148 -2.41468 39.8183
7.26525 87.353 35.1268
-70.7563 53.49 18.678
8.17785 -21.1879 -17.6119
-22.7536 -22.1998 12.0158
-2.44977 73.1728 -76.2088
13.3658 -16.9965 -38.7399
11.2143 -17.8888 -38.3136
-80.9689 46.1917 -63.484
-79.7397 47.8532 -64.617
-88.6083 13.4082 -43.782
-62.0579 78.8979 -27.8297
-51.2254 -6.18474 18.5652
12.3064 -11.8467 19.661
47.0587 13.4976 -54.0844
-43.549 -11.4321 13.7321
-58.3401 80.7671 -28.1264
12.1071 45.9115 71.9437
-51.9812 -0.872346 27.6767
-56.5217 77.7559 -58.3488
-53.7345 82.3463 -11.8957
-58.8381 80.7088 -21.9474
-12.7544 101.444 -6.93182
-49.1676 81.7433 9.64927
-91.3472 30.5129 -43.0598
-89.9294 13.3451 -38.7147
32.5198 -2.4137 -53.4761
35.0643 -0.383975 -53.0343
-47.8001 84.9846 -43.4842
-76.334 -1.36485 -52.3831
-57.8956 -9.33215 3.11578
-51.9558 -11.2564 4.40228
18.3098 86.3819 31.6919
-57.6504 81.1471 -17.3732
25.1409 -4.74459 28.3571
-52.4363 83.4889 -22.3637
-54.0261 82.8547 -27.7546
-54.0066 82.889 -22.4019
-54.8627 -20.5822 -38.2916
-17.9214 -28.8653 9.79769
-54.5065 79.0678 10.3447
-86.2763 14.3978 -52.27
-87.5737 14.5072 -48.4374
-31.8179 -23.1527 11.6212
-62.7475 -9.6741 -1.42206
-63.6906 -8.58579 -0.100562
12.0175 -17.8602 -32.7584
-70.6568 51.4979 20.2486
41.3351 42.0584 57.6731
-92.2592 34.1864 -37.9693
-86.1044 10.6168 -48.1114
-16.9191 -7.07936 30.9643
44.6916 12.0242 -55.7013
35.7019 61.979 -62.5657
36.6466 59.1983 -64.3068
3.81095 -21.2524 -5.73704
-82.9929 18.0368 9.23587
7.29801 91.067 -31.7096
-40.067 -10.654 20.0928
-38.2603 -12.2278 14.5027
1.24136 -23.4949 -18.6274
47.4873 55.7432 2.74095
-35.3718 -16.4754 24.5071
51.8906 18.8894 -52.1832
-52.4837 -21.868 -33.6445
-53.8958 -20.8345 -44.0408
42.8043 59.066 50.7861
-37.2879 -12.7266 15.0227
-61.1453 -14.2613 -53.3521
-59.1546 -16.9386 -48.8621
11.4768 90.2089 -6.57976
-54.3114 -5.18572 15.7558
21.9202 86.3059 24.5304
13.542 72.5172 -70.8621
11.5225 -6.15135 35.2857
-92.9007 25.8229 -1.42408
-54.8341 81.9762 -38.6384
-93.4091 30.561 -33.0403
45.1482 15.2441 -58.3136
8.67292 -20.8217 -23.0406
-95.2316 29.9468 -11.5664
12.4451 89.6794 13.5545
-47.0561 -13.083 -68.1602
44.3398 8.39455 -0.796099
39.8688 11.975 -61.6244
-26.8225 -19.9151 11.7818
-43.3948 73.4269 -76.4615
-47.4191 84.201 3.78975
-57.899 80.4642 -11.8997
-85.6273 19.0303 6.99431
-95.0505 30.5893 -22.6548
45.9065 66.54 -5.66201
17.654 82.9178 45.4088
38.0824 55.9824 -65.1553
12.7345 -9.88405 24.9388
-61.5015 77.9534 -43.1977
-48.1868 84.649 -0.942255
-7.64083 -8.24367 30.6416
-90.7881 26.4374 2.71292
60.3668 42.1413 15.9389
-7.85663 -18.9589 -58.9867
7.038 80.5976 50.9907
-27 -23.3734 10.6848
-81.1732 39.229 -65.9551
6.20898 -21.8233 -21.3674
-84.0914 43.5008 -59.1037
-93.1068 21.595 -33.1279
-55.5715 81.8084 -32.7282
49.8531 39.8589 52.9695
20.3556 74.2725 -63.3833
-61.8142 78.7672 -32.469
-47.1084 82.9496 8.83035
21.3236 -1.11028 44.5731
-11.2483 -9.90914 31.3014
-62.7096 -6.76152 -64.6094
53.7058 22.3509 -52.6984
-8.2629 -6.52084 35.8031
-7.68942 -23.241 -33.4677
-66.0501 -10.4097 -53.9325
17.2505 86.0343 36.0012
-53.801 82.1262 -44.3315
-52.1408 83.7298 -27.1499
59.452 20.2755 -27.185
-43.801 86.7935 -4.94502
-66.5367 50.6887 -78.8231
-31.8066 -18.536 -0.0913178
34.0516 64.756 -61.4529
-92.1082 22.3492 -38.0106
-90.8475 22.5179 -42.9387
23.3171 13.5179 61.1501
-59.065 -7.83659 5.11999
-52.1576 83.0339 -43.3304
-51.9304 82.5892 -48.4777
-65.6685 15.1148 27.8595
-41.6993 75.9034 -74.5749
-37.816 76.3753 -75.313
48.5997 42.2697 49.3755
-59.1614 -17.7516 -27.1239
-3.24364 -19.9185 7.8405
-64.3227 -5.11538 5.38713
16.1398 75.6675 -64.8593
-58.4767 -11.4622 -1.87804
-42.5341 84.5985 -58.5949
40.0304 38.5122 59.3432
48.5567 42.6833 -60.4792
-91.9447 38.4154 -0.516238
-68.5187 30.0165 28.6826
-66.5695 -8.38641 -2.58644
-52.8181 -20.6428 -27.3088
-53.0532 -19.2582 -22.4051
-48.4207 81.5439 -59.6354
-61.3233 -16.6625 -43.0924
41.8805 38.4156 58.1373
-77.6582 18.1913 14.1004
-52.3373 75.2804 -68.6809
-58.6014 70.9666 -69.2128
29.0226 65.5672 -66.2763
-92.7529 30.5618 -1.08671
20.7643 65.9512 -72.8337
-38.5105 86.238 9.85163
28.7545 73.8228 53.6877
19.255 63.3114 63.4687
-91.4792 18.4124 -37.8629
-67.4163 26.4895 -79.7373
-43.1193 85.5966 -53.5851
-47.4581 83.7919 -53.5969
12.316 17.7229 65.3125
-42.552 80.6679 23.6685
11.5375 86.21 37.1043
39.7377 48.9433 58.9528
12.6035 76.8844 -65.2534
-72.9207 9.5334 -69.7198
1.52044 -9.10826 31.5637
-53.7936 82.6833 -17.0182
-52.3607 83.3361 -17.4414
-64.5574 -12.2059 -10.9002
-76.395 46.5489 -70.4917
6.83003 83.4322 -54.1656
-7.14947 -17.8549 -60.771
-42.4368 84.7835 10.2621
-51.9696 -21.955 -42.4374
-90.608 43.7993 -0.110891
-54.4231 -19.6275 -48.4677
-30.491 94.888 18.5708
-2.85159 -16.6032 -60.9979
-51.8002 78.2231 -63.5639
-47.5549 84.5812 -48.767
-29.4922 -25.8106 17.6654
-31.837 -22.3391 19.254
27.5914 68.7914 -64.0978
-56.4265 -8.58434 -67.856
49.0023 51.4411 -54.8868
46.4519 51.3785 -58.3798
-56.3341 -18.1158 -22.5568
-58.1056 -17.0265 -21.1999
1.51264 92.016 -6.5439
-43.0337 87.5088 -38.0627
-92.5201 26.7214 -37.8665
-80.7216 54.0069 7.25588
2.11593 91.0123 -37.3665
-42.8114 87.7946 -33.2517
48.4056 47.224 -58.6809
41.3765 6.50701 -53.7333
38.7286 4.10827 -54.5754
1.67798 93.0394 -27.764
51.0508 42.6655 -57.4555
43.6594 6.38554 -48.64
-64.6993 -13.3552 -16.5994
-90.229 18.2743 -42.6981
-92.4119 29.8006 -38.4559
-32.1185 97.6542 0.645202
-92.6517 34.7287 -1.60369
7.2096 84.9875 -48.867
17.7089 2.04648 52.2004
-80.0244 17.0595 11.4927
-38.282 84.2816 12.606
-37.1614 82.7122 18.9149
63.9265 30.1594 -31.1454
17.1952 67.316 61.7255
26.4619 43.8401 72.2051
-43.1927 85.3879 4.72755
-49.1808 -13.497 -66.5395
-68.9315 -8.01112 -53.8504
6.70637 76.6003 56.5347
21.95 68.3383 -69.7252
-74.3406 -4.66162 -49.5527
7.37702 -7.26917 34.3079
-31.5163 -25.3905 19.4238
-48.0274 84.9941 -17.1278
-43.7212 86.4205 -0.696877
-3.0746 -18.4171 -57.5364
54.5762 49.6899 -47.5282
-46.3853 80.6689 -64.3835
42.7964 55.9823 -59.5225
7.0315 89.0973 25.9775
44.8839 59.8138 48.1128
-46.6794 -24.4814 -38.9477
-89.5732 30.5704 -49.2521
-87.7513 34.6871 -53.884
-87.7466 30.2846 -54.3629
-50.9858 83.4563 -12.3717
21.4519 59.3638 65.9745
-16.2303 -8.79934 37.2272
-13.2316 74.0482 -77.8915
-49.0109 82.5825 -55.6526
-93.4311 26.3845 -33.0447
-90.748 35.1487 -44.3293
-89.3238 34.8616 -49.1572
45.74 11.119 -52.994
-55.8664 -17.7039 -52.0376
6.99034 90.6862 4.21229
6.7998 90.8808 3.33071
-13.1559 -22.8107 -0.677632
-12.9628 -22.0555 0.865255
-66.8144 -12.6803 -17.3787
-10.7428 89.3073 33.7355
8.11527 -11.0308 24.3522
-70.9015 32.5085 25.6559
17.3915 -10.3883 -59.2158
18.4671 -8.95925 -60.5681
60.5191 34.1129 -44.1738
62.4667 34.7659 -38.3772
55.7109 22.7319 -49.9213
54.5547 20.6751 -50.4531
18.8271 -13.0812 -49.8977
8.6117 86.1399 -44.3849
-89.737 17.6773 -43.9531
16.9324 84.8265 40.9535
10.9492 -13.6102 13.8118
7.94185 -14.1185 14.5178
6.13524 71.6728 61.437
22.7759 6.01834 55.5928
7.3674 -19.5601 -33.0682
-70.9389 -8.9323 -46.1024
22.2008 64.0652 62.1071
-71.022 38.0392 25.6663
-9.56104 -17.2934 17.5648
-69.0896 59.9348 -70.3492
11.7856 85.4599 40.2496
-42.5305 87.8152 -27.7167
-46.7662 86.1653 -27.6019
-49.2352 84.9882 -27.2411
-42.4213 87.6056 -11.9867
-42.3871 87.476 -6.59868
-58.4393 -8.75012 -66.0371
-58.1 -10.5554 -63.9462
-88.6088 18.4042 -48.8124
-87.1937 38.7099 -53.9442
-71.8352 38.4216 20.7579
8.36097 -19.8119 -26.1239
17.1576 81.7558 47.371
-3.77065 89.274 19.0489
55.8521 38.8755 -53.0129
-51.6653 81.9074 -53.4671
-45.7783 -11.3948 10.4736
-7.33863 73.8206 -76.8658
-75.9694 5.93966 -63.1793
-91.004 34.7594 2.28599
17.9972 -4.0685 36.6943
-41.0338 87.5673 -16.1928
10.8752 -9.06738 27.8476
46.9398 50.6681 47.3551
47.1239 46.2924 47.6151
16.1306 5.83755 56.5732
-52.1794 -13.9831 -63.7582
-46.9282 70.1185 -78.1081
23.25 3.98862 53.1207
-91.2745 26.4599 -43.0296
14.7826 78.1908 -60.9753
-7.42916 76.3978 -74.2178
2.24131 92.1436 -32.3416
-88.7661 43.1207 3.97419
-81.9013 50.7142 8.22874
-64.8273 56.8982 -77.2536
-68.023 55.674 -75.0102
59.1258 25.5338 -44.431
-90.8928 17.3156 -38.9163
2.07524 88.6433 30.187
7.51762 88.1114 31.6799
-47.4771 -23.4687 -32.2859
29.1285 32.8632 69.3316
-57.89 -14.951 -12.1258
0.948067 -3.94643 42.3819
1.94873 -1.47826 46.9223
-17.1993 92.8992 24.8602
13.0937 75.7806 56.0386
44.1391 52.28 -60.7166
32.2232 67.9571 56.0954
16.8997 75.4178 55.6101
-68.9495 51.7144 -76.1291
33.4517 -0.422834 -55.7921
15.7924 -8.7884 -63.2852
-43.1335 -18.3271 -62.5387
-46.9616 82.5971 -58.6434
-70.4977 18.9157 22.8194
11.3326 -17.6454 -42.5891
-43.0467 86.8233 -16.3687
-47.761 85.4776 -22.6682
7.4741 -12.3425 20.7341
-3.91866 94.1293 -11.8564
-2.19226 -13.0797 -66.4366
-73.8061 51.7443 -70.8386
-76.0822 50.458 -68.5038
38.6757 60.5573 -60.2701
22.8947 -4.45313 32.0814
-41.9397 86.9916 -0.627514
62.1755 30.4122 -38.5295
-33.336 96.8948 3.71334
-71.8296 6.00383 -68.5381
-38.9227 89.0114 -13.8363
23.44 8.09937 57.2226
11.4572 78.2678 -63.503
2.36714 89.4967 25.7925
-69.3067 47.9627 25.1521
18.2603 69.2378 -71.4643
2.86086 -16.0777 -59.2372
-17.2225 -21.5127 -58.1053
23.3339 77.1105 52.3407
21.9538 74.9948 54.743
13.5501 10.1631 60.4058
2.5618 86.0052 -49.1899
-2.99417 75.1707 -74.3043
16.3211 -12.9691 8.45065
-79.7961 43.7713 -66.6915
-57.9094 -15.836 -54.3848
-26.7823 -4.30163 26.602
-27.5193 -5.66306 25.9241
7.62322 89.725 19.2208
-53.1298 -12.5121 -0.224458
-85.7572 43.6332 -55.2282
-47.0847 -16.7613 -63.1041
-62.856 60.0954 -76.9368
-43.9892 86.1585 -13.4705
-83.5561 21.758 9.99645
40.7807 54.8829 -62.9094
-46.6935 86.0815 -32.8474
-42.2814 82.8381 -63.5518
-48.3916 -12.5632 4.28804
2.26687 78.689 54.8277
30.9378 66.4553 -63.2437
12.0128 90.4402 3.16947
-38.3491 88.8967 -7.40067
11.3668 -16.8821 -48.3395
12.0687 72.6655 59.3338
12.7741 70.6447 60.9675
50.254 45.4615 -57.0877
9.09597 86.6418 36.7802
-46.7221 -0.98611 28.1934
-3.42496 86.0363 40.4953
7.44469 -19.2373 -37.3046
7.22185 -18.9037 -43.9796
2.48936 -9.62641 30.1357
23.8265 64.3893 -71.8472
-52.3927 -18.0019 -17.2237
12.9531 68.5126 62.6002
-66.6571 59.149 -73.8747
-36.9148 89.1424 -17.6118
18.3276 0.0351117 48.4742
12.3371 -0.637894 47.9084
-2.25213 84.6866 45.1572
-2.63136 82.9265 48.8008
1.54525 84.083 45.8072
-22.6074 -20.0232 4.92771
12.7353 -16.2579 -48.8604
-69.4448 47.6085 -77.1391
-51.4904 -13.8365 -2.33318
28.0116 68.4744 57.6926
1.89775 81.2771 50.8753
-74.0491 -3.35664 -53.3884
-72.1209 -2.28264 -59.0317
-78.7398 51.3068 11.1159
26.5436 74.2043 54.0605
-57.2645 -13.6507 -6.71862
-72.965 34.9976 -75.5849
18.3161 73.8567 -65.8802
-90.4819 38.4596 2.65122
-42.5366 -14.909 3.0729
-47.2213 -13.2767 3.29361
10.9272 90.6641 -2.41879
-83.3242 47.4238 8.61967
-85.2902 48.3276 5.77993
-22.8642 79.0572 -73.9412
-18.4276 79.5582 -73.0073
-25.8646 -20.0088 9.83817
8.08094 82.8873 -54.872
-64.5213 -4.34637 -65.9284
-89.1566 22.0796 -49.0879
-75.1156 58.023 -63.1118
-77.6453 5.24839 -59.7749
-44.0356 -25.1497 -43.7379
-76.5073 2.77993 -58.8011
-81.0832 22.5378 12.4197
-39.4843 86.4477 4.6793
-62.9752 -10.576 -58.3983
25.9968 66.3805 -68.2811
-52.1657 -21.145 -28.1842
30.2329 -4.29251 -52.937
-74.4353 48.0947 -72.1263
22.3193 72.0826 56.8882
-49.0689 69.9835 -77.2835
-53.8809 67.9021 -76.6751
1.34671 79.1286 -67.7105
2.48367 77.0643 -70.3164
-90.969 30.6101 2.58344
-31.4918 -15.9655 10.4958
-58.7455 64.838 -76.2073
1.57381 82.4574 48.9108
-90.4729 21.8824 -44.1357
-30.8268 -25.8187 10.5027
12.5568 -5.07781 37.4695
-3.57284 -21.9849 -2.00242
-42.6529 87.3272 -42.7363
-44.7072 86.2495 -44.6118
-48.6581 -17.9632 -59.8455
-87.8814 26.3987 -53.9441
-89.4992 26.3051 -49.2041
1.49227 86.7603 -47.5532
0.677184 -21.5358 -3.55656
50.054 28.7155 10.2011
-80.099 4.64668 -54.5728
27.6157 34.4999 70.5673
-62.289 63.8235 -74.2803
58.2804 34.5256 -49.1495
-57.964 -15.9666 -16.7286
2.27174 84.6563 -54.0261
-89.4292 34.6138 5.04292
-88.8144 39.766 5.25924
23.5091 20.5176 63.9125
7.38625 76.3903 -69.1558
8.25939 -3.86585 41.968
8.11075 -2.34848 45.3635
17.8569 59.1493 66.6984
15.8098 25.5119 67.9382
39.6738 59.5684 53.8013
-44.1557 -25.2654 -37.9858
-68.2939 -2.40671 -64.1201
60.1879 41.5563 28.0511
-71.1988 13.945 -73.4253
-86.249 21.8466 7.44631
-73.4488 22.1384 20.1277
-78.2875 22.1317 14.804
6.3879 91.1696 -1.3299
18.2935 17.7988 63.9322
7.22544 87.4862 -41.8568
-59.3672 -12.8039 -6.16872
-21.9675 93.1501 -11.4156
-75.1916 17.2341 16.3503
-74.924 56.9716 11.2934
17.0862 8.54726 58.7158
-1.99297 81.0633 51.9711
-89.4104 30.4778 4.93002
-14.4848 101.887 -4.32287
-78.3604 10.4462 -63.5077
17.5715 77.9049 52.7014
-37.1271 87.1889 4.0678
-37.3741 86.9896 7.74957
-32.2251 88.7003 4.915
-86.7124 18.305 -54.1134
-53.3912 -14.7698 -6.35067
49.9503 59.6344 7.10024
51.6493 30.9671 -58.8925
2.16867 74.317 -73.637
-56.8222 -16.6478 -17.7616
7.23072 -8.4622 31.3899
-11.153 88.5377 13.6561
-48.7861 76.9803 -69.0298
2.7624 88.7725 -41.3963
6.3924 73.7107 -72.799
-85.4323 38.5189 -58.1535
-85.8314 34.6411 -58.1271
-58.571 69.5926 -71.1062
16.8654 79.5529 50.9474
21.8346 -9.97999 -54.026
-52.5585 -19.084 -53.7057
1.94656 -14.4034 13.8692
-69.5637 -4.27474 -59.6898
-68.1357 -6.23948 -58.5548
-33.5592 -22.6767 -57.6001
-68.8064 26.333 28.4242
-64.3077 64.875 -70.8442
-37.3236 73.9428 -77.9239
3.55068 -21.0855 -28.8353
-85.933 30.5367 -58.2152
-17.9817 -23.9101 -7.32807
-17.1183 -23.5179 -11.1668
8.85152 73.6719 -71.7941
-61.4276 65.9032 -72.8657
-57.3331 67.1298 -75.0494
-66.2025 -0.873433 -68.1827
-41.384 -26.0071 -39.4415
-38.5395 85.5136 -60.5845
-20.2686 86.2907 9.53956
-70.0742 43.5078 -77.4877
-42.592 -20.2911 -59.2977
5.51064 32.8621 70.2996
4.59814 32.5908 70.8115
-90.0101 30.4831 -47.8909
-7.99786 85.7893 39.6911
-12.6788 -7.4247 32.3363
-37.8457 88.395 -1.61763
40.1685 57.6336 54.135
-13.979 -20.3299 5.05131
-17.8224 -21.6515 2.60206
16.1941 70.995 59.4529
-73.986 0.584093 -60.0553
12.2001 14.2092 63.3304
32.4259 63.8455 58.0079
-84.1291 26.1498 10.4534
-86.6295 26.5561 8.01969
-73.7256 26.381 20.5378
21.9845 67.7777 59.8205
-37.7455 82.9105 23.956
-38.6938 82.5499 23.672
-49.0046 -17.4249 -60.5358
-86.8388 30.6061 8.35123
-74.0621 5.29282 -65.279
-47.214 74.4543 -73.5414
-47.3272 -14.7828 -1.72536
-42.073 86.9006 -47.6131
7.29759 90.1328 13.655
6.93377 -9.80075 28.3622
-84.7551 12.9324 -54.5766
8.34428 -13.6563 -60.59
-37.1306 -17.596 -1.64128
-17.1534 93.5106 30.6268
-16.5866 92.595 32.744
-43.1883 -15.6832 -0.730556
-43.7433 -17.0592 -5.88528
2.80409 82.5057 -60.1059
32.451 42.8934 71.1166
-53.2126 -16.2801 -11.5975
60.0222 26.7583 -42.6817
38.9086 64.3394 53.0407
-70.6397 10.8363 -72.6636
-25.2887 -21.8518 -2.48709
-27.7667 92.1435 -17.3975
-27.9413 91.9744 -12.3689
-33.4031 90.591 -11.9295
-75.3785 45.1011 -72.3759
-52.5535 -15.6696 -60.6741
-17.8697 92.8543 21.783
-52.2677 71.042 -74.3099
22.875 61.547 63.8747
-65.7133 54.2694 -77.9743
-46.8913 78.2047 -68.4748
-43.4144 -12.3327 10.1518
30.573 62.1778 -67.9762
-70.047 8.49277 -72.0264
-2.95443 -20.7308 0.886061
7.2002 90.4074 9.207
-28.362 89.4446 3.32627
-27.983 90.2208 -1.13262
-84.4778 39.1467 -59.9313
17.2405 61.6627 65.3739
-81.6991 10.0021 -57.6678
-37.0781 -16.0821 4.0886
-71.0285 22.4614 22.9394
49.8354 39.8537 53.9691
25.5252 66.3242 59.7928
22.8253 69.2878 58.6695
-3.0082 -23.141 -7.44589
17.675 72.2446 58.0089
-25.4347 85.9158 8.39861
-89.9053 26.6251 -47.8549
-71.3258 -6.12758 -53.1091
-69.3825 0.114409 -65.7814
-54.1329 -17.5378 -55.1755
-89.0979 26.0775 5.08447
-38.2829 -0.240039 32.8445
-51.7904 -21.2515 -47.3117
11.6951 43.8321 71.9784
-24.9128 -10.4611 34.7289
23.3025 55.7266 68.5386
-32.4699 91.1016 -18.0463
-33.0634 90.8965 -18.273
-31.8982 90.9431 -11.2779
49.3484 48.5004 -56.343
-64.1503 -8.47458 -60.3931
-70.7594 -0.677554 -63.0181
-23.9633 102.445 -7.31261
6.61299 82.0938 -58.3742
-48.1604 -15.9433 -5.79895
9.71403 90.6737 -0.751379
-47.5711 -22.4536 -27.9059
53.4829 26.031 -55.5257
-80.4755 7.30302 -57.2388
36.3375 63.4923 55.4682
-77.0145 50.8679 12.8829
1.90837 83.1458 -58.757
11.207 -13.7972 -58.3547
-5.02451 -19.9582 4.88359
-38.3734 -17.118 -0.83053
1.81393 90.2091 19.7946
-32.0704 78.6943 -74.0458
-48.915 -20.0278 -55.4368
24.0068 -4.98045 -60.7933
56.6391 34.3404 -52.3441
-38.1228 -18.5083 -5.71641
-73.8213 13.7072 -70.6657
-17.1749 -21.0735 5.26556
-7.43872 78.3206 -71.8873
-22.8512 92.8281 29.3705
-41.597 -25.9655 -42.9724
-56.9343 -12.256 -2.6197
-82.7257 14.1513 -59.2418
-84.7265 34.7811 -60.2515
44.499 7.86217 -49.7133
-87.5087 35.3855 7.79369
-69.7976 -8.59266 -50.2278
-58.3371 8.79389 31.2546
-42.0635 0.510967 31.5369
-12.6332 89.9133 9.87678
-11.0343 91.1161 8.6959
44.6999 56.9017 -55.7145
-1.91459 -9.48222 29.8724
39.9498 7.7232 -57.6666
56.5292 26.2621 -50.9074
-38.9761 -20.856 -59.7131
-49.4644 77.827 -66.8056
2.59766 -20.593 -38.2809
-58.7925 -12.435 -60.0448
13.1078 -12.9575 14.6684
-79.5885 9.09451 -60.3602
-18.3036 -11.9333 32.1631
-33.7236 -13.7996 30.0817
-19.0894 -23.0062 10.3484
2.77921 76.9187 56.7774
7.47634 -18.1653 -48.8582
1.73183 -17.075 -57.7777
-38.5991 87.0652 -53.9323
-38.6781 86.9671 -54.5264
-25.7904 -3.36217 28.268
-2.76413 83.7891 -60.2455
-8.34046 85.4025 -59.4145
23.8902 69.8685 -66.2481
-7.75707 -22.8858 -43.98
51.5909 42.7192 47.0322
-32.3267 90.509 -7.03531
-28.1371 91.4062 -6.89402
1.60409 86.6621 38.2965
-13.4635 79.0086 -72.6425
21.0615 70.2092 -68.2532
-84.4503 30.3726 10.7718
12.9699 -12.5173 -59.3839
6.73998 78.2736 54.5112
-2.53198 85.6127 -54.2988
-72.7939 29.9943 21.5902
-44.0023 86.1395 -47.9243
13.0719 -9.40765 26.1066
12.3874 1.70106 51.832
13.5003 3.26348 53.9124
12.5257 78.4027 53.0528
-57.8639 -13.9128 -58.3987
15.3303 -13.5503 -54.4238
-1.87622 -21.3484 -43.1255
2.43239 -20.2404 -43.7242
-84.434 35.0645 11.0488
-54.5777 -16.9107 -15.6484
-70.2883 52.863 21.177
-8.51986 87.2666 -52.9767
-9.63607 -20.3239 5.67576
18.3223 -12.245 -53.7732
-87.5432 22.7994 -54.1297
-31.4394 -14.24 33.0366
12.3007 62.9511 66.3512
12.7666 -15.1652 -53.0813
3.22993 -10.9863 25.6467
27.9959 39.2565 71.7709
1.10862 -21.7479 -28.1469
-84.1637 43.7904 9.43447
-75.6793 22.7468 17.6416
-43.5047 81.6447 -64.948
-7.70644 83.7064 -63.3487
-70.1626 32.9946 27.893
-86.1502 42.232 7.82361
-70.5327 26.9559 23.6256
11.5944 -5.01081 38.2675
-41.8927 -18.0924 -7.83487
-7.87177 5.55982 56.2837
-42.1324 -16.456 -2.20683
-32.7084 90.2754 -5.63451
-2.87375 -19.6263 -54.0369
-47.4277 -19.1112 -15.9877
-47.4966 -18.0325 -12.2049
49.6103 48.7916 -0.106687
-64.9063 -11.0756 -54.6976
12.7889 6.23166 57.2276
-76.1023 26.615 17.9426
-53.573 73.2466 -70.5989
-61.2984 -8.81876 -63.0931
-7.84432 80.0702 -69.6814
-27.8403 79.0323 -74.1207
60.1283 31.0389 -44.9031
-28.4143 85.1565 9.36234
11.0121 65.9768 64.8398
-12.4178 -24.236 -42.9895
-29.5036 90.1038 23.8337
-43.4423 -24.71 -32.9706
-8.56771 9.72393 61.0869
-2.62268 9.60961 60.7341
-32.0933 82.8978 18.9318
-43.647 -24.1516 -49.2381
13.3484 81.9105 47.6388
-42.7907 -22.367 -23.024
2.55259 -22.2755 -22.1996
25.5077 31.6394 69.7896
-78.7578 34.6287 -69.5664
20.8231 -8.71742 -58.1658
-81.8361 30.6482 13.1695
-12.6462 81.6452 -68.961
1.92366 9.90108 60.7801
0.0954645 8.30787 59.1995
-42.5121 -12.8777 9.32935
3.18488 -17.8637 -55.1403
55.4871 49.8747 27.8615
-70.5785 38.7034 -77.6458
-78.4857 13.9238 -65.1743
-75.8949 54.1569 12.1608
-78.9185 30.481 15.5744
16.0351 3.49334 54.3519
-2.5319 -24.235 -17.0632
-78.7296 26.2429 15.291
-17.9288 -23.7978 -17.0105
-2.74261 79.6429 -68.4559
-86.7537 38.6074 8.18898
-3.15197 -21.8266 -42.3852
-8.4657 -24.7876 -13.7066
-42.6845 -23.6243 -27.5032
12.5217 -1.74591 46.0447
-27.6147 -24.3176 -54.6154
3.11211 90.1789 14.3016
-3.46002 88.257 29.9199
53.7147 35.4654 -56.375
-2.33488 77.4334 -71.4127
47.7254 35.2978 48.1171
6.73466 13.9441 63.8568
6.97477 15.5363 64.8558
-84.7491 30.5122 -60.3151
-42.9705 -19.0241 -11.8432
-3.1064 -22.0178 -38.1416
-8.07977 -23.2836 -37.9697
-37.9807 89.0922 -22.3577
54.7757 30.8325 -55.0203
7.25977 5.35688 56.1497
-85.8166 17.269 -55.439
-38.2948 89.1852 -33.0524
-51.6618 -17.4097 -58.2019
-81.9014 34.6635 13.22
1.83057 90.2984 4.4942
3.71575 91.1241 1.81081
2.74108 -20.9205 -32.6371
-80.4704 13.7593 -62.3748
-12.1505 -21.6848 -54.9143
1.91407 80.7748 -64.6425
-22.7776 88.6425 -54.0773
57.2597 29.8317 -50.7993
-22.3375 -8.76856 29.2199
-3.01253 -22.2427 -32.8709
-75.083 8.11651 -66.2542
-11.7505 -2.47062 41.23
-76.2498 31.0046 18.1656
-70.7658 54.6891 -72.5473
56.0105 25.7872 -51.6159
41.6535 46.7286 57.237
-73.0406 30.5249 -75.1843
-82.2833 34.4384 -64.3554
-82.2944 30.4739 -64.2355
60.0461 30.5826 -44.9904
-81.5516 26.6634 12.8682
-38.0675 87.9578 -48.6796
-3.45059 -22.7025 -28.1445
-73.6489 26.768 -74.0699
-2.12747 94.2448 -21.9072
-70.1423 56.9268 -71.6315
7.17483 7.68657 58.4971
7.03819 10.1358 60.8917
-32.3211 -24.484 -53.9542
-4.02213 89.1262 25.6228
2.51605 -18.3103 -54.1615
-33.1236 89.336 -1.54439
7.90373 -16.6691 -54.2864
33.81 47.8819 69.3149
-74.4407 17.7004 -71.2045
32.5924 46.1467 70.5805
-8.47538 84.3863 45.5232
-13.2047 84.3757 44.9929
-18.8503 90.9619 -37.9878
11.6998 74.9069 -68.8541
-17.7689 -23.4416 -53.6287
-13.0842 -22.3285 -53.8273
22.547 31.1475 69.9795
2.44759 91.6707 -1.79692
-70.6449 34.9176 -77.8191
-47.1005 -21.516 -53.3
-43.0793 -22.8623 -53.4467
-8.35972 -24.0274 -16.98
-81.2609 42.4341 12.5024
-48.3654 -20.6613 -21.9778
-39.3649 82.3453 21.0923
-47.297 -21.2736 -23.0059
-12.9649 4.15451 53.8806
-12.5466 6.15583 57.0079
17.6119 55.5746 68.6085
-38.0172 89.2979 -27.6753
-37.2916 78.1807 -73.2954
-75.9137 13.4122 -68.1147
-74.9661 21.8007 -71.6968
-18.0215 -9.64664 22.7291
-66.235 -4.9009 -63.175
-83.8524 17.3573 -59.1084
-37.7946 -21.801 -58.215
-42.5663 79.0916 -69.9953
56.0435 31.2387 -53.0351
-17.329 -8.86039 23.8216
-31.2678 90.4286 22.1098
-3.49168 87.2036 34.8528
6.84539 79.696 -64.0867
-23.814 102.271 -2.33398
7.39224 18.0378 66.2522
-41.6144 -21.0822 -58.2578
-84.1769 39.0846 10.8167
-75.2992 10.9652 -67.6497
26.2719 50.4475 70.5673
-37.8293 -23.7285 -54.1383
-80.2192 48.1265 11.3372
-78.9129 34.7659 15.6348
-2.44803 81.4363 -65.2724
-2.8023 93.5976 -27.9889
-3.58904 92.4291 -34.3963
-34.5068 -17.3481 5.4556
-7.55951 88.0809 -48.3607
-33.4085 90.5325 -28.8958
-12.7777 -24.1814 -33.4739
-8.13019 -22.7006 -2.45372
17.0603 31.8173 70.3438
-85.4707 22.0986 -58.1542
-24.542 -28.9543 10.323
10.9579 16.046 64.5227
-77.1996 22.3657 -69.3165
-2.417 -20.9323 -48.231
2.30127 -19.4951 -49.3624
-12.5955 -24.4156 -37.9756
-15.9396 -7.82425 42.9288
1.7184 5.95865 56.7603
-26.9909 -21.6139 -7.3617
-37.9017 84.0839 -63.9922
-38.6171 88.3941 -43.6967
2.59537 1.74326 51.7145
-0.908507 94.1845 -15.7875
-7.32114 86.5727 -54.5471
-36.6188 -26.859 -44.221
6.82912 68.9271 63.4007
-37.5762 80.4781 -70.1292
-85.8658 26.5005 -58.1816
-7.41931 -20.6485 -54.4157
11.5905 28.1943 69.8497
-8.06833 -22.3463 -48.6583
-27.9366 -20.3604 12.3651
-12.0986 99.5896 -3.27908
-85.0254 18.7269 -57.7738
17.8103 29.7171 69.3666
-40.86 0.979965 32.9104
-7.33024 82.2604 -66.059
6.54123 -13.3735 17.5491
-81.5676 17.9493 -62.8001
-22.328 91.9186 -5.15071
-70.9396 33.2701 22.6448
3.12634 -12.4117 20.5475
11.992 7.61941 58.6008
-3.04774 -23.7019 -11.4733
12.5626 59.3832 68.0198
-3.72523 8.46039 59.4652
-84.3478 22.3074 -60.091
-42.4315 86.1384 2.98513
-81.7397 38.8478 12.99
-16.3849 -21.2779 13.0731
-6.90114 -23.5069 -6.02691
7.0796 21.3031 67.792
-78.5422 39.5391 15.4193
-48.4135 -17.4626 -11.1637
-48.5815 -21.97 -26.973
-2.11736 -5.55763 39.1889
-56.2387 69.6305 -73.0043
-76.7764 18.38 -68.7999
-3.2636 82.4609 -63.5352
-32.4243 90.5744 -20.846
-17.7278 93.3805 -27.4954
-16.6248 92.1108 -31.7693
-2.78268 -7.67037 35.1492
-2.76237 89.54 14.6217
-76.0827 34.8545 18.1056
-31.7122 -21.4864 -12.6973
-10.9362 94.1189 -8.76594
-79.2802 17.7416 -65.6455
-37.1846 -4.78505 27.8941
7.28465 0.955073 50.7828
-18.1069 -25.0661 -32.168
6.04719 -0.552916 48.2827
-1.94569 86.1417 40.2389
-12.406 85.8637 -60.2567
-2.07824 91.4369 -36.9122
-2.02494 5.56794 56.3044
-22.851 91.6861 -3.0177
-13.4013 86.9358 -57.605
-13.172 85.2035 40.1723
-77.6912 26.4227 -69.5937
-12.7321 -23.5934 -48.7317
2.47333 -13.342 17.5086
-43.4216 81.7684 16.2026
10.7164 31.8071 70.5352
-12.9148 87.8152 -53.7745
-78.174 47.2594 13.457
-32.2713 82.9346 22.5521
-80.6305 46.2361 11.8092
-31.3819 84.2458 15.0168
-2.51574 12.7085 63.3462
-52.216 -16.8958 -12.5196
7.05285 3.83744 54.508
-26.6141 -25.5807 -51.1705
-23.1246 -24.2024 -53.986
-78.2081 43.1226 14.8192
-3.55283 1.73892 51.1431
-29.898 90.9684 -6.25049
-38.4911 -19.9765 -11.8522
-27.2117 -22.0703 -11.3547
3.17588 12.8829 63.0929
-17.8141 87.1735 -58.6815
30.7172 49.7386 70.0006
-79.8408 21.8698 -66.1041
7.95043 78.3257 -65.7291
-13.2453 89.9039 -43.2657
-17.4303 90.1066 -43.9647
-10.8704 9.94982 61.2262
-84.63 26.2779 -60.311
6.60953 -17.3295 -53.2548
-6.34823 90.1387 -40.6801
-36.9233 -26.8479 -39.994
-70.0073 26.0236 -77.3641
-3.35124 -21.1393 -48.4216
-3.0451 90.1879 -39.2412
-34.3682 -20.7707 -11.43
-41.3044 -25.1084 -48.2278
-8.39536 89.3901 -43.457
-7.67046 93.015 -32.1802
-12.7526 88.8629 -48.7593
-33.4459 90.3467 -33.0318
-31.3077 -3.37405 28.8437
-17.443 1.0659 46.4316
-16.4126 -1.0773 43.5849
-70.464 35.0942 27.4722
-2.2544 86.9233 -49.4557
-18.8464 -10.112 21.0055
29.4096 52.2087 69.1386
-2.79179 87.2205 -48.6731
-3.25104 86.082 -53.2774
-2.16066 -9.14392 31.3124
-2.97647 -3.97678 41.7629
-2.59945 -2.27986 44.8198
-37.5713 89.1628 -38.1407
-17.7316 89.3815 -48.8355
1.53355 90.0315 7.39326
-4.24837 86.4983 37.4921
3.77083 -0.549251 48.3202
-2.10934 -21.7735 -38.3178
-22.5584 93.1517 -24.1763
-75.4137 30.8452 -72.7795
-32.2743 90.8223 -27.8558
-30.6677 91.1194 -22.0024
-75.6643 34.874 -72.8562
-17.9692 81.4431 -70.4646
-80.2613 26.0553 -66.3814
-82.1537 26.4719 -63.9605
-8.17929 94.7396 -17.9462
8.86094 90.6958 6.65411
9.33954 -17.4463 -49.0348
-77.9786 30.5323 -69.8405
-27.8016 90.8075 -37.944
-33.0423 90.0249 -38.3049
1.62716 -20.9304 -38.1315
-19.8541 92.5814 -6.34731
-12.318 85.4093 34.9462
-42.984 -20.4817 -16.9095
-18.0828 88.3556 -54.8134
22.6559 33.9037 71.0112
-12.8131 90.9696 -37.8309
-17.7192 -24.0163 -22.3355
-17.6851 84.6834 -64.9412
-17.7815 82.6215 -68.6973
-17.9395 1.74239 48.6296
-2.78034 88.7435 -43.5444
-81.8458 22.4164 -63.7154
-37.3304 86.3763 -58.6654
-18.5807 -25.714 -37.5481
-17.4116 -25.5047 -37.9232
-18.1582 -25.6814 -42.8822
-18.4128 -24.388 -26.3965
7.93722 27.3985 69.7203
7.60036 25.5027 69.2721
-41.2699 -13.0861 11.8703
-22.9939 93.1848 -18.2206
-13.0562 -23.9375 -23.1248
-37.8162 -25.8877 -48.1623
-28.128 91.5748 -27.5215
-8.63624 94.4202 -23.3093
-7.90169 93.6677 -28.0908
-76.1869 38.3886 17.494
-12.7178 -23.9466 -27.5909
-73.6773 47.9756 16.3803
-17.5791 86.6741 -60.073
-8.58406 -21.4911 -52.8585
-38.4857 -25.4929 -49.2447
-3.61462 -10.5316 25.2127
-17.9286 93.9855 -17.2957
-14.1789 93.9287 -9.83776
-12.6274 94.618 -16.4423
-75.3987 26.028 -72.0265
-15.108 -21.0195 -58.1716
-22.702 92.4002 -26.9842
-7.31186 -1.86445 44.1934
-28.7169 84.6545 14.6284
-23.2171 89.6461 -48.7729
-17.4639 93.9022 -10.2528
-34.1967 -27.1106 -43.045
-54.1237 73.6231 24.6364
-22.7665 91.0515 -37.9771
-38.2035 -20.9728 -15.1482
13.8674 57.4763 68.5376
13.6096 54.8632 69.606
-13.5378 -24.2918 -11.3058
-22.734 91.7062 -32.8233
-27.399 92.3532 -22.5216
-34.1057 -26.5845 -47.6874
-7.3229 7.65793 58.6586
-18.1688 -25.2052 -33.1701
-32.9017 -24.8493 -27.3373
-27.7994 -24.9868 -27.3441
21.3736 50.1397 71.0059
-13.2533 92.1538 -32.6628
-17.4901 -24.7245 -48.5314
-37.539 -21.7176 -17.6071
-38.5557 -24.7339 -29.0618
-37.7103 -23.2078 -23.1046
-31.9352 90.6074 -33.0664
7.61287 66.8494 64.6412
-41.1347 -25.5646 -35.0973
-7.06775 1.94054 50.9666
56.568 46.6214 27.3452
-17.0208 -25.4929 -42.2754
15.6846 73.4494 -68.2484
-14.6472 91.9364 22.1879
-31.6747 88.9474 -49.5593
-32.6242 -22.3315 -17.2925
-33.4075 87.2193 -58.0733
-32.1548 84.4515 -65.4595
-43.3345 -21.8168 -21.703
-7.66169 2.97323 52.69
-27.6635 82.9931 19.0173
-22.8054 90.3211 -43.6644
-22.0619 -26.3743 -39.1108
-22.5799 -25.676 -32.5478
-22.6229 -25.8729 -33.4581
-16.6988 3.97138 53.1403
-13.2242 84.209 -64.4922
55.0735 23.7836 -51.7559
-28.7775 -23.9438 -22.9631
9.43704 41.3446 72.6213
-69.4139 40.1718 26.41
-13.1541 -23.5132 -5.79829
-33.722 86.1541 -61.3537
-28.0763 90.7375 -38.3956
-22.8762 -21.02 0.585872
-27.6068 91.2373 -32.8011
-12.8489 94.3197 -22.4274
-22.8022 -23.4205 -17.1705
-38.5808 82.7985 -65.9419
-13.5497 93.4308 -29.2138
1.49855 14.8031 64.7792
-4.15333 14.9829 65.0559
27.2994 48.7254 70.8026
-12.7118 90.7669 -38.6453
-17.6992 90.8994 -38.5816
-7.01242 91.1449 -36.5024
-74.7158 43.8687 17.1114
-22.827 87.3262 -58.8171
-17.391 -22.2016 -0.333433
0.868111 -21.3962 -33.1589
-27.7611 -22.9682 -17.2429
-8.28968 -23.3925 -28.6707
-27.8564 89.4292 -48.8451
-28.4937 -26.7349 -37.1697
-27.8358 -26.1037 -33.1941
-33.5553 -26.9119 -38.6077
2.66789 17.3152 66.1729
-38.5489 -25.0379 -31.2742
-32.6819 -23.643 -22.5433
-17.1704 84.8669 36.8432
-22.8911 -24.0631 -22.5897
-23.2456 -24.7877 -26.9734
-32.143 88.1404 -54.4736
-27.7526 88.5308 -53.9602
-17.7312 84.6472 39.4488
-23.2658 -26.5578 -42.9245
-3.08537 -23.2903 -21.6633
-18.0824 93.7018 -22.8549
-32.5163 -26.2025 -33.4436
-17.5971 5.06597 54.6768
-22.6454 -22.8568 -10.9039
7.0064 65.4849 65.5096
-6.33575 12.2989 63.1692
-22.8608 82.9078 -68.7982
-22.7414 81.6353 -70.6791
-32.9529 89.5679 -43.5679
22.2711 39.8463 71.8922
-12.8483 1.94391 50.1308
-23.037 -25.9936 -47.7259
-27.8701 87.4678 -58.5528
-42.3763 -20.9179 -17.8599
-27.9219 90.136 -43.6406
3.25132 3.55217 54.2211
-31.8436 82.459 -68.6175
-27.9442 87.4221 6.58864
-17.7421 87.0457 8.07512
-2.38759 3.4572 53.8044
47.8482 43.2418 47.6589
13.8926 37.4052 71.7722
17.2706 35.0224 71.2118
16.872 54.3158 69.3018
2.53386 22.0654 68.4015
-38.3212 -25.891 -34.1408
22.2788 54.1239 69.3307
-27.7831 -25.1765 -28.1336
-11.7448 -23.8889 -15.462
-22.7071 81.8451 21.6945
-13.299 0.398843 46.5775
-28.4588 -27.0545 -44.394
-7.1034 -21.9403 -49.3867
-8.19618 -0.167644 47.1132
-2.83906 -0.430886 47.9361
-36.9353 82.6741 -66.9281
-30.8785 89.4311 22.9016
-22.9252 82.4563 23.3202
-21.2429 82.1742 23.9372
-17.7366 82.3477 24.1741
-17.9473 95.6974 -9.80853
-7.75531 -23.6937 -22.4461
-22.7024 86.9047 -60.1043
-22.7909 1.27998 44.857
-22.7843 -25.4326 -49.8526
-13.0156 82.7217 -67.3512
-22.8609 84.7524 -65.595
16.4311 40.2103 72.0207
-28.3355 82.7503 -68.9102
9.01804 46.036 72.442
17.2696 51.1814 70.5188
-12.147 97.5165 -8.1788
-22.825 84.0791 35.5902
-22.7083 83.8987 40.6184
-13.7809 -1.09996 42.8717
-10.6812 98.4245 -2.3793
-37.398 -8.44061 22.2381
-11.6332 -13.0882 24.4574
-27.5975 85.3793 -64.2469
-28.6842 2.46032 44.2433
-28.0784 1.46853 43.1258
-70.346 39.0885 27.7358
-23.0169 4.31609 51.9407
-22.0891 3.34043 50.3247
6.90941 60.515 68.0091
-8.7118 -21.5583 1.09997
-19.2621 -27.7342 4.07857
-27.9495 87.0176 -60.1473
-23.3257 -10.1841 39.6441
-27.6044 -26.3023 -48.937
17.0594 43.3178 72.1394
-32.0972 85.6914 9.67249
-17.2861 -20.8981 6.68615
-25.229 1.00711 43.1382
-29.2999 -12.9206 16.9869
-16.2144 89.4298 5.60772
-64.9981 58.3348 29.0394
-3.00363 17.9899 66.6685
-27.2794 97.6287 -6.78805
-27.7676 83.1774 23.4342
-33.8248 87.0817 7.76551
22.1989 43.5409 72.0346
-71.0197 38.1959 28.1568
-28.1363 91.995 27.6576
16.469 47.9893 71.3596
-28.004 4.29847 49.0039
12.2086 52.5597 70.4347
-11.8139 94.7333 0.65882
-63.0617 9.17608 34.7472
-27.2126 -13.8159 16.196
-31.1138 99.5553 6.96838
-25.1241 90.6225 0.538117
-28.6781 3.8293 47.6173
-33.1222 4.84022 46.2169
57.2194 36.9451 27.397
-31.7468 -14.5789 20.8617
-15.2312 90.4266 34.4327
-69.5658 35.3274 26.842
-32.0945 -4.94768 27.7718
-13.4006 86.8317 22.0008
-32.5515 6.44643 50.8363
12.7618 34.0245 71.0408
-71.6465 32.4019 29.315
23.8551 48.8504 71.2682
-9.63087 -18.213 7.57915
-20.7901 -28.2485 5.71256
-16.3101 88.284 21.0321
-32.9611 2.53116 41.2357
-7.3776 19.7368 65.8458
-4.77857 20.8168 66.37
-15.5346 -2.01269 43.219
-31.9099 3.32064 43.5134
-37.7573 5.60657 43.2827
-23.6181 96.8573 -5.31916
-17.8763 101.775 -4.03073
-26.296 -8.53271 29.4162
-37.8737 5.67648 43.2095
1.82159 68.5874 61.0597
2.92203 38.8407 61.2972
