4334
3918
3972
4725
4050
3878
3553
4660
3720
3624
4674
4345
3858
3698
3899
3750
4692
3273
4552
4191
3443
5092
3824
3256
5025
4478
3287
3329
4008
5085
2773
5195
3789
2959
5263
3217
4301
3127
5013
3328
2746
2376
5526
3447
3701
4053
5519
4118
5177
2546
5450
3776
4576
2830
2915
2832
2835
5264
4507
5500
4639
5358
3825
5611
4838
3946
3483
5612
5289
2813
4200
2514
4399
4069
4274
2434
4231
3275
2498
2435
5262
3400
2499
3975
4316
2203
2548
4765
5870
3609
5627
3529
4566
2033
6116
5469
2451
2019
2127
1754
4275
2315
4786
2109
1942
4998
3177
1892
1963
5669
5132
2757
4381
2872
2562
3081
2377
2717
2181
4885
5554
6256
3186
3943
5000
2222
2047
1886
5886
3032
5312
3663
5146
5482
2703
6297
2056
2220
1745
4763
4957
5691
4119
3676
1798
2759
1811
5778
4410
5359
5593
4541
5270
2034
2007
1828
4542
1974
2640
2192
1420
3747
6094
1490
2463
6013
2282
1944
1962
2124
5965
6499
3704
4096
4442
1492
3145
2400
5348
2058
2044
3019
4744
4932
5210
2191
1756
1683
5972
2874
1696
1615
3804
4023
4987
6298
6031
6014
3067
3723
3114
5777
5946
5692
2494
4228
4495
5298
5464
2683
6585
1213
1259
4703
1836
6331
6627
2478
4575
1884
5794
1394
1752
1616
3527
3862
4107
2513
5505
4401
1556
6026
4400
2982
4981
5418
6255
2223
1558
6272
4830
6893
1438
2680
1462
6051
3068
5062
5704
6210
3974
2579
6351
4368
2983
5260
4931
5964
6329
1782
1463
2858
3079
5945
1701
1352
7002
4347
4409
4713
1122
1200
1416
1682
1719
1494
4227
6584
1702
3525
1461
2018
6658
3502
5987
6801
1484
1258
3994
4315
1462
1731
1440
5321
2374
6271
6539
1309
5836
3538
2202
1239
1351
1079
1180
3991
6658
7067
6972
6657
1904
1122
4438
4743
5943
4688
1640
6917
5835
3610
1913
6720
1216
1322
6623
2829
5415
4844
5571
6583
1572
3286
4302
4687
1368
1483
2375
1386
1639
5122
5417
1260
5534
5154
1176
4226
5396
6330
4906
4956
6721
3773
4051
2958
3590
1433
5629
2131
5668
1078
1231
6886
7147
2731
1386
6930
4817
1046
1099
4199
1433
1587
5278
6936
6098
5035
3097
1099
2157
1386
1935
5846
7058
1045
2311
6851
2679
1772
6537
6540
6541
881
1067
4686
3110
1586
7096
3579
2298
4979
1686
882
1121
1276
1435
2267
7157
6797
5534
1435
1513
6202
6693
1204
1202
3174
1514
1370
2180
5962
5944
6374
1025
5209
1894
5646
5370
4855
1304
5592
7286
1095
3523
1321
1304
1940
7159
5798
4496
1396
7159
6448
1120
1196
2540
1304
5667
6962
1209
5027
5208
2782
7263
7360
864
1304
1561
2076
5394
5738
980
1219
4437
1417
1417
7321
5197
3276
2552
5862
6254
6849
6643
867
559
1210
6929
5433
3333
1867
1095
4021
1289
6694
7193
1289
3780
1371
5461
7159
7159
6136
5837
5471
3961
810
3895
2275
2244
5774
6110
6327
6962
6962
4626
941
7158
7378
1733
1120
4408
3118
1324
1467
1803
635
1120
4128
7023
6741
5392
2024
6562
545
1154
1289
7246
7270
7171
2112
1289
1289
1252
1371
1998
7156
7193
1209
1468
912
1178
1154
5621
6200
6093
6232
6867
7107
7246
968
5024
3629
6496
7201
4504
5861
1999
2212
6049
6970
7107
1181
1178
1253
1324
1592
1436
7270
7171
3338
1044
4109
2838
3389
1252
1371
6252
7156
414
979
1178
1077
3847
4882
1688
7246
7150
604
1044
1178
1178
1154
2992
1689
2517
5882
6984
6970
7107
7316
557
3475
2321
7246
7146
7359
1178
1199
1199
5207
5510
1290
1290
1371
1831
1920
6970
7359
1199
4233
6904
7421
7359
1903
1044
2845
1233
1372
2211
5773
6732
7259
843
1178
1290
1687
7499
5179
1930
1157
4996
4234
3731
2449
6230
6350
6984
6984
7293
7359
1178
7474
7146
1141
1157
1233
1751
1371
1371
7219
6425
1141
5259
4659
1277
1563
7182
7420
5630
2764
1077
1002
990
1141
1157
1157
4789
5812
2781
1469
1965
2078
6146
6519
6780
6961
7182
7219
7293
666
358
696
808
1077
1305
1436
7079
7527
7441
7171
6982
4898
1157
3430
1157
1372
1372
1469
1804
4122
330
1141
1373
1418
7474
7587
7270
7625
1154
5206
5510
1469
1372
6581
6250
6780
7371
741
1065
1254
4921
1305
7482
7441
7420
7499
1141
1141
1157
1305
1469
1855
2665
6231
7219
7219
841
1157
1373
6778
7474
7587
7499
7536
7576
4729
3962
1212
5685
1373
1373
1469
1469
6251
6712
7293
7293
7499
7474
570
542
1212
1325
1157
6127
6961
7106
7458
7587
2362
1550
1077
1043
1305
5518
4298
5548
2138
2472
2558
6781
7293
7499
1065
1077
1212
1254
1545
1546
1516
7106
7488
7421
7643
5974
436
1065
1141
1141
1470
1389
6467
6290
6712
7302
1157
1157
4944
1419
1516
1972
6868
7017
7199
7291
7441
7536
7576
1065
1141
1141
1212
1470
1515
1665
2789
6468
6900
6868
6885
7182
7302
7371
7536
1331
578
841
1211
1212
1251
1157
4870
1728
1389
1389
6901
7488
7707
1141
1212
4297
4333
6115
3272
1897
2137
2448
6416
6771
7199
7410
7474
7707
7625
681
1141
1212
1565
1643
1665
7291
7447
7527
7654
1450
1157
5054
5559
1419
1470
2354
6771
6372
7015
6928
7302
7371
7942
7587
7576
7625
563
478
646
1211
3603
1325
1389
1565
2188
6928
7536
5334
1140
1065
1141
1141
1141
1212
4396
1567
2385
6796
6901
7370
7536
7536
7625
256
618
1212
1211
1232
4189
1779
1861
7199
7106
7447
7654
7625
7567
4304
1141
5488
1515
6371
7754
7302
7567
7576
5763
920
1174
1097
1097
1345
1345
1593
2219
2971
7015
7170
7292
7292
7369
7707
7535
7625
7625
1155
1097
1097
1515
1564
6668
6884
6816
6520
6796
6795
7014
7014
6885
7914
7624
6033
948
797
1155
1197
1369
1750
2249
7015
7095
7095
7368
7369
7400
7370
7488
7729
7942
7683
7453
1141
1141
1141
1065
1517
2325
2701
7031
6423
7145
7370
7447
3680
712
911
988
1232
1232
1344
5240
1434
1593
1692
1924
1726
5971
7128
7987
7630
6740
4947
1141
1065
1177
5784
2943
1750
6848
6903
6795
6669
7169
7725
7942
8029
7624
431
987
1155
1065
1097
1342
5504
1692
1645
7105
7031
7095
7447
7567
7739
7510
7803
7988
7987
6954
7417
437
1065
1065
1141
1594
6590
7370
7567
8029
1126
1156
1141
1319
4145
1544
1727
1690
1807
1970
7411
7811
7567
7325
1065
1156
1155
1566
7190
6012
7729
7683
7802
7625
7624
7624
5800
167
1230
1198
1198
1141
1155
1177
1725
7368
7526
7370
7799
7616
7942
7778
7942
7942
7923
8185
7923
6992
2623
6794
6566
6947
6998
6381
7429
7879
8219
7831
331
601
910
1139
1155
1155
1343
1466
1971
2219
2248
2187
7526
7526
7811
7739
7831
7914
7778
7404
1156
2447
7013
6903
7105
7144
7169
7802
8029
7879
564
807
1155
5431
5432
4395
1808
1971
2248
2471
7218
7245
7334
7411
7789
7616
7963
8458
7831
1666
6892
6902
7191
7168
7169
7876
7616
8219
8064
8220
1186
257
1198
1691
1693
2247
2446
2595
2106
7681
7963
7895
7831
4873
1153
3303
2471
2556
3093
7094
7065
7016
7016
7144
7169
7914
7964
7802
8219
8064
7831
8585
2849
1465
1642
1857
2247
7472
7723
7964
8066
7922
8064
7907
8585
8442
8219
7520
3732
3822
1923
2913
3184
7280
7876
7964
7778
7922
7892
8063
8719
8384
5452
7325
352
3729
1685
1860
1969
1858
1806
2411
2522
2555
7998
7616
7894
7922
8066
8329
8442
7326
4856
1388
1747
1895
7048
7048
7065
7191
7740
8120
7894
8219
7906
8548
8585
611
978
1153
1485
1859
1896
1921
1856
5820
7244
7961
8082
8028
7520
7764
8120
7892
8548
7907
8359
1932
2411
2521
2664
7065
7244
7280
6479
7882
7894
7930
8790
8365
8719
8496
467
1342
1323
1387
4778
2522
2664
7695
8275
7894
8365
8719
7227
7176
6356
6545
2622
7258
7472
7472
7616
7698
8119
8384
8120
8119
8790
8531
231
736
1138
1138
1589
1722
2002
7233
7679
7874
8071
7961
8790
8790
8501
8463
7891
6858
6169
1919
1685
2346
3002
6479
7695
8514
8274
8258
8120
8736
8697
8531
8501
8365
1023
5109
1723
1560
2105
2521
2621
7399
7745
7952
7695
7717
8697
9071
8180
8118
7907
8128
8365
8463
8496
5801
3883
2594
7061
7233
6892
7472
8016
8119
7963
8797
8128
8359
387
5820
7454
8583
8583
8697
8128
7176
6821
4098
3334
2228
1244
816
328
2622
6980
7354
7280
7280
8016
8028
8627
9162
9231
8656
8697
8006
8735
8531
7980
8128
8091
8359
908
1641
3481
1723
2079
2079
2699
2594
7737
7695
8258
8017
8697
9231
8751
8971
8169
8703
8128
7980
3136
3696
4365
2052
2323
2700
7198
7061
7192
6820
6774
6012
7889
8163
7741
8294
8697
9291
9325
8785
8279
8919
8901
8366
7980
8091
593
107
803
907
710
2594
7798
7960
8077
8022
8243
8104
9527
9252
8971
8905
8655
8655
7845
7980
8091
8463
1062
2323
3300
7198
7290
7472
8060
9562
8828
8827
8703
7857
7980
1136
1795
2081
2553
2700
7269
7486
7847
7921
8137
8241
9096
8842
8903
8584
8902
8517
7845
7857
7455
1830
2554
7354
6991
7471
7320
7457
7557
8081
7939
7631
7956
9377
9047
7977
9037
8368
7845
7857
8303
335
2690
6011
7397
7692
9133
9096
9291
9466
8844
8828
8063
8357
8607
8919
7845
7857
7455
7177
4187
2166
2700
7061
6991
7398
7557
7486
7599
7809
7810
7920
7986
7749
8137
8354
8077
8216
9291
8955
8643
8828
8181
7980
8052
1676
613
483
420
662
1061
1464
5357
4778
1746
2215
2166
2214
2690
2911
7920
7846
8473
8328
9133
9252
8830
8659
8554
8091
8092
7042
3573
2278
2700
6991
7398
7320
7409
7409
6565
8239
8379
9507
9377
8774
9002
8357
8607
9037
9046
7980
8092
7980
5490
1818
566
836
2080
2619
2724
2698
7269
7457
7938
7950
8138
8829
8810
8773
8703
8875
8464
7845
8303
7177
6357
6134
4065
2554
2810
7428
6990
7557
8240
8472
8241
9460
8955
8787
8564
8516
9060
7782
7782
7980
7857
504
183
1365
1459
1964
2082
2619
5517
7703
7573
7622
8214
8041
8421
8278
8356
8527
9512
9521
9466
8889
9047
8969
7957
7857
7857
8052
8303
5560
4148
2361
781
2023
2022
2215
2050
2908
3001
2840
7262
6916
7311
6296
7457
7641
8510
8453
9213
9512
8788
9046
9169
8456
7957
7432
7857
7915
6698
234
5032
4816
2185
2619
2724
2840
7722
7706
7547
8058
7781
8356
9359
9460
9014
9070
7931
7783
7857
8092
7915
3335
2273
2520
2468
7452
7457
7557
7722
7574
8192
8642
8380
9359
9377
9002
8789
8904
9111
8990
7766
7782
7783
7765
505
1093
2042
1800
1774
2218
2907
2619
5690
7397
7722
7547
8312
8512
9431
9497
9535
9512
9510
8845
8810
8769
8972
9097
8456
8969
7795
7432
7432
8303
7631
187
5577
2586
2618
3092
7428
7060
6916
6953
6697
7565
7663
7613
8080
8472
8424
9213
9213
9377
8769
9169
9169
8475
8440
7931
7783
7915
7686
7207
7177
416
247
1432
2134
2618
2724
6990
7397
7706
7622
7950
8005
9598
8887
7675
7632
7765
7686
6357
5091
4007
2783
2908
7262
6953
6719
7497
6501
7409
7663
7600
8214
8642
9276
9598
9359
9252
9014
9150
8858
9003
7381
7381
7432
7765
4922
461
158
645
2907
7508
7812
8005
8080
8192
9461
9213
9291
9291
9358
9097
8329
7645
7327
7431
7632
6698
6135
2618
7565
7497
7497
7409
7508
8192
8162
8749
9512
9213
9508
8942
8806
8769
8808
9003
8990
7432
1406
1500
695
4794
2216
6719
7808
7888
7908
7613
7613
8453
8272
7560
9291
9496
9358
9598
9499
9461
8806
8931
9277
9200
8734
8858
8887
7381
7381
7431
7632
7686
7207
1029
351
3456
4414
2273
2783
2839
2966
7261
7133
6719
7409
7508
7508
7751
7808
8059
8527
9534
9323
8904
8732
8694
8674
8732
7646
7675
7381
7765
1794
2178
2186
2442
2907
2906
3054
7812
8002
8012
8272
8255
9276
9566
9449
9323
8858
7645
7645
7381
7327
7632
6607
6382
1938
4365
5377
4038
2128
2591
2586
2993
7353
7491
6296
7409
6477
7613
8012
8025
8136
8238
8237
9508
9586
9419
8942
9048
8606
8749
8606
8943
7675
7381
7431
4676
7503
298
203
385
1681
7508
7974
7974
8025
8136
9276
9566
8783
9027
9059
7348
7405
7431
6607
2628
120
2184
2965
6786
7565
7611
7744
7508
6130
7974
7613
8115
8581
8562
9277
9213
8918
8825
8874
8839
8577
7348
7084
269
488
1991
2317
2441
5725
7040
7508
7771
7751
7888
7888
7953
8106
8004
7974
8149
9419
9169
9048
8771
7381
7327
7632
7632
1414
2784
3054
3025
7497
7611
6477
7611
7771
6097
8024
8100
8004
7777
7777
8783
9277
9200
8857
7228
4597
2763
216
163
985
1288
1964
2292
8079
7985
8176
8253
7941
9420
9499
9277
9630
8825
8825
8888
8674
7675
7381
7327
5726
2206
2839
2906
3266
7611
7744
6097
7936
7937
8040
8176
8272
9630
9095
8731
8653
8576
9334
8673
7317
7521
3581
299
550
275
786
4964
4665
2402
2348
3024
7744
7744
7808
8100
8202
7941
9498
9599
9630
9112
8576
9200
8733
8674
7674
7084
5897
3336
5651
7133
7568
7491
7572
6915
6753
7611
6335
7936
8007
7941
8046
9511
9112
8398
9048
9336
7348
7405
7503
836
5351
2841
6786
7744
8148
8176
8100
8007
9563
9553
9630
9098
9227
8434
8873
7405
7381
7137
7504
6659
5897
4425
1055
475
3869
2341
2497
3087
7098
7735
7936
8148
8040
8135
8543
8605
8770
9630
9098
8489
9334
9334
8823
7348
7381
5379
6859
4218
2240
2516
2409
2465
3054
3207
7861
7744
8100
8605
8696
9462
9069
9232
8525
7446
7024
7137
7084
5453
1871
2591
2869
7379
7416
7481
7040
7752
7744
8039
8212
8204
8824
9599
9599
8783
8602
8601
8873
7024
7099
7228
180
1661
3151
8176
8161
8212
8872
9629
9095
8289
8733
8823
8525
7348
7228
7099
7521
6607
6480
6058
763
1075
4134
2615
2697
2551
7685
7572
6754
7735
7611
6258
8450
8201
7504
9564
8652
8349
7099
7099
7071
2040
2177
2429
2429
2549
2320
2407
2464
7861
8210
8177
8065
8605
9600
8733
7024
7024
7062
7099
7071
7071
5726
454
3391
2465
2841
7927
7735
7936
8226
7954
9585
9629
8886
9275
8400
8601
7123
7071
6659
530
117
191
1041
1584
3695
7098
7903
7788
8039
8190
8147
8161
8435
8229
8073
9585
9232
7062
6722
4386
3392
2786
2864
3264
8011
7744
7973
8135
8229
8065
8604
8542
8872
9421
9675
8652
8289
9336
9335
8578
7228
6358
6076
5223
3219
74
1152
1539
2549
2350
2905
7051
7788
8235
8210
8547
9432
9199
9243
8541
7317
6859
6059
5223
1413
3510
3234
3234
7039
6753
7611
8011
7903
7788
8174
8250
8351
9585
9663
9069
3024
7903
8038
7903
6332
8413
8753
8229
8295
8401
8288
9433
8541
6358
6382
5314
2550
2620
5762
7481
7629
7572
7273
8011
6754
8057
8114
8114
8324
8414
8200
8657
8610
8626
9675
9069
9143
8652
6894
6907
153
129
182
95
5105
2587
8011
8038
8038
7996
8113
8113
9628
9647
9615
9663
9199
8399
9421
6644
6894
6894
7071
428
2016
3808
2909
3088
3561
3449
7481
7629
8011
8011
8078
8251
8610
8565
9650
9647
9587
9663
8886
9422
9422
9352
8753
7674
7062
4966
675
2496
7175
6818
7995
6332
8078
8433
8269
8717
8351
8229
8886
7112
6894
6894
6907
7099
6722
6358
5632
5223
5380
5113
75
537
2903
6181
7844
7927
8113
8057
8631
8811
8886
9275
8508
9307
9451
6894
6678
6722
6076
260
1318
1771
2721
2775
2693
3119
7050
7996
8160
8414
8227
9149
9168
7347
6894
6678
6678
6907
6722
6359
5234
2752
2644
3154
5834
6332
7444
7629
7050
8038
6332
8113
8113
8324
8811
9500
9628
9614
9522
9275
8251
8652
7005
6644
6722
108
676
1741
2578
2641
8038
8038
8078
8488
8730
8249
7492
7282
6644
6644
6894
6678
7137
5535
5485
2439
3000
2645
5948
6964
8113
8413
9650
9644
9698
9651
9149
9352
7282
6644
6678
6775
6722
642
53
206
4887
4446
7324
6964
8160
8160
8078
8672
9698
9274
7005
7005
6894
5614
1015
5190
2843
3356
5834
7445
7995
8078
8575
9713
9697
9709
9646
9712
8747
9168
9423
8693
9556
7209
7347
6567
4966
1539
4807
2901
3152
3420
3393
6818
8113
8715
9627
8672
7005
6938
6894
6678
6775
7099
6678
6775
6336
6359
5632
3764
2809
3055
3153
8133
8134
8160
8397
8575
9712
9709
9769
9740
9699
9699
8989
9324
8747
9451
7209
7347
7282
7005
6644
4966
4948
4733
6076
858
1956
2489
2636
3868
2692
6181
7995
6736
9696
6938
6525
6644
5271
1911
3160
3596
7444
7445
7844
7995
8286
8160
9696
9422
9556
7005
6481
6775
6017
5786
276
751
1481
7050
8090
8641
8730
9747
6481
6525
6525
4570
5632
1979
4180
2865
3477
5949
7581
8268
8309
9722
9676
9701
9422
9700
7249
6481
5823
1021
7805
7805
8730
8989
9290
9500
6645
5764
6336
5727
733
2661
3231
3053
2997
6395
7444
7644
7815
7844
8268
8641
9712
9740
9676
9524
6645
6525
5764
4523
6017
1524
246
349
2743
7673
6869
8090
9873
9747
9655
9684
9684
8870
9274
6567
6567
5180
5037
5727
5614
3828
2603
45
1059
4087
4027
3204
2776
3685
8412
8309
8728
8869
8641
9810
9767
9910
8715
9423
5823
5823
6336
6336
6017
6017
1476
318
122
77
1363
3015
4352
3183
5649
7673
8090
8340
8268
9677
9684
6645
6525
5764
6678
4901
4678
5956
5454
5454
1040
3180
3784
5828
6309
7805
8340
8309
8641
9831
9684
9094
6645
5786
94
2458
2338
4512
8090
8268
9903
9655
9677
9702
8989
5764
5823
6567
4523
5956
5580
5580
88
516
5265
2989
2866
5400
7444
7971
8268
8286
6309
8728
8870
9678
9684
9684
8989
9523
9724
294
161
5149
3634
9666
9684
9501
6099
6525
5823
5764
6567
6336
6016
487
5283
2990
3121
3452
3566
3058
5906
7596
8340
8412
9920
9702
8989
9748
9700
5520
4372
4164
3651
1712
4461
4240
7673
7971
9909
9678
9666
9666
8869
9263
9290
5823
5764
6567
4631
5956
3612
2302
5123
3205
3059
4000
7307
7581
7881
8348
8348
9873
8968
9766
6099
5764
5360
5747
5747
6567
4858
4305
32
1711
3108
3658
6869
6736
8074
8728
9574
5435
5435
2878
2657
3292
3597
8340
8348
8134
9971
9797
9785
9748
4071
6016
3792
363
419
785
835
984
7307
7881
7971
8074
6736
8767
8869
9789
9832
9656
9656
9528
9666
9501
9819
6567
4522
5536
5400
3117
3572
3635
6273
7596
7881
8766
8766
8286
8412
8412
9975
9956
9574
8968
9094
6016
5536
47
1430
4913
4644
4460
3116
7881
8074
7322
9290
9766
5764
5520
5435
5198
1839
56
3236
3299
3427
3782
7596
8524
8766
9797
9789
9516
8968
9723
5747
5747
4071
817
535
794
2196
3073
3255
7881
7322
6905
7235
6396
8767
9574
9263
9475
9584
5520
5536
3999
3810
3122
3322
6396
9815
9971
9574
9516
9957
9940
9785
5434
4820
4013
5536
222
8929
9479
9662
5536
4924
5381
339
5514
5352
3532
7596
7881
7881
8766
9986
9956
5520
5434
5381
3885
3885
319
312
1383
1680
2196
5906
7596
7881
8076
6396
9467
9516
9516
9574
9475
5655
4370
3884
2672
4136
2968
7402
7307
7307
8030
8074
8524
8930
9973
9897
9734
9516
9921
9842
9786
9820
9820
5520
4900
5157
4370
5360
5
143
2488
2770
3261
8767
8767
9253
5381
4757
4859
5536
2949
1056
5004
3480
5888
5991
7626
7626
9991
9880
8767
9929
5747
5381
4900
81
116
2265
3201
7322
7322
6905
8647
9734
9946
9388
5655
575
574
5004
3200
3293
3728
3811
7881
9986
9253
9164
9980
9001
9263
9842
9782
5322
5655
5381
3963
3884
155
56
34
1191
7235
9880
9467
9184
9289
9305
5655
4454
1382
5741
3649
7373
9992
9953
1357
37
267
8030
8074
6905
8076
8729
9991
9557
9584
9872
4757
4757
4521
1110
5266
3157
7548
8030
8647
9815
9984
9969
5655
5360
200
16
1659
4448
7548
8121
8805
9757
9132
9485
9842
1334
4205
3643
3642
5742
6006
6353
7548
7373
8030
9915
9164
9957
9058
9273
9935
9939
9993
5655
5655
5322
5072
5322
5322
4968
4968
4195
2827
3014
3378
4667
3531
8151
7373
7235
8805
9951
9951
9164
8767
9321
5655
4857
4800
3582
33
22
460
994
621
1362
5742
3639
6055
7548
9872
9939
5655
5322
5322
3913
3141
4614
3900
3474
8929
9142
5016
4521
1
3800
5266
3657
3360
3952
6673
7626
7373
7863
8896
8988
8930
9990
9980
5016
4758
4426
3989
29
103
3817
7548
7373
7235
8121
8647
8567
9389
9996
9915
9557
9284
9164
9164
9661
9662
5712
3613
2880
3506
3569
3454
3979
9996
9164
9961
4498
154
360
7
1411
1881
2372
2854
3377
8030
7235
7081
8121
8567
8805
8988
10008
10021
9253
9032
9032
9613
9961
10005
5712
5444
4104
3691
3816
3871
4061
9757
9367
9032
9164
10008
3588
3982
5889
6887
6601
9951
9284
9164
5322
4758
4937
5443
3866
4064
7373
7863
8780
9157
9110
9604
10013
5712
5072
4758
364
365
62
3832
9142
10021
9898
9254
9032
9032
9321
9896
5016
4758
4428
3583
4085
3980
3984
4516
3950
4238
7373
7384
7863
8953
9757
9054
9032
10019
9968
9939
5748
5712
1131
2854
8385
7384
7202
7033
7033
6853
9758
9306
9485
5072
606
4483
4157
4001
3953
4060
7840
9079
8924
9067
9008
4969
1425
28
813
1792
3717
7840
8151
7033
8926
10005
5748
4821
4821
1632
3409
5819
4176
3778
4033
3954
7489
7655
7489
7779
8780
8855
9961
5017
4099
2889
3645
7840
8566
9284
9158
9661
5072
5615
3583
800
69
333
4054
4241
7373
10021
9825
9204
5615
5615
4427
3038
2819
4
3072
3468
4834
5047
4643
6521
9158
9898
9155
8688
9783
5748
2303
6
4319
3779
4036
4139
4354
4464
4558
4183
7489
8780
8836
9988
20
147
80
3376
4834
4525
4407
5889
8084
8385
8460
6474
8924
9210
9067
9613
9322
9988
4821
3583
886
1456
4412
4116
4415
7779
7655
7489
7840
9208
9157
9604
9539
9368
8855
8688
5615
4680
4427
1984
261
272
2956
3726
9960
9226
9612
9952
9896
9968
9988
5038
5095
5615
2304
361
5443
3873
4419
5968
7779
7655
7384
9113
9825
9825
9539
8688
5095
5803
4969
4680
4124
27
3622
4285
7384
8385
7202
6521
6167
9997
9997
9009
8688
8688
9952
9952
5615
5803
4680
12
4179
4114
4244
7202
9881
8624
8688
4043
655
2156
3938
4198
7131
10019
9155
9322
9968
10019
5017
5038
4680
3544
1011
5213
4615
4809
4243
4487
4490
7779
8924
9299
9155
9044
5095
4679
900
2119
4783
4584
6949
9926
9898
9965
9881
9128
9044
8640
10015
5871
5803
4429
3278
4768
4390
4647
7351
8995
10011
10011
9539
9299
4781
4429
52
115
3047
3718
3939
4604
4086
8460
8460
7202
6949
9225
8898
8941
8342
9999
10018
5095
5871
5095
6077
3278
590
4212
4294
4519
4519
4696
5064
8995
8995
9351
10011
8342
8342
9448
99
70
1784
1400
2264
3741
8478
6999
9208
9238
9926
9844
9844
4781
2765
595
4773
4269
5575
7943
7779
8206
9717
9412
9238
9612
9448
9843
9999
6077
6211
3681
3278
1451
4657
4843
5970
7131
6333
8198
8342
10022
4429
2921
668
4611
4359
4418
4619
7656
8123
7943
7989
7351
9113
8539
8342
9843
4781
5871
5336
3681
800
495
417
112
237
3940
6854
9947
9947
9128
8342
9351
4680
58
58
1243
4578
6975
6475
9679
9866
8198
4781
6241
4781
4042
271
293
4103
4510
4771
6206
6379
9997
8640
9091
8198
8198
4042
310
4721
4668
4645
6379
7351
7989
8206
6333
9412
9310
7869
6630
2259
38
10025
9964
9310
9106
8764
7869
5804
5806
4535
4775
4939
4486
7294
7294
8994
10023
9454
8411
8342
7869
5336
6546
4429
3247
2264
3140
4742
5891
9679
9899
9033
8198
9843
9983
10010
5805
4042
4042
5213
4934
4534
4621
4848
7943
6999
9679
8224
7869
9725
6874
4042
3247
72
3439
10023
9055
8898
7869
7869
6383
4429
486
1954
2224
4805
5624
8388
7132
10002
8411
8131
7768
9802
5806
6755
959
4683
7943
9361
9454
10023
10023
10002
8505
9885
5290
5361
6755
4220
3734
5044
4330
4563
4963
4489
4961
7943
8846
7768
7934
3681
3339
3614
1452
4825
6056
7351
9186
9964
9138
8866
10010
5336
1070
4693
6207
7684
8123
7294
6975
7294
7768
7768
5616
4571
608
284
3440
4077
4741
5100
5744
5891
6056
9998
7948
7972
7869
7817
10025
5336
4571
3793
1149
4754
4561
4329
5052
4868
4850
5087
8205
7943
8205
8994
10017
9369
9216
8505
8157
7768
9525
4822
4822
101
90
1475
1499
4435
5297
4788
6604
9265
9899
7768
7768
7768
4822
5361
5361
1207
692
70
4915
4664
4893
4246
5030
5126
7386
8388
8878
6854
9249
10026
3932
1651
398
3917
5051
6207
5849
6602
10016
9963
8866
8802
7768
7768
9959
10014
4632
3932
3734
4671
4776
4942
5031
4890
5849
7684
8568
8860
8468
7768
9725
10017
4220
3340
3310
4911
9692
9154
7994
7768
7885
7787
6275
4220
3614
2630
93
568
1312
5402
5758
5247
5066
7684
7386
9692
9326
10012
7721
7768
5361
5382
4044
4220
3614
2881
2737
644
4047
4457
4995
5204
7386
9217
10020
9705
9154
8950
8866
7884
9885
4822
5872
2455
397
4904
5002
4815
4918
5529
7708
9086
8504
8157
7933
7768
5806
4632
4430
3652
5422
8878
10003
9899
9705
9217
8802
8112
7721
7767
7730
5382
4014
4500
4044
5402
5331
5422
7684
7965
9402
8343
8112
7711
7606
9737
366
4550
5413
5890
6207
5969
10003
9154
9936
4632
5135
5242
5382
4431
4014
643
5501
4959
4777
5089
4985
5249
7627
8123
7236
9692
7721
9588
9970
4632
5472
4500
321
1767
3830
3549
3044
4550
5211
5216
7708
8296
10016
9402
9853
7677
4632
5135
4500
4430
214
923
801
2742
5502
5148
4920
4891
4851
5313
5235
5235
5829
5445
5529
7236
7034
7236
9086
10020
9634
9312
8504
7699
7648
5135
3710
2063
1133
4283
2826
4602
5061
5525
5907
7386
9361
9265
9010
7677
7823
4014
215
5153
5050
5235
5267
7896
8984
8343
8112
7648
7553
7552
7552
7634
7583
4734
4430
2233
1786
5285
6888
9463
8984
8802
5158
4431
1453
853
79
2299
3408
5401
5250
5403
5445
7627
8296
8906
9529
9216
8431
8431
8146
7554
7553
7769
9970
4500
1017
4223
2886
4881
5782
5557
6207
6914
9989
9934
9137
8885
8746
8056
7337
7981
7584
7484
5158
356
5143
5251
5009
5268
5516
7385
7627
8611
9529
7365
7649
7511
10009
4823
2881
1551
3587
7236
7385
10003
9966
9882
9867
9858
9126
7917
7465
9845
9924
5242
4431
4500
1031
5502
5596
5252
5299
5215
5447
5467
5743
7670
7965
8993
7108
9867
7823
9736
3341
3652
2852
292
5205
5930
5595
7108
8296
9293
8651
8559
8069
4734
485
380
3894
5390
5528
5318
5127
5831
8031
7034
9185
9025
8322
8469
7620
7584
7886
9845
4823
3463
172
890
1844
4196
5236
5403
6421
8920
9293
9853
9246
9298
8885
8540
7635
3587
5486
5530
7627
9338
9633
8146
9924
4734
4949
3886
4431
3041
5670
5930
5302
7108
6888
10009
9799
9126
8885
8746
7917
7408
9924
5242
4823
3766
309
5524
5723
5887
6054
5176
5356
5354
5829
7670
8533
9716
9438
9298
4306
5242
3341
172
2095
5182
5969
7385
8122
9979
9837
8247
7870
7350
7466
5242
596
1531
5427
5426
5831
6129
6027
9159
9760
8322
8470
7636
7512
7919
4989
4340
1266
321
348
320
3104
5610
5404
5332
5269
7000
9979
9869
9255
9218
8726
7636
7637
7341
7485
7494
7919
5673
746
583
4102
5780
5218
5423
5687
5869
6150
8085
7000
7650
8069
567
5484
5576
5531
5598
7924
7896
7385
7670
8334
7896
8031
7000
9401
10004
9882
9775
9105
8967
8967
7637
7870
8069
9664
4735
4432
4432
3886
1988
5446
5687
5760
8533
7108
7108
6625
9994
9438
9255
7650
7824
9985
4989
5039
292
463
3495
4804
5684
6421
6951
10001
9762
7982
7806
7408
7319
9877
4432
3916
2370
5286
5908
8586
7000
7414
9756
9838
9215
8727
8247
7806
7824
8188
9987
5160
4474
2852
2852
5941
5689
7670
8085
9805
9755
10001
9694
7590
7358
7330
7919
4474
4340
2571
614
5867
6054
5817
5626
6027
6294
7924
7414
8973
9075
9338
9239
9120
9011
8248
7495
7392
9339
4101
5296
5868
5686
5952
7670
7537
9816
9816
9838
8966
7806
7532
9877
3370
2364
3438
6348
6129
8124
8570
7414
6951
8973
9073
9741
7824
7770
7310
7309
7899
1607
1380
4281
4601
5941
7813
7852
9854
9955
9682
9761
9759
9575
9218
7899
7900
7285
7377
7638
3933
3766
5524
5951
7924
8317
8661
6625
6951
6855
9982
8727
8471
8471
9985
5757
5354
8678
9982
9313
9792
9694
9239
7712
8001
7592
9804
4902
3933
975
598
1271
2485
5626
5671
6150
6149
7537
7109
6989
7203
9741
8625
7382
9572
5159
1949
6180
5558
5745
5468
7813
8032
7232
9823
4705
3370
1429
3831
6165
6270
5929
5761
5833
5710
5951
5830
5909
6168
7414
8336
8569
7221
7203
9729
9667
9548
8689
7392
8096
4546
2674
1933
4709
5183
5230
5832
7813
7537
9028
9625
8899
7187
7241
7437
2768
820
857
4076
6352
6236
5796
6295
6294
7841
7295
6989
6752
9190
8344
8036
8036
7770
7166
7426
7391
4545
1426
2979
5993
5576
8387
8032
9912
9390
9995
9955
9792
9625
9745
9659
8036
7009
6921
7507
9375
4474
4149
3655
3854
5546
6179
6183
6295
7449
8791
8876
9625
9826
7712
7046
9514
4991
4149
1841
1150
1057
4708
4880
5910
5796
6522
9313
9972
9519
9776
8097
8001
7935
7591
7638
6708
7382
9653
4736
4149
3615
3195
5830
6028
6586
6149
6603
7203
6976
7221
6752
9605
9730
9594
9625
9745
7935
9487
1950
626
409
5961
6257
6009
6397
7537
7588
8587
9028
9730
9707
9034
8899
8096
8096
8001
9823
4547
4545
3615
2768
522
1845
4708
5817
6096
6008
5745
7991
8569
6950
9015
9170
9576
9893
9791
9594
9681
9532
8951
7731
8097
7935
7678
7165
7468
7382
4991
4547
5850
6149
7834
7449
7588
7967
7312
9912
9743
9594
9390
8097
8097
8173
7278
4278
6624
6185
6030
5992
6184
6378
7834
8032
8230
8850
9170
9487
9547
9468
8097
7935
7468
7265
9341
5656
5040
3517
2853
2607
5275
6091
6270
6029
6445
7834
7540
9074
9919
9578
9107
8344
7958
7591
9738
4307
2708
2574
5412
6392
6543
8335
7449
7448
9707
8689
8396
7887
9366
9513
9591
5040
2768
1187
609
856
5523
5523
6354
6354
6603
8086
8535
9978
9977
9547
9405
9457
7678
7064
6861
4221
4456
6091
5953
6295
6696
8298
8459
9559
9893
9791
9639
9458
8265
8010
7091
9862
4654
4860
3888
3851
1187
2335
6598
6112
6008
7912
7448
9912
9035
9636
9034
8396
9591
4403
3851
2014
5926
6717
6007
6274
7595
7911
8775
8363
7082
8850
9414
6956
7266
9912
2768
3070
4863
5142
5954
6977
7628
8086
9972
9540
9817
9404
9518
7958
7266
4309
749
5523
6819
8520
7448
7204
7082
8812
8706
8974
9101
9173
9530
9868
9681
9405
9205
7564
9342
4045
2365
5275
6114
7450
9219
9669
9080
8173
7743
6996
7394
7456
4309
4072
2950
4863
4782
6308
6238
6836
8363
8141
9101
9540
9405
9606
9370
8485
8010
6922
7513
7555
4309
3888
3888
4073
3308
3070
5481
6626
6166
6399
6354
8067
9005
9868
9443
9356
9405
8485
8173
7825
7533
4876
3735
976
3494
4342
4284
4863
5737
6334
6380
6542
6819
7865
7865
6933
7204
8646
9005
9280
9560
9397
9347
9545
9056
8560
7117
7266
7585
9365
4737
2741
5344
6185
5892
7865
8634
7450
7312
9240
9480
9397
9380
8986
8199
3889
3308
3308
4312
6782
6735
6606
6542
6932
6933
8170
8319
8297
8615
9396
9580
9545
6996
9172
9813
4433
2194
4603
6598
6883
6476
6564
8646
8679
9394
9440
9719
9397
9594
9442
9442
8285
7958
7825
9738
4222
4310
3584
4863
3968
6493
6092
6783
6186
6112
6112
6676
6355
6310
6642
7780
8614
9124
9124
9590
9625
9397
9268
9259
9259
9504
9257
8951
7607
7181
6832
7555
4253
4310
3890
4046
4253
3767
3342
2536
1455
4603
3374
6002
7204
8863
9635
9393
9625
9594
9397
9259
9223
9581
9490
9396
9738
4950
3616
2456
904
2094
6817
6557
6675
6784
6987
8571
9123
9397
9328
9223
9303
9259
9473
9373
9081
8670
7181
9436
9796
3616
2574
5202
5644
7763
8362
8571
8634
9868
9672
9579
9259
9327
9459
9380
9382
9269
9270
8345
7732
7732
7394
4166
4572
3890
2536
1111
982
5736
6973
6536
6606
6543
6380
7035
9257
9719
9594
9625
9397
9625
9397
9223
9259
9373
9470
9220
9121
7860
7555
7570
7394
4166
4502
4950
4950
3737
3829
2536
1576
4977
2632
5737
5845
6557
6422
6334
8646
8758
6933
7413
7387
7413
8664
9923
9923
9415
9300
9247
9355
9056
7167
7533
9425
4572
3737
4950
4950
3737
3737
2950
1359
4374
5771
6675
6784
7173
8222
8389
8893
9123
9124
9285
9967
9380
9247
9248
9223
9259
9259
9594
9382
8522
8345
7419
3852
4706
3852
3137
1072
1224
5845
6239
6890
6932
7657
8297
8361
8893
9817
9418
9295
8284
4502
4706
3829
3712
3767
3714
4312
6973
6556
6446
6674
6737
7833
8571
7305
8664
9541
9247
9248
9580
9223
9258
9582
9474
8486
7300
7807
7570
3545
4950
4950
3737
3545
3890
2456
1737
1655
1272
4603
4977
5609
5683
6289
6500
8170
7305
9004
8664
9976
9718
9197
9197
8395
7901
7257
9123
4222
4017
5099
4374
6783
6289
7032
6238
6674
8757
9718
9673
9197
9406
9642
9582
8856
7585
9425
4502
5921
2537
2822
1611
4600
5609
5845
6883
6718
6500
6589
6524
7148
8758
7450
9795
9428
9542
9379
9262
9130
8070
7257
7419
7586
5788
1479
3967
5771
6523
6889
6870
6605
6988
7833
8613
8758
9492
8998
8486
8345
7419
4502
4572
5118
6711
6606
6544
8389
8360
8427
7412
8777
9673
9407
9597
9642
8284
7257
3405
6084
3371
7155
6871
6544
7035
7726
8362
9287
8522
7300
9171
9251
5678
4222
4279
4572
3829
3545
5343
5737
6398
6564
7110
8612
7412
7305
9151
9771
9469
9349
9241
9317
9763
9165
8070
7586
5842
4279
5788
6085
3584
1286
4434
7155
7097
7032
6833
6738
6674
7035
7035
9052
8778
9316
9597
9502
9188
9597
7902
5609
5609
6109
6856
6872
6588
6988
7148
7820
7720
9207
9131
9407
8209
7901
7901
5678
5842
3346
3403
3852
3371
1951
2799
3967
5643
6269
6494
6871
6934
6870
8153
8107
8957
9156
9506
9406
8487
8284
7902
7268
7902
7689
9436
3249
3464
3371
2882
5118
5342
4861
5077
5683
6249
6978
8497
7305
9933
9967
9855
9406
7700
9123
4598
5788
2284
2065
4126
4740
5643
7097
7097
7122
6798
7049
7720
7148
9050
9301
9212
8867
8999
8671
8395
7331
7949
4279
5937
4598
6084
3436
2152
2013
1410
5341
5077
5342
6946
6899
7122
6798
6857
7990
7762
8681
7539
7387
7305
9100
9976
9962
9855
9384
9211
9109
9108
9417
8158
7496
9100
4017
2284
1679
3739
3547
4434
6946
7220
7130
6711
6785
8033
9260
8447
7268
7383
7690
7571
9151
6083
3221
2883
2484
1361
5342
4861
7762
8519
7443
9689
9900
9949
9108
9196
8999
7383
7342
7571
9134
3853
4165
4598
5976
5902
1269
6162
6162
6711
7068
6935
6837
6978
6773
7059
8519
8260
7443
9050
9506
7367
7690
4598
5788
3404
1953
5341
4976
6047
7121
7148
7966
7720
8662
8755
8756
7539
7539
9812
9889
9962
9198
9108
9417
9859
8158
7439
3405
3853
5583
2507
1953
5201
4738
5388
7047
7220
6249
6731
7020
7059
8590
8813
8432
8690
7701
6157
6158
4976
4842
4503
7093
9051
9571
9571
9688
9949
9294
7439
6105
3346
3008
2066
4655
6391
7122
7225
7019
9018
7539
7443
7443
9100
9839
9641
9641
8927
8671
7949
7733
4598
4598
3346
2367
5643
6047
7070
7020
7719
7539
9178
9906
9933
9122
9045
8158
8209
8209
7702
9436
3934
3934
4165
3768
3405
4598
5638
6085
4126
4167
5201
7047
7304
7184
6965
6889
7237
7966
8075
8891
8891
7443
7696
9950
8432
7662
9235
3853
4598
5788
6158
3252
2118
4929
6090
7021
6891
7517
9476
9749
9794
9949
9958
9640
7984
7178
3853
5976
6173
3222
2631
2421
3586
4842
5810
6983
6899
7459
7038
7019
7049
7306
7237
8260
8742
9061
9687
9839
9045
9777
9403
8927
8690
7662
2924
3934
5749
5583
6083
6386
6386
3252
4842
5388
6125
6126
7287
7206
7260
7793
7793
8742
7696
9029
9876
9876
7188
7556
9364
6104
5901
4598
1189
7154
7396
7120
7195
7037
7237
8281
7696
7696
7577
7517
9954
9777
8838
8838
7178
7733
6083
5976
4878
6409
6158
3222
4842
5340
5810
7396
6997
7313
7517
8704
8849
9922
9950
7541
6531
4877
3586
4018
4256
4405
3347
6391
6640
6731
7069
7036
6934
7247
7864
8443
8479
7696
9846
9641
9429
8574
7406
7424
5919
4878
6143
6462
2884
5341
5258
4707
6045
6090
6268
6969
7478
7038
7149
8891
7517
9294
7406
4125
3768
5636
6747
6462
2366
2925
5340
5844
5810
6125
6731
7225
7068
7248
6965
7696
9234
9846
9770
9922
9093
9827
9640
9883
8838
8900
7406
3768
6531
5636
6594
6594
5787
4975
5023
7313
7864
8075
7880
7880
7559
9177
9178
9234
9631
9811
9811
9928
9922
9167
8432
7633
7424
7609
7424
7984
9465
3768
5919
4878
5638
6172
6435
6532
1656
1987
3935
5439
6268
6640
7154
7247
7194
6952
7223
7306
8479
9452
9800
8803
7633
7609
7826
3768
5563
6651
5921
6105
5480
5098
5340
7323
7336
9177
9464
9922
9918
8234
8346
4074
4548
4125
3372
6488
5584
4548
5699
2508
2508
4707
5439
5809
7333
6997
7296
9943
9911
8900
7609
4074
6036
5584
5751
5660
6810
5769
2195
4256
5258
7459
7509
7761
9017
9279
9731
9922
9928
9922
9167
9222
8323
7609
7609
7556
3965
4548
5675
6531
5699
6788
6021
6533
4404
5844
6199
6268
6815
7297
7222
8879
9038
8281
9732
9750
9944
9945
7308
7826
9363
4015
4548
4951
5059
5229
7459
6960
7260
7352
7336
7761
7910
9887
9623
9222
9883
8159
7633
7784
7424
7308
7826
3309
4125
3010
6531
6036
5825
5255
5679
2653
2174
4404
5545
7118
7247
7415
7205
7352
7296
8019
8879
9833
9803
9922
9937
9517
9403
8691
8900
8804
7633
7364
7364
8037
4015
5603
5563
5587
6549
1766
4404
5229
6045
7174
7344
8019
9569
9362
9888
9886
9827
7140
3252
4878
6911
5660
6533
6434
6813
3344
4974
5545
5809
6045
7515
7194
7222
7502
8632
8019
9038
9732
9567
9686
9167
8507
7633
3618
4501
3372
5825
6153
5675
5584
5225
5436
6747
6248
7333
7224
7272
7361
7718
7909
9824
9827
8159
7871
3309
6488
4971
6826
6911
6021
6574
6767
6759
5229
5545
7296
7559
9803
9861
9914
9189
9925
9082
6451
6259
5602
5226
5436
6812
6683
6844
2797
2508
4973
5059
5459
6370
9088
9822
7274
7871
7871
4255
5825
5852
5637
5136
5057
6729
6828
6880
6896
2655
3620
4256
4974
5809
5809
6370
6730
6865
7333
7463
7335
9408
9803
9908
9914
9187
9907
9879
7561
7364
7826
4015
3618
6547
5507
6993
6908
2115
4974
7323
7451
7478
7335
7422
7718
9076
9821
9865
9610
7140
4840
6451
5714
5657
4971
6660
6757
6613
3738
4476
6124
6248
7343
8048
8704
8880
8282
9726
8803
7561
7077
4255
4759
4255
2823
5637
6757
2424
4599
5460
4974
7490
7361
7538
9704
9693
9668
7274
4759
6259
6757
6434
1787
3738
3546
4803
4476
5096
5791
6124
6267
6390
9278
9570
9686
9870
9704
9907
7522
8037
3794
6259
5537
6402
6461
6528
6841
2393
2392
5460
5480
5545
6793
7332
7500
7460
7909
8890
9726
9703
7796
8093
7871
5637
5136
5474
5136
4971
6729
6993
7518
7352
8221
9616
9703
9878
9895
9814
9808
9012
8803
8782
7522
7251
8189
9279
4501
6259
5977
5917
5917
6427
6460
6957
5639
4972
5116
2424
5059
5459
4862
6267
7509
7579
9592
9801
8507
8323
7784
3891
3250
5136
6881
5958
5568
2116
3465
4524
4476
4476
5200
5791
6959
7243
6960
7430
7374
8408
9435
9493
9180
9739
7522
7251
8037
4016
2654
6214
6101
5766
5824
5765
4925
5585
5326
5021
4972
2709
4973
5460
5459
7143
9386
9592
9814
8448
2769
6060
6117
5729
5729
5674
4970
6453
6403
6461
4682
5200
5791
7728
7549
7477
7415
7518
7602
7832
9087
9114
9610
9841
9891
9494
9721
9187
9278
4549
6276
5899
5696
5244
6460
4682
5200
5458
7514
7374
7460
7538
8645
9424
9250
9386
9589
9674
8093
5876
5273
6385
2538
2422
3520
3437
4524
3546
3279
5608
7143
7618
7461
7500
8048
9841
9864
9330
9357
7375
4926
5765
6079
5715
4952
5838
6285
6454
4682
4682
5200
6267
7477
7374
7476
9424
9592
9665
9643
9828
9841
9835
8448
7816
2952
2604
6018
5916
5978
5227
5244
5838
6280
5273
6260
3893
4373
2738
5925
7804
7502
7671
8754
9774
9774
7375
4254
4549
4926
4952
5933
6061
5839
5272
6223
6041
2425
4862
5457
4739
6793
7463
7832
9087
9228
9809
9768
9851
7796
8093
4634
3345
6139
5227
5293
4952
5838
6465
3617
3518
5458
5925
6390
6793
7640
7818
7475
7519
7617
7462
8318
8140
9424
9665
9727
9330
9350
8506
8928
7375
8155
3280
4634
5730
5492
4475
4973
7476
9746
9852
7816
7375
7375
2824
4926
6038
5698
5658
6367
5457
5718
6229
6413
7332
7514
7243
7528
9424
9549
9242
8782
9013
8928
7375
7796
8556
8093
3736
3891
4634
6277
5307
5117
2952
5096
7514
8680
9727
7375
5305
5117
6367
4475
4475
4524
3192
3138
5608
5984
6927
6959
7012
7855
7671
7709
8318
9852
9550
9549
9083
7605
8308
3653
3280
2824
5730
5117
4993
4952
2333
4739
5096
5097
5457
5097
6413
7217
7189
9228
9727
8952
7796
7676
5293
4150
6389
7640
7469
7529
7618
8152
8848
9589
9603
9852
8523
7328
4311
3518
4311
5957
5873
5767
5365
5307
4993
6367
5097
6389
6793
6864
7603
7969
9602
7605
7328
3891
5565
5590
5274
4993
6323
5457
5608
6412
7243
7818
7589
7519
7617
7672
7832
8754
9753
9515
9446
7102
8347
5541
6107
6441
4739
7469
7804
7710
7501
8337
9099
9829
9830
7418
6038
5841
5697
5565
5097
5368
6927
7651
7580
7579
7794
8933
9426
9140
7418
4311
5385
5590
5274
6555
6692
7395
7529
7603
8589
7913
7671
9099
9695
9830
7418
7328
5997
5476
5385
5368
5682
5717
6198
6198
6412
6389
6491
6389
7242
7639
7651
7651
7469
7589
7580
9603
9551
9427
9140
9140
7816
7328
5697
5605
5756
5717
7469
7440
7395
7529
9733
9515
8692
7605
5997
5756
6123
6555
7279
7639
7651
7651
7818
7804
7855
7742
8589
8881
9781
9083
7196
7676
5935
5936
5368
5756
6491
6692
6692
6958
7189
8132
7897
7501
9228
9654
9309
7328
5880
6068
6119
6412
6432
5874
6555
7279
7242
7827
7189
7855
7742
8444
8881
9064
9344
9343
9343
9552
9495
9331
8556
8055
7604
7127
7434
8713
6062
6491
7279
7827
7970
7814
7854
7659
8068
9426
7505
7127
8369
6063
5880
6614
7141
7141
7395
7440
7970
7672
9733
7434
7434
5880
6108
6879
7639
7639
7395
7897
9427
9602
9602
7932
6995
7279
7639
7395
7395
7970
7709
8143
8948
9387
9242
8952
6995
7196
7127
7418
6279
7211
9618
9374
7858
7604
7434
6227
6368
6279
6040
6614
7044
8267
7440
7440
7814
7866
7727
7821
8895
9266
9552
9304
8821
7026
7785
8557
5878
6040
6827
8132
7141
7897
7854
7854
9153
9611
9573
7418
7196
7230
6155
7141
7639
7968
8949
8446
9266
9309
9331
7230
6968
8094
5998
6103
6278
7955
8050
8171
9266
9283
9309
9447
8865
7859
6827
7026
7423
7434
6639
6040
6633
6827
7493
7114
7945
7946
8143
9387
9053
6995
6995
7075
7076
6995
7211
7153
7604
6751
5998
7610
7480
7211
7610
7440
7979
9182
7230
7026
7230
7493
7872
7610
7734
8132
7843
7945
8591
8301
7926
9309
9175
9068
7026
7075
6827
8055
7859
6882
6763
6745
7211
7493
7211
7814
7925
8051
9308
9308
9611
7505
6745
6278
6777
7211
7435
6909
6305
6827
7734
7734
8267
7968
8948
9453
9237
6407
6745
6968
8369
6459
7493
8132
7814
7979
7978
7926
9618
9182
8865
7505
7423
6220
7610
7349
7493
7734
8302
8021
8591
9526
6944
8714
6751
6762
7493
7610
7349
8302
8088
8051
9182
9118
7423
8714
8094
5860
6512
6761
7493
7349
7734
7979
8008
8500
9304
7928
7505
7872
7435
7872
8196
9573
9308
9478
6701
7660
7349
7925
8109
8795
9353
5620
6244
6760
7660
8300
9311
6825
6760
7660
7493
8267
8020
8050
8142
8445
9039
9023
9119
7435
6690
7872
9409
6650
6316
6317
7435
8267
8034
8127
8817
8853
9237
8835
8094
6912
8126
9311
9410
9399
7916
7435
7660
7872
8267
8108
8142
8481
8445
9193
9039
9353
9214
8835
5642
9179
7947
8023
7647
8555
7947
8196
8232
8428
8299
8300
8261
7883
6456
6665
7734
8023
8125
8208
8364
8445
7992
7916
8370
6405
7947
9245
7898
7647
8370
6842
8223
8154
8909
9007
8129
8820
8820
6791
6316
7687
7687
8481
8481
6842
6878
6548
8392
8392
8302
8231
8710
8710
9478
7916
7992
6456
8232
8245
9192
9007
6316
6304
8034
9214
8370
8339
9399
9399
9245
7687
8555
7030
8130
8130
8409
8963
8853
9230
6664
6457
8320
8338
8537
9179
9007
7868
6649
6304
7822
8392
8410
8667
8708
9378
8263
8306
8306
8480
8339
9192
8982
8187
8982
8745
8686
6612
8938
9400
9400
6430
8130
8306
8390
8364
8963
7868
8722
6304
6681
8618
8537
8908
9161
9209
8593
8593
6486
8725
8635
8391
8816
8908
8963
9161
8110
8722
6596
7993
8429
8499
9281
9378
9230
8593
6261
8725
9400
9282
9146
8305
7786
8982
5664
9281
8763
8305
8156
8264
8536
8428
9244
7786
5716
6863
7993
8650
8550
9146
8197
8594
8763
8910
8793
9174
9209
9209
9209
5981
6410
6637
6862
7786
8391
8552
8793
8551
8937
9244
9115
9160
9191
8035
8172
8668
8910
8687
8720
8979
9063
9161
9160
9174
8779
9089
9160
9160
8144
8341
8262
8594
8940
9042
8462
8936
8908
9147
9163
9163
8144
8648
8911
8721
9031
9244
9078
9117
8687
8762
9115
9152
9195
9152
6535
8394
8623
8683
8743
8852
9031
9115
9062
9043
8233
8572
8997
8852
8761
8980
8484
6065
6464
6192
6106
8851
8759
8852
8864
8962
8978
9020
8668
6067
8744
8923
8978
9022
9104
6463
6814
8711
8864
8996
8833
9020
8965
8502
8502
8760
8996
8947
9020
8883
8935
8621
8925
8965
8965
8598
8884
8815
8959
8465
8854
8801
9006
8621
8883
8596
8894
8964
8976
8685
8897
8724
8964
8723
8639
8597
8596
8622
8800
