8251
1.71245e-005
2.61323e-006
0.0237625
0.00839148
0.00125421
1.42757e-005
1.50945e-005
0.000364802
4.1564e-006
3.03785e-006
0.000335128
1.37782e-005
0.000244209
4.90944e-005
5.53406e-005
3.04948e-005
0.00122076
3.3062e-005
5.40563e-005
3.82192e-005
0.00107174
1.42423e-005
0.000303255
5.96547e-006
7.94382e-006
4.5224e-005
0.00205709
0.00184272
0.000259695
3.76328e-006
6.26533e-005
0.000490482
1.73724e-006
0.00195318
0.000195548
2.70077e-005
8.5734e-005
1.05047e-005
0.00162138
0.000224354
4.89404e-005
6.42299e-006
1.18974e-005
4.27079e-005
4.61775e-006
0.00101066
0.00119151
0.000115197
0.00560535
0.000343637
0.00115582
0.00226742
0.000102871
6.91934e-005
2.42832e-005
0.000390823
0.000357966
2.86839e-005
1.31636e-006
0.001041
6.72727e-005
2.91056e-005
0.00832311
0.0122935
0.00459625
4.74879e-006
3.8438e-005
0.000232259
4.56744e-007
2.13006e-006
0.00032698
0.00113289
1.74297e-006
3.52787e-005
0.00128108
7.85345e-006
3.98897e-006
2.0213e-005
4.79583e-005
7.58293e-005
0.0437725
1.18974e-005
2.81675e-005
0.000123877
0.00045147
0.0001108
1.04161e-006
3.27077e-005
4.36621e-005
2.26932e-005
0.00999576
4.62558e-006
4.89422e-005
6.12182e-005
1.88462e-005
1.95034e-005
1.63053e-005
1.77977e-006
9.16776e-005
4.58923e-005
5.06096e-005
0.00040578
2.19245e-006
0.000309098
2.10285e-005
0.00033978
0.0048027
0.000852111
0.000449908
0.000326626
2.84695e-005
0.000411069
0.000137865
1.09384e-005
1.15967e-005
0.000329679
0.000625081
6.54533e-006
2.33762e-005
0.000154915
3.71187e-006
1.57098e-005
1.68232e-006
8.07924e-005
7.43952e-005
7.49489e-007
0.00025107
4.93209e-005
0.000991888
5.20382e-006
1.76204e-005
5.27962e-005
0.00098056
0.00127126
6.60001e-005
3.16587e-005
9.16033e-006
0.000123264
0.000164764
3.93568e-005
0.00213672
1.46651e-005
0.000154375
0.000181293
4.06996e-005
3.928e-006
4.65049e-005
0.00149617
2.0791e-005
9.57636e-005
1.93857e-005
0.00358492
2.62e-005
5.40466e-005
3.18784e-005
1.5133e-005
3.30505e-006
0.0048206
8.73388e-006
0.000675249
0.000282756
6.87743e-005
0.000223696
9.7283e-005
7.79324e-005
0.00125835
0.000506227
5.58565e-005
4.44211e-006
5.16466e-006
2.48143e-005
2.98169e-006
3.96421e-007
0.000106717
3.04831e-005
0.000508156
9.17277e-005
9.25129e-005
9.69873e-005
5.21466e-005
7.01764e-005
1.54101e-005
0.00932325
0.000351324
4.00181e-006
2.31337e-005
2.51977e-005
0.000231755
0.00451459
0
0.00647971
0.000306899
9.70541e-005
0.000962359
5.0664e-005
6.26387e-005
1.7471e-005
9.67055e-005
6.65095e-005
3.38535e-006
1.41254e-006
3.18071e-005
0.00295098
1.51283e-006
0.00672164
1.65485e-005
1.7418e-005
0.000101558
0.00809533
0.00158485
0.0022047
0.000548454
0.00724658
9.1728e-006
0.00110384
9.00689e-006
0.00143209
0.000710483
1.48128e-005
0.000863921
1.10276e-005
0.000135075
5.93091e-005
1.43973e-005
2.1439e-005
5.44455e-005
3.53844e-006
0.000155969
0.000613663
3.95102e-006
2.51538e-005
1.89186e-005
0.000106001
3.02835e-006
0.00151128
0.0230106
0.000324429
0.00042136
2.97149e-005
0.000363679
0.0235531
0.000142373
0.00355992
1.54693e-005
8.58479e-006
3.92654e-005
9.01313e-006
0.000292959
4.9909e-006
5.52588e-007
3.57369e-006
2.17477e-005
2.7168e-007
2.75935e-005
0.00514241
7.37477e-005
2.30882e-005
7.58586e-006
0.00135463
0.00059645
2.66884e-005
0.000198317
9.19995e-006
0
4.5653e-006
0.000223783
2.32348e-005
0.000151779
7.83456e-006
2.66957e-005
0.000120728
8.24656e-006
3.28854e-006
1.14646e-005
0.00117818
1.18503e-005
4.2474e-006
8.01261e-006
4.17111e-006
0.000214689
0.000185671
0.000181952
2.86915e-005
0.000112529
0.00126626
1.35337e-006
0.00858671
0.000856918
9.55743e-006
1.48004e-005
0.000172034
0.000445678
1.01317e-005
0.000133823
0.000286412
2.76068e-006
0
2.56636e-005
0.000841031
5.59425e-006
0.000255635
3.08216e-005
0.00287856
7.05077e-005
2.47377e-005
0.00744398
0.00081688
1.79378e-005
0.00184838
3.53848e-006
0
3.16955e-005
2.41404e-005
2.42073e-005
1.02383e-005
1.96779e-005
6.47057e-006
2.82799e-005
0.00108285
0.000149227
0.000131129
1.06965e-005
-9.02152e-010
1.57086e-006
0.00246978
1.19849e-005
6.8235e-006
0.000374018
6.04825e-006
1.71635e-006
8.92807e-006
5.48637e-007
1.74606e-005
3.21117e-005
8.39106e-006
0.000107645
0.000317956
3.06433e-005
0.000627806
1.31634e-005
6.3356e-005
1.34232e-005
0.000359059
0.00122455
7.96484e-005
1.91438e-005
5.97171e-006
0.00162054
1.32274e-005
1.60891e-005
6.53567e-005
3.0994e-005
1.38535e-006
2.76285e-005
3.4122e-006
9.70743e-006
0.000115816
2.54916e-006
0.000114276
2.07328e-005
0.000136261
7.96628e-005
0.000103216
0.000246053
4.12128e-006
9.67809e-005
6.72276e-007
0.000146473
1.12999e-006
1.31823e-007
1.2412e-005
2.86893e-005
3.08314e-005
0.000194949
2.9105e-005
0.00225666
0
4.77757e-006
7.04156e-008
1.10675e-005
0.000181552
1.40412e-005
5.11576e-006
0.000901442
4.23903e-009
0.000431259
0.000327752
5.72807e-005
0.000121356
1.6501e-006
0.00451181
0.00065752
0.00199955
4.06281e-005
2.27283e-005
1.35472e-005
0.00012371
7.72347e-005
7.58286e-006
0
7.55277e-005
0.00110344
2.19922e-007
1.85584e-005
5.61878e-007
3.09103e-005
5.08519e-006
8.20269e-006
0.00187305
1.40686e-005
0.000114189
6.64849e-005
0
0.00063163
4.38442e-005
1.36381e-005
0.000279191
0
3.11719e-005
1.45423e-005
0
0
3.60861e-005
0.000644096
2.90977e-006
5.02461e-005
7.12934e-005
2.11415e-005
5.14149e-005
7.03151e-007
0
2.26143e-005
6.65023e-005
1.28326e-010
5.56678e-006
9.73902e-006
7.46253e-005
2.05529e-005
0.000206407
1.1841e-005
0.00210227
0
3.01258e-005
8.66255e-006
1.07086e-005
2.52143e-005
0.000101506
0.000604828
0.000238041
4.25685e-005
1.31098e-007
5.43943e-006
0.00632662
0.00361414
0
5.46947e-005
2.3882e-005
1.73482e-005
2.66735e-007
4.80609e-006
3.72835e-005
0.000186879
0.00410003
2.8716e-005
1.85171e-005
0.00432329
2.5628e-005
2.0817e-005
7.22702e-005
9.74224e-005
5.85366e-005
1.38423e-009
0.000532167
0.000540102
0
0.00039934
1.99918e-006
6.27564e-006
1.30867e-005
3.95016e-006
1.80771e-008
1.17908e-005
4.99253e-005
1.59546e-005
8.76163e-005
0
5.99338e-006
1.36033e-005
1.21469e-005
7.43339e-005
1.33955e-005
0.000146559
1.20929e-005
0.000820828
2.7522e-005
8.04255e-005
1.05596e-005
1.26515e-007
0.000347024
0.000218469
0.000204411
1.75881e-005
1.31447e-005
0.00131116
1.27329e-005
0
0.000132696
0.00157062
3.12922e-005
5.33649e-005
8.10418e-005
1.67694e-006
8.30336e-006
0.00336761
0.0212348
0.0132149
9.53993e-006
3.49676e-007
0.000129962
5.57749e-005
8.64071e-005
2.67131e-006
0
4.78752e-006
0
0.000213711
0.0134301
0.00206576
2.32999e-006
7.61161e-005
2.67661e-005
0.000258268
-1.56098e-009
3.89184e-005
0.000361079
6.45165e-006
0
0.00243473
2.2728e-005
4.9961e-005
3.9806e-005
0.000241596
0
1.04961e-005
2.43347e-005
2.50769e-006
0.000299515
2.79635e-005
8.32882e-005
8.61785e-006
2.31165e-007
5.50567e-005
2.58695e-006
0.000268883
6.53799e-005
0.000248153
4.68153e-005
9.90081e-006
0.000735556
1.71258e-006
0.00751017
0.000236096
9.03714e-006
1.76275e-005
0
1.94285e-005
0.000658623
7.97136e-006
0.000670837
0.000289677
3.68397e-005
2.6288e-005
7.44214e-005
1.49142e-005
5.78404e-005
5.10414e-005
-2.01669e-011
0.000621633
0.00027715
0.00165316
4.91917e-005
1.89666e-005
0.00115819
1.14252e-005
0.00879057
0.0100239
4.26926e-006
4.23281e-006
5.85262e-006
0.000111906
5.49511e-006
1.27998e-005
0.00029251
2.39984e-005
9.60598e-006
0.0185809
5.35211e-007
0.000139423
6.47746e-005
9.07131e-007
0
3.80174e-007
6.664e-006
0
2.12715e-005
0.000833413
1.18906e-006
0.000402073
0.000154358
0.000490795
7.0062e-005
5.00591e-006
0.00022542
0.000144436
0.000894564
0.000120182
9.88749e-006
0
6.66117e-005
1.22826e-005
6.43451e-007
4.4988e-006
0.000133349
1.3699e-005
0.000106806
0.000132545
3.3708e-006
0.000464403
0.000484952
0
0.000162135
3.05277e-005
0.00594846
4.44855e-005
0
0.000207474
0.000143131
2.34747e-005
6.61659e-007
4.94446e-005
4.03214e-005
0.00743482
2.00292e-006
0
1.04957e-005
5.0774e-005
1.23948e-005
0.000156316
3.29372e-005
6.33601e-005
1.53832e-005
1.90938e-005
0.000578939
1.77617e-006
1.09924e-005
0
0.00025048
3.57666e-006
3.14685e-005
0.000278673
7.56242e-005
0
0.000254824
0
0
3.43761e-005
0.00947701
2.45221e-005
9.29356e-006
6.35533e-005
7.24893e-005
4.40751e-005
0.000674312
0
5.79557e-005
2.74979e-006
4.75709e-006
0.00239709
1.95094e-005
0.00019449
5.60657e-006
0
0.000130505
0.00278357
4.31952e-006
1.16021e-005
0.000639919
1.87842e-006
0.000137236
0.000538559
0.000478888
2.59637e-009
2.37465e-006
3.82954e-005
2.18822e-005
0
2.2427e-005
4.60625e-005
0.000168202
5.33549e-005
5.73412e-006
2.90851e-005
1.86996e-005
1.86828e-005
0.00019916
0.00315197
6.89858e-005
1.62565e-006
1.81174e-006
2.65343e-005
0.000106467
0.00018373
0.00128667
0.000128249
2.43487e-005
0.000117207
1.02448e-006
0.000274302
0.00292691
2.25633e-006
1.67256e-005
8.70225e-006
8.4704e-005
3.61316e-005
0.00011659
1.66999e-006
7.11127e-005
2.7958e-005
0.000322867
1.95147e-005
1.98447e-007
1.75643e-005
5.15616e-006
4.00516e-006
6.90863e-006
0.000110182
1.7617e-006
9.81915e-006
3.19217e-005
0.000138621
9.84064e-005
0.00321322
7.10414e-006
6.26201e-006
2.74776e-006
0.000120071
1.20572e-005
8.59478e-006
8.18154e-006
5.591e-006
1.83069e-005
8.87409e-005
0.000427539
9.81652e-007
4.18777e-005
6.66995e-005
0.000358847
2.37591e-005
2.19381e-005
5.54005e-006
0.00086677
0.00420719
2.73399e-005
2.23203e-005
1.82762e-005
8.55063e-007
0.000733791
3.58851e-006
1.40945e-006
0.000292675
9.49752e-005
0.000830703
0
0.000424727
0.0115858
4.89911e-006
2.04982e-006
0.00222167
0.000783581
9.71583e-005
1.26131e-005
2.58915e-005
0.000282176
0.000132406
1.48078e-005
3.6138e-005
0.0133353
1.05943e-005
0.000244144
3.4722e-005
1.36876e-005
2.11499e-005
1.44509e-005
6.71935e-006
0.00390016
1.10871e-005
1.03543e-006
-4.83282e-010
0.000540299
0.00415947
5.55618e-006
2.13587e-005
3.24029e-006
0.000226349
0.000621758
4.51148e-008
0.000485405
0.000291337
0.000318113
0
5.9374e-005
1.18014e-005
5.83929e-005
1.41382e-005
0.000578937
1.69213e-005
1.48751e-005
3.96615e-005
0.0005302
8.67771e-005
3.43467e-006
4.37911e-005
0.00157366
0
0.00102492
1.82654e-006
2.51636e-006
0.000269319
2.38569e-005
1.28746e-005
2.37112e-005
0.000997785
1.00319e-005
0.000126667
1.44674e-005
1.92185e-006
9.9052e-005
2.75471e-005
0.00129121
2.90656e-005
5.15464e-005
4.46588e-006
0.00133669
0.000117246
0.000119119
0.00040905
2.01917e-005
4.81744e-006
0.000112405
0.000275943
2.25896e-005
4.24588e-005
3.68083e-006
5.69927e-005
2.8125e-005
8.07763e-006
7.09097e-006
1.13647e-005
8.70426e-005
9.21176e-005
2.4216e-005
0.000386094
0.000113709
6.55011e-006
0.00331199
0.00616638
0.000647767
8.5862e-006
4.92926e-006
4.55872e-006
2.94008e-005
3.54961e-006
0.0001838
2.68361e-006
0.000143924
0
0.000386559
0.00545633
0.000618144
0.000458892
8.68009e-005
1.34191e-005
6.52911e-006
0.00662109
0.00849163
0.000170654
5.8103e-007
2.07671e-005
0.00105801
2.03346e-005
6.91179e-006
0.000243975
3.38609e-006
0.000480732
1.91643e-005
1.08402e-005
3.01058e-005
5.83163e-005
1.65241e-006
0.000989789
0.000303739
1.97455e-006
8.97132e-006
4.24441e-005
2.42423e-006
0.000115294
0.00280981
0.000107714
4.11769e-006
0.000251161
5.58301e-006
8.04882e-006
0.000344638
2.45451e-005
1.81997e-005
6.75845e-006
0.00522703
0.000681536
9.77632e-006
0.000438806
3.49921e-005
0.000169838
1.18899e-005
0
0.000100165
3.2851e-005
0.000152391
0.00833305
0.00480142
5.58504e-006
4.10018e-005
5.35264e-007
6.32845e-006
6.98495e-006
0.00131139
1.68882e-005
1.87545e-009
4.05765e-007
4.35725e-006
0.000488968
1.16992e-005
1.68055e-006
7.76306e-006
3.74251e-005
8.45627e-006
0.000332919
0
0.000673039
0.000246265
0
2.61682e-005
1.1522e-005
1.03254e-005
0.000148851
1.47972e-005
9.60383e-006
0.000221267
1.23773e-005
0.000235276
0.000343146
1.44843e-005
0.000354809
1.25765e-006
1.63071e-005
0.000290478
0.000214867
1.97494e-005
3.43576e-006
0.000263033
0.00890165
2.45693e-005
0.000151768
0.000407565
8.12697e-005
0.000205462
9.61437e-006
6.58522e-006
0.000121181
0
2.90025e-005
0.000749335
3.74884e-006
8.21668e-005
0.000173974
5.17119e-005
0.00104889
0.00022947
0
0.000524195
0.00012453
9.32222e-005
3.01211e-005
6.71048e-005
8.06483e-005
8.33896e-005
3.77263e-005
0.00224506
4.30587e-005
3.72944e-005
2.64236e-005
0.000121844
0.00357888
3.32976e-005
2.45938e-006
1.56098e-006
2.72392e-005
3.15753e-006
0.000432965
0.00012374
0.000528801
1.41541e-007
0.000124093
-4.18528e-011
6.44739e-005
1.86301e-006
0.00473959
8.06046e-005
0.00022319
0.000134873
1.531e-006
1.25687e-005
2.07259e-005
7.57382e-006
6.73773e-007
1.69308e-005
0.00919548
0.00923684
3.66674e-005
5.73989e-007
4.67193e-005
8.61141e-005
0.000436271
2.60219e-006
9.97396e-012
1.95049e-005
2.61816e-005
4.73872e-006
1.57911e-005
1.63661e-008
4.78706e-008
4.62086e-006
1.00006e-005
0
1.16564e-005
1.18644e-005
0.000209048
0.00910785
8.56326e-005
3.23685e-005
0.0111559
1.07935e-005
6.42509e-005
1.80919e-007
0
3.75248e-007
0
1.91413e-005
4.10571e-006
0
7.07265e-005
6.03549e-005
9.82303e-005
0.000101103
7.63274e-005
0.00677344
9.39141e-006
0.000654894
1.47879e-005
1.15702e-005
0.000197834
6.2561e-005
0.000334922
1.28118e-005
0.00039825
3.21118e-005
3.27745e-005
5.01525e-005
6.60779e-006
0
0.0094146
8.9652e-006
5.42313e-005
0.000179641
1.82021e-006
0.000123968
5.60315e-005
0
5.10713e-006
1.13312e-006
2.58264e-005
5.05276e-006
6.49327e-005
0.00012734
5.62184e-007
4.60722e-005
3.97514e-005
2.25192e-005
9.98564e-005
7.6203e-005
0.000437535
3.84427e-005
8.35168e-005
0.000163379
1.73011e-006
4.41155e-006
5.39871e-005
1.21003e-005
0.000133346
1.51498e-005
2.3845e-005
2.09703e-005
0.000150695
2.83411e-005
0
7.75272e-006
1.21312e-005
3.0614e-006
2.78108e-006
0.00577606
0.000837434
0.000133847
0.000332629
0.000202186
8.63467e-005
0.000369561
2.74172e-007
0.000115584
0
1.82771e-006
2.02287e-005
0.000433328
5.58467e-006
0.00241474
0.000731873
1.67737e-005
0.000302635
0.000274353
0.000532058
9.44071e-006
3.19733e-005
2.24012e-005
1.47353e-005
0.00144324
7.93886e-005
0.021472
0.000298679
7.16376e-005
9.93089e-006
0.000672706
3.04219e-005
2.53651e-007
1.66201e-005
0.000108841
8.00905e-007
4.14886e-005
0
1.77411e-007
5.9402e-005
0.000139779
0.00473035
7.52152e-006
9.10743e-006
0.000159472
3.35686e-005
0.000146464
0.000308385
1.32447e-005
1.07722e-006
0
0.00524659
0.00604404
0.000463213
0.000706839
0
0.0139344
1.03907e-006
5.46754e-005
6.02121e-008
4.65699e-006
0.00065098
0
2.486e-006
2.35424e-005
9.27371e-006
0.0181493
1.80439e-005
1.23601e-005
3.43616e-005
3.28616e-005
0.000124292
3.64884e-008
4.78761e-005
5.24349e-005
8.78839e-006
0.000329551
0.000490452
0.000747939
2.99867e-006
0.00449767
0.00360454
0
1.84341e-005
0.000103379
0
0.000478966
4.6622e-005
3.08155e-006
0.000179091
0
4.24101e-006
0.000181657
0.00411507
0.000289449
4.93328e-007
1.18913e-005
0.0010292
0.00043745
0.000163915
8.94753e-005
1.44801e-005
7.00244e-008
6.39566e-006
0.000330826
0
0.000143548
0.000129143
5.04948e-006
7.72278e-006
3.2316e-005
1.84476e-006
5.56396e-007
9.59963e-005
0
0.000410364
9.0853e-005
1.81697e-008
4.73548e-006
0.000230067
0.000294939
0.0198486
1.39991e-005
0.00340269
2.64238e-006
0
1.55301e-005
5.53562e-005
0.0012427
0.00216135
8.74749e-006
1.23322e-006
0.00142614
6.04701e-006
0.000134116
0.000151312
9.77971e-006
0.000349664
5.06125e-006
2.58271e-006
9.31059e-005
4.18627e-006
7.17088e-005
9.4047e-006
9.88753e-006
4.39125e-006
0.000401951
7.4751e-006
0.000103803
5.16447e-006
7.81444e-006
0.00549308
0.000244114
0.000208183
4.28372e-006
0
5.56555e-006
2.99313e-005
0.00356525
1.33279e-006
6.09873e-006
2.78049e-006
4.77705e-006
0.000780214
2.8982e-006
3.32312e-007
6.76807e-005
1.82583e-005
0.00453985
3.97323e-007
2.45118e-005
1.97515e-005
2.39333e-006
1.93582e-005
3.07935e-006
0.0021416
5.87975e-005
9.48278e-005
4.08622e-005
0.000160905
0.000114633
0.000320597
7.27122e-005
5.25579e-006
0.00133867
1.83514e-005
3.51509e-006
0.0121391
0.00184483
5.47781e-006
5.25074e-006
0.000687735
1.12731e-005
0.00064337
6.57455e-006
4.01844e-005
0.00014146
6.72901e-005
3.54774e-005
3.22553e-005
3.02736e-007
1.97248e-005
-2.95193e-016
1.46852e-005
5.93927e-005
3.90836e-005
2.3545e-006
0.000171776
0.00010692
1.80657e-005
3.85363e-005
1.08283e-005
3.79652e-005
0
0.000153308
0
6.02611e-005
2.26198e-005
0.0032348
5.81695e-005
0.000103806
6.73648e-005
1.13812e-005
9.61934e-005
2.23974e-006
1.36184e-007
9.18783e-006
0.000202987
1.6897e-005
1.47042e-005
5.9777e-007
5.64012e-006
2.08892e-005
0.000253824
0.000129915
0.000308121
1.7767e-005
0.000263578
0.000435966
2.54574e-007
2.94033e-005
0.00442051
6.89092e-005
0.00669069
2.79668e-005
6.87073e-005
2.48383e-005
1.55487e-005
9.30056e-007
1.52693e-005
5.82625e-006
5.37532e-006
2.48848e-005
5.17331e-005
1.09818e-005
7.80429e-006
0.0043986
3.07451e-006
2.75737e-005
0
0
0.000402989
4.81806e-005
0
0
1.30375e-005
0.0113653
0.000458307
0.000206327
0.0031315
7.20687e-005
0.00102053
9.50237e-005
0.00267261
2.92214e-006
0.000442562
1.12009e-005
2.5747e-005
2.25642e-005
0.00015007
0.000393862
2.17055e-005
1.83789e-005
1.4937e-005
7.92879e-007
4.3942e-005
1.88056e-006
2.20847e-005
1.51678e-005
3.4787e-005
1.54179e-006
0.000180723
1.55824e-005
3.54326e-006
5.81026e-007
5.10484e-005
6.35006e-005
0.000100961
0.000174039
0.000154593
0.00236894
0.000474719
2.90239e-012
6.86501e-006
8.73941e-006
5.69547e-005
0.000360881
2.93079e-005
0.000968573
2.16819e-006
3.58545e-005
8.8041e-007
2.69731e-005
0.00173497
0.00243576
6.51362e-006
0.00032454
0.000533852
0.00279182
0.00571931
2.41841e-005
1.17012e-006
0.000818685
0.000458207
1.35729e-005
0.00385907
0.000109457
6.14359e-006
1.06787e-005
1.44749e-007
2.17891e-005
0.000113391
7.2487e-005
0.0029608
3.14666e-006
4.48071e-005
6.139e-006
3.65507e-007
5.75847e-005
4.40412e-006
7.6205e-005
0
6.88722e-006
0.00046504
2.28529e-005
0.000326925
2.07318e-005
8.27753e-005
0.00571211
0.000627352
0.00051644
5.78352e-005
6.24542e-005
8.52957e-005
1.66721e-005
0.000346202
0.000315982
1.07125e-005
1.29973e-006
1.12306e-005
0.000884494
0.00852644
1.00808e-005
0.000452705
0.00190988
3.20476e-006
0.000101999
7.44324e-005
0.000226345
0.000508656
6.35151e-005
1.27643e-005
0.000695182
0.000170348
3.73636e-005
6.28901e-006
1.92008e-007
3.43788e-005
0
3.9555e-005
3.76602e-006
1.29987e-005
8.94044e-006
2.32253e-005
7.98732e-005
2.87681e-005
3.51135e-007
1.02388e-005
2.48786e-005
1.96252e-005
7.10304e-006
1.57e-005
4.75955e-008
0.000219652
0.00418195
1.68565e-005
0.00013442
0.000180666
2.67857e-005
0.000587078
0.000265917
0.00201453
0.000233508
-2.99155e-009
1.09605e-005
0.000107824
0.000707513
1.55705e-007
0.000175703
4.23118e-005
8.35133e-008
6.39664e-005
0
5.81846e-005
0.000519491
6.94373e-005
0.00538566
9.18102e-005
7.99907e-006
3.21883e-005
0.00055217
8.92719e-006
0.000407589
1.74137e-006
0.00396806
0.000229419
0.000319821
5.36754e-006
0.000740484
1.00035e-005
0.000223188
4.5273e-006
0.000408211
0.00012073
2.09622e-005
5.77676e-006
0.000809801
0
0.000110049
7.61306e-005
4.32284e-005
5.15391e-005
2.63937e-005
8.21661e-005
5.70447e-005
8.9086e-005
0.000280173
2.15452e-007
2.55385e-005
4.3809e-007
3.73125e-005
0.00309029
0.00538249
0.00255218
0.00101923
0.00902936
7.90371e-005
2.22507e-005
3.03653e-011
0.000102251
5.23008e-007
3.24968e-005
4.46575e-005
6.75783e-005
0.000950655
0
5.20676e-005
0.00018157
0.000174288
0.00241667
8.17207e-005
8.09524e-005
0.00101383
0.000114579
2.01448e-005
0.000129285
2.07609e-005
1.62067e-005
0.000188241
7.91104e-005
0.000100974
0.000325858
0.000141387
3.71184e-005
1.52743e-005
0.000199961
6.37379e-005
8.23019e-009
0.000915476
0.000640551
4.22912e-007
7.37478e-005
2.66974e-006
0.000358099
0
1.88397e-005
4.73356e-006
0.000165999
0.000110598
0.000130222
1.04327e-006
9.08566e-005
8.24859e-006
2.25237e-006
7.89105e-005
0.0180546
1.02646e-005
2.04959e-005
0.000273976
0.000393854
6.02278e-006
2.35229e-009
0.00147927
0.000117394
0.00121612
0.000141309
4.33075e-005
4.57745e-005
6.53973e-007
0.000857705
0
1.32277e-005
0.000119876
3.26794e-005
1.04637e-005
0.000344632
0.000109278
1.94749e-006
0.000365421
4.81756e-006
1.60211e-006
9.02954e-006
1.11351e-005
0.000150066
8.21469e-005
3.26941e-005
2.07757e-005
4.04439e-006
4.44387e-005
0.000211898
1.08203e-006
0
3.11799e-005
0.00132502
1.11351e-005
6.95212e-006
2.731e-005
0.000175762
0.00202434
6.51258e-005
1.05446e-005
2.98252e-006
0.00571307
6.15411e-005
3.74371e-005
0.000888767
0.00154404
1.84715e-006
0.000607758
0.00580548
1.96344e-005
1.32772e-006
6.82177e-005
0.00856128
3.675e-005
0.000116403
0.000122633
0
2.31833e-005
2.32466e-005
8.35302e-005
1.61145e-005
0.000313585
0.000199066
3.46325e-005
4.73271e-005
2.94721e-005
9.44301e-006
0.000126227
5.67773e-007
7.56896e-005
0.000153393
1.02246e-005
0
3.65889e-005
4.44543e-005
4.89469e-005
0.000215421
6.93695e-006
0.0017842
7.29119e-006
4.10232e-006
0.000653444
6.09604e-005
1.25417e-005
0.0150878
0.000409999
1.21202e-006
2.56503e-006
4.09236e-005
1.7551e-005
1.01881e-005
0.000488946
6.44912e-007
0.000115232
2.3771e-005
1.78908e-006
7.00808e-006
1.59566e-007
0.000289784
7.22969e-006
1.03844e-005
6.05142e-005
3.67239e-005
0.00357931
8.31937e-006
8.31944e-006
0.000171155
2.28244e-005
2.86506e-009
9.03699e-005
3.30704e-005
7.43886e-006
0.000234541
0.00375405
0.000753783
5.19611e-005
0.000265965
4.68234e-005
7.68959e-005
0.00405025
0.000185363
8.28941e-007
5.68189e-006
4.69734e-008
0.00098861
0
6.85833e-005
0.000141016
9.81862e-005
0
1.82695e-005
1.7103e-005
6.24539e-006
0.000175924
3.56424e-005
3.7659e-006
0
1.12699e-005
2.67102e-005
2.81046e-005
7.27352e-005
0.00015195
4.30718e-005
9.52893e-007
0.000188083
0.000294578
4.92743e-006
5.8293e-006
4.88805e-006
5.31178e-005
4.41083e-007
0.000319126
6.72904e-005
1.54107e-005
1.42223e-005
6.49649e-006
5.52124e-006
3.16284e-005
0.000349969
0.00023011
4.76829e-006
5.44788e-005
4.59916e-006
1.6791e-006
3.92737e-006
5.96351e-005
5.76889e-005
1.7857e-009
9.25785e-005
3.45098e-005
0.000116533
6.64967e-006
0
0.00159166
0.000126033
0.000245131
-1.37475e-010
0.000249387
2.15817e-005
2.13554e-005
0.00125636
5.27079e-006
8.68913e-005
9.41688e-006
0.000115373
1.90584e-005
0.00740459
0.000106355
3.68932e-005
1.46519e-005
1.04736e-005
4.13914e-006
8.26843e-005
4.85348e-005
0.000408837
0.00340485
7.585e-006
7.97138e-005
1.93633e-006
1.79188e-006
7.9804e-005
1.08489e-005
6.59219e-006
0.000105022
0.000183522
0.000155027
0
9.76692e-005
-3.68634e-013
3.60025e-006
4.41039e-005
6.4719e-005
0.00920032
0.00328293
5.81163e-005
3.30186e-005
0.000288841
1.12026e-005
8.00961e-006
7.55969e-005
0.000103069
5.83857e-006
0.00073413
1.54993e-009
7.41922e-006
1.20381e-005
2.69798e-005
0.000460158
1.29162e-006
1.91098e-005
0.000136806
1.95579e-005
0.000506968
2.99896e-005
3.99982e-005
1.79617e-005
0.00019274
0.000184912
1.99416e-006
2.29402e-005
1.59916e-006
3.81949e-005
0.000377363
1.26652e-005
0
0.000326422
0.00139963
6.66854e-005
2.04327e-005
6.08908e-006
0
2.306e-005
6.46616e-005
0
0.00461434
4.66432e-005
0
2.74526e-006
2.74526e-006
0.000243762
6.04769e-005
0.00348424
0.00190159
3.1087e-005
3.52119e-005
0.000182553
0.00148186
0.000410577
9.66918e-005
4.6339e-005
4.34757e-006
0.00015993
9.34911e-005
2.85121e-005
0.000585866
5.62493e-005
2.41922e-007
2.05978e-005
0.00121981
1.1496e-005
7.09248e-006
1.2153e-005
0.000219494
0.000177848
3.61656e-005
1.39122e-005
0.00106785
0.000559406
0.000620339
0.000129657
8.43711e-006
3.01084e-005
0.000683895
0.00011219
0.000568804
3.97651e-006
1.06056e-005
0.000114957
6.60352e-006
3.51672e-005
0.000306786
2.21567e-006
3.7034e-006
1.33163e-005
0.000138187
3.59015e-006
3.55264e-006
0.000768569
2.08329e-005
0.000143765
9.04869e-005
1.3199e-005
0.000145124
0.000277028
0.000363953
5.71127e-005
0.00016763
2.09889e-007
0.00230061
1.51962e-006
0.000357302
6.53031e-005
1.30101e-005
1.31108e-006
1.02985e-005
0.000250788
8.2845e-005
5.09043e-006
7.1505e-006
0.000424713
0.000406422
7.94825e-006
1.27644e-005
6.44809e-005
0.0117591
0.001105
2.63792e-008
7.13748e-005
7.09566e-005
0.00834269
1.77924e-006
1.00182e-006
0.000535938
0.000254639
5.24137e-006
0.00259626
0.000621185
1.43252e-005
0.000226273
7.68573e-007
1.27137e-005
0.00165135
1.94228e-005
8.64494e-006
0.000278185
1.54978e-005
0.00075384
1.3832e-005
0.000156627
1.88838e-005
5.33833e-005
1.16146e-005
0.000107244
0.000273692
1.40649e-005
1.73767e-005
1.04531e-006
0
1.68998e-005
0.00144616
1.32536e-006
4.47279e-006
0.00103711
0.0474951
0.0359721
3.93618e-006
7.36063e-005
5.82746e-005
0.000439502
3.5514e-005
5.10843e-005
2.18433e-005
0.00049789
2.17669e-005
4.1555e-005
1.55601e-005
0.000209125
2.61954e-005
0.000797955
2.32488e-005
0.00236948
0.000470497
0.000855069
0.000461463
0.000443448
7.47593e-005
7.45635e-005
0.000200196
5.46082e-006
0.0019441
2.74589e-005
0.000313362
0.00356829
4.10068e-005
1.8231e-005
0
8.02948e-006
3.38046e-006
0.000849251
7.08954e-005
1.76615e-005
1.68513e-005
0.000257336
0.0096806
0.000409052
4.30522e-005
0.000974944
4.47442e-005
0.000465252
5.96484e-005
1.45477e-006
0.000108529
0.000136991
3.8064e-005
7.74846e-008
0.000954574
1.76559e-005
9.84386e-005
0.000232142
1.44262e-005
8.66009e-007
2.05585e-005
0.00301797
1.34045e-005
2.15279e-005
9.88e-005
3.52882e-006
1.21656e-005
7.06185e-006
2.0203e-005
5.39329e-005
7.13919e-006
2.76574e-005
0.000102443
0.000429926
1.1805e-006
0.00053829
0.000729626
0.00177233
0.000110777
0.000155806
0.000139348
6.18828e-006
1.98787e-005
8.91328e-006
0.000481632
0.000458763
1.31074e-005
2.21324e-005
7.39631e-006
1.14061e-005
0
0.00179095
8.47208e-006
3.6398e-006
0.000168251
0.000103755
0.000163196
0.00376242
0.00173363
2.02423e-005
2.11359e-006
2.86499e-007
2.88918e-005
0.000144782
0.000196349
1.92617e-005
2.27912e-005
1.26337e-006
0.00663535
3.21618e-006
0.000103855
0.000142227
3.54996e-005
1.29263e-005
0.00078883
1.13312e-006
-1.0899e-009
6.2849e-006
0
0.00207986
0.000414315
6.31792e-006
5.06619e-005
0
5.50766e-005
9.20588e-006
0
0.000365417
2.12153e-005
0.000264136
0.00256467
2.01643e-006
2.4023e-006
1.2158e-005
0.000103313
0.00015516
3.55736e-006
0.000316671
5.21398e-006
5.1003e-006
0
3.9592e-006
0.000400701
9.05798e-005
7.54861e-005
6.50237e-005
9.98383e-005
0.000151467
7.04953e-006
0.0006621
3.20981e-006
3.48265e-006
8.75964e-005
0.00156753
7.6939e-007
5.93575e-005
2.31439e-006
0.00115324
9.55423e-005
4.8384e-005
9.76631e-007
3.33523e-005
3.59799e-006
1.7942e-006
3.38526e-006
2.4601e-006
6.15035e-006
1.62065e-011
4.09246e-005
2.95312e-005
6.32312e-007
8.31885e-006
1.68933e-005
0.0173794
1.53401e-005
4.44879e-005
9.67073e-006
0.000228
0.00473072
3.0823e-006
5.5179e-005
0.000151127
7.14143e-005
1.42024e-005
9.29568e-010
0.00129902
0.000588136
0.000188258
2.11882e-005
0.000102826
6.71536e-005
4.09133e-006
4.81522e-006
5.34683e-006
6.50304e-005
2.00327e-007
1.78467e-005
0.0026196
1.19272e-005
0.000250456
9.82278e-006
0.00329191
0
0.000896905
7.06879e-006
0.00630232
4.17134e-005
4.86564e-005
0
1.49029e-005
0.000124749
0.000421366
1.6404e-005
1.86705e-005
0.000138684
0.000141857
0
1.04391e-006
8.17188e-005
2.37556e-006
0.000302863
1.97869e-005
2.33633e-005
0.000137842
2.59288e-005
0.000139235
7.97067e-006
3.15889e-007
2.79741e-005
0.000753177
0.000111623
5.0186e-005
3.39118e-005
5.40477e-005
3.20821e-005
6.85825e-006
7.47822e-005
3.7054e-006
0
4.88433e-006
1.98351e-005
0.00100754
0.000927181
1.68592e-005
4.07033e-006
0.0105364
5.15045e-005
2.37293e-005
0.000179225
0.000434136
1.83679e-005
2.13319e-005
3.77146e-007
1.65086e-006
7.28508e-007
2.21377e-005
5.41303e-005
0.000236109
1.94771e-005
3.51707e-005
0.000161748
4.32756e-005
4.55099e-005
5.86912e-005
7.76611e-006
0.00264304
2.67098e-005
0.00216892
1.54562e-005
2.08687e-005
0.000167121
0.000314209
1.97384e-005
2.53283e-005
1.93765e-006
6.88616e-007
1.12743e-005
2.13641e-005
2.89308e-005
0.0067715
0.0011587
0.000407876
0.000207368
1.3459e-005
2.60615e-006
1.97483e-005
1.37387e-006
7.70878e-005
6.4707e-005
1.13702e-005
4.06147e-005
3.03376e-006
0.000196387
0.000668493
3.34034e-006
0.000635885
1.80614e-005
0.000146225
3.66294e-006
2.27162e-005
0.00017258
0.00253345
7.04101e-005
3.46683e-005
0.000499969
0.000115126
0.00036152
1.73164e-005
0.000250899
1.98774e-006
8.58091e-007
0.00353709
4.5263e-005
1.74301e-006
0.00575254
0.000697098
0.000106284
3.46667e-005
0.00124388
0.0012485
7.2397e-005
2.3902e-005
1.08476e-005
2.08858e-006
4.62239e-005
0.000632265
0.000167939
5.83351e-005
4.88041e-005
7.42104e-006
6.91959e-005
1.09612e-005
9.39096e-006
1.97474e-005
0
1.31242e-005
0.00122863
0.00104987
7.1653e-006
8.86495e-007
0.000225551
0.00305995
0.000129439
1.55717e-005
8.23394e-005
0.000319574
0.000562442
0.000305746
3.74297e-005
9.83105e-006
5.91451e-005
5.7054e-005
3.65126e-006
1.4602e-005
0.00280572
0.00468101
8.82926e-006
0.00444243
5.64074e-005
2.11251e-005
0.00021744
5.87911e-006
0.00329057
8.52739e-006
0.00114854
0.00755319
8.03809e-006
1.27682e-007
1.08817e-005
0.00305859
7.57936e-006
6.79471e-005
1.23815e-005
8.14932e-006
5.33676e-006
4.05363e-006
1.37907e-007
5.49592e-006
0
9.54101e-007
5.62965e-005
1.05734e-005
4.61549e-005
2.84168e-005
0.000111773
8.6347e-006
0.0132403
0.00653548
2.09291e-007
1.89053e-005
0.000222222
0.000926304
1.74432e-005
0.000603
0.000268961
0.000314111
0.000465619
4.67871e-006
2.39969e-005
0.00039762
6.10064e-006
7.37691e-005
6.89133e-005
4.65138e-005
1.14426e-006
0.00150553
5.41014e-008
0.0027502
0.000632771
0.0141343
4.25533e-005
0.000198429
0.00109657
5.48544e-005
9.26049e-006
3.73212e-005
5.22793e-005
1.72538e-005
4.33917e-005
4.55091e-006
5.0517e-005
0.000240151
0.00200569
3.95926e-005
8.78965e-006
6.05938e-005
2.21621e-005
4.80125e-005
0.00659585
0.00220474
1.20342e-005
1.71524e-005
3.03169e-005
4.38052e-005
4.94586e-005
0.00101326
0.000400253
2.68589e-006
0.00143697
0.000121415
0.00436138
0.000524215
3.35404e-005
1.25088e-005
2.07849e-006
0
1.03311e-005
0.0106345
0.00219476
0.000245262
9.38987e-006
5.04498e-005
0.000616426
6.41695e-006
1.16797e-005
2.62965e-005
2.95183e-005
0.00152107
0.00232424
9.11357e-006
1.91645e-005
0.000566164
2.838e-005
0.00280249
0.000205285
0.000875775
7.02757e-005
1.41574e-007
4.18132e-005
1.04886e-005
0.00683468
2.9183e-005
4.22251e-007
8.04582e-005
0.000133403
8.18417e-005
3.54017e-006
0.000179634
1.5197e-005
0.00333138
1.07955e-005
3.05533e-006
0.000383381
3.98154e-005
1.58718e-006
3.39886e-005
0.000361357
5.12822e-005
6.86229e-005
0.00287609
5.90846e-005
0.00016285
1.21291e-006
0.000262394
3.19827e-005
0.00164396
2.58619e-005
-2.67121e-009
3.5829e-005
0.000139763
0.00798766
0.000141264
7.39929e-005
5.53936e-005
2.13651e-005
2.22299e-005
2.40106e-006
4.99246e-005
2.5457e-005
0.000201907
4.06402e-008
3.44573e-005
2.31025e-005
1.00306e-006
0.000221112
0.00163954
4.66457e-005
8.54357e-005
0.000508995
7.42215e-006
3.23666e-005
2.35887e-006
3.29244e-005
0.000180601
2.11909e-005
3.48536e-005
1.25598e-006
0.00920027
0.00166355
0.00484539
6.97537e-006
8.1953e-006
0.000173806
0.000625892
0.000148819
0.000107311
1.24848e-006
0.0350247
3.26722e-006
-7.66779e-013
3.02471e-005
3.17192e-006
1.73063e-005
5.34105e-005
2.20426e-005
3.88243e-005
7.85166e-006
0.000131272
3.0169e-006
4.51587e-005
0.000145481
0
9.09907e-005
1.17029e-005
0.000475557
0.00245934
1.71955e-005
5.74775e-007
2.98923e-007
9.11885e-005
4.5562e-005
2.15483e-005
0.00123536
4.74806e-005
1.82271e-006
2.57098e-006
0.0195129
2.66728e-005
4.3726e-007
0.00676098
0.000478777
2.66119e-005
0.000146951
9.27538e-005
0.000195429
0.0021486
0.00599904
0.000102953
0.00187453
2.05978e-005
1.17899e-005
5.31798e-005
3.8201e-005
0.0077064
1.34137e-006
2.98666e-006
0.000109456
0.000600643
0.00117013
2.7256e-006
0.000338926
5.54408e-005
2.07664e-006
0.000633937
0.000657375
3.66003e-005
2.40121e-006
2.68923e-006
0
1.56347e-005
7.92048e-006
0.000258983
2.0261e-005
3.82608e-007
0.000264704
0.000233032
3.78797e-006
6.38962e-005
6.87388e-005
5.14553e-006
7.78216e-005
0.00131649
1.52978e-005
0.000180499
4.86068e-006
0.00218109
5.1494e-006
0.000250144
9.4324e-007
4.64638e-006
0.000294216
8.94267e-005
6.64732e-005
0.00791216
0.000334321
0.000336319
4.33808e-006
3.23691e-006
1.83477e-005
9.76217e-005
8.40112e-005
6.59171e-005
8.90051e-005
1.65576e-006
2.54874e-005
0.000500057
7.38769e-006
3.1334e-005
0.00156056
0.000598335
1.42452e-005
7.38945e-005
8.58607e-005
0.000177065
3.87268e-006
1.43466e-005
1.90235e-005
2.30604e-008
1.97167e-005
6.46593e-006
0.000772181
3.11054e-005
0.00030326
7.62617e-006
9.94712e-005
2.31148e-005
0
7.72202e-005
0.000863869
0.000626857
4.19537e-006
0.00019391
2.2412e-005
1.32621e-005
1.78716e-005
0.000192491
0.000596659
0.0025178
4.49226e-006
5.34353e-005
0.000151899
0.00012926
3.91027e-005
1.04105e-005
4.19762e-005
1.37534e-005
6.47946e-007
2.85634e-006
7.08682e-005
0.000185477
4.58248e-005
2.54627e-005
1.44382e-005
2.25888e-006
1.15728e-005
9.04628e-005
2.78269e-006
0.000146495
0.00101424
1.35051e-006
1.06968e-005
0.000392144
0.000121259
5.62228e-005
0.000165912
6.3357e-006
2.64736e-005
4.0637e-006
6.33447e-008
9.45227e-005
0.00453253
0.000364326
2.06104e-005
9.63892e-006
2.60801e-005
1.43128e-006
8.18809e-005
2.48717e-005
4.60138e-005
3.56505e-005
4.11299e-005
0.000111462
1.72104e-005
0.00192032
0.00054979
0.000542878
1.26797e-005
0.000200249
0.000106495
0.000140044
0.000950119
4.34156e-006
2.05545e-005
7.56818e-005
3.06599e-005
0.00028968
2.50227e-005
9.8646e-007
2.74765e-006
6.75119e-005
2.83665e-005
1.70442e-005
9.57103e-006
5.1737e-006
0.000667571
2.77239e-005
0.000640143
1.01098e-006
1.11904e-005
9.45725e-006
9.36991e-005
2.3661e-005
1.96998e-006
0.000245824
0.00046705
4.49335e-006
0.00946409
0.000195559
2.81726e-005
0.000462056
0.000348887
1.66746e-007
7.44339e-007
0.00123363
0.000155537
3.27779e-010
3.55683e-006
0.00683921
0.000373424
2.24436e-005
6.0473e-005
9.63674e-007
1.33286e-005
6.39648e-006
1.72436e-005
8.28054e-005
0.00305857
4.42812e-007
3.53489e-006
0.0134487
0.000115545
2.93111e-006
3.37388e-005
7.11901e-006
7.14083e-005
3.97339e-006
0.000482423
1.1927e-006
0.00164288
0.0072209
4.2434e-005
0.00218777
4.17812e-005
6.74061e-005
1.47498e-005
3.43601e-006
1.28826e-005
1.49503e-006
3.78622e-005
3.54968e-006
1.35034e-005
0.00739608
1.5246e-005
6.35085e-005
3.34334e-006
0.00012083
0.0203836
0
0.000326763
0.000441912
3.11738e-006
2.80588e-006
1.1288e-005
0.000119503
5.59609e-005
2.17838e-005
8.50783e-005
0.00261306
4.93246e-005
-1.41227e-009
0.000174181
6.27996e-005
4.43487e-005
0.00647625
3.92662e-006
0.000135661
0.000313096
0.00165455
0.000242052
6.60274e-005
5.06238e-005
4.3166e-005
4.12492e-005
8.25414e-006
4.19071e-005
5.98724e-005
3.03617e-005
0.00031918
6.48171e-006
8.5874e-005
0.0134374
5.33572e-005
5.66512e-005
0.000111377
6.67724e-007
0.00056379
6.2661e-005
0.000764159
2.54128e-006
0.000499968
2.71661e-006
6.95038e-006
1.21495e-006
3.04104e-005
9.28796e-006
0.000351513
0.00404714
1.13648e-005
0
5.98003e-005
0.000247391
0.000483549
7.65993e-005
0.0034985
0.000400865
1.88712e-005
7.34512e-006
3.11065e-006
2.35455e-005
9.80935e-005
8.22253e-006
7.5203e-005
4.60022e-005
9.73102e-007
0.00596933
6.24869e-005
0.0001281
1.69496e-005
0.00110791
0.000100363
9.74413e-005
0.000545135
4.88674e-007
3.3555e-006
0
0.00042126
0.000115973
6.15989e-006
9.8509e-006
4.1221e-005
3.63632e-005
0.001314
4.12356e-005
1.66372e-005
1.42018e-005
0.0013286
0.000157125
0.000567338
7.19358e-005
0
0.000233338
1.43185e-005
6.00358e-006
2.303e-005
0
0.000235166
0.00011035
0.00408811
9.90366e-005
1.26797e-005
0.00378804
0.0004111
5.15001e-005
0.000223466
2.04144e-005
1.28732e-005
6.62583e-005
1.51435e-005
0.00183832
0
0.00416283
0.00236537
1.10091e-005
0.000256303
4.67359e-005
0
1.46368e-006
1.49635e-005
0.00141357
1.15413e-005
0
0.00309026
1.23761e-005
8.57021e-005
9.2883e-006
0.000568656
5.28626e-005
2.49076e-007
0.000199442
0.000175002
1.16519e-005
2.97174e-005
8.31614e-005
1.69367e-005
9.57393e-005
0.000219579
2.29641e-005
7.6153e-006
0.000147543
0.00117264
0.000393219
0.00025909
0.000143778
1.39908e-005
0.000479165
1.39769e-005
0.000347771
0.00696273
4.24575e-006
0.000174309
0.000107736
0.00335135
1.52243e-005
0.000967879
3.39188e-005
7.49712e-006
8.59091e-006
7.58994e-007
3.33807e-006
0.000235612
0.00350678
8.98868e-006
0.000501602
7.22044e-007
5.99115e-008
0
6.84025e-005
0.000309608
3.4859e-006
0.00411941
0.000122015
7.81351e-005
0.000108538
2.05924e-005
0.00415654
1.23907e-009
0
0.00025132
0
8.07533e-006
0.00351869
5.89895e-006
3.14379e-005
5.46887e-005
0.00169764
0.000112327
0.00152727
0.0010849
5.82775e-006
1.39891e-005
2.76227e-005
0.00146548
1.17531e-005
1.99933e-005
0.000184336
6.59297e-005
0.00465709
1.18935e-005
1.65574e-005
6.72153e-005
6.51788e-005
0
3.65704e-005
5.38219e-006
0.000471622
0.000291262
0.000282503
0.0123537
6.98036e-007
3.05969e-006
4.66723e-005
0.000389562
1.47357e-005
0.00488112
2.44957e-006
3.85333e-005
1.43087e-005
0.000560247
0.000785423
0.000607918
1.39115e-006
1.12522e-009
1.5133e-006
4.23644e-005
1.11765e-005
3.06953e-006
4.74303e-006
0
2.01318e-006
0.00261083
0.000299192
0.000187059
0.000301884
0.00020627
5.59434e-006
6.2037e-006
2.35603e-006
2.15445e-005
0.000832726
4.77765e-005
8.42303e-005
0.00161444
0.00831123
2.41294e-005
0.019459
1.397e-005
0.000137811
7.32078e-006
0.000260221
0.00317377
0.000375478
0.00011982
0.000124471
0.000711211
1.68939e-005
1.36855e-005
3.81136e-005
0.000241587
6.68837e-007
6.97569e-005
1.49236e-005
0.000195571
4.34409e-006
5.90898e-005
0
2.04918e-005
0.000126957
0.00166545
5.86143e-005
0.00116182
1.4701e-006
1.32364e-006
2.30865e-005
7.80719e-006
6.52809e-007
0.000483313
0.000332062
3.60526e-008
6.7909e-005
0.000100984
3.14237e-006
2.18445e-006
6.99632e-006
2.15863e-005
7.84659e-005
0.000786397
0.000256817
2.66757e-005
0.00156123
0.00599844
2.05535e-005
0
0
8.5726e-006
0.00197582
4.58649e-006
0.000125112
1.55805e-005
2.24413e-007
2.88866e-006
0.000113746
8.29047e-006
1.43471e-005
2.03714e-005
3.44035e-006
1.19256e-007
0.000192019
0.00978012
2.69466e-005
0
9.62359e-005
4.11507e-005
0.00225083
0.000122512
0.000363828
1.94621e-005
8.81333e-005
1.1034e-005
4.16507e-006
8.33923e-006
1.14267e-006
6.63299e-006
0.000414026
0.000638707
0.000217752
4.43504e-006
9.75961e-005
2.73994e-005
7.02048e-005
2.25669e-005
0
3.46678e-006
1.96147e-009
1.24485e-005
3.67039e-005
0.000241456
0.000321231
0.000258842
7.33779e-006
1.814e-005
4.96429e-006
9.38989e-005
0
6.24292e-006
5.44655e-006
5.27065e-006
2.21043e-005
0.000137169
5.12415e-005
1.12314e-005
0.000127161
9.63996e-006
5.58889e-005
0.000237866
0.00012247
6.65264e-005
1.024e-005
0.00011549
5.78265e-005
3.17662e-005
4.81706e-005
0.000524941
0.000508576
0.000364821
0.000456224
0.000408952
9.87152e-006
0.00028757
2.35132e-007
6.55976e-006
2.38742e-005
1.94752e-005
0.000104417
6.50474e-006
0.000343554
9.86697e-005
0.000419278
0.000157966
0.000115577
4.45037e-005
4.91984e-005
2.88293e-006
0.000104278
9.03782e-005
4.41875e-005
5.1028e-005
0
7.67694e-005
0.00117118
1.26419e-005
0
9.5371e-005
6.81601e-006
0.000337339
1.71612e-005
1.78129e-005
0.0012542
4.25787e-006
0.000791278
0.000907746
0.00144775
1.1873e-005
0.0101035
3.76646e-005
0.000587513
4.63515e-005
0.000978846
7.96907e-005
5.49213e-007
0.0436262
0.00884886
0.000587695
6.88798e-005
0.000117094
2.94802e-005
6.63325e-006
1.05158e-005
7.32555e-007
3.02141e-006
0.000332029
0.000496521
0.000840989
8.20238e-005
6.17883e-005
0.00044322
0.00129815
8.85785e-006
4.34173e-006
7.26736e-006
0.000654661
5.49144e-006
0
3.9908e-006
2.01197e-005
5.53641e-006
0.000914873
0.000122876
0.000162281
0.00173799
3.79617e-005
0.000927698
9.96728e-006
1.02133e-005
2.69385e-005
9.86791e-006
5.87039e-005
7.42309e-005
0.00012458
5.77327e-006
7.20932e-006
0.00015974
0.0113988
2.82084e-005
0.00408401
6.7927e-005
7.83073e-005
0.0181333
0
0.00104393
1.28295e-005
2.82309e-005
0.000218518
1.60402e-005
3.38583e-006
0.00968374
4.17069e-006
0.00441742
1.44778e-006
0.00128147
0.000122801
0.000241732
0.000288178
0.000262685
3.00596e-005
0.00012561
0.0027263
1.94892e-005
1.67866e-005
1.30895e-005
5.65057e-006
0.00247942
9.08561e-005
9.78749e-006
7.70879e-005
6.23228e-006
9.49512e-005
4.01504e-006
1.79366e-005
3.57523e-005
6.37343e-006
6.1027e-007
1.9033e-006
4.02538e-005
0.000353955
2.30772e-005
0.00702204
0.000123253
0.000117063
8.16343e-005
5.25591e-005
0.00033435
0.00211472
0.000255212
0.00045135
1.85645e-006
1.32024e-005
7.00709e-005
0.00694626
8.05702e-006
6.83758e-005
1.27076e-005
1.09827e-006
0.000123714
0.000223521
0.000454544
0.000415472
0.00135714
0.000274353
0.00119381
0.00115604
0.000740269
0.000215761
0.0039088
0.00320724
6.26796e-006
0.00018623
1.70399e-005
1.85472e-005
0.000100867
1.70614e-005
2.36532e-005
1.62105e-011
7.08586e-005
6.76632e-006
4.36764e-005
0
0.000196918
3.18007e-006
0.000224073
1.90822e-005
0.0001385
0.00320588
1.58515e-005
1.94584e-005
4.41615e-007
0.00100643
0.00433573
1.79551e-005
6.52733e-005
9.16474e-006
0
1.9498e-005
5.08426e-005
0
3.76158e-006
3.31677e-005
8.63582e-005
1.06352e-005
0.000808428
0.00247624
0.000252013
0.000291505
2.86815e-006
0.00011022
3.00543e-005
0.000263677
3.71659e-006
0.000578931
3.26049e-005
7.85252e-006
2.23671e-006
9.25215e-005
4.96354e-005
4.53661e-005
0.00383952
0.000186097
7.04024e-007
4.30529e-006
0.00218359
0.000108778
4.79328e-006
1.87867e-005
0.000181072
9.42967e-005
0.00117829
5.93523e-005
0.000271066
2.37199e-005
2.63597e-005
0.000975181
0.000140225
6.46742e-006
3.24209e-006
0.000188717
0.000574563
0.000393155
3.12481e-005
0.00761642
4.74721e-006
0.000394964
0.00309779
0.000408252
8.60443e-005
2.1484e-007
0.000836382
0.000197578
1.78949e-005
2.78553e-006
7.29418e-007
1.32573e-005
6.27268e-005
9.45323e-005
1.60799e-005
0.00207969
0.00265436
2.44809e-006
0.0041261
0.00157119
0.00157801
0.0116956
0.00211191
1.67085e-005
0.000542745
9.52613e-005
4.07713e-005
2.70039e-010
0.000106749
0.000183763
1.2506e-005
0.000522183
4.64937e-006
4.89317e-005
0
8.94832e-005
0.000398141
0.000446704
1.07707e-005
0.000212244
0.00196535
0.000147215
0.00190509
0.000544371
0.00022191
4.69556e-006
0.00404576
0.000303207
2.26728e-006
1.7083e-005
8.72404e-005
8.04204e-005
8.96097e-005
2.26431e-005
2.5812e-005
0.000686341
2.54298e-006
8.0154e-007
0
0.000219384
0.00155827
1.61063e-006
0.00161604
8.37912e-006
8.32805e-005
0.000277562
0.000101055
0.00464222
0.00158392
0.00066296
1.32723e-006
6.72488e-006
6.97015e-005
0.000418858
9.18191e-006
0.000116413
1.75144e-005
5.19269e-006
2.87638e-006
1.03164e-005
0.00335692
7.33916e-007
0.000285964
5.50994e-006
0.0036325
0.000628145
4.7436e-006
9.26328e-007
0.00340427
0.00214683
4.56322e-005
0.000141232
8.43089e-007
0
5.91628e-007
0.00182327
0.000594207
0
5.94605e-005
9.00461e-006
2.23938e-005
2.86575e-006
0.00960464
3.3248e-005
7.0727e-008
5.4335e-006
4.05645e-007
8.16671e-006
1.25385e-005
1.18303e-014
7.29688e-006
2.39449e-007
4.68312e-006
2.4762e-005
0.000130065
2.98589e-007
5.923e-007
0.000717729
0.00189432
5.35071e-005
2.78181e-005
0.00112698
3.03819e-006
9.36227e-007
5.89214e-006
2.10649e-006
3.58301e-005
4.77723e-005
0
1.36367e-005
4.42428e-005
0.00045622
0.000237583
0.00271036
1.16544e-005
4.59654e-005
0.000484723
5.71762e-006
0.00252507
2.81092e-005
9.28849e-005
2.44173e-005
1.39998e-007
0.000300606
3.4485e-006
8.56798e-005
3.39399e-006
0.00434025
3.0404e-005
5.58132e-005
7.1958e-005
2.04748e-005
6.83454e-005
1.70693e-005
1.85827e-005
0.000839852
3.28365e-005
3.79558e-005
0.000257149
0.00112381
6.46013e-005
0.000121599
3.14581e-005
3.03827e-006
0.000100129
4.06298e-005
0
0.000332919
4.45306e-006
1.10333e-005
5.22279e-006
0.000136707
0.000207606
0.000307129
6.58891e-005
0.0001798
0.000279988
3.25336e-005
0.0133781
4.0135e-009
0.000246392
0.000402987
0.000549394
5.27661e-005
3.35474e-005
1.32189e-005
0.000227294
0.000970324
0
7.23805e-006
1.0023e-005
2.36533e-005
1.78734e-006
1.78013e-005
3.97624e-006
3.38245e-005
1.87067e-005
2.42138e-005
2.91451e-005
3.55038e-005
8.34705e-007
0.00010061
2.68014e-008
7.16793e-005
0.00129431
1.52787e-006
3.81647e-005
0.000242276
1.58168e-007
1.97659e-006
4.19353e-005
3.41759e-006
8.18299e-005
3.09818e-005
4.70279e-005
4.36092e-005
4.74949e-005
2.40958e-005
8.47327e-005
0.000112159
3.08395e-005
0.000751788
2.47091e-005
7.63102e-005
6.71172e-006
6.12547e-008
0.000266567
7.71268e-005
0.000692027
8.84389e-005
0.000113862
0.000109745
5.00209e-005
4.09822e-005
1.94671e-005
0.00138709
1.32038e-005
1.93143e-005
0.00171568
7.62207e-006
0.00268581
1.88666e-005
3.74441e-006
0.00681244
1.65503e-005
1.12064e-005
2.46226e-005
0.000204967
4.05267e-005
2.50321e-006
7.7769e-005
0.0017035
1.10444e-005
0.000241092
2.12948e-005
0.000409711
0.00046658
0.000144968
3.62365e-005
4.49108e-005
1.35103e-005
0.000678785
3.87375e-005
5.59041e-006
0.000134254
1.33164e-005
3.58518e-007
1.62214e-006
0.00102761
0.0003057
0.0353808
8.98467e-005
1.0288e-005
1.92079e-006
7.20151e-007
1.43285e-006
0.000880991
2.9727e-006
4.12046e-006
0.000114354
0.0418416
0
0.000276143
0.000611277
3.10044e-007
3.29839e-007
0.0001798
0.000323545
0.00031126
0.000859724
0.000248331
0.000152525
0.000337196
0.000102177
3.05213e-005
3.09445e-006
5.61978e-008
4.22564e-006
0.000139788
4.99178e-005
3.54249e-005
3.13087e-005
4.42947e-006
0.000151274
3.36224e-005
4.11932e-006
0.000500132
0.0029025
0.0118507
8.30024e-007
0.00966114
0.000169068
2.00649e-005
0.000119872
4.00333e-006
9.93693e-007
0.00153549
1.74639e-005
6.35048e-006
2.96408e-005
1.08355e-006
0.000615761
0.00117195
4.69705e-005
9.76517e-005
0.000107625
7.80955e-006
1.92915e-005
1.14444e-005
0.009802
1.43358e-005
0.000446164
0.000108457
0.000199235
7.2924e-006
1.13836e-006
2.82513e-005
0.000227553
1.12512e-005
3.59798e-005
1.11288e-005
0.000885035
7.13136e-005
2.75759e-007
2.22067e-006
6.68728e-005
0.00355309
0.000822748
2.64544e-005
5.36007e-005
2.9925e-005
0.00153112
0.00106094
4.70142e-005
0.000353318
2.13423e-005
2.59783e-005
0.000259241
8.55939e-005
4.44057e-006
8.04281e-006
4.95486e-006
0.000308719
2.94555e-007
2.88537e-005
1.75751e-005
0.000604796
1.27254e-005
8.08502e-005
0.000177401
0.000765663
0.000186087
0.000204491
9.67498e-005
0.00117501
0.000729509
0.000895134
0.00928507
9.78094e-006
2.43619e-009
6.42073e-006
1.49415e-005
6.18013e-006
0.000196879
0.000259517
7.52735e-005
8.839e-007
0.00780183
9.19872e-005
0.00305603
0.00198982
1.03354e-005
4.05473e-005
3.64055e-005
2.11405e-005
1.84141e-005
0.000964439
3.93201e-005
6.88874e-006
0.00272203
0.00115789
1.27274e-005
0.000171556
9.08188e-005
0.00486866
1.31019e-005
0.0175182
0.000402413
0.00124488
0.000357935
0.00116685
0.000398113
0.000419195
0.000128945
2.26378e-005
0.00131142
0.00237553
0.000144952
0.00390488
6.60393e-005
0.00202704
7.07192e-006
3.61778e-006
7.06654e-006
0.000238249
2.26952e-006
6.34161e-006
0.00176159
0
0.000175541
0.00199871
0.00129978
1.24144e-006
2.09275e-007
1.31898e-005
0.000162033
1.43731e-006
1.36286e-005
2.0444e-005
0.000661084
2.7449e-005
0.00016038
0.000180492
0.000253567
0.000477126
4.90872e-006
2.28523e-006
2.51534e-006
6.183e-006
3.79107e-005
1.01661e-005
3.80579e-005
4.70777e-005
0.00140575
1.64298e-005
1.13666e-005
2.4539e-005
0.000509494
0.000109592
0.000145093
2.93884e-005
0.000931316
0.000961328
1.11445e-006
1.26228e-006
3.04727e-005
1.0936e-006
0.000442074
0.000239003
1.11056e-005
0.000355738
9.23738e-006
0.000916286
2.81371e-005
0.00015937
6.83126e-005
0.00010886
0.000262063
1.86464e-005
0.000379135
0.000275845
0.000108483
2.30894e-005
0.000168395
8.90209e-005
0.000443686
0.000293404
0.000538
0.000330501
0.000180734
2.82222e-005
0.000156171
1.68534e-005
0
2.02759e-005
2.21332e-005
0.000481344
0.000796502
0.00149483
0.000405939
2.19097e-005
0.000640839
4.71797e-007
-2.30665e-009
5.12983e-005
9.59108e-005
4.03202e-005
4.78005e-006
1.59898e-005
0.00132339
0.00111627
0.000178104
1.17499e-005
0.0007575
0.000176874
8.21225e-006
0.000619908
2.06605e-005
1.29209e-005
5.81854e-006
9.46436e-005
0.000386969
7.32256e-006
6.50228e-005
0.00790164
0
7.47029e-005
0
1.25829e-005
1.0356e-005
4.35145e-005
1.75774e-006
0.000121734
8.59632e-006
6.71543e-006
3.78076e-006
0.0014445
6.17511e-005
0.000210667
0.000448293
0.00043735
2.09235e-005
6.1712e-005
1.18443e-006
0.000542924
0.0001068
0.000966234
2.42509e-005
3.63195e-006
0.00015522
0
0.000851366
0.00813308
0.00744253
6.02262e-005
0.00225608
2.64677e-005
0.000103231
3.13234e-006
0.00215207
1.47208e-005
0.000114173
7.33079e-006
0.000184199
3.4302e-005
0.000314749
1.20888e-005
1.2858e-005
1.1895e-005
7.33369e-007
0.000481276
4.02867e-005
6.48952e-005
9.3605e-005
1.38327e-005
0.000460476
9.363e-005
0.0208712
1.30217e-005
6.45664e-005
8.88202e-006
0.00023394
0.000115077
6.45137e-005
2.21243e-005
1.05402e-005
0.000513502
0.00450994
7.88067e-006
0.00022282
0.00157133
0.000518867
0.000120737
7.22456e-006
4.9273e-007
2.53295e-006
5.25463e-005
5.3204e-005
0.000401638
3.4384e-006
3.262e-005
9.6133e-005
0.000102757
1.11903e-005
0.00827063
0.00347864
0.00451538
9.47268e-005
0
2.63373e-005
7.10867e-005
0.000413293
5.84482e-005
5.53368e-006
4.58589e-006
0.000921691
8.56929e-006
0.000111826
2.59073e-005
6.27477e-005
0.000105501
6.12231e-007
2.94879e-005
0.00645125
0.000114895
2.91463e-005
0.000386833
2.33484e-005
0.000688501
0.000113036
9.41789e-005
0.000114157
0.000302811
6.2812e-006
0.00107884
0.00145545
0.000177456
1.19484e-005
4.47948e-006
0.000316662
0.00117666
0.000573002
0.00121461
1.09287e-005
0.0001232
3.48666e-005
1.36434e-005
1.07324e-005
1.90479e-005
2.22454e-005
0.000147778
0.00728523
0.009272
4.69005e-005
3.98832e-005
0.0143923
0.00635311
1.20457e-005
0.000168458
0.0111835
9.87173e-006
0.000100118
0.000115946
0.000178078
0.00335958
0.00411597
0.000123289
0.000184596
5.27438e-005
4.33053e-005
6.31217e-005
7.28418e-005
7.10769e-005
1.00909e-005
1.79235e-005
3.04806e-005
-2.89729e-009
3.0132e-007
0.000105378
1.18566e-005
5.84778e-005
0
0.00111488
0.000793986
0.0006835
0.00274858
0.000679926
0.000623994
8.11919e-005
4.9798e-005
0.000195356
1.61307e-005
1.56886e-005
8.36044e-005
9.43907e-005
0.000198326
0.000144438
0.000284515
4.97079e-006
3.18778e-005
0.000174154
6.77655e-005
0.000611917
0.00156407
0.000105967
0.00103632
4.1474e-006
0.000106116
2.05975e-005
8.10964e-006
1.55871e-005
1.00526e-005
0.000823018
0.00122708
1.34382e-007
2.62388e-006
0.000327881
1.51037e-006
9.06652e-005
0.000603566
0.000317277
3.73552e-005
4.0683e-005
7.66185e-005
0.000231499
0.000142879
3.77606e-005
5.23413e-006
6.87909e-006
6.15324e-006
0.000153245
5.50063e-005
6.54556e-005
9.82019e-005
4.26835e-005
0.000149464
0.000166536
9.73083e-005
0.000254912
6.1753e-005
0.000228001
1.09612e-005
0.000116533
1.15094e-005
1.86196e-005
5.2181e-006
1.53859e-006
0.000155674
1.5581e-005
0.000800798
0.000141879
3.06624e-005
0.00196968
1.95697e-005
1.47155e-005
1.17822e-005
6.25634e-006
7.33056e-005
7.03909e-005
0.000137102
2.36882e-005
2.53831e-005
8.73472e-005
3.7775e-006
5.51291e-005
9.55712e-005
1.33592e-005
0.000670436
0.000116424
8.24067e-005
0.000351429
4.32066e-005
6.58537e-006
8.82315e-007
6.17669e-006
9.03566e-005
2.92669e-005
0.000109827
0.000734471
0.000596862
3.64805e-005
0.000215439
5.12528e-005
0.00276192
5.33979e-006
0.000357907
0.00323888
2.30283e-005
0.00043313
0.00240867
0.000220883
0.000218814
4.10944e-005
1.4602e-005
0.000358609
0.00788404
8.06719e-006
3.09697e-006
5.81838e-005
0.000677999
4.41872e-005
0.00344592
0.00024576
1.46731e-005
0.00013329
5.99251e-007
0.000544019
0.000151674
3.78935e-005
9.48309e-005
0.000127953
4.70129e-005
0.000184434
0.000209563
9.14633e-006
1.15251e-005
0.00442322
0.000104217
0.0156087
3.69945e-005
0.00014165
0.000661231
3.81463e-006
6.48526e-005
0.000327498
0.000237572
0.000106628
3.19247e-006
0.00265
0.00816058
0.000145489
8.04797e-005
0.0194357
0.00281556
6.74063e-005
1.02784e-005
0.00364361
0.000166964
0.000266438
0.000244248
0.000252129
9.46157e-005
0.000328032
6.85712e-006
9.62913e-005
7.27268e-005
4.33688e-006
0.000558307
7.35719e-005
0.00105674
0.000505666
0.000335427
5.77574e-005
0.00231869
3.46632e-005
0.0163689
5.77884e-005
9.90065e-005
0.000785969
0.000200704
0.00205281
0.00224749
3.84159e-005
4.81912e-006
0.00928816
0.000208452
0.000152804
0.000334174
8.39967e-006
0.000136663
0.000112075
0.000671894
1.07972e-005
0.000116423
5.22878e-006
4.17892e-005
0.000300855
2.22334e-007
0.000242768
4.14276e-005
4.56098e-005
7.99551e-005
1.31747e-005
0.00019954
0.000279998
0.000191785
3.05603e-005
1.60172e-005
2.07794e-006
0.000205304
0
1.24271e-005
1.95628e-005
0
0.000491773
9.85383e-006
0.00142931
1.00996e-005
6.52802e-005
0.000125603
0.000253935
0.00362595
3.42241e-005
8.85587e-006
8.4817e-006
4.82802e-006
2.7625e-005
2.52594e-006
0.00376625
1.24839e-005
6.4608e-006
2.86447e-006
5.2873e-005
0.00376606
0.00526201
0.00123936
3.66905e-005
0.0011958
0.00133353
8.77643e-005
0.000394371
2.69196e-005
1.12866e-005
1.28923e-005
0.000184935
1.78049e-007
8.11369e-005
0.000139415
0.000338459
0.000100831
2.21347e-005
0.00107646
0.000956218
3.78386e-005
0.000430467
1.09371e-005
0.000182494
0.000927688
0.000681258
8.95086e-005
0.000110313
0.000548791
0.00103245
0.0078531
0.00720382
1.82222e-005
5.75192e-006
1.12098e-005
0.000196618
6.36117e-006
0.000282843
0.000116835
0.000116453
6.31397e-005
3.12251e-006
6.29945e-005
1.74835e-006
0.000600786
0.000275826
0.000367427
0.000742444
0.000969642
0.000125524
3.08493e-005
0.000232676
8.17455e-005
1.87458e-005
0.000743928
0.000489426
0.00020515
0
1.4353e-005
2.77459e-006
5.05257e-006
0.000162062
5.94518e-005
8.47172e-006
4.542e-007
9.69705e-005
1.59685e-005
2.55998e-005
1.04979e-005
0.000314911
0.000816198
0.000197011
0.000230935
3.70095e-006
2.82293e-005
0.00154713
6.99167e-005
6.25881e-006
1.67185e-005
3.59008e-005
1.0585e-006
0.000606869
0.000171245
0.000123251
1.11333e-006
0.00213713
2.08483e-005
2.35666e-005
8.1109e-006
3.89768e-005
5.1787e-005
4.54225e-005
2.56601e-005
0.000444759
0.0125291
2.84962e-005
9.02443e-005
0.000128642
0.000779471
1.98822e-005
0.000241396
0.00123138
2.10904e-005
0.000245171
9.15601e-005
5.24351e-005
1.16414e-005
4.87897e-006
0.000158098
0.00245143
0.000170919
0.0013578
5.58248e-006
5.48854e-005
3.58557e-005
0.00141445
0.0021418
0.000182535
6.37616e-005
0.0014138
0.00210678
0.000180891
0.000259276
0.000131
0.000133687
6.14248e-005
6.88993e-005
0.00114715
5.51243e-006
0.000202838
0.000291803
2.74053e-006
0.000165017
2.96825e-005
0.000290983
0.0005492
6.81423e-005
4.20834e-006
0.000174437
1.07415e-005
0.000171176
0.000138694
0.000213671
8.78898e-006
3.32534e-006
2.27124e-006
3.06122e-005
0.000177693
2.23504e-005
7.23192e-005
1.19759e-005
0.000270206
0.000484115
3.90442e-005
3.75881e-005
3.43805e-006
3.74881e-006
0.000107737
1.00121e-005
4.17743e-005
0.00232174
0.00149728
0.000411733
4.25127e-005
0.000590955
0.000178369
3.77959e-005
0.0267218
1.172e-005
9.35623e-007
0.000861728
3.84215e-005
0
3.74076e-005
8.22727e-005
1.56871e-006
4.88162e-006
0.000172426
0.000118129
4.81799e-005
7.93556e-005
6.15421e-005
7.22901e-005
1.08236e-005
9.9006e-007
5.01337e-005
0.00267117
0.000268704
5.08753e-005
9.94202e-005
7.51585e-005
1.68629e-005
5.31589e-006
0
7.54838e-005
0.00132033
1.43602e-005
0.00239721
3.43849e-006
7.119e-005
5.02951e-006
7.81364e-006
8.36552e-005
6.29437e-005
0.00158604
3.08103e-005
0.0110882
0.000169564
9.20943e-006
4.22692e-006
0.00102088
0.000370822
1.86457e-006
0
0.00427807
9.98308e-006
8.59844e-007
0.000198152
1.41699e-006
0.000133351
5.26247e-006
0.000382709
0.000329861
2.61277e-005
0.00218061
0.000765404
0.000102707
9.65427e-005
3.05377e-005
2.67835e-005
4.24397e-006
0.00026799
7.30923e-005
7.73901e-006
5.01671e-005
8.58577e-007
1.84738e-005
0.000909486
0.00020301
0.00120157
1.41475e-006
9.12504e-006
0.000188819
0.000181628
0.000359166
1.40676e-005
0.000131643
0.000817078
0.0083369
0.00263867
0.000290704
0.000334224
9.55772e-006
3.38045e-006
6.59149e-005
0.0273645
2.00333e-006
4.44952e-006
3.17493e-005
0
6.28998e-005
1.90072e-005
1.64689e-005
1.1862e-005
1.37257e-005
0.000730093
0.000723537
2.50844e-006
1.9816e-005
1.6638e-006
0.000526786
5.15464e-007
0.00653224
0.000369428
1.62025e-005
1.06405e-005
0.000815386
6.28047e-006
3.54241e-006
5.95234e-005
0.00224167
0.00435995
1.41209e-005
5.02205e-005
9.06267e-006
7.75513e-005
1.21123e-006
0.00259771
1.0057e-005
3.01335e-006
6.6904e-005
1.08552e-005
1.53856e-006
5.17414e-005
7.80774e-005
1.6629e-005
1.7798e-005
0.000241233
7.18923e-005
9.66462e-005
0.00178628
9.42596e-006
8.26573e-005
8.14224e-005
9.4295e-005
1.72533e-005
0.00350832
0.0640385
2.95116e-005
1.15767e-005
0.00169734
2.98853e-005
1.95744e-007
3.23425e-005
2.95512e-005
0.00215203
0.000110655
0.000126905
0.000272319
6.1067e-005
9.61884e-005
0.000104942
0.000403265
0.000324772
1.52981e-005
5.68944e-005
2.89821e-005
3.7848e-005
0.000874639
4.24064e-005
5.19543e-005
1.57382e-005
0.000294113
1.39735e-006
1.91178e-006
0.001135
0.001232
1.04345e-005
0.000105057
3.14301e-006
0.00123529
0.000408935
0.00836636
0.0174503
9.72763e-005
0.00018754
0.000285654
7.39625e-006
0.000132928
4.2231e-006
3.5281e-005
4.63004e-006
3.18949e-006
0.000100899
0.000105589
9.36386e-006
1.14067e-005
0.000214216
0.00371201
0.000117631
0.00805052
0.000123288
7.70746e-007
5.90592e-006
0.00675505
0.0134131
8.14412e-005
0.00433045
1.35468e-006
1.43856e-006
0.0016297
0.0010428
0.00141285
1.74148e-006
2.94187e-005
0.00101644
0.000249198
4.05953e-006
4.07972e-006
0.00022592
4.5516e-005
2.55432e-005
0.000391441
1.63007e-005
0.000101543
3.00556e-005
6.42518e-005
0.000150229
3.95363e-005
7.15685e-005
8.25343e-005
0.00179878
0.000678677
2.47484e-005
0.00106695
0.000128004
6.11396e-005
7.56825e-005
0.000302418
0.00021064
8.75667e-006
0.00121219
0.000434919
0.00513179
0.000310096
0.00035152
0.000179796
1.79629e-005
7.69299e-005
0.000273092
0.000238336
1.50856e-005
1.21988e-005
0.00254722
0.000555386
0.000151112
0.000151112
1.80727e-005
0.000247487
2.10431e-005
6.78046e-005
5.71675e-006
0.00279196
3.76282e-006
2.05083e-005
6.87423e-005
4.79975e-005
0.00045721
0.00896051
0.00663743
0.00104336
6.42411e-005
7.04694e-005
0.000356328
0.000105358
3.64913e-006
0.000658982
1.05407e-005
1.03229e-005
2.10704e-006
3.93457e-005
0.000721891
5.33925e-005
0.0150876
6.9308e-005
2.41306e-006
9.25165e-005
8.51591e-006
5.05482e-006
9.64323e-006
0.000287935
0.0128981
6.2714e-005
0.00242195
0.0023267
2.80425e-005
3.94232e-005
3.78974e-005
3.44809e-005
7.023e-005
5.3036e-006
0.000482571
0.00710686
5.1304e-005
8.89831e-005
0.00166512
1.96549e-005
1.78853e-005
1.48362e-005
1.95608e-009
6.13809e-006
0.000138292
0.000877155
2.58032e-005
7.98062e-007
9.98798e-005
0.0213965
0.00102451
0.000669697
1.43399e-005
6.29637e-005
0
0.000104637
3.81831e-006
8.25698e-007
0.000334947
3.3595e-005
0.00107991
0.000353614
0.000159865
0.00219371
0.000141602
9.38242e-006
1.27777e-005
7.48298e-006
0.000894701
2.20142e-006
4.31087e-006
4.04142e-006
6.71862e-005
4.9817e-006
3.87182e-005
0.00251798
7.15057e-005
7.02416e-005
6.41379e-006
0.000108145
0.000549726
8.89471e-006
4.40615e-006
1.84077e-006
9.67526e-006
0.000199496
0.000209656
0.00658069
0.00072731
0.0027527
0.00141735
3.17466e-005
4.92734e-005
0.00112933
0.0009403
0.00376655
6.4124e-005
0.000492132
0.00744748
2.24974e-005
6.4166e-005
0.000565594
3.8853e-005
3.88534e-005
9.40795e-005
6.51423e-005
0.000124574
0.00522374
2.65274e-005
0.000135775
5.75003e-007
2.96957e-006
0.000673808
7.47392e-005
6.96282e-005
0
0.000170715
0.00123937
0.00123815
9.15023e-005
0.000119931
5.9585e-005
3.20584e-005
4.10968e-005
4.45174e-005
0.000651005
0.00016844
0.00366755
0.000318316
0.0078093
6.61759e-005
0.000228352
0.000221448
2.50443e-005
0.000278153
0.000291872
9.47006e-005
0.000146779
0.00210708
0.00048195
0.000107689
1.06146e-006
0.00862892
0.000379577
1.22336e-006
2.62883e-005
0.000642955
0.00126704
0.000672804
0.000269842
0.000400419
1.15699e-005
0.00294879
0.000473787
0.000370657
6.79263e-005
2.83727e-005
6.52394e-005
0.000115274
2.15964e-005
4.40611e-006
0.00015967
2.3021e-005
0.000508791
3.8327e-005
0.000413557
0.00725205
6.06582e-006
5.19278e-006
3.59141e-006
0.000106795
4.34213e-006
0.000152751
0.00020016
0.000119869
0.000151242
0.000333158
0.000365107
0.0135306
0.000117761
0.00030052
8.36908e-007
8.39207e-006
6.84882e-005
0.000245994
4.29872e-006
5.83951e-006
1.69945e-005
0.000122657
6.79403e-005
1.44771e-005
0.000164397
0.000456754
0.000779772
8.54983e-006
8.59952e-005
0.000340296
5.80937e-006
1.42136e-005
1.07845e-005
3.52584e-005
0.00118286
0.000449148
2.08125e-005
6.15223e-005
1.19136e-005
0.000109439
4.22242e-005
2.36558e-005
2.41968e-005
7.24104e-006
5.41433e-006
0.00375646
0.000383347
1.83735e-005
7.98769e-006
0.00320395
9.74094e-006
7.94787e-006
3.91836e-005
0.000100013
5.89714e-005
0.00106177
0.0003855
7.05559e-005
5.65906e-005
4.27653e-005
0.000137161
2.25994e-007
5.73212e-007
2.38114e-005
2.20079e-005
1.44002e-005
2.91041e-005
9.41444e-006
4.26508e-005
5.82984e-005
0.00014222
7.44815e-005
6.57049e-005
8.68981e-006
9.2349e-006
0.000124273
0.00547168
0.00089221
9.53443e-006
0.000140205
3.07478e-005
1.38956e-006
6.37093e-005
4.8201e-006
2.26113e-005
1.10358e-005
0.000287882
0.000109925
2.54856e-005
1.46181e-005
6.1456e-006
4.19246e-005
7.0236e-006
4.17633e-006
1.70119e-005
3.23937e-005
2.52062e-005
0.00197966
0.00144667
3.48546e-005
0.00218519
0.000165414
2.83509e-005
1.52488e-006
0.0241596
0.00116449
5.64984e-006
0.000474357
0.000108517
2.98282e-006
0.00997358
1.49153e-010
1.06941e-005
0.00054894
0.000142927
0.000141456
5.98627e-006
2.11987e-005
1.98612e-005
1.62046e-005
0.000119173
0.000517471
3.02452e-006
0.000122329
1.15543e-005
0.000134618
7.68761e-005
5.77709e-005
5.59842e-007
0.000842388
0.000435718
0.000137519
2.43695e-005
6.24748e-005
0.000262446
6.53305e-005
3.3666e-005
4.40904e-005
5.42169e-006
0.000391334
0.00321302
1.55855e-006
0.000331336
7.01681e-005
5.27548e-005
3.72608e-006
8.14311e-006
0.00104839
0.000926201
8.67664e-005
0.000154013
0.000118509
0.00549246
2.06159e-005
4.15114e-006
1.52799e-005
0.000123073
0.000305057
0.000156901
0.000123513
2.43613e-006
2.9792e-005
2.98219e-006
0.00024159
0.000278699
4.14765e-005
0.000958583
0.000456726
2.90487e-005
8.62725e-005
1.8375e-006
3.40403e-006
0.000111054
0.000656324
1.1896e-005
2.85432e-005
0
4.81858e-005
6.0851e-005
0.0130235
1.42464e-005
0.000451553
0.0011792
0.00385927
0.000242481
2.30188e-005
0.000412814
0.000450767
0.0003698
5.89411e-005
0.00697036
0.00163428
5.00033e-006
0.00534421
4.95537e-007
5.82773e-005
0.000121566
4.66004e-006
1.45413e-005
3.94124e-005
6.49578e-005
0.000172056
0.000125869
0.000359907
1.27306e-005
0.00489999
0.000375384
6.28936e-005
1.49101e-005
7.74657e-006
0.000601115
5.82066e-005
0.00127967
0.000331744
0.000665931
2.9071e-005
6.79419e-005
0.000150975
7.71311e-005
0.0266088
0.00825639
4.503e-007
5.67061e-005
2.16686e-006
0.000515358
0.0161443
0.00618406
7.09029e-005
0.000129786
2.18995e-005
0.00150821
0.000119492
1.09282e-005
0.00547936
1.51575e-005
0.00225026
0.000111418
4.60869e-005
5.27543e-005
1.47537e-005
3.98766e-005
1.12217e-007
1.18872e-005
1.39438e-006
0.000509134
5.99065e-006
0.000400606
2.0966e-005
0.000311505
0.0003486
2.46108e-006
1.18552e-005
7.72783e-006
0.000653654
0.00883797
0.000336122
1.43555e-006
0.000983341
0.000125529
0.000265308
6.98883e-005
0.00108025
2.10781e-005
8.00474e-005
3.95309e-005
2.21013e-005
0.000177642
0.00064282
0.000281456
0.000271681
0.000326243
1.03931e-007
0.000572856
0.00108914
0.000151879
3.8152e-005
9.15603e-006
0.000127302
7.42601e-006
6.21698e-005
0.000934299
0.000190068
0.000212826
1.7306e-005
0.000102405
1.75049e-005
8.21336e-005
0.000104775
1.12913e-005
3.48591e-005
9.96177e-006
0.00011162
0.00108249
8.85248e-005
3.49646e-005
5.1374e-005
1.11377e-005
1.05942e-005
0.0010392
0.000490751
9.3875e-005
3.04281e-005
0.00042553
0.000237678
7.78313e-006
0.000474441
0.000123737
0.00784329
0.00128878
9.1578e-005
7.24719e-006
3.22648e-005
3.10191e-006
0.00314063
2.34775e-005
1.11079e-006
1.97139e-005
1.94826e-005
0.00423005
0.000190186
2.17749e-005
0.00407686
6.80662e-005
1.16338e-006
9.4347e-005
6.87525e-006
0.00180679
0.000474188
0.000277273
0.000186524
3.06358e-006
1.2788e-006
9.14433e-006
1.60433e-005
9.4344e-006
5.98313e-006
4.95199e-006
0.000636683
0.000368789
5.65667e-006
3.43314e-005
5.54059e-005
0.000287853
0.000167461
0.00013255
0.000264207
0.000518509
1.06997e-005
0.0018989
2.87332e-005
0.00147326
0.000199769
2.83218e-005
8.48336e-005
8.88056e-006
0.0020551
1.17986e-005
6.18672e-006
6.6719e-005
0.000127396
3.59952e-006
0.000647305
1.11297e-005
0.000517714
0.000133216
0.000141332
3.41358e-005
0.000241343
9.41671e-006
0.00250068
0.00726765
8.051e-005
0.000209482
4.69157e-005
1.74692e-006
7.68499e-005
0.000174513
0.00145489
0.000548963
0.00136058
0.000266037
0.000115101
1.5464e-006
0.00027694
8.11075e-005
2.619e-005
6.53408e-005
0.000181472
0.000653369
0.000420257
4.38384e-005
4.91779e-005
4.54837e-006
3.16921e-005
1.49456e-005
1.22139e-005
6.1104e-005
0.000955308
1.75219e-005
0.000408122
0.00158331
4.68915e-006
4.66737e-005
0.000130993
0.000940779
0.000130494
0.000124629
0.000148375
7.53e-006
0.00120306
1.18674e-006
3.05766e-006
5.69783e-005
0.000288482
0.000309138
6.63717e-005
4.55726e-005
0.00418296
0.00025614
0.000186346
0.00020272
0.000216757
2.66906e-005
1.21075e-005
1.2759e-005
0.000126665
0.000268569
0.000117575
0.00213618
0.00136586
7.58656e-006
0.000149628
2.4826e-005
0.00107103
1.63793e-006
0.000100752
0.000326896
1.16584e-005
8.8132e-006
1.66688e-006
0.00351751
1.50921e-005
7.4674e-006
3.08792e-006
4.0362e-006
0.00110007
0.00342245
0.000300938
1.67401e-005
0.0254361
9.26691e-005
0.00114945
0.000840057
3.13994e-005
0.000514003
0.000243882
7.08834e-005
1.3412e-005
0.000146289
0.000237191
4.66939e-006
0.000880906
7.39826e-008
0.000405226
8.68272e-005
2.92332e-006
2.54761e-005
4.55888e-005
0.00138332
0.00333748
2.31752e-005
0.000612936
6.09659e-006
3.90339e-006
0.00014643
0.00915293
8.37346e-006
5.35446e-005
0.000422124
0.000245141
0.00406297
0.000119905
0.000356426
7.74053e-006
5.9198e-005
0.000546462
0.00298068
7.01347e-006
0.00130217
0.000924402
0.000203915
0.000177989
3.19247e-006
8.34931e-006
0.00297812
0.00236981
0.00525601
5.93858e-006
0.00219668
7.93404e-006
0.000282664
0.000103426
0.000174613
2.91071e-005
0.00299283
0.000147039
0.000363694
1.87203e-006
2.49183e-006
2.48785e-005
0.0202269
7.57734e-005
1.31095e-005
0.00382955
0.000891209
0.000235269
0.00488908
0.000330856
1.11317e-006
3.22844e-006
0.000333155
4.76414e-005
0.000999508
1.05753e-006
0.000445799
0.000117594
0.000133607
0.000569505
0.00180939
0.0011914
4.69278e-006
0.000189863
8.4835e-006
8.98585e-007
0.00114639
0.00111354
2.57487e-009
9.23031e-005
0.000329276
1.30082e-005
3.60527e-005
0.00207184
0.000375294
3.14649e-005
0.000655952
0.000440106
0.000172942
0.000922475
4.21948e-005
2.28278e-005
2.31036e-005
5.85182e-005
4.81968e-005
0.000155004
0.00056576
4.49959e-005
0.000101413
1.55234e-005
0.000642794
0.000166702
1.88266e-005
9.98599e-005
8.47896e-005
0.00255254
0.00116966
2.76287e-005
9.7652e-005
1.91094e-005
0.000115911
8.56155e-005
3.27349e-006
3.75709e-005
5.22087e-005
7.94645e-006
2.20197e-005
7.92871e-005
6.1679e-005
7.26688e-005
6.34544e-005
8.28872e-005
4.83684e-005
0.000397967
5.54611e-005
0.00101166
0.0157968
0.000622938
2.92197e-005
0.00027865
2.83683e-007
2.57357e-005
0.00136913
0.000100988
0.000108365
9.01117e-006
8.04638e-006
0.000555063
0.00553112
0.00420868
9.35041e-006
9.54867e-005
1.7602e-005
1.75643e-005
0.00215438
3.50787e-005
0.000372028
0.000106225
4.2251e-005
0.000146773
0.000153555
0.00034635
0.000274845
9.69828e-005
0.000239292
0.000207395
0.000114065
6.32411e-005
4.17456e-005
3.87935e-006
0.000751251
4.67688e-007
7.97552e-006
0.000215363
6.1273e-006
0.00060353
0.000283759
0.000277342
0.00309612
0.00402929
4.27183e-005
1.24255e-005
0.000106555
0.0011381
0.000183183
0.000566307
0.000195645
0.000460211
0.00027212
0.000370914
0.0003028
0.000175363
1.4642e-006
1.4609e-005
0.0138359
0.0128018
0.000419113
1.83542e-006
0.000126147
0.000120154
0.000228648
0.00034234
8.22663e-006
5.8945e-006
8.25843e-005
0.000357415
1.6363e-005
0.000236338
0.00171992
1.09515e-005
2.57567e-005
1.29979e-005
0.000333145
0.000958244
0.000163105
0.00117197
0.00128382
0.000201388
0.000260706
0.000135757
1.62296e-005
6.95215e-006
0.000615316
0.00738509
4.2822e-005
0.000534676
5.58013e-006
3.2352e-005
0.000176939
8.0957e-005
0.00216701
3.80951e-005
4.84009e-005
4.42706e-005
1.52351e-005
5.49105e-006
0.0012904
0.000184988
7.03023e-005
0.00043267
1.13413e-005
5.38185e-005
0.000156599
3.43021e-006
2.36258e-005
0.000320944
0.000224952
0.00365483
3.92321e-005
3.95684e-005
8.84047e-005
0.000746956
0.000272506
8.79824e-006
1.14425e-006
0.000513859
0.000386259
2.4295e-005
0.00909542
9.42228e-005
0.000190245
4.38332e-006
0.000140051
3.79957e-006
3.86935e-005
0.000156591
0.000287805
0.000117865
4.12859e-005
2.556e-006
0.000108291
0.000192259
2.16668e-005
0.000177018
7.72108e-005
5.81797e-005
0.00524125
0.000355156
4.52105e-005
0.000237255
0.000159764
1.37165e-005
6.78139e-006
6.54334e-006
0.00242442
0.00109012
0.00184201
4.97042e-005
0.000125327
1.54674e-005
4.93894e-005
2.80418e-005
6.70134e-005
0.00044989
0.000117964
3.32863e-005
5.63884e-005
0.000537175
8.45351e-006
5.47201e-005
0.000328364
0.000493924
8.21621e-006
3.68801e-006
3.19701e-006
1.46147e-005
0.000236944
7.14013e-006
4.13807e-005
7.06179e-005
3.77746e-005
0.000300972
4.04338e-005
5.09812e-005
0.000443673
0.000431446
6.80985e-005
0.000198491
0.000917438
6.12272e-006
5.8391e-006
0.000211272
0.0010073
0.000156506
5.1421e-005
6.47253e-005
1.09557e-005
9.53742e-005
0.000200013
0.000168999
0.00010191
8.46604e-005
2.75556e-005
0.00818752
1.50174e-005
0.000593192
0.000743087
2.34799e-006
4.77481e-005
2.60462e-006
3.40845e-005
5.47222e-005
2.33008e-006
6.61835e-005
1.53707e-005
0.000196333
0.000141034
3.46602e-006
2.7689e-005
0.000245265
5.88552e-006
0.000579553
0.000162097
3.93661e-005
1.9042e-005
2.22465e-005
0.000265188
9.50456e-005
0.000120356
5.22999e-006
5.71592e-006
0.000108838
1.33883e-005
5.18693e-005
7.77722e-005
0.000460671
7.62432e-006
0.00759364
2.79569e-005
7.6507e-005
3.98168e-005
0.00453555
0.000118252
5.07296e-005
2.5414e-005
0.000344608
0.000238858
0.000382204
9.01461e-006
0.00163732
2.76557e-005
8.89921e-006
0.000295921
7.67217e-005
1.71379e-005
2.88637e-005
5.84977e-006
2.09988e-005
0.00717447
1.27141e-006
0.000386446
1.28377e-005
0.000347408
0.000185963
2.45977e-005
0.000223202
0.000323361
4.21141e-006
4.86652e-006
4.73937e-005
5.77243e-005
6.2185e-006
0.000738779
0.00321438
6.91416e-006
2.44425e-005
0.000111194
0.000306194
9.17982e-006
8.97715e-005
0.00243292
0.000257487
5.60719e-006
0.00381104
0.0365176
0.0127881
3.31629e-006
1.10327e-005
8.39948e-005
0.000658479
0.000149525
0.000299086
9.65659e-006
2.04598e-006
0.000111906
5.49783e-006
5.46347e-006
4.48428e-006
2.59539e-006
4.46425e-005
2.34092e-006
1.41289e-005
4.42874e-006
4.80756e-005
0.000261487
1.50635e-005
3.67916e-006
1.47638e-006
0.0100186
0.000193375
3.06996e-007
6.78076e-007
0.000368391
9.36802e-007
0.00140856
5.989e-005
3.90204e-006
4.08996e-005
9.77714e-005
8.64573e-005
2.1299e-005
0.0043155
0.00067706
0.000361435
2.99261e-005
2.21258e-006
0.000232253
4.22179e-005
1.20496e-005
0.000153756
0.00065918
4.88871e-005
1.65697e-005
0
8.11024e-005
8.84244e-005
1.21476e-006
9.5665e-006
0.000780743
0.000500777
0.000218836
1.64774e-005
0.000158455
8.76783e-005
4.28207e-005
0.000200491
3.16664e-005
4.57351e-005
0.000517848
0.000437262
0.000567761
0.00343174
0.00447778
0.000102738
1.98917e-005
4.51491e-005
2.43481e-005
1.087e-005
3.18739e-006
3.72227e-006
7.41112e-005
5.65644e-005
0.000650235
9.98997e-005
2.20537e-005
0.0059245
0.00104817
6.80284e-007
3.5249e-005
0.000754471
1.10753e-005
0.000173277
0.000293682
0.000322085
0.000363578
0.000188043
0.0523065
0.00624908
0.00406634
0.000679272
1.68282e-005
3.20342e-005
3.51432e-005
0.000228592
0.000127314
0.00151679
0.00618897
0.000125031
0.00594233
3.5864e-005
2.43248e-006
0.000287999
0.000187259
2.74832e-005
4.44205e-005
5.3223e-006
1.68284e-005
7.52085e-005
1.30532e-006
5.01718e-005
5.53129e-005
1.47596e-005
4.80581e-006
0.00270667
5.219e-008
0.000306941
6.50209e-005
0.000129485
4.24673e-005
4.24673e-005
0.00150702
0.000444028
8.85051e-005
0.00365623
9.5731e-007
5.36717e-005
3.86438e-005
2.35778e-005
2.07884e-005
4.86141e-006
3.75151e-005
0.00162165
0.000627455
2.75524e-006
0.000136322
2.05643e-005
9.59951e-006
7.51428e-006
3.44847e-006
2.92366e-006
0.0118669
7.85997e-006
2.71411e-005
5.84984e-005
0.000318909
0.000135097
3.27735e-005
1.66624e-005
0.00483521
1.77437e-006
1.36048e-005
0.00133984
1.31511e-005
1.29096e-005
0.000213902
1.04585e-005
5.19251e-005
2.17163e-005
5.83438e-006
6.03222e-005
0.000407507
0.000369127
4.62841e-006
2.36338e-005
9.12992e-005
0.00765004
7.22589e-005
1.97949e-005
1.1644e-005
2.60049e-005
0.00186977
6.72852e-005
0.00163355
0.00156475
0.00147
0.00023578
0.000104194
1.50428e-005
1.12595e-005
4.54942e-005
0.000825081
1.74402e-005
4.67381e-006
0.00528461
0.000158149
0.000332033
7.63476e-005
0.0132993
0.0173462
5.13476e-005
0.00287443
1.07544e-005
9.34001e-006
7.78476e-005
0.00189524
1.65011e-005
1.37288e-005
4.8191e-006
8.93616e-005
0.0211478
0.00024629
0.000153754
0.000170397
0.000198636
1.58139e-006
7.78459e-006
8.04483e-006
0.00674864
4.44552e-005
7.59386e-006
0.00275553
7.86598e-006
0.000449237
2.62895e-005
0.000159514
6.49931e-006
0.000109826
1.93037e-005
0.000615921
0.000216001
0.000933523
0.00341502
0.00368326
9.5928e-005
0.000495135
6.21038e-005
2.49882e-005
0.000261417
0.000164506
0.000381575
2.00365e-005
1.51043e-006
1.24445e-005
5.44661e-005
7.1488e-005
0.000657863
7.32267e-005
3.59898e-006
2.83669e-006
2.19012e-006
5.41784e-005
1.50423e-005
7.56754e-006
5.13402e-006
0.000201379
1.00737e-005
6.08324e-005
1.62951e-005
7.28931e-006
0.00224829
7.18707e-005
8.38001e-005
4.83536e-005
0.000121575
0.00164719
0.000752574
0.00158842
1.38016e-005
0.00116232
4.9381e-005
0.000222573
0.000201665
0.000149091
0.000387762
0.000676562
0.000419056
1.17253e-005
0.000286378
3.15095e-006
0.0149278
0.0132021
0.0132009
0.000133485
0.00123848
0.000943248
6.50747e-006
0.00883018
1.82906e-005
0.000626977
5.90646e-005
2.78946e-005
4.49807e-005
4.33705e-005
8.25869e-006
5.4807e-005
0.000208021
0.000526557
4.58817e-006
0.000113065
0.000864698
2.65061e-006
0.000228994
1.56035e-005
2.38836e-006
3.01222e-005
0.000128116
4.51134e-006
0.000284931
0.000156322
8.71793e-005
2.18356e-005
0.000758639
0.000397092
0.000721208
1.89315e-005
9.67203e-005
1.7491e-007
0.000425985
0.000746482
0.00018435
5.61657e-005
0.000389738
0.000179858
0.000371896
0.000242078
4.76647e-007
0.000779529
5.86618e-005
1.72828e-005
0.00149978
0.000567199
3.29514e-006
0.000165014
9.68984e-005
0.00506595
5.04779e-005
9.36326e-006
7.41823e-005
3.1895e-005
0.006801
0.000190183
0.000376141
0.00137364
4.10302e-006
4.00643e-005
0.000806911
0.000795008
0.00018918
0.000157138
0.000625214
1.31653e-005
0.00475112
3.73717e-005
0.00025172
0.000145567
6.04675e-006
0.000521172
0.00108103
0.00043221
5.6034e-005
2.66449e-005
6.94198e-006
1.45902e-005
5.59977e-006
7.3856e-005
0.000229371
6.7266e-005
0.00106627
0.00573185
0.000628119
1.24619e-005
1.64208e-005
9.86326e-005
0.000353788
6.58614e-007
0.000274723
0.000259273
5.10213e-005
5.27509e-005
8.79814e-006
0.000288844
7.57499e-005
1.5738e-005
0.000138241
0.000336219
0.00229699
0.00286888
3.84732e-005
3.08644e-005
0.0156593
0.000135664
7.87408e-005
0.0308447
0.000878371
0.000951114
0.000372314
4.79243e-005
6.24631e-005
0.000876768
0.000336368
0.000806199
3.02342e-005
2.03559e-005
6.36673e-005
0.000341366
0.0002691
1.05389e-006
4.49924e-005
0.000124374
0.012323
5.40902e-005
8.92752e-005
0.000297605
0.000607202
3.94015e-006
5.23649e-006
2.40377e-005
2.99425e-005
0.000367026
0.000245731
0.0002245
9.70366e-005
5.09281e-006
0.000110089
5.6715e-005
0.0280694
2.3831e-005
3.21917e-005
0.000716902
1.11993e-005
2.40708e-005
5.76836e-005
3.68481e-006
8.19409e-006
0.000263775
0.00282676
3.55515e-005
2.57579e-006
2.50519e-006
0.000227752
0.000208193
0.000581043
0.000581038
7.33104e-005
1.43481e-006
6.26737e-005
1.80552e-006
3.0846e-005
0.000119077
5.25891e-005
0.00199282
0.0005731
1.66722e-005
3.87895e-005
2.31267e-005
5.24362e-006
8.34549e-006
0.00841707
0.0069957
9.71315e-006
1.29172e-005
8.34075e-005
0.00205224
0.000112407
0.000528615
0.00021242
6.1422e-005
3.25797e-005
4.98828e-005
7.2606e-005
3.6706e-006
1.80604e-005
0.000170539
0.000185656
0.000136106
4.33812e-006
2.23535e-005
5.73693e-005
0.00113851
3.87566e-006
0.00706502
0.000359902
0.00108674
1.49157e-010
9.40423e-006
0.000525679
4.43317e-005
1.73453e-005
4.80648e-006
1.63408e-005
3.41252e-005
0.000135237
6.55557e-005
4.51459e-006
0.00498723
6.15009e-006
7.13328e-006
9.38361e-005
0.000453707
0.00045369
9.39851e-005
4.59438e-006
2.48539e-005
0.00419745
5.83872e-006
4.43801e-006
5.47821e-005
0.000219083
2.16883e-005
0.00110679
0.000156494
5.82768e-005
9.756e-005
6.28081e-006
7.55605e-005
9.66361e-006
0.000191715
4.13869e-005
8.85828e-005
4.77439e-005
0.00260399
0.00021635
0.003032
0.000286295
6.62238e-006
0.0109957
3.39075e-005
0.000655976
6.57633e-005
5.22883e-006
2.11759e-005
0.0012852
2.95406e-006
2.55616e-005
1.3857e-005
0.0140198
0.0120771
0.000449261
0.000127991
0.000221625
0.00113544
6.21854e-006
0.00127866
2.77976e-005
0.000122287
0.0024365
0.000305374
2.71921e-005
5.64283e-005
0.00106696
0.000119048
2.43776e-005
8.82081e-005
0.000149012
0.000201459
0.00318203
0.00354177
0.000276113
0.0109613
5.2831e-005
8.71309e-005
2.64918e-005
3.20443e-006
1.37671e-005
8.79072e-006
0.000226109
0.00271838
0.00231484
0.00694389
1.64482e-005
1.42752e-005
8.35558e-006
0.000131259
4.94969e-005
7.36581e-005
5.51303e-006
5.44321e-005
7.19343e-006
0.00013571
3.82071e-005
0.000245556
7.24563e-006
3.96035e-005
0.00710295
0.000244187
5.46981e-005
1.64553e-005
0.000116403
2.61947e-006
1.89385e-005
2.47324e-005
0.000164334
1.3796e-005
1.99619e-005
9.4086e-005
5.24656e-005
2.03628e-005
0.000947652
0.000773568
9.18957e-005
0.000702699
0.000390893
3.31481e-006
1.06118e-006
1.45136e-005
2.67258e-005
0.000119342
3.95603e-005
0.000299687
0.000196538
2.21107e-005
4.73365e-005
0.000104922
5.05411e-006
1.33087e-005
3.90417e-005
6.89544e-005
0.0169575
0.000212396
2.51493e-005
0.000627306
1.72222e-006
5.68302e-006
0.00036144
0.000823529
6.92882e-005
0.000105066
0.000804885
3.99735e-005
3.82684e-005
7.99526e-006
0.000114848
0.000529899
6.05407e-005
6.14313e-005
7.9158e-005
1.07231e-005
1.09104e-005
0.000371875
1.32453e-005
2.49925e-005
1.39134e-006
8.18289e-006
2.91835e-005
4.87287e-006
0.000113992
3.34022e-005
5.23756e-005
0.00451663
0.00470588
0.00809185
0.000176827
5.84325e-005
1.07378e-005
0.000124757
2.69893e-005
5.2749e-005
6.99468e-005
0.000992361
0.00140123
7.56975e-005
0.000427809
1.37468e-005
0.000960258
1.17012e-006
1.21137e-006
4.21586e-005
6.50835e-005
7.56101e-005
0.000614469
7.57508e-006
2.86155e-005
0.0114092
4.466e-006
7.99406e-005
9.55627e-005
0.000876502
1.66699e-006
2.69522e-005
2.12548e-005
1.1905e-005
0.00049554
5.86705e-005
0.000130853
4.65186e-005
3.78833e-005
5.35271e-007
0.000671607
0.000344928
0.00121378
5.23596e-005
8.48589e-005
1.95281e-005
4.20059e-005
1.71073e-005
0.000317319
0.00012819
0.00081177
5.20084e-006
0.000185567
0.000769192
1.58754e-005
2.59098e-005
0.000132181
0.00163757
0.000357704
0.00033815
0.000451717
0.00458918
0.00307017
0.00358116
0.000240964
4.82941e-005
0.011709
3.23222e-005
4.26695e-005
3.31771e-005
0.0010601
0.00165866
6.46289e-006
4.7546e-005
0.000201895
0.000856649
1.42458e-005
9.38289e-005
0.000353546
0.000296222
2.78357e-005
3.34034e-005
0.000305217
3.4792e-007
2.78996e-006
0.000255505
2.77083e-005
7.37354e-006
3.29118e-006
2.34051e-005
0.000261503
2.19006e-005
0.000122112
5.017e-005
1.63661e-005
4.43825e-005
0.000870058
1.42416e-005
0.000432041
7.28274e-006
0.00491217
5.99317e-006
1.15031e-005
1.67104e-005
3.82539e-005
1.57975e-005
0.000445631
3.50567e-005
1.473e-005
6.84878e-005
0.000126029
4.69508e-006
0.000109416
2.06205e-006
6.89513e-005
9.60174e-005
3.59163e-005
8.46296e-006
4.49665e-005
2.89382e-005
1.39107e-006
0.0183421
0.00525848
0.00375183
0.000196084
0.000135358
0.000419634
9.58917e-006
1.4411e-005
4.24291e-006
0.000449681
1.08903e-005
1.42263e-005
1.13072e-005
0.000126787
1.29079e-005
5.90736e-005
2.05717e-006
0.000122124
0.000216474
0.000454183
8.15756e-006
4.52594e-005
3.15253e-005
0.000140616
2.33144e-005
0.00326394
0.00706707
4.51913e-005
5.60655e-005
2.86029e-005
2.528e-005
0.000289905
4.4294e-005
8.81386e-005
1.00281e-005
5.11543e-006
0.00447214
0.00164993
0.00137463
0.000238487
0.000182018
0.000416211
0.000147214
0.000216216
0.000502441
5.66899e-005
7.75639e-005
0.000114878
2.13947e-005
1.39162e-005
8.76294e-006
2.0325e-005
0.000338375
1.01735e-006
5.72916e-005
0.000196009
0.000110457
3.43631e-005
0.000849137
1.23805e-005
3.21975e-005
9.75877e-005
1.65427e-006
0.00110997
0.000515154
0.000210567
2.19485e-005
1.13804e-005
5.52529e-005
2.58968e-005
0.000160497
0.000752783
0.0002001
0.000678159
0.00395913
0.00254651
2.68416e-005
1.55564e-005
0.000770857
2.03662e-005
0.000617726
0.000381076
3.66002e-005
0.000277914
0.00372547
4.12068e-006
5.26124e-005
6.37158e-006
8.50864e-005
6.41e-006
0.000496047
0.00117331
0.000106219
1.67741e-005
0.000110511
8.87367e-005
1.13918e-005
3.44745e-005
4.20393e-005
4.03153e-005
0.00911145
0.00400385
3.49284e-005
7.28323e-006
5.85845e-007
0.000107203
0.000282856
1.22817e-005
8.8196e-006
5.93154e-006
6.20623e-006
0.000247985
5.31654e-005
9.60313e-005
1.27656e-005
1.9031e-005
1.65071e-005
0.000159713
0.00341207
5.20898e-005
5.48704e-005
4.79165e-005
0.000135318
0.000184869
0.0356502
0.000180418
0.000320778
0.00122314
7.36098e-005
5.25863e-005
0.000774337
0.000328715
0.000527074
8.49605e-005
0.000731887
3.0905e-005
0.000277773
0.000519927
8.82254e-005
0.0038715
0.0128615
0.00100448
1.88527e-005
0.00049819
1.95918e-005
4.00919e-005
9.54256e-005
4.2983e-005
8.67065e-006
8.63729e-006
0.000897963
0.000126103
0.00235069
0.00010796
8.70738e-005
0.00341241
0.000441652
1.53943e-005
5.5054e-005
1.93136e-005
2.94712e-005
2.8882e-005
0.000710137
0.000118944
0.000421101
0.000789883
6.1264e-006
1.6226e-005
5.63952e-005
0.000260315
8.32072e-005
6.52626e-005
0.00171618
8.57624e-005
5.5982e-006
6.73883e-006
1.02569e-005
0.000416408
8.36677e-006
0.000320465
0.000266466
2.35231e-005
1.23293e-005
0.00550065
0.000226099
0.000270554
0.000249728
4.50735e-005
9.53805e-005
1.28723e-005
4.1078e-005
0.000165141
3.39883e-005
0.000238993
0.00028664
0.000129965
3.09802e-005
2.54089e-005
2.76589e-005
1.02998e-005
0.000400107
0.000400064
0.000579416
6.06966e-005
2.44194e-005
0.000273074
0.000222285
8.70217e-006
2.958e-005
3.48193e-005
1.54918e-005
0.000132428
3.2137e-005
0.000421935
0.000258622
9.39869e-007
0.000339833
4.08216e-005
4.53889e-005
0.000740458
0.000123103
0.000113644
0.00063423
9.0178e-007
4.85942e-006
6.28071e-005
0.000118868
0.000108049
3.42712e-005
0.000473122
0.00502663
0.00109783
0.00048852
0.000488513
8.93956e-005
0.0668673
1.31032e-006
1.62025e-005
1.72251e-005
0
1.07822e-005
1.54639e-005
4.46875e-006
6.03027e-005
0.00011814
2.44926e-005
1.15158e-005
0.000519307
6.80714e-005
0.000154735
8.98513e-007
0.00422666
0.00383808
0.000272616
0.00143736
0.000769149
5.56212e-005
0.00654591
2.10844e-005
0.000105994
3.52809e-005
1.41026e-005
1.63496e-006
0.000612304
0.000450121
0.000344886
0.00153275
0.000453153
0.000952348
1.41958e-005
9.16386e-005
0.00011802
0.000105682
0.000228982
2.08519e-005
3.26067e-005
1.50798e-005
9.12474e-005
3.08169e-005
1.72039e-005
3.51107e-005
6.07945e-005
0.00152344
0.000124918
6.52818e-005
1.15539e-005
2.40459e-005
7.98444e-005
0.000297144
0.000243076
0.000223225
0.00214371
8.04608e-005
0.00594823
6.23482e-006
7.07134e-005
0.000810046
9.83942e-005
4.67512e-006
8.21698e-006
0.000564385
0.00021021
0.000215317
0.000461757
4.75017e-005
0.000145961
0.0201998
1.79284e-005
8.34241e-005
3.2277e-005
0.00456611
6.82576e-006
0.000109585
7.70596e-006
0.00654323
1.83868e-005
6.53458e-005
0.000344001
0.00109685
2.20658e-006
8.21273e-006
4.01897e-005
0.000102577
0.000111727
4.34448e-005
3.2914e-005
0.00023111
5.34449e-006
1.65149e-005
5.30936e-006
2.98151e-005
0.000112926
4.75947e-005
0.00144835
5.39708e-006
4.82607e-006
0.000310285
0.00040876
0.00014231
7.92165e-006
3.86825e-005
2.67357e-005
5.40295e-006
5.51433e-005
0.000597162
0.00021144
0.000331258
3.02122e-005
7.77589e-006
1.60099e-007
0.000303825
0.000156744
0.000125055
0.00277085
8.24185e-005
6.58774e-005
8.46164e-005
5.92537e-005
1.28737e-006
3.43513e-005
2.24804e-005
0.0001124
3.53359e-005
0.000157232
4.09881e-005
0.000255412
4.31009e-005
0.000157388
2.10392e-005
3.65747e-005
2.46158e-005
0.00145154
0.0030814
0.00098707
1.22139e-005
7.70655e-005
7.90813e-005
0.000442003
0.00914317
6.85137e-005
0.000109954
0.0286597
5.73307e-005
0.000216182
0.000304206
1.19962e-007
1.34282e-005
5.25275e-005
1.75603e-006
0.00294398
2.55881e-005
0.000129638
0.000175708
0.000250505
3.25194e-005
6.11327e-006
4.69492e-005
3.4212e-005
2.02878e-005
0.000643246
3.26534e-005
0.000159349
5.4443e-006
5.63022e-006
5.77029e-005
6.28963e-005
2.65039e-005
3.30966e-005
0.000175682
9.35143e-006
3.44009e-005
0.00140805
0.000314989
2.51913e-006
2.61145e-005
2.35283e-005
5.40438e-005
0.000663199
0.000175225
2.03435e-006
0.00027536
0.000203242
8.61889e-005
0.00486225
6.04281e-005
0.000548951
0.00030745
8.96967e-005
9.98684e-006
4.91565e-006
3.06771e-005
0.000109492
2.2325e-005
3.57222e-006
0.000318644
0.000126448
0.0172572
0.000704786
0.000124019
0.000318033
0.00099957
2.21574e-005
0.0115827
0.000102103
3.76749e-005
3.64406e-005
0.0101318
5.27162e-005
4.7262e-005
2.46282e-005
1.5773e-005
0.000314504
5.90754e-006
0.000205234
0.000710889
0.00218742
8.2409e-005
0.000638902
1.88019e-005
1.49687e-005
0.00020457
9.64656e-005
6.79519e-006
1.5943e-005
8.88854e-005
0.00014108
4.00628e-005
4.70595e-007
0.000171318
4.16705e-005
3.79518e-005
1.67861e-005
7.60253e-005
7.80764e-005
1.1634e-005
0.00123828
2.15762e-005
4.65962e-007
0.000557719
0.000372018
2.25115e-005
1.50674e-005
0.000150644
5.1053e-005
1.14544e-005
2.87016e-006
0.000160303
0.000392568
7.71478e-005
7.49232e-005
6.29952e-006
0.00139785
0.000340783
0.000131272
2.38321e-005
0.000206134
4.411e-006
3.31815e-006
0.00129432
6.86589e-006
8.31971e-006
0.000299693
0.000292365
0.00124597
0.0001816
0.000240075
0.000141757
0.000151804
1.00602e-005
1.02566e-005
5.55504e-006
0.000627768
0.000237348
0.000570286
1.63686e-005
0.000145285
1.75102e-005
1.3884e-005
4.09669e-005
1.6725e-005
9.92659e-006
0.000626338
0.000214704
6.64009e-005
0.000110942
3.38584e-006
2.30367e-005
0.00291816
0.000720872
5.49657e-005
6.65445e-005
0.0113939
0.000529089
1.91934e-005
0.000172967
9.97536e-006
0.000570525
4.93775e-006
0.000130283
0.0118202
0.0162335
0.00011739
7.22085e-005
5.5119e-005
3.8285e-005
6.05369e-005
8.21771e-006
0.000378077
0.000127647
2.26922e-006
1.03604e-005
0.00277271
0.00047733
0.00173658
0.000165451
0.000129519
0.000388895
0.00021444
4.93576e-006
0.00042956
5.65905e-006
3.23945e-005
0.0135454
4.86349e-005
0.000380026
2.37763e-005
0.000554452
0.000205992
5.00542e-005
0.000663671
2.22878e-005
0.000101056
0.000147231
1.59726e-005
4.13319e-005
0.0130726
0.000103984
0.000910133
6.95286e-006
0.000816116
0.000100196
0.000251749
0.000226009
0.000551494
0.000222888
0.0303098
4.60511e-006
1.60213e-005
6.01639e-005
5.77114e-005
8.0058e-005
5.46264e-005
2.07429e-005
8.04454e-005
0.000183951
4.24402e-007
8.87063e-005
2.56347e-005
0.000132519
0.000145752
0.000618013
2.49724e-005
0.00042192
0.000423914
0.000171023
4.73585e-005
7.47349e-005
2.2381e-005
0.000809183
0.000666341
9.5409e-005
5.69561e-005
0.00130954
2.98386e-006
3.05408e-006
1.49503e-006
0.000131457
9.259e-005
0.00420456
4.93241e-005
4.18631e-005
4.90504e-005
0.000410883
0.00521271
1.40369e-005
8.90372e-006
6.02401e-005
7.26467e-006
7.29667e-005
1.95145e-005
0.00180336
0.000922243
4.02789e-005
0.00074198
8.15383e-005
0.000144296
4.45158e-005
0.000548465
1.13027e-005
1.77337e-005
6.98056e-006
0.000253458
0.00129673
0.00810437
0.0103658
0.000325594
0.00743613
0.000102324
0.00582042
0.000148747
6.44422e-005
0.000123203
0.000273417
2.66383e-006
9.94202e-005
0.000265277
0.000606154
0.000473476
0.00167961
0.00076823
1.9234e-005
0.000150858
3.80154e-005
8.88694e-005
3.44091e-005
9.96499e-005
0.000771775
0.000722121
0.000691776
5.07594e-005
0.000128046
0.00336548
2.35035e-005
0.000157387
2.41004e-006
0.000282956
0.000350819
0.00123528
7.3746e-005
5.61917e-005
3.34361e-005
3.5795e-005
1.28861e-005
1.43112e-005
0.000305209
1.23073e-006
0.000148526
4.90175e-005
0.00246275
2.78255e-006
0.00193711
4.97816e-006
7.4832e-005
5.97237e-006
3.90417e-005
0.000540584
0.000432042
0.000855255
0.00149897
0.00101493
0.000132499
0.0107405
0.000190432
1.30873e-005
1.16694e-005
8.1141e-006
4.63988e-005
0.00265942
0.00210498
3.39815e-005
0.000806391
0.00114242
0.000290141
1.72385e-005
2.03518e-005
3.89146e-005
1.14616e-005
4.13956e-005
0.000268668
0.000109178
0.000583463
7.6692e-005
0.000887394
0.000105055
0.00369901
0.00173445
3.06938e-005
0.000191787
0.000106279
7.46411e-005
0.00098738
9.13242e-005
1.83681e-005
0.000606877
0.00433582
0.000246544
3.20685e-008
0.000134614
7.33441e-005
0.00065453
0.00142007
5.25774e-005
9.58377e-006
0.000279838
0.000293837
0.000292583
9.20491e-005
1.04684e-005
7.61379e-005
1.44128e-005
1.46163e-006
1.22098e-005
0.00177692
0.00017136
5.30189e-005
1.2389e-005
0.00226501
0.00119257
0.000138935
5.97904e-005
0.000448293
2.66203e-005
1.20709e-005
5.4713e-006
0.000354418
2.34395e-005
0.000533007
0.000377493
0.00235739
0.00186979
1.04154e-005
0.00229213
4.4148e-005
4.03125e-005
0.00048235
3.32427e-005
3.76862e-005
0.0109499
3.8268e-005
0.00911494
0.000247726
4.28708e-005
0.0012866
0.000793196
0.00081229
0.000156491
0.000170161
0.000200293
0.000198618
1.51886e-005
1.31589e-005
1.49247e-005
4.75377e-005
6.46232e-005
5.99393e-005
5.42288e-005
0.000129883
0.00904368
0.00111105
0.00016748
0.000144778
3.86216e-005
0.000169906
5.8237e-005
6.53902e-006
0.00035217
0.00105471
0.00042947
1.63006e-005
1.15035e-006
7.19188e-007
1.49215e-005
7.71505e-005
6.47312e-005
5.65575e-005
4.45655e-005
0.000162589
0.000188296
3.03407e-005
4.60375e-005
8.60383e-005
2.69742e-005
3.88773e-005
2.35801e-005
3.03866e-005
0.000549353
0.000143055
0.000212675
0.000149961
2.63106e-005
0.000617437
0.000250047
4.18413e-007
0.00240104
0.00106855
0.00122463
0.0011652
1.81679e-005
1.78335e-005
5.03644e-005
5.11585e-005
4.52678e-005
1.01991e-005
3.54228e-005
3.86889e-005
2.98744e-005
2.99879e-005
0.000156447
0.000368488
4.53638e-005
0.000170489
9.15464e-005
0.00015084
0.000217913
0.000324116
4.92632e-005
0.000146041
0.000110129
0.00549817
2.7714e-005
5.35046e-005
1.11942e-005
0.000390962
0.000120118
0.000721607
0.000524243
1.79542e-005
0.0004183
0.000574691
2.32174e-006
6.21916e-006
0.000600592
0.000568529
4.58666e-005
1.48282e-005
0.00010306
0.00216064
2.64751e-005
9.18752e-005
5.29677e-006
4.41001e-005
0.000262511
0.000429654
3.29224e-006
1.49143e-010
0.000337716
2.82862e-006
7.85866e-006
0.000116407
0.000223403
0.000864867
0.000604867
0.000463011
8.1678e-006
4.52164e-005
0.00104909
0.0114373
0.0104435
1.10123e-005
0.00630359
0.000205957
3.02195e-005
6.90685e-005
0.000112417
5.24783e-006
2.2081e-005
0.000281109
0.000229373
0.00127238
1.52349e-005
0.00214578
9.00709e-007
1.33971e-005
2.09179e-005
2.42726e-005
5.10342e-005
2.21388e-005
0.000282673
0.000397427
7.55673e-005
2.40904e-005
0.000223512
0.00249229
4.60726e-005
1.83071e-006
1.53036e-005
0.000253107
9.24252e-005
0.000305775
3.72132e-006
1.8201e-005
4.46572e-006
2.05209e-005
0.000178832
8.91255e-005
0.00144561
0.000343192
0.00150366
9.49437e-006
5.31323e-006
0.000734597
0.000402476
7.02977e-005
9.09456e-005
0.000263111
2.36182e-005
7.64741e-005
0.000209616
8.74804e-005
0.000365814
6.26252e-005
6.98305e-005
1.36415e-005
1.32583e-005
1.72895e-005
1.70211e-005
4.04759e-005
0.000140041
0.000134438
0.00359721
4.86027e-005
1.85791e-005
2.64174e-005
0.000126974
4.10493e-005
2.61859e-005
4.82757e-005
0.000908053
8.56725e-006
0.000237093
1.89442e-005
0.000341247
0.00029654
5.10048e-007
3.12015e-005
6.2059e-007
1.86489e-005
0.00235684
0.000106045
0.0106915
0.000754064
3.508e-005
3.31704e-007
0.000394891
3.35011e-005
0.000182816
1.67164e-006
0.000124453
6.91978e-005
7.90025e-005
5.91068e-005
0.000498647
0.000200389
0.00169621
5.28941e-005
2.94289e-005
3.40697e-005
0.000183926
0.000223403
0.000234759
2.43163e-005
0.000747334
0.000419103
0.000308104
0.000113453
3.78483e-006
2.9741e-006
3.59031e-006
4.16802e-005
0.000355261
0.0137834
3.66694e-006
0.000506761
0.000266593
8.33324e-006
0.00783127
0.000109677
7.62435e-005
0.000823982
0.00286442
0.0014263
0.000276586
0.000256089
2.32203e-005
2.47326e-006
9.17289e-007
1.20539e-006
4.02651e-005
1.13227e-005
5.31344e-005
2.09814e-005
6.42141e-006
0.000159263
6.94563e-005
2.3241e-005
3.11118e-005
0.000157794
5.0619e-005
0.000171345
0.000219122
0.000540576
1.92615e-005
3.29355e-005
0.000145011
3.09927e-006
0.00229459
0.0028569
0.00177245
1.07998e-005
0.00293692
0.00220461
0.000276158
0.000134263
4.40887e-005
1.84169e-005
0.00453898
0.000382445
3.77281e-005
3.78102e-005
0.000675407
0.00173918
0.000197505
9.27552e-005
8.46715e-006
0.000594914
0.000612044
0.000182257
7.71233e-005
0.000723393
0.0299955
0.00022817
0.000153824
0.000459284
0.000103025
3.36525e-005
0.000277165
0.000187855
3.10648e-006
0.000939166
0.00047137
4.04113e-006
3.19309e-005
0.000306859
3.00405e-005
7.72034e-005
4.38758e-005
0.000145117
2.73962e-005
0.000519455
1.50858e-005
1.50913e-005
0.000129775
8.07662e-005
3.395e-005
0.000386797
5.23521e-005
1.8536e-005
5.47159e-006
7.1773e-005
4.15307e-005
5.15883e-005
5.68132e-005
3.14577e-005
0.000100604
0.000577365
0.000158745
5.44107e-005
8.11347e-005
2.98283e-006
3.39992e-005
0.00107587
1.88251e-005
1.43039e-005
0.00029193
0.00022983
8.88287e-005
8.33493e-005
0.000131008
2.08486e-005
1.33741e-005
7.13859e-005
3.32486e-005
0.000478625
2.85169e-005
2.56349e-006
0.00153013
0.00291451
7.38971e-005
5.27305e-005
7.78712e-006
0.000262685
6.89331e-005
0.00125063
0.000172752
4.79794e-006
5.11201e-007
3.46712e-005
6.3247e-005
4.38916e-005
0.00279995
1.3224e-006
1.45003e-005
0.000129092
0.00395288
0.00439984
0.00148803
2.16495e-005
4.02143e-006
1.56394e-005
0.000654861
3.33052e-006
0.000128311
9.86704e-005
0.000136863
6.07567e-005
0.000993382
0.000124434
3.83909e-005
7.40878e-005
2.80793e-005
0.000724987
0.000125189
2.74754e-005
1.65134e-006
2.35739e-005
7.29938e-006
0.000328908
2.25471e-005
9.48843e-005
5.23606e-006
0.00017841
3.44846e-006
0.000152567
4.89416e-005
2.27425e-005
1.71832e-005
2.4474e-005
0.00387283
1.29703e-005
8.53972e-007
6.20498e-006
5.42962e-005
0.000102177
8.94221e-005
9.46094e-006
3.92038e-006
0.00156087
0.00396694
0.00393688
0.00052748
0.000447074
1.14591e-005
0.00123541
3.66271e-006
0.00225337
2.45166e-006
0.000401642
0.000103953
7.8823e-005
2.29891e-005
0.000349101
0.000190654
0.00028783
4.83715e-005
5.95592e-005
4.84769e-006
0.000176474
0.000180739
1.85552e-005
3.52957e-005
4.20693e-006
0.000363056
0.000179065
3.60112e-005
0.00153118
2.84198e-005
1.39241e-005
9.36652e-006
0.00185216
7.70855e-006
7.37026e-005
7.11287e-006
1.08962e-005
3.76234e-005
8.02108e-005
6.45427e-005
8.16636e-006
4.83482e-006
0.00124148
0.000105722
0.000104294
3.30779e-005
5.04118e-005
5.15576e-005
4.46469e-005
1.68586e-005
3.24056e-005
4.62166e-005
5.21618e-005
0.000535206
1.47179e-005
0.000102709
7.85027e-005
0.000129752
1.75244e-005
5.4872e-005
2.06213e-005
7.40309e-005
0.00150445
0.000755333
0.00115838
0.00127708
9.1139e-006
1.63219e-006
1.37445e-006
3.75367e-005
2.6002e-005
0.000856616
0.000174756
0.0109889
0.000775581
0.00152874
5.78033e-005
0.00303984
7.7019e-005
0.000147346
1.39626e-005
1.53238e-006
0.000194108
1.60726e-006
0.000222948
6.83588e-006
1.78113e-005
0.000139248
2.11301e-005
0.000286828
0.00194386
1.7401e-005
0.00483756
8.66939e-006
9.58282e-005
0.000198723
0.00117972
0.00152435
0.000353705
0.000339578
0.000290106
9.04859e-005
3.81551e-005
0.0035669
0.00146008
-1.38234e-009
2.74724e-005
0.00159117
1.69529e-005
3.41156e-005
0.00117625
5.85341e-005
7.06386e-007
0.00155814
0.000209983
3.87717e-005
0.000238183
0.000105297
3.92547e-005
1.80047e-005
1.09666e-005
3.8327e-005
3.56827e-005
3.34616e-005
2.09854e-009
0.00199809
0.000242928
3.13693e-005
5.97557e-005
5.67132e-005
0.000557662
8.43717e-005
4.14487e-005
0.000224685
6.81104e-005
2.56482e-005
0.000109302
8.46534e-005
1.70411e-006
0.000123695
2.26961e-005
0.00451138
0.00884648
0.00522105
4.08609e-005
6.09446e-005
0.000163302
0.000826617
5.89343e-006
0.000622584
0.000193561
0.000362727
0.000578351
7.02454e-006
0.00196998
0.00230619
0.000195174
0.0031118
0.00028153
0.000410128
3.31871e-005
0.00982288
0.000325818
0.000190776
4.00581e-005
0.00016025
1.72671e-005
0.000217747
1.13124e-005
9.771e-005
2.02358e-005
0.00142302
0.000521547
0.000329391
0.000271689
6.91562e-006
6.74147e-006
5.68751e-005
0.00849405
0.000228218
0.000138692
0.00745598
0.000114435
0.0010058
0.000261362
4.50656e-005
0.000144372
1.83711e-006
0.000129902
0.000245587
0.000371256
0.000462472
0.000208158
5.39752e-006
2.75163e-005
5.7446e-006
0.00141358
7.04131e-006
8.02634e-005
0.000139671
4.08052e-005
2.20041e-005
6.58531e-006
1.4893e-007
7.26145e-007
2.3877e-006
4.63782e-006
7.25613e-006
0.0012894
0.000137476
0.00113853
0.000465996
2.76911e-006
0.000119262
0.00031223
0.00105391
8.18419e-006
0.000100123
0.000110093
2.23871e-005
0.000267907
0.000415924
3.07815e-006
0.000154404
0.00040522
0.00041231
0.00105781
0.00117143
4.12221e-005
0.000231707
1.36609e-007
0.00195697
0.00012848
6.81664e-006
4.05885e-005
1.51469e-005
0.000331901
1.9181e-006
0.000131652
0.000384808
0.000350848
0.000909821
3.03343e-006
5.69085e-006
4.13322e-005
1.61346e-005
0.000273512
7.86407e-006
0.000381262
5.83021e-005
3.34385e-005
6.62519e-005
3.07429e-005
2.00811e-005
7.22978e-005
0.000116566
0.000477361
0.00219104
2.43876e-007
0.00181176
0.000133722
0.00648021
0.000418013
0.000212935
6.59199e-005
3.23184e-006
0.000512728
0.00192192
0.0115659
0.0130884
8.43928e-005
3.71441e-005
0.000837658
0.00011513
0.000177563
0.000170568
0.00264506
0.000140371
0.000447341
0.000637986
2.68018e-008
1.42999e-006
8.45194e-006
0.000701347
0.00198387
5.06529e-005
0.000136063
0.00456494
0.00145341
0.000183088
1.14724e-005
7.20009e-005
0.000153738
9.14579e-005
4.43017e-005
0.00127268
3.51922e-006
0.000194236
0.000266851
1.05561e-007
0.00020644
3.41714e-005
0.00165605
0.000201232
0.000310729
1.02484e-005
6.22722e-005
0.00010549
9.41604e-010
0.000395743
0.000115674
0.000639515
0.000604413
0.00656806
8.6933e-006
5.2002e-007
6.14472e-005
0
0.000710649
0.00196034
0.00367084
0.000581832
5.96767e-005
8.08924e-005
5.41839e-005
8.6362e-006
0.000658653
0.00013494
0.000875819
0.000177008
4.55534e-005
0.000249426
1.23274e-006
8.79607e-007
0.000165739
0.00874999
0.000249182
0.000938041
0.000510154
0.000963627
1.12208e-006
6.87473e-005
0.000745678
0.000507927
3.45567e-007
9.6061e-005
4.31545e-007
9.96155e-005
0.000613265
1.06072e-006
0.000116373
4.37634e-005
0.000126275
0.00127611
2.0193e-005
8.1155e-005
0.000785363
7.48484e-005
7.8068e-006
0.0129689
0.000367155
6.21363e-005
0.000229915
0.000305533
0.000608129
0.00417561
0.000731743
4.15987e-005
0.000298199
0.001379
0.000126481
1.36643e-005
2.91003e-005
3.96939e-005
7.08063e-005
0.00054745
0.000378651
2.27932e-006
0.000436789
0.000177935
6.45622e-005
3.15421e-005
7.07781e-005
0.0062457
0.00447962
0.00030861
3.31031e-005
0.00018397
2.20238e-005
0.000403462
0.00148317
0.000492299
8.66039e-005
6.12704e-007
0.000872138
7.19925e-005
6.91352e-005
0.000104468
5.23195e-005
9.16562e-006
0.000267729
8.42377e-006
0.000613184
6.58248e-005
0.00024597
1.12107e-005
8.64587e-006
0.000383151
0.00179372
0.000655539
3.39431e-005
0.000483447
0.00021517
0
5.76646e-006
7.81496e-006
0.000811017
1.58916e-005
2.6491e-005
6.55341e-005
0.000838075
-2.63548e-009
9.56802e-005
0.00131179
0.000304276
3.38121e-005
0.00106561
0.000212591
0.000113558
5.1993e-005
7.72021e-006
0.00562827
4.28234e-005
0.00111167
1.46276e-006
0
3.02242e-008
5.00352e-007
3.53594e-005
0.000639237
0.00152627
0.00064136
0.000156481
0
0.000161403
2.64668e-007
0
0
5.06859e-005
0
1.502e-005
0.00872741
0
0.000113248
0
6.4901e-005
0.000454535
3.29875e-008
0
2.68676e-008
-7.96835e-012
0.000191379
0.000629844
0.000378636
0
0
0
8.40055e-011
0.000272914
0.000121448
3.09995e-008
0
7.67454e-006
9.02163e-006
5.98204e-006
0
0.000633818
0
0.00024691
6.75204e-006
0.00049819
-7.41237e-010
0
0.00387553
0.00672754
0.000168963
0
5.96462e-007
0
0.000734831
0.00147853
0.000195308
8.71059e-005
-1.17184e-010
0
0.00158273
0
0.000808173
0
0.000377868
2.85515e-005
0.000823825
0
0
8.76667e-005
0
0
0.00503352
0
0.000207087
0
2.65493e-005
0
0.000106057
1.61853e-011
0
0
0
0.000519059
0.00147397
0
0
0
0
0.00177402
0.00111682
0.000544535
1.5632e-007
8.03606e-005
2.65764e-006
8.16163e-007
5.57929e-007
6.67264e-007
2.00108e-008
