12
0.0773486
0
0
0.227689
0
0.0160268
0.239117
0.274802
0.281138
0.400099
0.122848
0.107966
1.34105
0.743294
0.326337
0.232668
0.175987
0.852213
1.27158
0.337954
0.946976
1.05423
0.679224
1.41957
1.41217
0.426292
0.360276
1.1455
0.831032
0.473622
1.08108
2.34702
2.38534
2.70586
3.01762
3.63351
1.67019
0.494703
0.885918
1.5061
1.03669
1.00787
4.41219
4.82283
4.27491
4.4378
5.77842
4.27931
6.54943
2.67335
4.67272
5.14354
2.46516
1.87327
6.39808
7.42616
6.5649
7.37322
13.0723
6.68951
7.01983
3.88909
4.34813
5.44369
4.12949
4.63464
8.49768
8.83646
11.3952
8.36798
7.30359
10.4019
9.86365
8.61509
6.02322
9.34416
8.53109
8.8638
9.62406
8.66598
10.9184
10.2806
6.09961
6.89168
5.39601
8.72433
6.21226
8.59219
7.06835
6.74236
3.89878
5.37796
6.40539
8.36015
5.13848
6.09057
5.57674
3.09359
5.61387
7.08358
4.84992
4.0739
5.28355
2.39905
2.99712
3.63325
2.7416
4.09805
2.37433
1.69362
2.90288
1.89171
1.76966
2.01717
2.02537
2.18049
1.44979
1.31461
2.8744
4.56133
0.775997
1.28533
1.32397
0.537312
2.25439
0.723371
1.24312
1.18293
2.21129
1.18935
1.54193
3.65185
0.507395
1.68111
0.56643
1.13705
0.859589
1.31453
1.54699
0.738068
0.51436
0.554265
0.814326
1.6797
