12
0.855503
0.271565
1.13473
0.256051
0.503043
1.12249
0.185186
0.0990515
0.208188
0.518569
0.0851814
0
2.23731
0.67576
0.470511
1.35846
0.43713
2.78773
1.85694
1.55715
1.21914
1.26308
0.394643
0.686446
2.34539
0.776318
1.2762
2.55334
2.84581
3.22119
4.72518
1.48217
1.51062
2.35659
0.653498
3.21121
5.89124
1.56788
1.9964
1.72143
5.45857
8.01498
4.14222
4.54247
3.44218
4.2974
3.27135
3.90786
8.89466
3.89773
2.82804
1.70603
6.70076
12.8103
8.68427
7.04225
6.79373
8.63664
6.60674
7.60816
15.4115
3.50243
3.70968
2.3299
6.44239
9.99688
11.3046
9.4663
12.3024
13.7357
8.30766
11.5346
11.6687
6.35469
3.49778
5.19054
4.57845
6.11692
10.2255
4.93549
8.85217
8.84142
7.00643
8.39654
3.74882
7.30589
6.02493
5.37405
4.08368
2.64714
4.88286
4.92976
3.21111
7.26181
4.02043
4.39438
2.62272
3.53901
4.39941
3.46427
3.68213
2.44357
2.32661
1.6
2.19442
1.81872
2.28151
1.81722
1.83152
3.41017
2.17911
2.22039
1.73867
2.08497
2.61644
1.72789
1.96644
1.62382
2.74691
1.59115
2.29784
3.50774
1.14909
0.689136
2.21856
2.63731
2.84242
2.23933
1.98464
1.01678
2.37142
1.38847
0.26994
0.244251
0.443749
0.192025
0.734559
0.247482
0.444929
0.491537
0.342558
0.185746
0.343764
0.127576
