533
3578
3549
1264
810
579
2583
1651
607
1476
2965
2582
2334
1784
1541
1980
3000
1601
1969
3701
2266
934
1525
1442
1447
441
2202
413
231
2799
2218
2740
3342
3195
2999
3283
2012
2275
579
2911
2859
1525
2927
2452
2452
1892
1709
523
3405
3255
523
1419
1690
2575
3104
547
3127
1248
1786
1892
3085
3199
3343
3343
2959
3082
2990
3026
425
3374
3084
580
3114
2022
1634
3190
1828
1633
1828
2329
1526
2143
3338
2838
3086
3115
2915
1605
1355
679
679
3291
2388
2204
2997
1540
2229
2099
1959
1685
1940
2211
1751
2335
1623
1649
2294
3279
506
1762
1601
1602
2537
1825
550
1726
3134
2203
2330
2192
2192
2238
2198
53
2810
3036
3581
1180
1989
1062
2727
2927
2388
1231
3222
3249
2053
1187
2218
3357
3449
2831
1391
2774
1179
1758
3193
3446
3667
1932
1617
3248
1969
1633
3000
1653
2275
3360
3326
3184
1728
3164
3148
1896
788
1563
2391
1969
3060
3036
1798
2451
1758
2021
561
835
3296
1957
2174
442
2264
425
2316
2315
2198
1471
1186
1907
1690
2238
2104
3022
67
1617
2869
2350
289
3423
2173
1648
2056
409
3506
3252
550
3198
3360
506
1168
1509
3141
3253
3069
2996
2943
3133
1185
3253
1932
3478
3467
3161
2537
3278
2402
2991
680
2991
2330
3651
2972
2424
3367
2352
3356
1062
3350
3069
3278
3677
835
2324
2609
2892
2980
1824
1232
3515
1556
1170
1358
2516
1789
2836
774
3071
2150
1263
1734
2610
2316
2610
1170
1705
1710
2876
316
2943
3256
1712
742
3057
2980
3022
1506
2782
472
3106
3165
2335
3649
3649
1844
1624
3668
2761
2770
3733
288
244
2633
2733
3398
3489
3252
5
67
2473
1400
1729
556
3215
3254
3641
1674
3462
400
2510
3810
259
1937
3438
3058
3058
470
470
1734
2921
231
3454
2506
3398
3442
291
3568
743
300
1462
1873
259
3649
3808
530
372
2885
3045
3015
150
3397
649
149
3159
3052
3119
225
2372
3016
3164
1289
3232
225
291
1232
2506
2510
2378
3428
3808
3808
3618
3624
2963
2953
609
2887
882
2770
3158
3754
3748
3009
3352
2649
3256
1960
884
2239
1760
3046
2648
5
387
2239
368
295
206
3215
2556
432
2696
2400
3767
3232
3304
2995
109
1784
2133
2698
3647
3041
1220
332
3698
946
220
2899
3442
3304
2378
2073
3065
2697
2411
2510
1844
3648
102
2474
3065
3427
3375
3578
2473
2399
2191
2892
2864
2899
186
3673
2076
262
275
3321
1420
3791
1944
3234
1286
1074
2802
2373
184
2076
2953
288
10
2038
3560
2400
2770
3806
3140
3030
3371
1111
3337
310
2156
2386
3414
1883
3128
3562
3194
914
2190
3053
3710
2801
3033
2801
2574
3806
2402
1441
1220
3649
3791
2372
2343
2035
3052
2910
3243
3741
3065
2473
578
290
3375
2178
3562
3258
1648
560
1441
3033
3791
388
530
3200
2884
3555
200
3682
2581
2284
2555
3033
3752
2482
14
213
1463
496
3129
3695
1783
3266
428
389
2755
544
201
2190
3718
3810
728
2050
1859
1919
1253
3422
654
3422
3590
3451
3178
3785
3113
3143
2594
1381
1873
3791
2235
2235
1205
2035
3641
3257
3275
2787
2954
3257
3046
475
450
3564
3564
3546
3754
3791
252
2648
473
3649
3250
3680
3116
2646
2641
2658
3033
3815
3815
1775
3358
2191
2973
3740
3709
2705
3649
199
3709
440
3155
2185
2975
158
1404
935
2411
2213
3045
3791
2482
2910
2910
2910
512
3649
3810
3795
3801
3514
3817
552
335
287
3495
2964
2074
3649
3822
2206
1793
2994
3791
616
721
3444
3530
3093
1732
1912
2252
2252
3366
56
973
101
2795
138
138
344
2801
3033
440
3250
1783
2425
2425
2975
2542
2597
2685
3421
2436
3163
2273
2273
2777
3649
1777
2956
3526
1727
1727
3649
3649
3624
1872
129
2091
2514
2874
1979
2748
3791
3806
1079
3731
3810
3807
3718
623
849
3649
3810
3791
602
497
569
3649
3808
3495
3807
1533
3752
3752
1817
3240
2514
2910
2038
3816
3817
3810
2546
2964
3777
3250
3649
3649
155
2801
3053
2861
2579
3649
2376
55
99
3791
777
3791
3791
1389
3791
1680
3272
3090
3649
1360
2916
3336
3810
3108
2721
3810
3422
2825
2825
3801
47
2322
3791
3791
1415
3520
174
2749
964
3649
3033
1736
2372
2237
2910
2910
2208
877
2038
758
3807
1650
2514
54
2027
1462
3637
3738
3807
2353
2554
2367
3603
2345
707
2801
3810
3810
3810
3033
2038
792
2910
3651
3810
2206
568
566
3810
3810
780
3294
1777
1885
1279
633
3662
2801
3250
893
3806
186
2038
2038
2801
3250
1361
2514
9
3810
420
3495
2551
1233
3649
3649
3791
254
3446
3413
3400
2412
1662
1052
2202
2025
1241
3649
2825
1453
2952
2152
1443
1443
1680
1680
3731
3078
3250
2472
3823
3823
3033
473
3806
2369
3200
1023
715
2760
3817
3810
3422
653
2121
512
1165
2969
141
141
3808
2514
3250
2322
2845
2802
3791
3033
1259
3823
3033
3791
2322
2206
3626
1639
1567
1782
2416
3791
3791
3791
2237
3810
695
2507
1999
3388
2265
3806
1928
2515
2245
2175
2254
3250
3777
3300
3807
3806
2871
1639
2514
3749
3584
1691
3366
548
882
3547
3727
2542
3380
2428
2144
421
2038
2038
815
3312
3823
2706
1754
1754
3250
3034
894
3700
3806
3749
1459
2075
3791
2514
2801
481
1406
1768
3650
3808
496
3749
2233
3621
2214
2662
3609
3650
1768
3160
3823
3470
3547
2114
1134
995
64
2998
3033
913
963
2989
3749
2949
725
3791
2290
1625
1625
3791
3577
3623
3703
2185
1971
3700
3700
3287
3033
2206
734
3791
3250
3749
3749
1459
3418
290
1165
2647
3511
1233
3791
11
2535
3652
2206
1456
3599
577
2554
3807
3683
942
1120
1416
3749
3749
3819
511
2910
1956
1176
3140
1639
2206
3791
416
2522
3388
3810
1298
3534
3646
3649
2141
1794
1834
3791
2038
2245
1909
617
2893
2602
2797
2132
12
3081
3033
1379
2646
2133
2285
3113
2038
2038
3093
2808
1990
1799
1285
3023
1417
2514
2038
1
590
3690
1406
1406
764
3822
3789
2305
1718
2514
1577
3817
3661
3434
1882
2175
783
3729
1309
1482
2443
1354
343
2984
3649
2680
264
3665
2442
1853
1440
105
2396
1941
2422
2033
2553
1099
2024
2441
3072
1319
1120
3817
3815
1909
2114
2975
8
7
1234
2322
1919
3806
3646
3073
3073
3029
2675
3495
2514
3817
2514
1120
1370
1885
2910
686
2551
3817
3457
3649
1250
2792
2910
3359
1249
3067
3791
66
383
2846
2206
2206
2825
1572
3791
3791
507
24
3089
854
1240
1006
1886
1199
3495
3495
1098
1935
3791
1374
3807
2497
2910
2658
2802
2065
983
1201
3649
2200
2816
1417
1800
2504
2600
465
2847
3305
1912
1543
306
357
3033
322
821
1338
2514
2154
2600
1668
307
2369
2600
2945
1775
2266
2119
2514
2962
511
2038
2949
3672
2776
1464
2043
2235
2910
3388
3749
3154
2571
1217
3749
3806
3626
3817
1742
3250
3806
2600
3728
2971
2472
1430
2360
1639
3672
3292
962
3549
2322
2244
2086
1559
3689
3806
2389
3163
2896
3749
1038
3203
2331
1986
972
686
12
2919
2465
2375
2303
2846
3033
2514
1614
1671
454
655
2497
3796
1764
2628
2628
1
2137
3720
2896
1531
2603
1991
3817
2989
2272
1805
1661
1661
3451
3452
2179
2263
524
1353
2514
2046
1439
699
1826
1199
1198
1374
1673
281
338
448
2726
3757
3722
3044
104
1724
3791
1678
1361
3495
3649
2910
3731
3716
2020
1367
3388
1985
1954
3473
3169
3768
3162
2314
2140
2789
420
3143
741
3033
2616
2167
3815
1531
2864
1658
1854
3609
344
2738
826
1578
740
1176
1949
2407
3275
3783
1559
2303
1038
3806
3769
2507
1149
1149
1233
3692
3807
245
318
529
3738
2600
2208
1181
3815
2306
3722
500
3769
2797
3371
208
2661
59
124
124
3272
999
1573
128
1383
1383
3677
3250
1887
2314
235
1945
2037
2261
3805
2726
151
121
1720
2738
1489
499
2718
1985
3287
2321
3658
1316
2066
3779
2726
1991
1036
1036
87
65
877
3194
2757
3789
1654
3402
3355
2602
298
2289
758
2
652
1451
171
2009
2839
1589
1415
2842
2644
3381
3549
560
3565
3329
3329
828
414
719
234
2038
2038
3791
3287
3804
2008
2590
2664
3033
1058
2257
2503
2720
3274
3240
2241
3749
3202
3202
1557
310
395
1831
3624
3285
3250
2205
2808
1589
961
3703
2020
2910
3525
1174
2020
1425
2973
405
3505
807
1392
2925
2046
2910
2361
1792
1930
1930
3155
585
2431
2038
3466
2769
198
2155
2616
2974
3420
1887
360
196
3334
2897
1519
527
538
1461
3494
208
258
258
2747
3804
3170
1574
24
1306
3149
551
1668
1487
2936
3524
3817
3414
3512
503
2977
1183
3413
237
3250
2120
13
3035
3139
86
3791
3720
1184
738
3732
3732
736
1199
1739
1761
1348
2236
1792
3268
3325
3810
626
3661
194
404
1668
1667
3776
1206
1668
1487
1322
2590
3644
2297
3808
3683
3683
2677
382
390
161
3709
194
3752
1240
1393
187
125
2910
1284
1704
2735
214
3371
971
3760
586
147
2910
2910
2739
2038
468
3808
3815
1036
15
3224
1425
3459
763
1129
2332
3498
3434
3186
1006
3358
3473
2038
234
3250
2312
2155
1771
1955
3312
2910
3325
3206
2038
2121
2593
3724
3813
2088
1432
242
3286
1365
503
1716
3749
2813
3565
806
328
2475
36
36
2274
3714
1516
1386
589
3109
348
286
1543
765
962
62
1588
3035
2645
3495
2580
1257
1499
1499
659
1446
2659
3407
2026
239
2257
3027
2550
3396
2419
2038
3495
3734
1776
3508
2776
852
1950
921
1339
619
549
2792
1724
3714
2868
3558
3558
3807
1703
716
1194
2977
973
1404
3795
172
2038
3685
495
2019
3347
1580
1813
2619
3229
3250
751
1577
2803
2038
1487
1757
241
2745
527
1206
2898
3151
1936
3628
3156
47
2668
1487
3523
2038
2038
1424
2544
3097
3531
3808
2456
3378
3548
1913
3317
3561
2547
148
3276
214
2908
1780
1854
2138
2829
2947
3080
2496
1487
1306
879
3649
159
81
212
3285
3066
759
3289
3526
430
1658
2038
3170
2139
3614
3645
570
2038
1837
2564
3566
807
3722
17
43
2642
1982
2987
69
93
2640
1332
132
454
2186
3116
926
3815
3097
3135
625
2917
2917
100
3777
1595
2377
3630
1771
3457
3676
454
1007
2865
82
44
254
2789
338
3632
2743
1096
3062
3674
502
2013
3100
3465
397
3480
1362
96
350
3752
3752
439
1173
2387
2387
2636
3364
1998
2405
1981
1352
3817
1958
2897
3632
2714
3649
1482
2269
1362
2626
262
1468
1497
356
1455
1455
415
446
2778
2017
3185
3762
3656
2312
1720
3081
435
2894
3526
1992
3182
1221
3658
2355
2167
3246
3789
2504
3505
2433
2477
926
3348
120
126
189
3715
3410
3459
357
3594
3688
1487
190
3246
255
385
537
347
160
160
1963
29
30
2436
2578
1359
1620
572
1584
1584
2568
2895
2563
1421
659
3601
2163
3569
3499
2910
125
3820
3815
305
403
3551
564
1638
1998
1329
2044
3687
2429
2108
3465
2245
1013
998
1801
590
1003
697
1000
1288
3788
108
303
2103
2659
1498
1005
1720
3749
2524
1370
227
191
227
3681
3524
362
2832
799
3388
3756
892
2077
3709
3129
3566
3623
1857
451
2006
361
1487
1455
704
2737
860
1963
3574
3739
129
3401
3197
108
1368
2089
3752
2629
2401
2037
2568
1911
1075
3097
3561
3005
1494
1356
3505
2412
863
2526
1721
2051
482
3404
2821
3042
2829
1309
1950
3505
2837
139
3033
906
185
1244
1409
2666
3123
3791
314
2385
1430
3752
1031
522
437
2154
2655
358
195
1132
1829
1830
3388
3712
3187
3348
1515
2739
2629
2822
212
374
2541
273
1588
3351
477
1133
1301
3465
1554
2313
2080
1676
3643
2382
251
2480
3227
3153
2725
271
1641
204
3730
3315
1991
2488
1546
251
2901
3044
3029
398
1491
3079
3712
3265
599
2614
1092
1450
627
3353
991
376
375
2526
271
1254
19
2652
2078
3688
3655
3791
2267
1596
1387
2457
2856
2865
2047
574
3603
2180
728
1996
3671
3642
825
1711
2918
1295
485
1074
1257
3207
3649
564
3552
3817
2872
3381
3146
3490
1194
2757
2049
1105
1019
836
733
3076
1229
1090
823
2896
1570
1028
2323
2186
895
595
1876
2255
1860
917
771
3649
2242
656
3269
3622
3103
1668
2444
3491
3466
1665
2768
2678
3422
3289
76
3817
2393
881
2165
1670
1560
2244
3807
3443
1756
3401
3630
612
3794
3327
2837
1487
3230
3372
2049
3230
3574
74
2370
2606
215
2184
197
2288
1479
3197
3643
2930
2013
2248
3659
2038
2622
3145
269
3818
2812
2703
2272
3806
3819
765
2231
1568
3388
86
1669
2224
1276
1136
28
3587
2151
3230
1568
2385
3006
1992
1558
3569
144
3509
2181
621
1766
1354
3123
178
1799
2710
2066
647
365
2731
1884
2250
2250
2240
25
1002
2182
1870
2051
1072
3817
3655
449
3391
1637
2769
3649
63
2634
3207
2518
2766
2863
1385
1362
3603
3752
3561
2423
1314
2427
3216
2634
365
2408
1099
180
299
2933
3391
3391
1668
1349
2692
3096
2924
3408
2765
2632
1676
2903
111
3081
2950
2728
3807
1577
1684
1403
1929
2240
1812
2276
273
1163
1448
1850
1851
2430
1349
2709
293
2604
2604
2405
3786
3725
3385
3622
3605
1071
20
2393
2410
91
57
1487
1955
3380
1597
1747
2146
3144
2725
1106
1916
3121
2613
1009
2023
154
269
1507
3552
386
3481
1326
3227
3313
331
330
452
1906
1754
1925
2034
1730
3456
3587
838
1089
3077
510
399
2331
611
1785
1988
3231
791
1934
3259
1438
3301
1822
923
3692
3817
1065
3657
2423
581
1663
2541
1245
1801
2832
3635
1507
763
2632
1067
3415
3495
3154
1047
1265
2182
180
2796
3819
3808
984
1570
3302
2615
79
3693
2879
2780
887
1677
3671
112
25
3303
319
2038
2249
3431
1667
3101
3409
3646
2879
620
410
3691
94
3806
2386
3631
2454
2281
1046
417
595
3289
202
765
3527
355
342
1075
2794
317
3806
209
3522
3607
272
2889
3495
2501
797
906
1701
1398
1469
2339
2974
1359
891
2900
1375
909
766
989
1004
2479
3817
3806
3439
2550
1270
1939
79
1920
1569
3063
1999
221
46
419
3771
3820
1498
3495
2703
3316
2970
1946
3416
3131
260
260
1098
3504
1765
3636
627
105
2902
2691
3619
3388
3388
130
2304
1823
2536
1933
1666
175
3611
488
1266
1700
991
3316
1284
2871
3817
493
16
1126
3174
3742
2371
2371
89
45
558
885
3783
3388
2311
1947
2243
662
2666
31
3340
2171
827
2223
103
1373
536
1687
859
3172
3435
2131
620
3043
3752
2993
1565
2333
1364
2528
1669
525
48
1362
3502
3502
612
1449
3433
314
2536
3333
2311
3216
3533
1270
3439
476
3528
3237
1242
2413
3505
2494
1190
1328
3092
3464
1604
1047
1197
2780
1641
3713
3819
3496
426
453
1546
1473
3316
1025
2581
3791
699
3056
443
3146
3280
3382
1585
2719
1871
3533
3752
320
3542
3779
3496
3820
2567
1145
2798
41
1473
34
698
1738
3658
3726
522
3377
3817
3779
1593
2494
3755
1548
2215
2271
393
1565
2803
3604
140
2123
3216
345
517
3808
3635
393
434
2404
263
460
3807
1916
1667
3655
3639
2713
950
383
2934
2690
1262
3642
1189
2107
459
1003
3798
2011
203
21
3675
3361
3615
3087
1479
2791
798
240
1821
183
3003
790
937
1235
3629
1210
3752
3536
3536
2406
116
2560
2567
2625
1328
3288
1412
3145
2612
321
554
1615
1615
3737
1853
2381
2381
2107
2309
940
2041
345
2183
1976
2130
3556
589
1000
850
2934
1418
2717
540
391
3225
2902
2561
3815
2011
2362
461
2776
3563
2828
3051
2158
3238
1290
3615
3500
3752
1615
3284
3608
2672
1955
257
3477
829
3175
324
233
168
39
3340
1767
2645
3497
539
394
210
168
2311
1647
380
22
1396
1741
2894
1307
3388
2172
2054
2057
2751
3447
2494
2494
2627
1645
540
1294
1667
1667
1312
3815
2566
2856
1723
1384
3388
78
937
3001
2028
3176
3517
3573
2520
2063
49
51
1755
1518
1871
851
1544
221
2880
3553
2724
3354
3817
3297
3752
152
988
3815
2129
284
3815
217
3597
3553
1115
3130
2540
94
70
2872
933
1488
830
1321
3508
3269
3819
3799
1735
678
3747
2288
557
75
197
1673
2281
818
2618
2449
3537
3101
3388
1269
2410
95
52
3758
3817
3608
2935
3276
1210
3323
3808
3629
1536
597
3615
2325
2226
917
2093
3815
2639
3742
1668
25
1609
3620
3620
2128
3007
111
1900
94
3537
3098
3747
2122
514
2446
960
3685
902
3488
2637
562
2064
2934
410
2242
800
2773
2450
3752
3545
952
772
71
3173
3817
3817
339
1076
1336
2794
3263
107
3048
2287
565
3196
3314
1218
3389
2712
119
3639
2690
3721
2762
1770
3180
3302
2310
3308
3056
2560
2711
494
43
1535
904
2145
3098
3050
2438
3675
1189
2463
116
3179
146
248
2498
3663
3496
3229
92
1336
354
1362
3819
1538
1618
431
1845
38
224
2318
965
3749
1822
3570
88
1988
2670
2492
3205
3130
3495
3694
3817
3817
2460
2701
1694
324
2734
3037
370
3382
2490
1841
381
3011
637
3231
1763
3348
3580
3815
722
3205
325
458
2094
3310
3087
3424
315
2730
2839
3485
3716
2439
3752
1007
256
1056
3715
50
136
21
643
2338
1470
3388
1696
3267
2297
739
58
460
2394
153
1659
1016
3715
3
4
3018
337
689
1283
122
1688
7
6
233
775
3790
3602
3392
2427
2113
677
3118
3425
2288
2750
2750
2489
846
883
706
1845
3205
1655
242
2598
327
683
3752
587
2040
1064
823
823
3721
2599
2500
3579
2819
2872
2397
781
1625
2552
1899
3014
37
2197
1958
145
1767
68
256
2445
2127
781
1539
1524
2930
1996
33
1836
868
2620
2490
3300
2448
847
1061
557
1706
230
2870
2986
1470
3218
2983
1137
614
3619
1164
2783
2783
3191
1849
1594
2986
1357
3131
2598
958
508
2392
1987
2397
1219
2529
2684
1855
3262
941
1192
1287
1749
3430
1672
423
2528
3554
1341
904
2712
479
33
1781
2854
1519
2274
1413
1007
619
2522
3752
1716
2392
2005
203
2466
1513
1667
876
2842
991
3236
960
3099
2654
1024
1024
3606
2922
2878
3693
2286
3707
3247
3012
989
3486
3691
2487
2684
1399
2786
2347
1493
3752
3766
3781
1778
1513
2630
2576
2111
2853
2439
895
2084
2120
2384
250
991
2513
3263
3388
3493
2394
3117
1841
498
2877
803
3117
2820
3817
1435
2967
1436
3247
2673
2364
2170
3664
2215
3815
2296
163
1593
3554
922
2751
2503
772
1599
832
1238
2219
2940
684
1208
2453
1699
2292
3420
61
1756
2487
3474
2753
3335
2445
1511
2982
157
458
1920
2523
3815
1551
2486
1017
3592
2854
3277
861
1773
3817
2539
474
1167
3430
3638
3807
3242
2307
134
2299
2689
702
2857
2392
3669
346
2611
615
2862
380
380
2804
309
2112
2499
3220
2955
2808
2395
1034
2852
2357
90
2392
1235
167
32
143
2751
2486
2434
1695
169
1148
90
3669
3516
1616
455
1512
3585
2097
3593
279
3593
2519
1431
2904
3713
2136
2112
2905
379
179
1287
571
862
2595
1466
912
1466
2926
2570
1429
3183
433
401
182
2938
2948
479
2483
341
2955
3690
1387
1550
3550
1301
1938
1688
3244
1460
1743
1664
1910
2862
3592
1150
982
3349
2358
2957
1815
1158
844
333
2793
789
181
2234
3002
1215
1901
3458
1875
513
1583
3764
1177
2084
976
1914
588
133
2462
371
2468
3056
957
229
844
2983
3411
3388
267
1627
1874
3388
3815
886
2196
3223
228
3051
2505
3032
629
1147
1142
2855
508
3819
156
279
2922
2858
1267
1816
3752
1014
2357
1141
845
238
1744
3764
1320
3817
800
3282
1607
3298
1301
3282
907
117
1983
3388
954
782
3399
1219
670
1910
762
2199
2819
3766
1345
1693
2699
3660
1997
2217
2207
2754
3271
1151
238
3550
2464
3582
2164
135
2665
1918
603
232
2398
2010
1889
1207
2458
1026
3419
3132
1689
3634
3363
687
2639
2938
1271
2359
2786
3752
3797
3814
2850
2764
724
249
3817
2814
2573
60
2957
2913
119
3308
131
142
1078
1019
3099
60
3020
2790
2466
746
1865
1842
3210
2722
2293
576
3270
2605
3468
2319
253
2087
1043
1043
1202
605
967
967
1947
2687
1049
1094
2912
839
1027
1974
968
1868
3271
1984
1093
2066
1697
705
543
117
2226
2573
3753
1308
2532
748
634
821
2300
1842
2196
866
1053
2301
2811
981
2967
1320
1495
1182
1629
1303
1485
1714
1395
2036
3132
1903
336
3492
3037
1118
3680
655
2491
1715
1862
1408
1467
3370
718
2531
534
1155
1155
2817
3475
2494
277
613
688
1952
1342
3020
2221
3039
1297
1965
513
1302
1897
2135
1743
2293
2904
994
1143
2826
1397
2395
805
1108
2110
1411
520
1124
1897
1258
1656
820
1101
1193
1864
2679
873
534
1331
1117
951
2072
1809
1903
1894
2806
3376
932
2048
3521
1261
302
1842
2109
3745
1332
3233
708
3472
3807
573
843
1429
731
749
1154
1182
1226
671
3529
745
2468
3753
3763
588
1209
717
717
282
748
729
2827
3460
1693
3474
3226
804
2071
598
811
705
304
809
3363
957
3332
2586
2759
3591
3591
688
1838
2848
2125
1159
2193
2759
2645
1261
701
3013
2220
3501
716
707
1534
1553
2815
718
3424
700
1252
1240
811
2623
778
697
2274
716
3181
2003
2624
1898
3806
2259
911
687
2768
655
1458
487
803
1629
1999
2657
1735
2833
1224
1224
3363
2147
1948
1627
747
3619
1948
1915
857
