6.877840310335159302e-02 2.263039946556091309e-01 1.051492393016815186e-01
5.532260239124298096e-02 2.312040030956268311e-01 1.057047918438911438e-01
3.169890493154525757e-02 2.448280155658721924e-01 1.413688063621520996e-01
9.399905055761337280e-02 2.303979992866516113e-01 1.178985983133316040e-01
8.264320343732833862e-02 2.276130020618438721e-01 1.052688509225845337e-01
1.330513060092926025e-01 2.070339918136596680e-01 1.319542974233627319e-01
1.400873064994812012e-01 2.052100002765655518e-01 1.173419058322906494e-01
6.981980055570602417e-02 2.063219994306564331e-01 1.399745047092437744e-01
1.304192990064620972e-01 2.185719907283782959e-01 1.188068017363548279e-01
3.591780364513397217e-02 2.593910098075866699e-01 8.309040218591690063e-02
1.447046101093292236e-01 1.927877068519592285e-01 1.050758510828018188e-01
6.832460314035415649e-02 2.703950107097625732e-01 9.364977478981018066e-02
1.514770090579986572e-02 2.340779900550842285e-01 1.470177024602890015e-01
3.114530444145202637e-02 2.220520079135894775e-01 1.517568975687026978e-01
1.059547513723373413e-01 2.310239970684051514e-01 1.178252026438713074e-01
1.404629051685333252e-01 2.051419913768768311e-01 1.064097806811332703e-01
1.387342065572738647e-01 2.021609991788864136e-01 9.536888450384140015e-02
8.548699319362640381e-03 2.341360151767730713e-01 1.171026006340980530e-01
1.812790334224700928e-02 2.071660012006759644e-01 1.310160011053085327e-01
3.278200328350067139e-02 2.561550140380859375e-01 1.178863048553466797e-01
2.043130248785018921e-02 2.528750002384185791e-01 1.299311071634292603e-01
1.059600710868835449e-01 2.225040048360824585e-01 1.346271932125091553e-01
4.836830124258995056e-02 2.450009882450103760e-01 1.184803992509841919e-01
2.202190458774566650e-02 2.325499951839447021e-01 1.513493955135345459e-01
9.409292042255401611e-02 2.279340028762817383e-01 1.274622976779937744e-01
5.208669975399971008e-02 2.293010056018829346e-01 1.269645988941192627e-01
1.757299900054931641e-02 1.928133964538574219e-01 9.443954378366470337e-02
1.174400001764297485e-01 2.276940047740936279e-01 1.185348033905029297e-01
9.313203394412994385e-03 2.203049957752227783e-01 1.066804006695747375e-01
7.059620320796966553e-02 2.790299952030181885e-01 9.212040901184082031e-02
2.021089941263198853e-02 2.437599897384643555e-01 1.426994055509567261e-01
8.171200007200241089e-02 2.083289921283721924e-01 1.415098011493682861e-01
7.976740598678588867e-02 2.818459868431091309e-01 8.167260140180587769e-02
6.229609996080398560e-02 2.679870128631591797e-01 8.696090430021286011e-02
1.058216392993927002e-01 2.280600070953369141e-01 1.279015988111495972e-01
5.646110326051712036e-02 2.300139963626861572e-01 1.175333037972450256e-01
1.188699007034301758e-01 2.198619991540908813e-01 1.324090063571929932e-01
5.598990246653556824e-02 2.670350074768066406e-01 1.023189797997474670e-01
1.018900424242019653e-02 2.324010133743286133e-01 1.070574298501014709e-01
4.264800250530242920e-02 2.449890077114105225e-01 1.315196007490158081e-01
1.442621946334838867e-01 1.934525966644287109e-01 1.176417022943496704e-01
1.412343084812164307e-01 1.921730935573577881e-01 1.285603046417236328e-01
4.360470175743103027e-02 2.545650005340576172e-01 1.168780028820037842e-01
7.938650250434875488e-02 2.597730159759521484e-01 9.282477945089340210e-02
2.701070159673690796e-02 1.656115949153900146e-01 1.181693002581596375e-01
3.260330110788345337e-02 2.552559971809387207e-01 1.058138906955718994e-01
9.513601660728454590e-03 2.186110019683837891e-01 1.412148028612136841e-01
1.273141950368881226e-01 2.179650068283081055e-01 1.286191046237945557e-01
1.419070065021514893e-01 1.916386038064956665e-01 9.443055093288421631e-02
2.978910505771636963e-02 2.653030157089233398e-01 8.053389936685562134e-02
9.381530433893203735e-02 2.227289974689483643e-01 1.347869932651519775e-01
1.300137937068939209e-01 1.932786107063293457e-01 1.421476006507873535e-01
8.248709887266159058e-02 2.621259987354278564e-01 8.545110374689102173e-02
2.360229939222335815e-02 2.712909877300262451e-01 5.889790132641792297e-02
1.457729935646057129e-02 2.053859978914260864e-01 1.033948585391044617e-01
1.370431035757064819e-01 2.104430049657821655e-01 1.207229048013687134e-01
9.340268373489379883e-02 1.427285075187683105e-01 1.469390988349914551e-01
1.063979417085647583e-01 1.437005996704101562e-01 1.468259990215301514e-01
4.407530277967453003e-02 2.576059997081756592e-01 1.065645515918731689e-01
8.855104446411132812e-03 2.188160121440887451e-01 1.298442035913467407e-01
4.048909991979598999e-02 2.283520102500915527e-01 1.399625986814498901e-01
8.236650377511978149e-02 2.276050150394439697e-01 1.179366037249565125e-01
3.336700052022933960e-02 2.538309991359710693e-01 1.308702975511550903e-01
5.635820329189300537e-02 2.694379985332489014e-01 9.449774026870727539e-02
4.272410273551940918e-02 1.432429999113082886e-01 1.428620070219039917e-01
2.362269908189773560e-02 2.572210133075714111e-01 8.311109989881515503e-02
5.655390024185180664e-02 2.560499906539916992e-01 1.061579510569572449e-01
5.728819966316223145e-02 1.421644985675811768e-01 1.427004039287567139e-01
7.457990199327468872e-02 1.886622011661529541e-01 1.503826975822448730e-01
8.582100272178649902e-02 2.262699902057647705e-01 1.266417056322097778e-01
1.174180209636688232e-02 1.898687034845352173e-01 1.069662496447563171e-01
3.113050013780593872e-02 2.577730119228363037e-01 9.312406927347183228e-02
3.203240036964416504e-02 2.428770065307617188e-01 9.242357313632965088e-02
1.188537999987602234e-01 2.062930017709732056e-01 1.416901946067810059e-01
6.351300328969955444e-02 2.712250053882598877e-01 1.005450412631034851e-01
3.356479853391647339e-02 2.171979993581771851e-01 9.012839198112487793e-02
3.173939883708953857e-02 2.703979909420013428e-01 5.630050227046012878e-02
9.075000882148742676e-03 2.460500001907348633e-01 1.190382018685340881e-01
1.067862212657928467e-01 2.158409953117370605e-01 1.388076990842819214e-01
1.310139000415802002e-01 1.930696070194244385e-01 8.220200240612030029e-02
1.056976020336151123e-01 2.058899998664855957e-01 1.435510963201522827e-01
2.934810519218444824e-02 2.306300103664398193e-01 1.502497047185897827e-01
1.059745997190475464e-01 2.308579981327056885e-01 1.057947948575019836e-01
1.184217035770416260e-01 1.423182040452957153e-01 1.424770057201385498e-01
1.147876009345054626e-01 1.909747123718261719e-01 1.509658098220825195e-01
9.401768445968627930e-02 2.154090106487274170e-01 1.402027010917663574e-01
1.886880397796630859e-02 2.179720103740692139e-01 9.640546888113021851e-02
2.129679918289184570e-02 2.442739903926849365e-01 9.610947966575622559e-02
1.058198809623718262e-01 2.062259912490844727e-01 7.910320162773132324e-02
8.072390407323837280e-02 2.198529988527297974e-01 1.328060925006866455e-01
9.406884014606475830e-02 2.302150130271911621e-01 1.059539988636970520e-01
1.066780090332031250e-02 2.427450120449066162e-01 1.290325969457626343e-01
9.237462282180786133e-02 2.232730090618133545e-01 9.018445014953613281e-02
3.077369928359985352e-02 2.789219915866851807e-01 4.572570323944091797e-02
7.012429833412170410e-02 2.242520004510879517e-01 1.209674030542373657e-01
1.517339795827865601e-02 2.489869892597198486e-01 1.327697038650512695e-01
1.114840060472488403e-02 1.909722983837127686e-01 1.179034039378166199e-01
6.941209733486175537e-02 2.223840057849884033e-01 9.364229440689086914e-02
6.928019970655441284e-02 2.179889976978302002e-01 1.306166052818298340e-01
2.193880081176757812e-02 2.206529974937438965e-01 1.513999104499816895e-01
1.332713961601257324e-01 2.084980010986328125e-01 9.256805479526519775e-02
3.228880465030670166e-02 1.928918063640594482e-01 8.311860263347625732e-02
2.433399856090545654e-02 1.911817044019699097e-01 8.630330115556716919e-02
1.757799834012985229e-02 1.951121091842651367e-01 1.310878098011016846e-01
1.430159807205200195e-02 2.369030117988586426e-01 1.019212231040000916e-01
7.071959972381591797e-02 1.417746990919113159e-01 1.513970047235488892e-01
8.226799964904785156e-02 1.423864066600799561e-01 1.516840010881423950e-01
3.430130332708358765e-02 2.710070013999938965e-01 4.335600137710571289e-02
7.014770060777664185e-02 2.709049880504608154e-01 8.343910425901412964e-02
4.374980181455612183e-02 2.350130081176757812e-01 1.330454945564270020e-01
3.338730335235595703e-02 2.330209910869598389e-01 1.447044014930725098e-01
5.746209993958473206e-02 2.554410099983215332e-01 9.250646829605102539e-02
4.546920210123062134e-02 1.714603006839752197e-01 1.397041976451873779e-01
5.868410319089889526e-02 1.906923055648803711e-01 7.741190493106842041e-02
8.271239697933197021e-02 1.921773999929428101e-01 1.536211967468261719e-01
9.401880949735641479e-02 1.940307915210723877e-01 1.542643010616302490e-01
1.423723995685577393e-01 1.672562956809997559e-01 1.295800954103469849e-01
1.285741031169891357e-01 2.169089913368225098e-01 9.608228504657745361e-02
6.681890040636062622e-02 1.450743973255157471e-01 1.451146006584167480e-01
4.605980217456817627e-02 2.185660004615783691e-01 1.353731006383895874e-01
1.422723978757858276e-01 1.795546114444732666e-01 9.420539438724517822e-02
1.297273039817810059e-01 1.425502002239227295e-01 1.304975003004074097e-01
6.843610107898712158e-02 1.959331035614013672e-01 7.631990313529968262e-02
1.381804049015045166e-01 2.051210105419158936e-01 1.266947090625762939e-01
7.150120288133621216e-02 1.904920041561126709e-01 7.091460376977920532e-02
8.268110454082489014e-02 1.437942087650299072e-01 1.432695090770721436e-01
1.037675440311431885e-01 1.477551013231277466e-01 1.502037048339843750e-01
1.432673037052154541e-01 1.458290964365005493e-01 1.278250962495803833e-01
7.666780054569244385e-02 2.812390029430389404e-01 8.871070295572280884e-02
9.437420219182968140e-02 1.565037965774536133e-01 1.538818031549453735e-01
1.052943095564842224e-01 1.556798070669174194e-01 1.532880961894989014e-01
1.167809963226318359e-02 2.057569921016693115e-01 1.172983050346374512e-01
4.336260259151458740e-02 1.470184028148651123e-01 1.305809020996093750e-01
7.037570327520370483e-02 1.543188095092773438e-01 1.398950964212417603e-01
9.402593225240707397e-02 2.058970034122467041e-01 1.440669000148773193e-01
7.858780026435852051e-02 1.546975970268249512e-01 1.446409970521926880e-01
8.385120332241058350e-02 1.574362963438034058e-01 1.509039998054504395e-01
4.316950216889381409e-02 2.463920116424560547e-01 9.735739976167678833e-02
6.853401660919189453e-03 2.190670073032379150e-01 1.179948002099990845e-01
3.813800215721130371e-02 2.584170103073120117e-01 7.069739699363708496e-02
1.441419869661331177e-02 2.068400084972381592e-01 1.217290014028549194e-01
1.336642056703567505e-01 1.540542989969253540e-01 1.350840926170349121e-01
1.427710056304931641e-01 1.560350954532623291e-01 1.315589994192123413e-01
5.654110014438629150e-02 2.171910107135772705e-01 1.317044049501419067e-01
3.190380334854125977e-02 2.567209899425506592e-01 5.738260224461555481e-02
1.272384077310562134e-01 2.031559944152832031e-01 1.397058069705963135e-01
7.060679793357849121e-02 2.785359919071197510e-01 8.544370532035827637e-02
2.373030036687850952e-02 1.912245005369186401e-01 1.383419036865234375e-01
8.087150007486343384e-02 1.985951960086822510e-01 1.456675976514816284e-01
4.690900072455406189e-02 1.567402034997940063e-01 1.293963044881820679e-01
5.680220201611518860e-02 1.555777043104171753e-01 1.390838027000427246e-01
1.669450104236602783e-02 2.156430035829544067e-01 1.468279957771301270e-01
1.144345030188560486e-01 2.270810008049011230e-01 1.262969970703125000e-01
6.110870093107223511e-02 2.237609922885894775e-01 1.249777972698211670e-01
4.056410118937492371e-02 2.199050039052963257e-01 1.399756073951721191e-01
2.976679801940917969e-02 2.542620003223419189e-01 6.875990331172943115e-02
4.255270212888717651e-02 2.525759935379028320e-01 1.284507960081100464e-01
5.199620127677917480e-02 1.563660055398941040e-01 1.362663060426712036e-01
8.927380293607711792e-02 2.796620130538940430e-01 7.225280255079269409e-02
1.177070289850234985e-02 2.060660123825073242e-01 1.084675639867782593e-01
2.100600302219390869e-02 2.539840042591094971e-01 1.065186187624931335e-01
7.043249905109405518e-02 2.260720133781433105e-01 1.146337985992431641e-01
1.826439797878265381e-02 2.543900012969970703e-01 1.177332028746604919e-01
2.045310288667678833e-02 2.041940093040466309e-01 9.379725903272628784e-02
7.513920217752456665e-02 2.229129970073699951e-01 1.245428994297981262e-01
3.355839848518371582e-02 2.599570155143737793e-01 4.662870243191719055e-02
2.151220291852951050e-02 1.705282926559448242e-01 1.174461022019386292e-01
9.032899141311645508e-02 2.732250094413757324e-01 7.350550591945648193e-02
4.337160289287567139e-02 1.547031104564666748e-01 1.074456349015235901e-01
8.159850537776947021e-02 2.222189903259277344e-01 9.224866330623626709e-02
3.040479868650436401e-02 2.464120090007781982e-01 8.196800202131271362e-02
5.874830111861228943e-02 2.231959998607635498e-01 9.041912853717803955e-02
3.150279819965362549e-02 2.481940090656280518e-01 7.127399742603302002e-02
4.599640145897865295e-02 1.555429995059967041e-01 1.177674010396003723e-01
8.307970315217971802e-02 1.682167947292327881e-01 1.531499028205871582e-01
9.392779320478439331e-02 1.677101999521255493e-01 1.564500927925109863e-01
1.070872843265533447e-01 1.673218011856079102e-01 1.553369015455245972e-01
8.568260073661804199e-02 2.169710099697113037e-01 1.378360092639923096e-01
1.538923084735870361e-01 1.557547003030776978e-01 1.266244053840637207e-01
1.051785498857498169e-01 1.931737959384918213e-01 1.535872966051101685e-01
5.689620226621627808e-02 1.674388051033020020e-01 1.407736986875534058e-01
7.069310545921325684e-02 1.680732965469360352e-01 1.410160064697265625e-01
6.204450130462646484e-02 2.619540095329284668e-01 8.719789981842041016e-02
4.388350248336791992e-02 1.654329001903533936e-01 1.341979056596755981e-01
2.382930368185043335e-02 2.555589973926544189e-01 9.407280385494232178e-02
4.478190094232559204e-02 2.225060015916824341e-01 9.053511917591094971e-02
1.177003979682922363e-01 2.059829980134963989e-01 8.138620108366012573e-02
1.534582972526550293e-01 1.656374931335449219e-01 1.264335960149765015e-01
1.308479905128479004e-02 1.944155991077423096e-01 1.029311791062355042e-01
2.357430011034011841e-02 2.617070078849792480e-01 7.024830579757690430e-02
5.590410158038139343e-02 2.274529933929443359e-01 9.672125428915023804e-02
6.870810687541961670e-02 1.798298060894012451e-01 1.434943974018096924e-01
4.505520313978195190e-02 2.063480019569396973e-01 8.143749833106994629e-02
2.762649953365325928e-02 2.100569903850555420e-01 9.056743234395980835e-02
4.463410004973411560e-02 1.919828951358795166e-01 7.882170379161834717e-02
5.119090154767036438e-02 1.660127043724060059e-01 1.373959034681320190e-01
5.269140005111694336e-02 2.451559901237487793e-01 1.068846881389617920e-01
1.960869878530502319e-02 2.296339869499206543e-01 9.530244767665863037e-02
5.819800123572349548e-02 2.059340029954910278e-01 8.013080060482025146e-02
9.367860853672027588e-02 1.931651979684829712e-01 6.710650026798248291e-02
9.402946382761001587e-02 2.061379998922348022e-01 7.777179777622222900e-02
7.051730155944824219e-02 2.582930028438568115e-01 9.380733966827392578e-02
8.220469951629638672e-02 2.062889933586120605e-01 7.822290062904357910e-02
1.147390156984329224e-02 2.378390133380889893e-01 1.393963992595672607e-01
3.250650316476821899e-02 2.283920049667358398e-01 9.136529266834259033e-02
1.463693082332611084e-01 1.715128123760223389e-01 1.216754019260406494e-01
5.904350057244300842e-02 2.171680033206939697e-01 8.541910350322723389e-02
8.933439850807189941e-02 2.675409913063049316e-01 8.009870350360870361e-02
4.674530029296875000e-02 2.574560046195983887e-01 9.718104451894760132e-02
1.053098812699317932e-01 1.933128982782363892e-01 6.981480121612548828e-02
2.265640348196029663e-02 1.727226078510284424e-01 1.266545951366424561e-01
3.749129921197891235e-02 2.499339878559112549e-01 8.496810495853424072e-02
3.119859844446182251e-02 1.685726046562194824e-01 1.306648999452590942e-01
4.547480121254920959e-02 1.808477938175201416e-01 7.982930541038513184e-02
5.632320046424865723e-02 1.789160072803497314e-01 1.428855061531066895e-01
8.142520487308502197e-02 1.789703071117401123e-01 1.557352989912033081e-01
9.400007128715515137e-02 1.794548034667968750e-01 1.578007936477661133e-01
1.070648506283760071e-01 1.811917126178741455e-01 1.558187007904052734e-01
1.497310400009155273e-02 2.460339963436126709e-01 1.058595404028892517e-01
1.370111107826232910e-01 2.103970050811767578e-01 1.026529446244239807e-01
3.169160336256027222e-02 1.803316026926040649e-01 1.407109051942825317e-01
4.410600289702415466e-02 1.792594045400619507e-01 1.435334980487823486e-01
1.381455957889556885e-01 1.881055980920791626e-01 8.613250404596328735e-02
3.571630269289016724e-02 1.396418064832687378e-01 1.396239995956420898e-01
3.013040125370025635e-02 2.685360014438629150e-01 6.866809725761413574e-02
3.820400312542915344e-02 2.557410001754760742e-01 7.920770347118377686e-02
3.771520033478736877e-02 2.623600065708160400e-01 6.037120148539543152e-02
3.131359815597534180e-02 1.923703998327255249e-01 1.421978026628494263e-01
5.064700171351432800e-02 2.392980158329010010e-01 1.147954985499382019e-01
2.158229798078536987e-02 2.101260125637054443e-01 1.417886018753051758e-01
1.179416030645370483e-01 1.792747080326080322e-01 1.518861949443817139e-01
1.053273230791091919e-01 2.236610054969787598e-01 9.002894908189773560e-02
4.432260245084762573e-02 1.935206055641174316e-01 1.442070007324218750e-01
5.680759996175765991e-02 1.921153962612152100e-01 1.432688981294631958e-01
7.013740390539169312e-02 1.940124034881591797e-01 1.444804966449737549e-01
1.205954998731613159e-01 1.871130019426345825e-01 1.492325067520141602e-01
1.172100007534027100e-01 2.276630103588104248e-01 1.051259338855743408e-01
7.098750025033950806e-02 2.067190110683441162e-01 7.925210148096084595e-02
1.185443028807640076e-01 1.948111951351165771e-01 1.477586925029754639e-01
9.411323815584182739e-02 2.166219949722290039e-01 8.399510383605957031e-02
4.718090221285820007e-02 2.626489996910095215e-01 1.029671132564544678e-01
1.358077973127365112e-01 1.958594024181365967e-01 8.796720206737518311e-02
8.793599903583526611e-03 2.314150035381317139e-01 1.295306980609893799e-01
3.212600201368331909e-02 2.069520056247711182e-01 1.403724998235702515e-01
5.583640187978744507e-02 2.049179971218109131e-01 1.401706039905548096e-01
1.074958592653274536e-01 1.983500123023986816e-01 1.488254964351654053e-01
4.450390115380287170e-02 2.038980126380920410e-01 1.411405056715011597e-01
3.309559822082519531e-02 2.157170027494430542e-01 1.473478972911834717e-01
4.984760284423828125e-02 2.403259873390197754e-01 1.025881841778755188e-01
4.454920068383216858e-02 2.324199974536895752e-01 9.514555335044860840e-02
8.524800091981887817e-02 2.818970084190368652e-01 7.372190058231353760e-02
7.044200599193572998e-02 2.617830038070678711e-01 8.566319942474365234e-02
4.381460323929786682e-02 2.112770080566406250e-01 1.373713016510009766e-01
5.901600047945976257e-02 2.104960083961486816e-01 1.370882987976074219e-01
6.799450516700744629e-02 2.104679942131042480e-01 1.370438039302825928e-01
1.250033080577850342e-01 2.106110006570816040e-01 1.368459016084671021e-01
5.301300063729286194e-02 2.474339902400970459e-01 9.777463972568511963e-02
8.165930211544036865e-02 1.352362036705017090e-01 1.507938057184219360e-01
8.215939998626708984e-02 2.704840004444122314e-01 8.188570290803909302e-02
4.305279999971389771e-02 1.349416077136993408e-01 1.423716992139816284e-01
1.058333888649940491e-01 1.351076066493988037e-01 1.420913934707641602e-01
5.719760060310363770e-02 1.351574063301086426e-01 1.416871994733810425e-01
3.353799879550933838e-02 2.047770023345947266e-01 8.514180034399032593e-02
1.257452070713043213e-01 1.459137052297592163e-01 1.381185054779052734e-01
1.379451006650924683e-01 1.817167103290557861e-01 8.584529906511306763e-02
1.557379961013793945e-02 1.797713935375213623e-01 1.186332032084465027e-01
1.532503962516784668e-01 1.475899964570999146e-01 1.181903034448623657e-01
1.186424046754837036e-01 1.536034941673278809e-01 1.462150067090988159e-01
1.073251515626907349e-01 2.182430028915405273e-01 8.469880372285842896e-02
6.852960586547851562e-02 2.570660114288330078e-01 1.009762138128280640e-01
1.286229044198989868e-01 1.568759977817535400e-01 1.407635062932968140e-01
1.581591069698333740e-01 1.550016105175018311e-01 1.180253997445106506e-01
1.168640032410621643e-01 1.899349987506866455e-01 7.308959960937500000e-02
1.145778000354766846e-01 1.585769057273864746e-01 1.501691043376922607e-01
1.367247998714447021e-01 1.918184012174606323e-01 1.366247981786727905e-01
8.011990040540695190e-02 2.664040029048919678e-01 8.873010426759719849e-02
1.150294020771980286e-01 1.677356958389282227e-01 1.520670950412750244e-01
1.210523992776870728e-01 1.681160926818847656e-01 1.484346091747283936e-01
1.298775970935821533e-01 1.679936051368713379e-01 1.419171988964080811e-01
1.368357986211776733e-01 1.678495109081268311e-01 1.366409957408905029e-01
1.574748009443283081e-01 1.682218015193939209e-01 1.171424984931945801e-01
1.316841989755630493e-01 1.785086989402770996e-01 8.079200237989425659e-02
2.397289872169494629e-02 2.757039964199066162e-01 4.930630326271057129e-02
3.446040302515029907e-02 1.607885062694549561e-01 1.175706982612609863e-01
1.939740031957626343e-02 1.814469993114471436e-01 1.306515932083129883e-01
1.189749017357826233e-01 2.215059995651245117e-01 9.305435419082641602e-02
1.306840032339096069e-01 1.795461028814315796e-01 1.431507021188735962e-01
1.371887922286987305e-01 1.792483925819396973e-01 1.367937028408050537e-01
1.419366002082824707e-01 1.795911043882369995e-01 1.295911073684692383e-01
1.460320055484771729e-01 1.793694049119949341e-01 1.177694052457809448e-01
2.120789885520935059e-02 1.707772910594940186e-01 1.068558543920516968e-01
7.060129940509796143e-02 2.159169912338256836e-01 8.529350161552429199e-02
1.300760358572006226e-02 2.135179936885833740e-01 1.041040942072868347e-01
8.578140288591384888e-02 2.740130126476287842e-01 7.401929795742034912e-02
1.174795031547546387e-01 1.352131068706512451e-01 9.407144039869308472e-02
1.162141039967536926e-01 1.358475089073181152e-01 8.378690481185913086e-02
1.193248033523559570e-01 1.358322054147720337e-01 1.313205957412719727e-01
1.435544043779373169e-01 1.411100924015045166e-01 1.057991608977317810e-01
1.226190999150276184e-01 1.406051963567733765e-01 9.206455945968627930e-02
1.191347986459732056e-01 1.427820026874542236e-01 8.079050481319427490e-02
1.414633095264434814e-01 1.456301063299179077e-01 9.645487368106842041e-02
1.436924934387207031e-01 1.411968022584915161e-01 1.177200004458427429e-01
1.512871980667114258e-01 1.463959068059921265e-01 1.058053076267242432e-01
1.285777091979980469e-01 2.051810026168823242e-01 8.576190471649169922e-02
1.306748092174530029e-01 1.445124000310897827e-01 9.382007271051406860e-02
8.158820122480392456e-02 1.948058903217315674e-01 6.925660371780395508e-02
6.845159828662872314e-02 1.343023031949996948e-01 7.159189879894256592e-02
1.260381042957305908e-01 1.475902050733566284e-01 8.342060446739196777e-02
1.554197072982788086e-01 1.686378121376037598e-01 1.058965325355529785e-01
1.520373970270156860e-01 1.550730019807815552e-01 9.751839935779571533e-02
1.567375063896179199e-01 1.542223989963531494e-01 1.051248311996459961e-01
1.428049057722091675e-01 1.553286015987396240e-01 9.395296126604080200e-02
3.799630329012870789e-02 2.674219906330108643e-01 4.728350043296813965e-02
1.341128051280975342e-01 1.541776061058044434e-01 9.051653742790222168e-02
1.295180022716522217e-01 1.560564041137695312e-01 8.241250365972518921e-02
8.221130073070526123e-02 2.159110009670257568e-01 8.421619981527328491e-02
5.821620300412178040e-02 1.357602030038833618e-01 7.358930259943008423e-02
9.481061249971389771e-02 1.430460065603256226e-01 7.266670465469360352e-02
3.359410166740417480e-02 1.343649029731750488e-01 9.583332389593124390e-02
1.475414037704467773e-01 1.712174117565155029e-01 1.054261699318885803e-01
1.249138042330741882e-01 1.825163066387176514e-01 7.541230320930480957e-02
7.009760290384292603e-02 1.426030993461608887e-01 7.168210297822952271e-02
1.218121051788330078e-01 1.515865027904510498e-01 7.635080069303512573e-02
7.284630089998245239e-02 1.351608037948608398e-01 1.509267091751098633e-01
1.161181032657623291e-01 2.156299948692321777e-01 8.545490354299545288e-02
1.317380070686340332e-01 1.679982990026473999e-01 8.164680004119873047e-02
1.418226063251495361e-01 1.675201058387756348e-01 9.448444843292236328e-02
1.514870971441268921e-01 1.637279093265533447e-01 9.825205802917480469e-02
1.066970080137252808e-02 2.283090054988861084e-01 1.428022980690002441e-01
1.459385007619857788e-01 1.796306967735290527e-01 1.057963222265243530e-01
2.945670485496520996e-02 2.498970031738281250e-01 6.126810237765312195e-02
5.703829973936080933e-02 1.430242061614990234e-01 8.237120509147644043e-02
2.803230285644531250e-02 2.778480052947998047e-01 5.253960192203521729e-02
2.394710481166839600e-02 2.776510119438171387e-01 5.285430327057838440e-02
1.304173022508621216e-01 2.184950113296508789e-01 1.057381406426429749e-01
2.285490185022354126e-02 2.677060067653656006e-01 7.012020051479339600e-02
1.202668026089668274e-01 1.928609907627105713e-01 7.626370340585708618e-02
7.451850175857543945e-02 1.798697113990783691e-01 1.510546058416366577e-01
3.494590520858764648e-02 1.353259086608886719e-01 1.162237003445625305e-01
3.523240238428115845e-02 1.350792050361633301e-01 1.294481009244918823e-01
3.557330369949340820e-02 1.414591073989868164e-01 1.304475963115692139e-01
3.568000346422195435e-02 1.352261006832122803e-01 1.387913972139358521e-01
3.240000456571578979e-02 1.340298950672149658e-01 1.059049144387245178e-01
3.204660117626190186e-02 1.418588012456893921e-01 1.066839396953582764e-01
4.265030100941658020e-02 1.431547999382019043e-01 1.200229004025459290e-01
3.653679788112640381e-02 1.414321064949035645e-01 1.142052039504051208e-01
4.058700054883956909e-02 1.471382081508636475e-01 1.062853783369064331e-01
7.661660015583038330e-02 1.656416058540344238e-01 1.450975984334945679e-01
3.646200150251388550e-02 1.716649979352951050e-01 1.379463076591491699e-01
8.069640398025512695e-02 1.810128092765808105e-01 6.156820058822631836e-02
5.727940052747726440e-02 1.343556940555572510e-01 8.086980134248733521e-02
9.309763461351394653e-02 1.346400082111358643e-01 7.978290319442749023e-02
3.432130068540573120e-02 1.408331990242004395e-01 9.598207473754882812e-02
6.160930171608924866e-02 1.419218033552169800e-01 7.359610497951507568e-02
4.434150084853172302e-02 1.432866007089614868e-01 9.241165965795516968e-02
5.832150205969810486e-02 1.420276015996932983e-01 9.000320732593536377e-02
6.777060031890869141e-02 1.446593105792999268e-01 8.325010538101196289e-02
6.926149874925613403e-02 1.563307046890258789e-01 8.148299902677536011e-02
5.709740146994590759e-02 1.561897099018096924e-01 8.869570493698120117e-02
4.497150331735610962e-02 1.566556990146636963e-01 9.468625485897064209e-02
7.381419837474822998e-02 1.568835973739624023e-01 7.173059880733489990e-02
4.478110000491142273e-02 2.174610048532485962e-01 8.662559837102890015e-02
8.093420416116714478e-02 1.546694934368133545e-01 6.813540309667587280e-02
3.123710304498672485e-02 1.686694025993347168e-01 9.345059096813201904e-02
2.694959938526153564e-02 1.654199957847595215e-01 1.055285930633544922e-01
7.927659898996353149e-02 1.672793030738830566e-01 6.344699859619140625e-02
7.092080265283584595e-02 1.674260050058364868e-01 7.094790041446685791e-02
6.719440221786499023e-02 1.664637029170989990e-01 8.047850430011749268e-02
8.223920315504074097e-02 1.343318969011306763e-01 7.408580183982849121e-02
2.263130247592926025e-02 1.732571125030517578e-01 9.590229392051696777e-02
1.151615977287292480e-01 2.261039912700653076e-01 9.733605384826660156e-02
1.547449827194213867e-02 1.800571978092193604e-01 1.053070202469825745e-01
2.064830064773559570e-02 1.798558980226516724e-01 9.359434992074966431e-02
6.902720034122467041e-02 1.794700920581817627e-01 6.875249743461608887e-02
6.448560208082199097e-02 1.818009912967681885e-01 7.731129974126815796e-02
3.185900300741195679e-02 1.801227033138275146e-01 8.357220143079757690e-02
4.870679974555969238e-02 1.342270076274871826e-01 8.709870278835296631e-02
1.161924004554748535e-01 1.804790049791336060e-01 7.078260183334350586e-02
8.555220067501068115e-02 1.879273951053619385e-01 6.197030097246170044e-02
8.268430083990097046e-02 1.432673931121826172e-01 7.170940190553665161e-02
8.066719770431518555e-02 1.979250907897949219e-01 7.520800083875656128e-02
4.445210099220275879e-02 1.336815953254699707e-01 9.380987286567687988e-02
1.070262715220451355e-01 1.978417932987213135e-01 7.539450377225875854e-02
8.511079847812652588e-02 2.260679900646209717e-01 9.747873991727828979e-02
1.175205036997795105e-01 1.552114039659500122e-01 7.272440195083618164e-02
9.046339243650436401e-02 1.794103980064392090e-01 6.201410293579101562e-02
1.052426621317863464e-01 1.391336023807525635e-01 7.805299758911132812e-02
1.175653040409088135e-01 1.679339110851287842e-01 7.106120139360427856e-02
9.420929849147796631e-02 2.280769944190979004e-01 9.714895486831665039e-02
1.062655597925186157e-01 2.280470132827758789e-01 9.682950377464294434e-02
1.055997908115386963e-01 1.346603929996490479e-01 8.206820487976074219e-02
1.298239976167678833e-01 1.359142065048217773e-01 1.048897728323936462e-01
1.062519326806068420e-01 1.459622979164123535e-01 7.362180203199386597e-02
1.143252998590469360e-01 1.473484039306640625e-01 7.484870404005050659e-02
1.060408651828765869e-01 1.555072963237762451e-01 6.956860423088073730e-02
9.386587142944335938e-02 1.546372026205062866e-01 6.736500561237335205e-02
6.533060222864151001e-02 1.571239978075027466e-01 8.850470185279846191e-02
9.315457195043563843e-02 1.679742038249969482e-01 6.405940651893615723e-02
1.056558042764663696e-01 1.676236987113952637e-01 6.708010286092758179e-02
4.302680119872093201e-02 1.651628017425537109e-01 9.041780978441238403e-02
5.772040039300918579e-02 1.699943989515304565e-01 8.385369926691055298e-02
8.242809772491455078e-02 1.705473065376281738e-01 6.177389994263648987e-02
4.441400244832038879e-02 1.722983121871948242e-01 8.387820422649383545e-02
3.621160238981246948e-02 1.712696999311447144e-01 8.614650368690490723e-02
1.056856140494346619e-01 1.790547072887420654e-01 6.608110666275024414e-02
9.661570936441421509e-02 1.804510951042175293e-01 6.327740103006362915e-02
7.510120421648025513e-02 1.815004050731658936e-01 6.289219856262207031e-02
5.874869972467422485e-02 1.791377961635589600e-01 8.022540062665939331e-02
2.641810476779937744e-02 1.777026057243347168e-01 8.779770135879516602e-02
8.193799853324890137e-02 1.352626979351043701e-01 8.045990020036697388e-02
6.842300295829772949e-02 1.358487010002136230e-01 8.203309774398803711e-02
9.397966414690017700e-02 1.381237059831619263e-01 8.548159897327423096e-02
8.221890032291412354e-02 1.382545977830886841e-01 8.454970270395278931e-02
1.075344681739807129e-01 1.355596035718917847e-01 9.349936991930007935e-02
1.043043732643127441e-01 1.384017020463943481e-01 9.282460063695907593e-02
9.406065195798873901e-02 1.389479935169219971e-01 9.407871216535568237e-02
8.238580077886581421e-02 1.386055052280426025e-01 9.415492415428161621e-02
5.696920305490493774e-02 1.341391056776046753e-01 9.434027969837188721e-02
1.189222037792205811e-01 1.351076066493988037e-01 1.049976944923400879e-01
7.008710503578186035e-02 1.383911967277526855e-01 9.417323023080825806e-02
1.051206588745117188e-01 1.348398029804229736e-01 1.055849790573120117e-01
1.010352820158004761e-01 1.375917047262191772e-01 1.009522229433059692e-01
9.415286034345626831e-02 1.383419036865234375e-01 1.059080287814140320e-01
5.753790214657783508e-02 1.343144029378890991e-01 1.059059724211692810e-01
8.212700486183166504e-02 1.383166015148162842e-01 1.059947088360786438e-01
1.286620050668716431e-01 1.358411014080047607e-01 1.187496036291122437e-01
4.497400298714637756e-02 1.336203962564468384e-01 1.058381646871566772e-01
7.152669876813888550e-02 1.381489038467407227e-01 1.044185310602188110e-01
9.905299544334411621e-02 1.357374042272567749e-01 1.103468984365463257e-01
1.193224042654037476e-01 1.351813971996307373e-01 1.196615993976593018e-01
6.576749682426452637e-02 1.337590068578720093e-01 1.071751713752746582e-01
1.053602248430252075e-01 1.345956027507781982e-01 1.179871037602424622e-01
9.961428493261337280e-02 1.351459026336669922e-01 1.134171038866043091e-01
1.334118992090225220e-01 1.376179009675979614e-01 1.210082024335861206e-01
9.410209208726882935e-02 1.381781995296478271e-01 1.177062019705772400e-01
6.475549936294555664e-02 1.350571066141128540e-01 1.178257018327713013e-01
8.219219744205474854e-02 1.381962001323699951e-01 1.178114041686058044e-01
7.381020486354827881e-02 1.377592086791992188e-01 1.177043989300727844e-01
4.367529973387718201e-02 1.336762011051177979e-01 1.175265014171600342e-01
1.011411398649215698e-01 1.376610100269317627e-01 1.223414018750190735e-01
1.100253015756607056e-01 1.355029046535491943e-01 1.296560019254684448e-01
1.055012717843055725e-01 1.385556012392044067e-01 1.296609044075012207e-01
9.403419494628906250e-02 1.388946026563644409e-01 1.299252063035964966e-01
6.692550331354141235e-02 1.355217099189758301e-01 1.292236000299453735e-01
7.222829759120941162e-02 1.382562965154647827e-01 1.322865039110183716e-01
8.209089934825897217e-02 1.385902017354965210e-01 1.296167075634002686e-01
5.805960297584533691e-02 1.343698054552078247e-01 1.299667954444885254e-01
1.152430027723312378e-01 1.356115937232971191e-01 1.412692070007324219e-01
4.456990212202072144e-02 1.342554986476898193e-01 1.297951936721801758e-01
3.394850343465805054e-02 1.611143946647644043e-01 1.058554798364639282e-01
9.345088154077529907e-02 1.350371986627578735e-01 1.453959047794342041e-01
6.921739876270294189e-02 1.347596049308776855e-01 1.432958990335464478e-01
8.191660046577453613e-02 1.348142027854919434e-01 1.458771973848342896e-01
