7444
2.40855e-005
1.34966e-005
1.59279e-006
1.33625e-005
2.01518e-007
1.36554e-006
6.33178e-005
5.36091e-006
3.39569e-005
2.44098e-005
2.47993e-006
0.000538455
6.62025e-006
5.84265e-006
4.57506e-007
1.42145e-006
5.30833e-006
5.01055e-006
2.60923e-008
4.67804e-005
4.91888e-008
0
0.00018101
2.32056e-007
0.000156877
5.2796e-005
0.00203056
1.21407e-008
5.16361e-007
1.97129e-005
9.49525e-005
0.00572948
9.89212e-006
6.02151e-007
7.15265e-005
0.000234508
2.18546e-007
0.000124961
1.31502e-005
0.000368621
2.16914e-006
2.46942e-006
0
0.00039533
3.44915e-005
2.67729e-006
2.47591e-006
1.11593e-006
2.62e-005
6.17624e-005
4.15278e-008
4.87911e-006
1.73779e-007
7.00278e-007
3.31582e-005
1.5554e-006
0.00013542
1.39809e-007
2.1106e-006
6.96599e-006
6.51327e-007
6.23138e-008
2.1444e-006
2.67718e-006
2.22347e-007
0.000956382
5.18164e-006
7.18026e-005
8.86159e-005
2.16037e-006
3.79839e-006
6.53433e-012
7.88923e-006
6.99131e-005
0.00107956
1.30058e-007
9.65667e-007
1.02872e-005
2.4441e-005
2.1195e-006
1.2224e-005
8.81068e-005
2.98303e-006
4.40735e-007
6.38567e-010
8.71028e-007
2.69851e-007
1.19475e-005
1.56607e-006
1.14221e-006
3.57558e-006
1.18132e-007
7.40198e-005
4.76097e-007
0
0.000128691
1.19097e-005
1.84653e-005
0.000118646
4.64211e-005
4.19419e-006
6.95369e-005
4.21294e-008
1.68327e-007
0
1.99576e-007
3.00272e-007
1.80493e-006
7.52574e-007
6.86181e-006
1.65867e-006
1.49537e-007
7.29338e-008
5.99992e-005
8.03545e-007
1.27503e-007
1.72742e-006
1.23827e-006
3.79341e-006
0.000135106
0.000589756
0.000435774
0.00136514
3.10276e-006
8.71673e-007
0.000900832
1.38966e-006
5.06941e-007
1.06874e-006
2.01919e-007
1.56321e-005
9.37549e-007
6.71121e-005
8.86704e-006
6.6806e-007
0
1.3219e-006
4.91159e-005
1.56297e-005
1.89606e-005
0.000241878
8.94733e-005
0.000127218
0
1.17262e-007
3.78165e-006
8.33982e-008
1.92452e-005
2.59041e-006
2.01118e-005
0.000157189
1.27351e-006
3.51511e-008
1.20035e-006
9.0614e-006
2.98817e-006
6.38878e-005
0.000130215
0.00505304
0.000132144
0
5.16531e-006
2.81715e-005
0.000128654
7.74894e-005
7.29375e-007
2.28794e-006
0.000119242
0.000335004
1.33807e-006
0.0163275
1.19058e-006
3.04355e-007
1.93295e-007
2.15701e-005
7.83907e-005
0.000297348
6.92377e-007
6.40225e-007
0.00121596
4.85101e-006
1.81188e-005
0.000166146
9.26311e-008
4.59004e-006
0.0277393
1.64939e-005
2.32346e-007
0.000127511
1.72148e-006
0.00903324
7.67978e-005
0.00770834
4.1296e-007
4.85306e-008
2.31763e-007
5.00978e-005
1.20643e-007
2.50408e-005
5.18797e-005
2.44553e-006
-3.15352e-010
0.000252453
0.00047315
1.15308e-005
1.64561e-006
0
0.0338472
3.37021e-006
3.53407e-008
8.9405e-007
0.010176
1.62174e-005
8.63382e-006
4.90905e-008
7.36935e-008
0.000153708
-2.04111e-010
8.91291e-006
0
6.99113e-006
2.36102e-010
6.05412e-007
3.67017e-007
7.63784e-005
0.00329379
6.5089e-007
8.14288e-006
0
0
0.000210927
6.37729e-007
2.91165e-007
0.00023274
4.29286e-005
0.00602892
2.37538e-007
0
7.10267e-005
0
1.33997e-007
5.05199e-007
3.92333e-007
0.00951207
0
0.000103828
0
0.00211314
1.26207e-005
0
6.13767e-007
0.000120399
9.45515e-005
0
8.47754e-005
-3.39762e-009
0
0.00747709
0.00715798
0
9.49448e-008
1.49166e-007
0
0.00238062
3.98964e-006
2.54062e-008
0.000156031
0
0
7.27314e-005
0.017778
5.26486e-006
1.68956e-007
0.00013163
0.0108939
0.00233404
0.00283321
1.16841e-006
2.82402e-006
9.65769e-008
2.22963e-007
1.71073e-005
1.02362e-007
0
7.91018e-006
0
0.000116044
2.03912e-006
3.75825e-006
0
1.12949e-007
5.60324e-006
1.78325e-006
1.90751e-009
3.99718e-007
7.36827e-005
1.96315e-011
0
1.87207e-007
2.70559e-007
1.41152e-005
5.59087e-008
0.000117352
1.65577e-005
0
4.12021e-005
1.15496e-008
2.24222e-005
8.39858e-005
0
3.97929e-005
0.0207214
0
9.47624e-007
3.54731e-007
1.22818e-006
2.26256e-007
0
1.34594e-006
1.47397e-008
0.00858252
0
0.000214961
1.44525e-008
0.000122096
0.00246948
4.0436e-006
1.52257e-007
0.000123238
0
0
0
0.0001145
5.53686e-008
4.59139e-005
0
0.0127684
-4.99328e-010
5.78004e-005
4.54763e-005
1.76744e-008
0.00830498
2.43271e-005
0
0.00440873
2.54328e-007
0
0.00683414
0
2.56601e-006
3.06721e-007
1.0579e-005
3.58756e-006
2.05104e-005
0.00012591
4.09729e-005
6.18236e-008
0
2.13624e-009
2.78048e-006
0.000143288
7.27842e-006
-2.19407e-009
6.48402e-007
9.43873e-005
3.01817e-005
0.000459032
5.56471e-005
0
0
0.00212307
8.18306e-006
0
1.95198e-005
0
0.000243081
0.000188348
8.98689e-005
0.000314223
3.13087e-005
0.00722256
2.26901e-005
2.68316e-005
4.60519e-005
2.13744e-006
0.00289888
4.48677e-007
0.0032908
0.000383911
0.00460695
2.08144e-006
0.00196717
0.000110289
0
5.68864e-006
2.38618e-006
5.41827e-006
0.000197991
9.32601e-008
2.65884e-005
1.74011e-005
0.0144312
0.00726292
0
3.79671e-007
0
0
5.10207e-005
0
2.7137e-005
2.61443e-005
0.000128434
1.59139e-005
-8.50597e-010
0
6.99095e-006
6.91679e-006
8.74498e-006
0
7.59405e-005
0.00772333
0.0057143
2.49595e-008
0
0.00177939
3.50459e-005
1.32835e-005
2.2847e-005
5.1695e-006
3.9438e-005
5.09397e-005
6.07396e-006
7.82513e-008
1.4214e-010
1.65184e-005
8.52564e-009
1.13514e-006
0
0.00274778
0.000238176
7.18442e-007
1.20728e-005
9.69137e-006
0.00830939
2.81143e-005
0.000441151
-1.61705e-009
0
4.12815e-005
0.0102751
0.000683807
7.66233e-009
0.000738053
0.000190267
8.61445e-005
0
2.30397e-005
1.3704e-005
0
5.01172e-006
0
0
1.5334e-009
8.7659e-006
-1.45095e-009
0.00332636
5.00736e-008
0.010988
1.15257e-005
0.000200406
3.8878e-007
5.50931e-005
-2.57356e-010
2.96243e-008
0
0.0171979
0.00952508
3.863e-005
1.80126e-008
2.69305e-009
0.00302614
0.00111291
0.00644748
5.54778e-005
0.000160395
0
0
0
0
0.00159311
4.06709e-007
3.92374e-007
0.00723581
0
0
2.73986e-006
1.09644e-005
0
1.97006e-005
0.00201204
0
0.000258896
0.000447536
0
0.00163559
0.000139951
0.000439911
0.000219333
6.24604e-006
0
0.000302655
1.90749e-005
0
3.21448e-005
0
0.000388916
2.81829e-005
0.00793779
2.58113e-007
9.58171e-008
0.0283747
0.000176906
1.54638e-006
0.00080313
0
0
2.05774e-007
0.000141933
0.0204397
0.000127913
3.23037e-007
0
0.000304468
5.27597e-006
1.43921e-005
8.54654e-015
5.53901e-007
3.99922e-007
6.42222e-006
0
0.000834082
0.000238404
0
4.1017e-006
0
0
1.23718e-007
5.27124e-006
0
0.0168801
0
1.07393e-005
2.01012e-006
0
1.90815e-005
3.83504e-007
4.60133e-006
0.00496414
0.000531828
0.000846356
2.26331e-005
2.56789e-006
0
0
0.0165492
0.00621464
3.64341e-005
2.67251e-006
5.80283e-006
2.90463e-007
0
0.00577112
0.000476681
0.00018845
0.00456581
0.000357387
2.04836e-008
-2.21713e-012
1.94677e-006
0.017732
0.00520278
0
0.000996618
1.54947e-007
0
9.68316e-007
5.04186e-006
0
0.000119548
8.74476e-005
0
4.85152e-008
0.000224989
9.12804e-005
0.00201786
1.21882e-005
1.26565e-006
0
7.2114e-005
0.000100925
0.00256108
0
6.73202e-010
0
0.00280279
0
0.000471382
0.000616372
3.19082e-005
0.00676275
0.000260818
9.09935e-006
0.00743447
0
0
1.95247e-006
0
1.71083e-005
1.8082e-005
6.14289e-005
9.66833e-007
2.59709e-005
0
0
4.31648e-006
2.89645e-005
2.88045e-005
0
0.000248184
0.0061393
0
9.85131e-009
7.55595e-007
0.0113794
9.69829e-005
1.86514e-005
9.03981e-006
0.00032856
1.71568e-007
6.12572e-005
0
2.94123e-009
0.000136089
3.47483e-007
0
9.44691e-006
1.00017e-005
3.5317e-006
3.74945e-009
8.32527e-005
0.000151498
0.0277693
5.08744e-005
0.000108156
0.00291611
2.80043e-006
0
5.04974e-006
4.70447e-008
0.000150601
1.7819e-005
-6.15325e-010
2.20439e-008
3.35461e-010
0
2.40983e-007
4.1551e-005
7.04904e-005
7.2704e-005
7.82951e-005
0
5.13128e-006
0.00179474
0
0.00226789
6.03319e-011
2.78389e-005
0
0.0153911
2.20271e-005
2.0316e-005
1.62165e-005
1.09763e-005
8.23518e-006
1.52211e-005
0.000394528
0.00441957
0.00828478
8.59781e-009
0
0.000233159
0
1.12344e-008
1.58763e-005
5.22043e-007
2.9972e-005
0
1.36232e-005
2.10384e-010
0.00651818
0.00012716
8.41772e-009
0
1.59796e-008
0.000160061
5.55844e-005
4.12901e-005
4.97685e-011
0.00489549
3.04288e-005
6.83068e-006
1.27305e-005
0.000467018
0
6.04268e-006
0.000298596
0
0.000830924
0.0023073
0.0050468
2.78352e-007
0
0
6.6608e-005
0
0
3.34216e-006
2.66018e-006
0
1.48244e-005
0
4.44009e-006
1.85939e-005
0.000390343
2.31062e-007
1.0354e-005
2.9393e-010
3.0366e-005
0.000963312
0.000464619
7.48309e-005
9.81455e-005
2.86506e-005
0
0.00225273
-6.76308e-013
5.71884e-005
1.27659e-006
0.000303703
0
0
0.000106156
0.000100431
-1.95168e-009
2.38461e-005
0.000102186
8.09478e-005
9.27381e-005
0.000259825
0
0.00091554
2.55607e-005
1.04496e-005
0.00295043
5.18619e-005
8.53375e-005
4.70068e-005
4.26059e-005
0.000283396
6.68519e-009
0.00189975
-2.11647e-009
0
0.000129035
0.00150478
0.00942024
0
3.16227e-005
0.0158417
8.63967e-005
2.03144e-005
2.234e-005
5.44473e-007
6.88572e-005
3.28799e-008
0
5.84526e-005
1.61346e-009
1.78465e-006
0
2.7351e-005
0.0103273
4.45905e-005
0.00103082
0.000245161
0.0316052
2.33216e-007
0
1.73962e-007
0.000289953
3.41787e-006
8.00094e-007
0.0135899
9.4189e-005
9.13685e-006
1.95961e-006
0.0135564
7.20856e-006
0
0
0.00137488
0
6.60403e-007
1.45706e-008
8.43259e-005
6.54966e-006
2.93441e-005
0
9.46652e-008
0
0.000240294
4.34948e-005
5.65422e-005
0
0.0084887
7.51239e-006
3.22601e-005
0
6.53839e-006
2.0393e-008
1.46007e-005
0.00053985
0.000804987
0
-3.01194e-009
0
1.43323e-007
0.00074051
1.55239e-005
5.62736e-005
0
0.00122593
2.47332e-007
1.56084e-005
8.87412e-005
2.2423e-005
4.51478e-007
3.12464e-006
1.44219e-005
1.31805e-005
2.89897e-006
0.000137349
2.81294e-005
0.000554053
7.37183e-006
1.72977e-006
8.52116e-010
0.00143371
3.82823e-008
0.000218587
4.79294e-005
0
1.18198e-014
0.00507834
2.42588e-007
0.000469323
5.33552e-005
2.15001e-005
0.000742257
6.28973e-005
7.59009e-005
9.51146e-006
8.49417e-008
3.03948e-007
0
0.000255639
1.10059e-005
0.000154529
0.000127165
1.5829e-005
2.43536e-008
0.00548234
4.73927e-006
1.06183e-005
2.75164e-008
0
0.0154223
0.000112573
1.36436e-006
0.000242378
0.00475425
0.000867541
2.57417e-006
1.94485e-005
0
0
0.000105241
0.000476682
1.41926e-006
0.000104842
0.000314058
1.12766e-005
2.17643e-009
8.03017e-006
0
2.41064e-005
1.76133e-007
1.26866e-005
4.04966e-007
1.06806e-005
0
0.00303008
1.50498e-005
6.31271e-006
1.13132e-007
2.80287e-005
1.08101e-005
1.59982e-005
1.46662e-006
3.03883e-006
7.62186e-005
0
0.000279401
0.00054039
1.65202e-005
2.39677e-010
1.74443e-005
0
4.37158e-005
0
0
0.0416094
1.87452e-005
8.42495e-006
0
3.65699e-005
0.00663782
0.00271682
8.30221e-006
1.14077e-005
0.00677736
0.000197955
0
5.32908e-005
4.46665e-006
3.04823e-006
0.000110121
1.01894e-009
4.16991e-006
2.31703e-005
0.000301219
5.037e-005
0.00691616
0.000990646
3.50417e-006
9.25063e-005
7.43948e-006
0
0.000111761
0.00682758
6.83636e-008
0.000103381
1.41225e-015
3.80636e-006
3.1546e-006
7.09747e-006
0
0
4.94264e-005
0
0
0
1.07873e-005
8.35315e-005
0.00561959
0.00063089
0.00158696
1.56634e-006
0
3.01895e-007
0.000110269
2.36775e-005
0.00073207
9.70752e-005
0
0.000234514
0.000182274
9.82601e-008
0.000436992
8.05672e-005
1.07329e-006
2.24221e-005
7.22082e-005
0.0051931
0.00419486
0
0
1.38263e-005
7.0152e-008
0
0.000112984
0.000119328
0.00411143
0
2.52009e-005
9.37571e-005
3.33128e-006
0.000176965
0.00573414
0.000440003
0.00699668
2.54339e-005
0.000496118
1.8236e-006
0.000227575
7.19467e-006
0.000181988
0
9.44295e-005
0.00428081
1.27324e-005
0.0148835
0.0150649
0.000208473
5.23496e-007
1.61192e-005
3.8316e-006
3.78952e-006
0.000325162
0.000458862
4.33943e-005
0
1.72094e-005
0.00399267
8.21496e-007
1.11784e-009
1.29034e-006
0.003772
0.000668754
0
0.000315634
1.73801e-006
0.000492934
2.26779e-006
6.24626e-005
0.0060865
9.32736e-006
0.000156279
0
0.00352188
0
6.74044e-005
1.69815e-005
0.00785178
0
0
0
3.6511e-005
0.000102567
8.56654e-007
0.000132209
0.00606887
3.81215e-006
7.88413e-005
3.64505e-005
0
0.000148968
-7.05651e-011
8.16948e-006
6.32985e-008
1.61527e-006
0.00937029
0.0222463
1.43017e-006
0.00052993
0.00732868
0.00746837
0
9.81908e-005
4.05293e-006
0.000217594
3.15255e-005
5.77744e-005
6.19557e-009
3.16849e-008
6.68528e-009
2.8384e-008
0
1.34803e-005
0
0
0.000112726
1.5978e-007
0.0144169
0
0
0.0149098
4.66132e-005
0.000114212
6.35503e-006
0.000488374
2.55129e-006
1.18327e-005
1.32824e-005
6.56626e-008
0
0.016889
2.31015e-006
9.58736e-005
7.28953e-005
2.55978e-007
2.85511e-011
0.00461277
1.16134e-005
8.23487e-006
9.15035e-006
9.44344e-010
0.00879112
2.70102e-005
0.000238304
3.80883e-006
3.28032e-005
3.82336e-005
0.000156991
3.56822e-009
0
-2.46956e-009
6.44673e-007
0
0.00617323
0
0.00213126
0
0.000101433
8.62045e-005
1.59969e-005
0
2.95135e-005
3.37507e-006
2.65733e-007
4.53098e-006
2.86432e-005
7.46936e-005
1.27062e-005
3.10474e-007
0
7.09222e-005
0.000758129
2.59161e-006
1.1448e-005
0.00022325
0.000258323
0.00415769
1.01769e-005
1.0188e-007
0
2.26462e-005
0.00050264
0.000144931
3.49348e-006
0
0.00154055
0
1.35072e-005
0
0
8.65511e-010
1.39496e-007
1.05243e-005
2.19538e-005
9.19311e-005
6.71454e-010
1.59278e-006
3.48174e-005
-2.67081e-009
5.95525e-005
6.1696e-008
9.18545e-005
9.7583e-005
0.000150713
3.13995e-005
9.44535e-005
0.00643464
0.00933164
7.34426e-007
5.37311e-007
1.82547e-006
0.00151631
0.00134446
0.0121122
0.000294264
0.000108904
0.000108904
9.75467e-005
0.00052429
4.60398e-006
0.00590228
0.00615505
0.000446353
0
0
0.0124748
3.28269e-008
0
0.00038962
0.000342378
1.28442e-009
1.46395e-005
0
4.45146e-005
0
3.78351e-005
1.82711e-006
0.00495891
0.00547351
4.00923e-006
9.93052e-005
0.000555146
1.44927e-006
3.62729e-005
4.1372e-007
7.9023e-005
2.22143e-005
4.39053e-005
7.35011e-005
6.21705e-013
1.22011e-005
0.00359715
0.00152559
0.000239354
1.80783e-005
3.5445e-005
2.84141e-005
0
1.14403e-007
0.00159001
5.95693e-005
1.14971e-005
1.71924e-005
3.66219e-005
8.53589e-006
0
7.71773e-005
6.59525e-005
8.33975e-011
0.000318278
5.18763e-008
6.47552e-006
0.0136332
5.36939e-006
2.84204e-005
1.69489e-011
0.000461532
3.18884e-006
2.04338e-005
0
0
0
0.00673039
6.10075e-005
3.54081e-005
0.000753721
0.00091175
3.36602e-005
0.000626335
2.51548e-005
0.00318269
1.4044e-005
0
2.81461e-006
0.00863541
1.83367e-005
0.00031597
0.000244656
0.00032475
9.44425e-007
0
7.2903e-010
1.41586e-005
2.111e-005
0
2.80525e-010
-4.05782e-010
2.86663e-005
0.0201663
1.26689e-005
9.37511e-006
7.99314e-006
2.80219e-005
3.38822e-006
0.000512441
1.60985e-006
0
0.000164974
4.9036e-005
1.88278e-005
8.31638e-005
0.0129763
6.24015e-005
0.000109417
0.000605291
5.92008e-006
3.25427e-005
4.20069e-005
4.46264e-006
4.22137e-006
0.000142266
4.14741e-005
0.0275112
0.00407656
0.000196628
0
4.18719e-005
1.18914e-005
0.0209189
9.15209e-005
2.13585e-005
5.21122e-005
0.00553812
9.11743e-007
5.47404e-005
0.000445125
0.00330084
7.08503e-006
1.27119e-006
0.00382608
8.84299e-006
9.75664e-006
0.000126685
0.000194229
0
1.18764e-005
0
4.18758e-007
1.94362e-005
6.44001e-005
3.18143e-005
0.00470037
0.00588196
9.05335e-005
0.000220921
0.0175685
1.12175e-006
0
0.0155125
6.76855e-008
0.000705793
2.83991e-006
2.31313e-006
0.004044
0.000445863
0.000961797
5.02117e-006
5.02118e-006
0.00904688
8.33807e-011
0.000191974
0.000254365
8.14638e-006
2.51042e-007
7.09908e-005
0.000527497
2.12245e-005
2.59853e-005
0
5.68409e-008
0
0.000326945
0.00399484
0.000546296
1.46156e-005
9.01019e-011
0.00321818
1.61103e-006
0.00190682
0.00432071
0.000674068
0
2.53659e-007
4.25217e-006
9.28101e-005
9.09059e-006
7.53834e-006
5.22835e-005
1.32938e-005
0
1.60241e-007
0
1.17445e-005
9.01958e-009
0.0049853
0
0.00169501
0.00592292
1.4525e-006
0.000151802
5.40384e-005
1.39827e-005
0.00789454
0.00842182
2.75209e-006
5.11185e-012
2.57839e-008
0
0.00349029
4.55278e-005
0
0.00731105
7.32166e-007
4.01777e-006
2.15014e-008
6.33268e-006
1.37328e-005
8.295e-005
2.0962e-005
2.20943e-005
1.36813e-007
0.00345575
0.00416336
-8.81596e-015
9.81328e-005
0.00420226
3.74613e-006
9.45611e-005
0.00143909
3.96703e-005
0
0.000153361
5.96715e-006
3.01791e-006
0.00083261
0.00539143
0
5.74661e-007
1.15543e-005
0.0210823
2.67608e-005
3.67218e-005
0.00071787
2.70401e-007
3.50921e-006
1.40384e-005
0.00349754
2.57116e-005
5.33367e-006
1.50968e-005
7.09425e-005
0
0.000227385
0.00944398
1.79885e-005
2.64978e-005
3.11479e-005
0.00417568
2.24085e-006
2.82981e-006
3.78283e-006
1.0949e-005
1.72111e-005
0.0132669
0.000559832
5.51715e-006
0
0.0140205
0.00379381
4.48741e-005
1.73651e-007
0.000142857
0.00158675
0.00912809
0.000504459
0.00438344
0.00144159
0.000330986
3.18059e-005
0
0.00934951
2.44822e-005
3.50994e-006
3.079e-006
0.000443213
0
2.15557e-005
3.38019e-010
0.0001676
7.01593e-007
0.000110824
1.31937e-006
0
0.000111598
3.14072e-005
2.8781e-008
0.0047638
1.49568e-006
1.0467e-005
2.6269e-006
0.000205585
1.64265e-007
4.33393e-005
5.78972e-005
-4.35847e-010
0
1.17942e-006
0.0178746
2.84984e-005
4.79793e-005
0.0193915
1.08678e-006
0.000133913
2.36515e-005
0.00391572
6.48893e-006
1.73433e-005
1.92599e-005
2.02112e-006
1.85383e-006
1.85956e-006
0
2.76507e-005
0.0126537
0.000113219
0.00113673
7.2907e-006
2.37068e-005
4.16398e-006
1.06909e-009
0
8.01228e-005
3.71958e-006
2.73956e-007
1.51136e-006
3.30973e-006
0.00471923
1.07375e-008
1.78302e-005
9.31581e-005
0
4.98087e-006
0.000288625
0.00123602
0.000815316
2.51119e-007
3.52151e-006
1.66723e-005
1.37135e-007
6.07055e-006
2.07382e-006
8.14674e-007
6.07179e-006
4.3235e-005
1.4246e-006
0
1.34397e-008
2.15866e-006
0
0.000118983
2.97707e-006
1.1456e-005
3.92619e-007
2.30728e-005
0.00163473
0.000112972
9.88528e-006
2.69177e-007
1.30779e-006
9.82807e-005
0.00510869
2.94028e-006
4.33548e-008
2.09051e-005
0.000155008
1.43559e-006
8.00742e-006
0.0281976
2.81602e-006
3.82217e-006
6.85027e-006
4.22307e-005
6.11145e-006
3.92293e-006
6.22031e-013
0
0.000143609
9.32503e-005
4.71239e-007
2.07516e-006
6.36025e-005
0.000206751
0
0
1.23702e-015
5.62707e-006
0.00215266
0
3.44805e-006
0.0163807
1.97357e-005
1.37875e-005
1.28122e-006
1.6286e-005
5.62474e-005
4.47213e-006
2.10779e-005
5.41522e-005
1.02526e-006
0
5.1956e-005
9.5902e-005
2.04903e-007
0.000719994
4.71832e-006
1.4061e-005
8.85622e-007
0.00012635
3.53143e-005
1.56865e-005
0.000349109
3.91912e-006
0
8.14009e-006
0.000251405
0.000138217
0.00016163
5.58146e-006
4.46559e-006
2.55549e-007
0
2.48901e-007
0
1.51726e-005
1.67118e-009
8.03663e-006
2.50638e-005
3.67838e-006
0.0001888
1.57117e-005
6.71945e-008
7.40905e-006
1.53844e-005
0.00014597
0.000718074
3.23788e-006
4.64414e-006
2.19074e-005
1.20501e-005
2.29028e-005
2.36763e-005
8.85745e-005
9.47667e-006
0.000129524
3.60736e-006
2.37573e-005
3.93691e-007
4.31362e-006
2.72556e-005
2.73131e-006
0.00904851
0
3.67437e-006
0.00725624
2.04411e-006
6.31583e-009
3.44626e-007
7.30754e-006
5.44972e-006
6.03522e-006
0.0103722
1.10747e-005
4.22286e-006
0.00456841
5.97875e-007
3.44552e-006
0
2.40814e-006
7.99034e-007
8.99752e-005
2.51006e-006
1.76496e-006
1.71878e-005
0.00057865
0
0
2.93116e-007
1.95719e-005
3.71086e-015
3.6813e-006
4.24095e-006
3.09519e-005
0.000105029
1.86083e-005
0
0
2.63467e-006
6.54554e-005
3.90632e-005
4.98518e-006
5.84357e-005
3.52227e-006
0.000172613
4.7897e-006
1.31374e-006
1.02251e-005
2.26771e-006
4.67128e-007
0.00167046
0.000145989
2.05947e-006
1.9496e-005
4.85459e-007
3.24244e-006
4.87979e-007
9.05441e-006
2.30229e-006
3.29691e-007
1.49124e-006
2.86612e-008
0.012091
0.000947281
0.000782127
2.79427e-006
0.00129985
9.05996e-006
1.14774e-005
0.000341276
0.000119736
0.00777598
3.53173e-005
0
0.000239562
5.67081e-007
8.43404e-006
0.000476044
7.1753e-008
6.86198e-006
6.68613e-006
0
0.00452442
2.46595e-005
6.6328e-007
6.30738e-006
1.62453e-005
5.27179e-006
7.73119e-008
0.000100089
0.000265494
0.000288909
1.09071e-005
0
1.361e-005
8.89419e-006
3.89383e-006
0.000103274
0.00173822
0.00992589
5.4449e-007
1.23897e-006
9.68977e-005
6.20913e-005
3.02973e-006
0.000120209
4.69239e-005
0.00173519
0.000182251
6.42611e-006
0
6.95371e-008
2.99099e-005
2.84129e-006
0
0.00793083
8.82198e-008
7.03801e-007
1.86836e-005
0.000919971
4.85743e-006
0.00132671
1.26159e-006
1.55984e-006
0.00263364
8.67922e-007
8.74936e-009
9.07639e-008
1.51071e-005
0
6.1405e-006
3.46174e-006
0
4.85595e-006
2.67934e-005
8.42237e-008
8.405e-008
4.94927e-005
1.24113e-005
4.10636e-006
2.08066e-008
1.34233e-007
0.000241584
2.25567e-006
1.43529e-007
2.57928e-006
6.09414e-006
0.000337016
6.86183e-006
3.05959e-006
8.53001e-006
5.50985e-006
0.00911464
2.04446e-005
3.74399e-008
0.00860591
0
8.86276e-007
0.00229909
1.93997e-006
3.60649e-006
1.00099e-007
2.90838e-006
2.11972e-006
7.82028e-006
0.0121146
0.015557
1.64552e-006
3.52104e-008
0.000270671
3.17176e-006
6.02662e-006
2.16336e-006
0.013904
1.6201e-007
0.00136516
9.3426e-005
2.38059e-006
2.66375e-006
2.76008e-005
2.88549e-006
6.98108e-007
0.00012705
9.4483e-008
0
3.54199e-006
1.54084e-006
2.35787e-007
1.9152e-006
9.6404e-005
6.27853e-007
4.0756e-007
3.039e-006
0
1.80606e-007
2.19306e-007
0.000507376
1.82708e-009
1.76929e-007
0.000389467
0.0001631
0.00123815
7.66108e-005
9.72572e-006
3.35683e-005
8.40158e-005
6.10435e-005
0.000147842
1.46105e-008
9.30387e-006
1.03494e-005
8.74847e-005
9.60911e-005
0.00023341
8.2193e-006
5.66833e-006
1.04463e-006
6.04863e-010
4.42807e-005
7.22081e-005
7.19568e-006
8.99093e-006
1.05666e-005
-3.86838e-011
2.82836e-005
0.000817532
0
2.5242e-005
3.34716e-006
-2.22064e-009
4.25534e-007
1.06571e-005
7.6287e-005
5.24952e-007
0.000637141
7.03444e-007
4.26537e-007
0.0120526
0.000290231
1.79176e-006
0.00068303
0.000724021
9.92407e-007
4.40511e-005
1.87251e-005
0
0.000479521
5.41572e-007
5.70244e-005
0.000336568
0.000152581
3.05156e-007
2.88894e-006
4.54894e-006
0.000186064
2.71746e-005
9.0291e-007
4.74461e-007
1.64805e-006
0.00321208
1.03079e-005
3.42147e-005
0.00473362
8.09177e-007
3.69519e-005
3.27828e-005
7.08967e-005
2.18999e-005
4.33246e-005
0.00032513
2.21268e-007
1.32886e-009
4.96558e-007
0.000552314
2.55253e-005
4.47286e-008
0.00440469
0.000207525
0
0
0
0.000284396
0.000116909
3.27983e-005
1.04097e-008
1.18912e-006
9.17523e-006
0.000348494
-1.51277e-010
3.90195e-006
0.000533016
4.1381e-005
2.45449e-007
3.19806e-006
3.3414e-005
0.000142239
5.04681e-006
1.12515e-006
1.70825e-007
0.00103525
2.98275e-005
2.75179e-005
4.1173e-006
4.99949e-006
0.00029293
5.87592e-006
0.00275315
0.000126608
0.000276014
0.000624072
4.4791e-006
0.000723761
0.000321165
4.88688e-008
8.67109e-005
0.00012384
3.32981e-005
1.75625e-009
1.21402e-005
0.00200344
0.00152436
0.000474589
6.13864e-005
0
9.44845e-007
6.50429e-007
0.00865826
3.49806e-005
1.76885e-005
9.56027e-007
0.000275952
0
3.8219e-005
3.85319e-006
7.37235e-008
0.000104811
5.67082e-006
8.68022e-006
0.000560245
1.57171e-005
0.000663424
9.4396e-005
3.11338e-005
1.00843e-005
4.07811e-005
6.35972e-006
2.12252e-008
2.38377e-006
0.000108023
3.96255e-005
7.02694e-006
0.00140395
2.52578e-008
6.07736e-006
0.00321447
3.85076e-007
0
1.65915e-007
0.000153662
4.99559e-005
1.81901e-007
2.90602e-011
0.0019558
0
0.000126427
0.000154488
0.000116253
5.30112e-007
2.94599e-006
4.8025e-006
7.10807e-006
4.2439e-006
0
0.000190608
3.29733e-006
1.13064e-005
8.99657e-007
0.000230577
0.000534624
0.0020552
2.42953e-005
0.000146053
0.00107477
6.28731e-007
7.94449e-006
0.000221191
1.16839e-006
2.03872e-005
3.33494e-005
0.000228769
1.43997e-005
0.000105665
2.86535e-006
3.4683e-005
0
0.000125694
2.26448e-009
9.35877e-005
7.21538e-006
0.00492042
6.67872e-006
2.40095e-007
2.08068e-007
6.85876e-005
2.56966e-006
1.86551e-006
0.00454452
3.28021e-006
2.23554e-005
0
8.2144e-008
3.16628e-007
1.58007e-009
1.37999e-006
0.00581481
0.000490881
0.00348149
0.0021672
2.8255e-006
0.0010244
2.51612e-008
2.98105e-011
6.62047e-006
0.000513927
0.000248055
1.2141e-006
1.29794e-008
1.41769e-007
7.72153e-007
4.91049e-008
1.60566e-006
1.76499e-008
7.8474e-005
2.12694e-005
2.19362e-012
0.00653094
9.54964e-005
3.54331e-006
9.53949e-005
0.000166386
4.3594e-005
-9.13317e-011
0.000403381
2.14313e-005
0.000137475
1.3482e-005
2.07576e-006
0.000431163
2.8045e-005
5.58901e-006
9.00401e-007
7.15569e-006
8.69569e-007
1.64067e-006
0.00386257
0.00227714
5.56084e-005
2.84717e-005
1.62035e-007
6.05727e-007
0.000190177
0.000408014
9.01731e-006
0.000102345
0.000540468
2.92011e-005
2.26293e-006
0.000807524
0.000470453
3.97113e-006
2.21862e-006
3.53281e-006
0.000386516
2.90614e-006
0.000154424
7.80355e-005
0.000760538
0.00178007
0.00163277
-2.35034e-009
2.00466e-007
3.74904e-007
4.01933e-005
6.32691e-008
1.38238e-005
9.15564e-005
0.000438306
1.7124e-005
6.02283e-005
2.35637e-008
6.56468e-005
1.5776e-006
0
4.39987e-005
0.00169263
0.000330309
2.65625e-006
0.000215739
-1.79584e-009
0.000574636
0.000342256
0.000173555
0.000966805
1.7768e-005
0.000186962
3.50663e-005
2.03184e-009
5.49834e-006
0.00476746
0
0.00162929
0.00212087
1.82974e-005
6.52212e-005
3.09516e-005
4.11093e-006
0.000673185
4.76992e-006
4.82192e-005
1.02254e-005
6.19874e-007
1.17623e-005
6.1593e-006
1.1705e-008
-2.59411e-010
1.40504e-005
1.72717e-006
4.22072e-005
0.00319001
0.00114864
5.58498e-005
0.00345626
2.08613e-006
4.80827e-006
0.000310518
0.00019771
0.000325147
9.01778e-005
9.06229e-005
1.11466e-006
8.10779e-005
4.4527e-010
8.16201e-006
1.17693e-006
1.94604e-006
3.29602e-006
1.21663e-005
6.23154e-005
4.91017e-006
5.18212e-007
0.000521615
1.18062e-008
7.73913e-006
1.35233e-005
1.29226e-007
0.00165481
0.000361454
8.79546e-009
6.14722e-007
3.0599e-007
5.27845e-006
6.54466e-005
0.000960752
7.84169e-005
6.18487e-008
8.19553e-006
2.07624e-005
-8.81596e-015
1.83246e-006
2.88068e-006
8.44223e-014
8.56524e-007
6.82597e-006
1.14577e-005
0.00225762
0.0128928
0.00815549
1.52062e-008
0.000509428
6.92578e-008
8.52036e-005
-1.16122e-009
0.00794233
1.88721e-006
0.00528428
2.88162e-006
4.07399e-005
2.21711e-008
5.75717e-005
0.000126753
5.02937e-005
0.000286588
2.17112e-007
0.00135669
0.00106949
0.000103283
8.20361e-005
1.0822e-005
1.47364e-005
7.37233e-008
0.000243519
0.000278192
0.00255759
0.000218881
3.00468e-006
1.63372e-008
2.08278e-005
0.00144859
0.00108776
6.31367e-005
6.98423e-006
7.78003e-006
3.65072e-006
3.62231e-005
0.000192218
4.64902e-008
0
-1.46215e-011
1.99412e-009
7.12833e-006
3.32938e-006
6.19192e-006
3.41654e-008
0.00132035
0.0016067
0.000128446
0.000299051
1.7964e-009
0.000222996
0.000562673
0.000607227
4.28429e-005
8.49323e-006
2.30863e-006
4.65678e-006
2.82951e-007
0.00109696
4.89277e-006
6.89411e-006
9.30298e-006
1.81917e-005
0.000499169
8.79123e-005
8.75374e-006
0.00241247
2.85022e-008
6.75651e-005
5.25328e-005
0
1.19004e-007
1.58757e-007
8.355e-005
0.000403491
0.00122888
6.4534e-005
9.02396e-008
1.40617e-007
3.74522e-006
1.39451e-005
0.000163679
0.000616918
0.000113263
3.9063e-006
0.000479854
1.32031e-005
0.00026143
3.37904e-005
0.000104826
7.38436e-006
1.81289e-005
3.22354e-008
1.07709e-006
3.51619e-007
2.57767e-005
1.82614e-005
3.59954e-005
2.41037e-007
0.000573247
8.59626e-006
1.34433e-006
0.000121572
4.86064e-007
4.90545e-005
3.96486e-006
0.000139311
4.61828e-005
0
2.17778e-007
4.36541e-005
0.000632649
0
2.88485e-007
0
2.19531e-005
8.33257e-006
4.16925e-005
0.000639567
5.1397e-006
3.5729e-005
1.76665e-005
3.96265e-005
0.000116365
0.000788634
4.98457e-008
0.000247691
3.95103e-005
8.44251e-007
1.75623e-005
5.44358e-005
0.000976552
6.1813e-005
2.31371e-006
0.000460273
3.09617e-006
0.000473703
0.00032157
2.14569e-006
1.83722e-005
1.46824e-005
5.76106e-009
5.8582e-006
1.17948e-005
4.20109e-005
2.50716e-006
0.000126343
5.33906e-005
3.61505e-006
2.83013e-005
0.000472785
0.000106838
3.47441e-005
1.72048e-005
0.00410769
4.36778e-005
9.54887e-012
2.01684e-007
1.30373e-005
2.26627e-005
4.07223e-006
4.45563e-006
6.39562e-009
1.85464e-007
0.00615759
0.00978067
7.3879e-006
8.57489e-005
0.000445436
0
7.90356e-005
1.90243e-005
6.96447e-005
8.13767e-005
1.75116e-005
1.08982e-005
9.70069e-006
9.57585e-008
6.40523e-006
0.000194498
3.96286e-008
0.000857422
2.32253e-006
4.72931e-005
1.15117e-005
0.000177044
1.13038e-005
5.29773e-005
1.48162e-006
4.50637e-005
8.36284e-006
1.01717e-005
0
1.01885e-007
6.36393e-006
0
1.27969e-006
-2.12653e-010
1.5907e-005
0.00270726
7.90654e-005
4.92655e-005
9.08972e-005
0.00152582
8.48197e-005
1.46989e-005
5.18744e-006
0.0236974
0
0.000796402
2.38929e-005
4.164e-005
1.49196e-005
2.01662e-006
4.34512e-005
8.32595e-006
4.27827e-006
0.00318796
7.35653e-006
0
1.42045e-009
0.00014063
0.000555732
2.00554e-005
7.07327e-005
1.58756e-008
0.000381334
3.79274e-005
0.000282802
6.66283e-005
0.000165118
2.54843e-009
9.96974e-005
1.90769e-005
6.12696e-005
1.02992e-005
0.000232842
2.86665e-005
0.000408238
0.00049126
3.31249e-007
2.84433e-005
6.76817e-006
0.00132422
6.25434e-005
2.87946e-005
0
6.03988e-006
2.21507e-005
0.000197382
0.000478612
0.000941386
0.000225392
1.14847e-007
0.0028848
2.75786e-005
0.000126784
5.4595e-006
0.00015272
0.000130866
8.7759e-005
5.26925e-005
0.0048742
6.53452e-009
3.84332e-005
4.40754e-005
4.86991e-008
0.000105879
0.00166982
0.000667181
0.000195409
0.00469621
0.000292704
6.70785e-005
1.46042e-006
1.43691e-007
0.00129382
4.07953e-005
0.00483898
0.000318372
6.66351e-006
0.000308703
6.5402e-006
5.60814e-006
7.13616e-007
3.98878e-006
2.91119e-006
4.25733e-006
5.51275e-005
0.000426601
3.8237e-006
0
2.7965e-005
4.45603e-012
1.60609e-007
3.8934e-005
2.28396e-005
2.14402e-005
5.12325e-005
0.000179892
1.79709e-005
3.03183e-007
0.000223859
4.34713e-005
3.00068e-007
0.00322559
0.00078408
0.000373859
8.19394e-005
2.23762e-005
4.50715e-005
0.00246668
3.55915e-005
1.38275e-005
0.0020452
9.23884e-006
1.80702e-005
2.25221e-005
0.000331956
1.56923e-005
0.00118229
1.60897e-007
4.3363e-005
6.36689e-006
3.81159e-005
1.39276e-006
5.71703e-006
0.000467455
1.71684e-006
9.53979e-005
1.48415e-005
0
6.08716e-006
0.000146213
0.00495586
0.000490492
0.00243915
1.05398e-005
2.30923e-005
0.0290746
0
0.000102336
0.000664754
4.36266e-006
0
2.76139e-009
3.59755e-005
8.94178e-005
7.48829e-006
0.00336237
3.80144e-006
0.000293793
0.000413549
4.47834e-006
0.00552233
3.61323e-006
9.52055e-005
0.000139725
8.86968e-005
2.66769e-008
7.8544e-005
0.000135088
0
0
0.00105783
0
0.000195869
2.80311e-008
0.00493746
7.18482e-005
2.98939e-007
0.000157849
3.2072e-006
0.000321134
0.00030714
0.000128696
1.34019e-005
0
8.37638e-006
0.00010331
0.00190205
0.0123634
1.37634e-005
1.36004e-005
1.23661e-005
1.53477e-005
0.000825211
2.89266e-006
2.71807e-006
1.571e-005
1.02268e-006
3.85285e-005
1.10004e-005
1.13681e-008
3.78668e-007
0.00908985
0.000255779
2.81844e-006
0.00101657
0.00101737
7.83233e-005
2.74948e-005
0.000102119
1.76001e-007
4.86324e-005
0.00546467
0.00108296
0.00106817
0.000329242
0.000165599
1.59416e-005
7.21322e-007
0
2.17473e-009
1.15976e-006
2.86868e-006
2.86376e-005
0.000209696
2.39028e-006
2.60444e-006
1.20595e-005
2.13691e-007
5.89133e-005
2.73057e-005
2.27821e-005
0.00160943
0.00159391
3.15881e-005
0.000195408
5.08994e-006
4.34745e-005
1.22507e-005
8.36927e-005
8.88184e-005
6.48522e-006
4.13661e-005
1.90215e-005
2.39949e-006
3.20695e-006
0.00189616
5.34438e-005
8.20144e-006
1.12884e-006
-2.52498e-009
9.86702e-005
0.000159853
5.80786e-005
2.71504e-008
6.64904e-005
0.00118507
0.00103107
0.00163012
0.0042971
0.000736352
4.21342e-005
9.8781e-007
0.000143047
0.000132541
1.86777e-007
4.62524e-005
8.81209e-007
0.000142065
6.23591e-005
0.000869654
2.45007e-007
1.05613e-005
1.22417e-006
0
0.000134506
5.95193e-008
3.61189e-006
0.000619168
0.000340441
0.00136481
0
1.59053e-005
7.19355e-006
0.0019853
0.000245427
0
9.17053e-006
7.21313e-007
4.40011e-006
6.22995e-005
2.61417e-005
8.34811e-005
4.7083e-006
4.2553e-005
6.08407e-006
0.000244042
0.00170206
5.04035e-005
2.46499e-009
8.29583e-009
0.000634171
1.46623e-005
0.00415538
2.09197e-005
1.58712e-005
1.50528e-005
8.30194e-006
0.000164688
9.01207e-006
0.00592016
0.00127603
1.29228e-006
9.87109e-006
4.18378e-005
9.20923e-005
0.000834944
2.92576e-005
0.000158145
0.000199793
2.51838e-005
9.43665e-005
0.00275061
9.59894e-006
4.03869e-006
2.32619e-006
7.0827e-008
5.79822e-006
0.00336642
0.00234955
8.54919e-014
1.8905e-005
1.94419e-006
0.00151662
0.0145183
1.36596e-006
0.000378504
0.000289159
0.000228605
5.61054e-007
0.00320447
2.94092e-005
0.000964178
0.000884194
5.6661e-006
4.87501e-005
1.66444e-005
1.43658e-006
0.00102686
4.52096e-007
0.000357402
0.000118808
1.27226e-006
4.92855e-005
4.0351e-005
9.68913e-006
1.15952e-006
6.5248e-006
0.00296268
2.22071e-006
0.000951748
1.89933e-006
0.00133647
7.79237e-008
2.503e-005
2.40273e-009
0.000257862
0.00132197
1.78661e-006
0.000231516
4.46449e-007
1.30084e-007
3.59353e-005
1.31652e-006
0.000593792
3.18579e-006
0.000786153
0.000541589
0.0255233
0.033543
7.11067e-005
7.36024e-006
0.000215967
0.000247099
0.00237682
9.60996e-005
0.000174052
6.95163e-005
6.70601e-005
7.30998e-006
0.000205505
0.000261447
3.11905e-005
2.0646e-005
1.484e-008
5.62067e-005
5.14924e-007
0.00127214
0.000211289
0.00869533
0.000177188
2.3223e-008
0.00115859
4.52999e-006
1.59408e-005
0.0001279
1.46515e-006
0.000724688
0
0.000107786
8.38219e-005
0
5.8857e-006
0.00383356
2.7657e-006
0
0.00301254
7.62997e-005
3.87167e-005
0.000209458
0.000768663
6.48304e-005
0.00389717
0.000256289
2.89406e-005
5.9475e-007
0.000194501
0
9.11682e-005
0.000461448
0.000395025
0.00650805
0.00304336
0
1.16036e-005
1.06005e-005
6.52352e-006
0
9.6341e-008
0.00197495
0.000544267
2.54245e-006
0.000121785
1.9398e-006
5.90652e-006
0.000811469
3.84498e-006
2.44684e-005
0.000151184
0.00953517
0.00016932
4.4237e-008
9.79823e-009
1.13215e-005
1.42677e-007
-7.1145e-010
0
7.78124e-007
5.22939e-005
0.000474114
3.28734e-005
1.13744e-006
5.31579e-008
7.6829e-005
8.28633e-007
1.65012e-005
6.14269e-005
8.55511e-005
0
1.80335e-005
3.47295e-006
0
3.06943e-005
0.00548523
1.32647e-005
5.31999e-005
0.000348258
0.000168353
0.000212972
9.13206e-005
0.000355898
0.000399138
1.38138e-006
0.000154642
-2.52529e-012
2.19606e-008
2.9295e-007
3.29402e-005
3.38893e-005
6.23861e-006
4.86059e-005
1.28992e-006
1.3025e-005
4.28013e-005
6.07798e-005
6.35703e-005
9.77658e-005
2.42036e-005
4.83121e-005
0.000486582
0
0.000316108
5.69215e-005
0.00192822
0.00139933
0.000234801
6.81509e-008
1.85772e-006
4.84465e-007
0.00141643
0
7.76539e-006
0
3.1418e-007
4.5078e-005
0
8.68476e-007
0.000280265
0.00133782
3.94215e-006
0.00198652
1.06076e-005
0.000591806
0.00101992
0.00363434
1.71455e-005
8.83678e-006
0.00122253
0.00121349
2.58887e-006
2.51258e-005
1.43261e-005
1.9188e-005
3.19666e-005
2.7528e-007
0.000268864
0.00869598
0.000858885
0.000601194
7.24193e-007
3.18543e-006
5.76745e-007
6.04175e-005
4.16727e-006
7.38068e-007
1.82631e-007
7.88551e-006
0.000205148
0.000175366
0.000768283
3.9445e-006
0.0221411
-5.47706e-010
0.0156845
0.0144421
0
0.000134843
0
1.35486e-007
5.15305e-006
0.000196368
2.20131e-007
0.00638732
0.00200598
0.00104856
6.89442e-006
4.87742e-005
6.00727e-007
0
0.000132262
7.80259e-009
2.57472e-007
1.75645e-005
5.74563e-006
5.48836e-005
9.50156e-006
0.000114735
3.07362e-006
0
0.00349644
1.23451e-008
0.00137641
0.003865
0.00149867
0.00145003
0
0.00258592
1.16907e-006
0.000143434
0.000252597
3.94749e-005
0.0119796
0.000482271
0.00136072
0
1.73363e-008
0.00171731
4.05308e-014
1.04277e-007
0.000419307
2.46116e-006
0.000579901
0.000566724
2.98439e-006
0.000319867
0.000745404
2.86932e-006
8.56357e-006
1.16463e-006
2.96285e-005
0.00368445
7.31561e-006
3.38544e-006
6.39621e-005
7.8243e-005
0.000159481
3.10358e-005
0.000205513
3.99688e-005
0.000182264
0.000170375
0.000453715
2.84311e-005
3.87947e-005
5.81194e-008
1.39738e-006
8.17953e-006
1.21911e-006
0.00489274
3.59997e-005
0.00123428
2.97374e-005
5.13997e-006
3.85801e-007
4.06639e-015
2.08217e-005
0
1.91397e-006
0
0.0054295
2.02832e-005
0.000214926
1.75248e-009
0.00482754
0.00219209
0.00156057
5.45281e-005
0.00471322
0.000248406
0
1.59633e-006
8.92836e-005
8.91936e-007
9.72869e-006
0.000139437
5.70651e-007
9.69114e-006
1.92995e-005
2.50544e-006
7.98406e-007
3.29345e-006
1.43359e-005
0
0.000124612
7.59919e-007
0.00244054
8.61509e-006
0.00013013
0.000125527
3.59241e-005
3.84553e-006
0.0111588
0.0095207
8.50732e-007
2.10513e-008
0.000389164
3.47928e-005
1.30583e-006
0.000187947
0.00341551
0
2.33287e-005
1.0134e-007
0
0.000585303
1.81988e-005
0.00356192
0.00242798
0.000423554
0.00303333
7.14049e-005
0.00170742
0.000526326
3.05106e-007
5.7055e-005
5.78968e-007
0.00034737
0.0223886
4.62475e-005
1.05875e-005
2.02443e-005
3.74928e-006
0.0256225
4.86444e-007
3.01072e-005
1.45411e-006
0.000512967
0.000459856
7.61768e-006
9.53092e-008
0
0.000495276
0.000125077
1.63577e-007
1.96855e-006
1.46585e-006
5.1003e-005
4.28062e-008
4.79637e-005
3.26014e-005
0.00418012
1.49467e-005
0.00168435
0.000902296
3.5688e-008
0.000886895
0.00164825
5.12441e-006
0.00013877
5.55798e-007
0.000103626
6.08057e-006
2.40745e-006
1.70295e-005
1.05142e-005
0
3.27799e-006
1.68715e-007
0.00113381
0.00371121
0.000105806
5.67033e-005
4.94594e-005
0.00558557
6.81509e-008
0.000214471
1.25496e-005
1.07321e-005
0.00147451
0.000648704
4.36199e-005
4.45409e-012
0
0.00027275
2.89959e-005
0.000375526
1.91002e-009
0.000945614
6.36898e-005
0.000855613
0.000125024
0.00240731
0.000118589
0.000365968
1.76413e-006
0.0020825
0.00307279
0.000679639
0.00155807
8.20837e-009
0.00039099
0.0013149
5.57809e-005
0
0.00111314
2.54281e-005
0.00710573
0.0165506
9.04752e-006
0.000127688
5.30458e-006
7.95005e-005
1.38032e-006
7.89736e-007
0.00029543
0.000282247
0.000106685
3.21621e-007
4.77913e-005
0.00282504
2.36083e-006
1.81179e-005
1.49731e-006
0.000558741
0.000457257
1.49728e-007
1.73042e-007
0.000141369
7.11141e-005
0.000498067
0.00031412
0.000566348
6.75627e-005
0.00295692
1.70985e-008
6.0629e-006
4.11066e-005
7.33073e-005
0.00017305
2.18995e-007
0.00182919
3.35825e-007
0.00155533
7.7828e-005
3.40825e-008
-1.60594e-012
7.95547e-005
6.04012e-005
7.42972e-005
7.05564e-010
0.0110585
1.91685e-006
0.00278139
1.62242e-005
2.83729e-005
0.000188632
2.10604e-011
0.000100595
0.0179584
1.57715e-005
0.00272603
0.0026618
1.84308e-006
1.31747e-007
-2.71542e-009
0.000347076
0.000166199
0.000155902
5.84842e-006
0.00368852
0.000478264
0.000350138
8.30645e-006
9.57043e-007
1.83613e-005
2.89963e-006
0.000307668
0.00584449
4.1875e-006
0.000200002
0
0
8.31652e-005
9.96713e-008
0.000140939
4.72327e-006
4.80311e-006
3.0528e-005
0.00462875
3.88107e-007
0.00039634
0.000168113
4.91615e-008
7.36106e-005
6.0994e-015
3.96599e-006
0.00106836
0.000896709
0.000809101
6.87942e-006
0.0002441
2.6227e-006
3.40435e-008
0.000142037
3.42726e-006
7.72865e-005
0.0213436
0
5.93015e-005
9.02023e-005
0.0016799
0.00340169
0.000584465
0.000362663
1.90046e-005
0.000159485
0.000230936
0.00133853
1.42839e-005
0.0193364
2.89479e-005
0
0.00294675
0.00247223
2.28959e-006
2.88798e-006
0.000304667
1.12981e-008
0.000103875
0.000177659
1.06077e-006
0.000400371
1.97033e-005
0.000116411
0.000338776
0.000133164
3.77978e-007
2.51698e-007
2.30458e-005
7.99049e-006
2.07313e-005
0.000190794
0.000509859
0.00224409
0.000463151
2.09786e-005
8.61032e-005
0.000117442
8.58552e-005
2.79152e-005
0.000385898
8.59969e-005
1.2361e-007
0.00182838
0.000222493
7.21054e-006
3.27844e-005
4.23151e-007
1.64398e-007
6.27372e-006
4.45336e-012
5.26334e-005
1.32904e-006
1.6318e-009
1.07177e-006
0.000326015
0.000177483
1.23171e-005
1.8868e-005
5.95322e-005
0.00347824
0.000324818
0.00326655
8.24091e-006
6.95545e-006
0.00451072
1.50892e-006
3.01125e-007
3.59123e-006
8.95033e-007
0.00108722
8.35552e-006
0.00182716
0.00244035
1.19495e-007
0.000491256
2.86029e-005
0.000347412
3.88516e-005
2.08733e-007
0.000221592
0.0013767
4.45548e-006
3.6965e-005
0.000122638
2.71022e-005
0.000430933
8.29451e-006
5.58808e-009
9.53817e-005
0.00305468
6.0373e-005
0.00301928
0.00352759
0.000353962
1.63889e-005
0.000377223
3.69074e-005
0.000148914
5.98864e-005
0
0.00320642
0
3.26931e-011
0.000153787
3.28412e-005
0.000831062
0.000190662
0.000434841
0
0.0003358
0.000464761
1.8225e-007
6.02766e-005
3.83412e-005
3.25904e-008
2.46195e-006
6.15368e-006
0
9.05135e-006
3.96243e-006
0.000135826
0.000161849
0.00429715
7.64755e-006
1.7841e-005
0.000161712
0.000309971
0
2.44244e-006
0.000399372
9.86895e-010
3.98388e-005
1.54246e-005
0.000219974
0.000709892
3.29623e-005
0.000134487
2.16231e-006
0.00282599
4.78776e-005
2.76804e-009
7.70515e-005
0.00263713
0.00355298
3.2867e-008
0.000829677
-9.53282e-010
4.07728e-005
2.77207e-005
0.000361062
0.00235625
6.17286e-008
0
0.00020553
0.000144897
1.13877e-008
3.28594e-006
0.000122969
0.000496805
1.21422e-009
8.02287e-005
2.16111e-005
0.00209056
0.00075545
0.000520292
0.00051878
0.000231482
2.32864e-006
7.65725e-005
0.00038267
0.000754353
0.000155828
3.15365e-005
7.44819e-005
2.33774e-007
1.75952e-005
1.01349e-005
0
2.57752e-007
6.39174e-007
0.00501448
1.08737e-006
0.00121807
0.000218151
0.00128866
1.91693e-006
0.000570738
0.000455505
4.32231e-005
0
4.7378e-005
2.46509e-005
0.000179783
0.000334143
0.000339244
0.000265958
2.84162e-008
-9.90135e-011
0
0.000562484
9.92992e-005
0.000799459
0.000834555
0.00497637
1.91005e-009
1.12254e-005
0.000172756
6.24465e-006
2.99247e-005
3.73749e-006
6.61982e-006
0
1.84852e-005
5.71333e-009
0.000121255
1.33457e-006
0.000149409
0.000509094
0.000311332
3.25839e-006
4.25857e-006
4.29128e-005
1.49451e-005
5.96758e-007
0.000127226
0.00050127
2.31768e-007
0.000769099
1.91439e-006
0.00959953
0.00230199
4.43204e-005
0
0.00014407
0.000254292
0.00535155
1.58029e-005
1.56093e-007
1.82637e-005
9.44461e-005
0.000495218
0
2.01835e-005
7.37158e-007
6.57978e-005
3.23943e-006
2.61795e-006
0.000184493
1.1328e-005
9.21442e-008
0.000189873
0.000395843
0.00245786
0.000148517
0
4.15656e-005
0.00016234
3.17389e-006
9.63836e-006
0.000112733
0.00825096
0.000644958
6.27632e-005
1.97061e-006
0.000333615
5.59429e-006
0.00125666
0.00095848
0.000354309
8.6469e-005
1.33052e-005
3.12284e-007
0.000247985
2.84577e-007
0
1.32321e-005
1.84264e-006
1.44302e-008
1.22521e-006
8.83517e-006
1.98367e-006
0.00109215
0.000315196
0.000583497
1.17425e-005
0.000335146
1.8704e-006
0.000166082
1.8882e-006
7.59497e-005
4.60692e-006
3.44295e-005
0.00658619
8.38371e-007
7.28867e-005
0.00101998
0.00224921
2.6996e-007
9.05136e-006
1.4277e-005
1.59932e-005
0.000211815
7.19454e-007
2.75308e-008
0.000498157
0.00209628
0.000355165
0.000742342
0.000170322
0.000904313
0.00100032
0.00702661
0.000791751
3.29976e-005
3.65573e-005
0.000132733
0.00040777
1.97795e-005
0
5.78084e-005
2.90612e-005
0.010651
0.00479567
0.0011293
0.000207527
0.000275634
0.000109333
2.48519e-005
1.66147e-005
0.00105721
0.00111217
6.93506e-007
2.42758e-005
0.0119415
4.21846e-007
3.84158e-005
9.38062e-006
0.000470032
1.71374e-005
6.63043e-005
7.2384e-007
9.36293e-005
0.000828922
5.08187e-005
2.71623e-007
0.00809022
2.27168e-008
2.41721e-007
0
0.000149297
0
3.14707e-006
0.000254124
0.000642885
0.000416881
8.80584e-008
0
7.40669e-005
-2.09549e-009
4.28854e-006
3.83879e-005
2.11755e-007
1.56623e-005
4.52832e-005
0.00274239
6.13178e-008
2.01972e-006
0.000292688
0.000137124
0
0.000315924
9.51855e-006
0
1.94959e-005
0.00140694
0.00229697
0.000111417
7.6015e-005
8.33058e-005
0.000127958
2.47682e-007
1.05277e-008
0.00359912
6.65197e-007
2.32646e-009
0.00654405
4.21344e-005
0
2.35196e-007
0.00035031
0.00188298
8.60126e-005
2.84665e-006
4.79456e-005
0.000391397
0.00179392
0.000385786
1.69112e-005
9.52171e-005
4.25893e-007
1.55388e-005
0.000211179
5.15697e-005
8.5039e-006
1.83555e-005
1.37092e-005
0.000259587
3.38948e-005
2.18624e-005
0.00477649
0.00183439
9.57904e-005
2.90501e-005
1.72962e-006
0.000677777
2.73138e-006
2.4911e-007
1.974e-006
0.000734737
1.85503e-006
2.97945e-008
7.91924e-008
0.00467493
1.55986e-005
6.43081e-008
1.93909e-007
6.37648e-005
5.27289e-007
0.000549083
4.49425e-005
6.18632e-007
0.00174164
2.12668e-005
1.7003e-006
0.000550823
0.000633427
0.00206858
0
8.81935e-007
0
0
2.23252e-005
0.000751783
3.88423e-005
0.000125383
2.04978e-006
7.94144e-006
6.70517e-005
0
0.00870051
2.5963e-007
4.36331e-007
3.32625e-006
2.72601e-005
6.04217e-005
0
2.75012e-005
2.12156e-006
3.20628e-006
5.5651e-007
9.22629e-005
3.1234e-007
1.26835e-005
2.66092e-005
9.58337e-007
1.63437e-006
1.10526e-006
0.00189002
8.80682e-005
3.37722e-006
0.000184313
5.19334e-005
0.00267247
6.64208e-007
0.00195784
5.53017e-005
1.02848e-007
0.00167205
0.000905616
7.27563e-006
0.00675381
2.09954e-005
0.000131526
3.54016e-005
0.000178115
1.03504e-006
5.0861e-006
6.43177e-009
0.00165219
0.00125899
0.00154071
0.00104675
0.000222124
3.66142e-005
0.000519594
1.89274e-007
0.000102119
2.24817e-006
0.00183791
3.99248e-006
1.70517e-006
0
0
0.00101518
0.00124519
0.00272085
0.00213157
0.00464752
0.000446962
1.30383e-006
1.42938e-006
2.98468e-005
3.11988e-005
0.000307498
0.00190227
0.000383967
5.39007e-007
0.00337147
1.25875e-006
0.000634124
2.6231e-007
0.000246155
0.000431685
0.000379249
0.000142688
0.00339864
1.93076e-006
0.000324629
0.000129317
-6.06294e-015
4.29494e-006
3.94788e-008
0.000489977
2.58646e-008
3.7898e-005
4.05377e-007
8.22219e-005
2.88576e-006
1.10005e-005
0.000145587
0.00498158
0.00627358
0
2.17031e-005
2.97687e-006
2.25892e-005
6.70746e-005
0.00648907
2.47226e-005
0.00193392
0
0
0.000293449
9.68409e-007
0.000266939
9.71261e-007
4.04828e-005
0.00122887
0.010619
0.000155472
0.000304152
1.644e-006
4.33577e-005
2.84205e-005
0.00029689
3.57017e-007
1.80528e-005
2.5646e-005
1.37673e-005
1.36766e-007
5.3295e-005
0.00315999
0
7.11516e-005
0.00899846
0.000101097
2.12931e-005
0.000148678
8.39301e-005
0.000133412
5.71163e-006
5.45185e-005
3.79998e-005
1.77844e-005
0
0.000109217
0
0.000255443
0.00124286
4.29992e-007
0.000277607
8.57289e-006
0.000105974
0.00055326
3.59162e-005
7.37253e-007
5.72363e-006
0.0131345
0.00015123
0.00107291
3.89005e-005
0.0062194
0.000585926
1.49218e-005
1.32031e-006
9.00572e-007
0.000187773
0.000572542
0.000783589
0.00038979
8.94312e-006
0.00025039
0.000206792
0.000624648
0.0005584
0.000204885
0.000343575
7.28139e-007
4.24128e-010
0.0239434
0.0225093
3.07636e-006
3.0345e-005
0.000199138
0.00019029
3.65483e-006
4.86926e-006
0.000104204
4.92803e-006
0.000392233
0.000266137
0.00208241
4.19793e-005
0.000400148
0
0
4.64618e-007
0.000105934
1.02768e-005
1.47869e-006
0.00175811
2.34742e-005
0.000626797
0.00111535
0.000388223
0.000499268
0.00229455
0.000221427
0.000384555
0.00061785
0.000527472
0
8.60668e-006
2.50496e-005
2.72849e-005
0.000193801
3.96808e-007
6.11208e-007
1.68298e-005
9.74604e-005
6.18018e-005
0.00342923
0.0131772
2.88748e-005
4.16546e-005
2.22031e-006
2.28786e-006
0.000332183
0.000266943
0.000558319
5.41357e-005
9.28371e-009
0.000316355
3.70935e-006
6.48384e-010
0.000637856
7.37576e-006
7.15046e-005
0.00608025
7.30078e-006
1.6676e-006
1.48841e-007
0
6.08868e-005
0.000718503
5.81062e-006
2.10029e-006
0.000231723
0.000549694
0.00466186
0.0133441
2.14903e-007
1.24272e-005
1.59814e-005
3.46304e-005
0.00316862
0.00160765
0.000114277
1.54666e-006
0.0018002
0.0017281
0.000683831
0.0107634
2.74759e-005
1.06106e-006
0.000230077
3.59493e-007
0.000266496
0.00197527
0.0006385
0.00307835
0.000536709
2.63811e-006
3.57914e-006
2.02612e-005
1.2621e-006
5.71835e-005
0.00278884
7.47059e-008
6.39675e-006
0.00145567
5.9131e-006
9.23326e-006
3.29602e-005
0
0.000424608
6.06459e-005
0.000249314
2.6292e-008
0.00251329
0.000225765
0.000175475
3.15325e-005
0.000243841
3.60623e-005
0.00872408
0.000286491
4.3954e-005
0.000392868
0.00053904
1.41045e-005
1.89685e-006
6.32122e-006
2.29562e-005
2.21189e-008
0.00364743
0.000255145
0.000572793
1.50747e-005
1.27017e-005
1.21589e-007
0.000584763
0.00686943
0.00991627
4.7003e-013
7.94515e-006
5.41054e-005
5.55418e-007
0.0294483
9.9118e-006
0.00029788
2.19744e-007
0.000121431
2.53778e-006
0.00275654
0
0.000436321
0.00112651
0
2.30759e-005
0.000334042
0.000334042
0.000495866
0.00041799
7.54188e-005
3.96617e-005
0.000330343
2.16711e-005
0.000140889
3.85701e-005
2.70351e-005
1.27907e-006
-1.8536e-009
4.62587e-006
4.7184e-008
2.4676e-006
9.56212e-006
0.000324237
0.000268106
1.92439e-006
6.32267e-006
0.0055852
1.91143e-005
6.61623e-007
0.000151673
1.53353e-006
0.00116334
3.47805e-005
0
2.18156e-005
0.000748171
0.000326931
0.000485249
0
0.000334515
4.06538e-005
5.01513e-005
2.45622e-006
0.000214033
1.81042e-005
1.64886e-005
0
4.60941e-005
3.67258e-005
2.22819e-006
1.82542e-006
0
1.04354e-005
0.00522624
3.3995e-006
1.16143e-008
0.00117378
2.05765e-005
3.20436e-005
6.5751e-005
1.64932e-005
-1.75715e-009
5.50548e-006
6.09305e-005
0.00019904
1.66437e-005
2.74853e-005
0.00729783
2.36835e-005
0.00129554
4.90483e-010
0.00146809
0.000838077
8.864e-006
1.38643e-005
3.14291e-005
0
7.22681e-006
3.99023e-006
1.60684e-005
0
0.000310758
2.7269e-007
9.86594e-007
3.24345e-007
0.000261478
6.79171e-005
1.22231e-006
4.26261e-005
6.26973e-006
2.76973e-005
9.02975e-005
1.38101e-005
2.19277e-006
0
0.000961377
1.40443e-014
0
3.63869e-005
0.00020304
0
0.000696316
3.40304e-006
0.00580677
0.00561336
0.000399777
1.14924e-005
0.00278715
0.000311871
0.00058446
9.6537e-006
8.4821e-005
6.99645e-009
3.22911e-007
5.54317e-006
3.51315e-005
1.41023e-005
2.36799e-005
0.000108173
0.000122852
1.94115e-006
9.87136e-009
1.34761e-005
4.68578e-006
0.000668489
0.0041295
6.37606e-005
5.77251e-008
0.00198732
1.43263e-005
1.17109e-006
2.69916e-005
0.000177536
4.9613e-005
5.28774e-005
0.000430498
0.017558
1.00372e-005
0
0.00118124
0.00286439
1.90965e-005
0.000132168
0.000171307
0.000638414
5.2172e-005
0.00255777
1.00827e-007
0
6.94571e-005
3.21995e-005
0.00020874
0
8.42741e-007
3.03214e-012
5.58271e-008
0.00373811
2.88101e-005
0.000165463
1.94719e-007
0.000604675
4.56659e-007
9.98928e-005
0.000497153
0.00035636
0.00333218
0.00132598
4.8888e-007
3.07899e-006
7.40229e-005
1.93203e-005
5.36177e-005
1.98471e-005
7.94446e-007
0.00229645
0
4.80159e-007
1.04509e-006
2.72651e-007
9.51374e-005
2.12526e-006
2.98747e-005
1.04981e-005
0.00173585
0.00960595
8.42473e-007
1.16771e-005
3.46951e-008
2.40425e-006
2.53334e-007
6.65638e-005
2.17838e-005
1.9819e-006
3.79083e-005
4.75341e-005
2.1378e-005
3.5862e-005
2.95055e-005
0.000977078
6.156e-007
4.33603e-006
1.31056e-005
2.1826e-005
0.000247216
6.47375e-007
0.000123358
5.23544e-005
0.00146636
0.000184015
0.00328655
0.000267622
0.000269132
3.03982e-005
7.95354e-005
0.000440689
0.000894348
1.31314e-008
0.000886912
0.000245794
3.35766e-007
0.00157698
0.00222984
2.4125e-007
1.40624e-018
2.80812e-010
0.00788723
1.96138e-005
4.25549e-007
3.21924e-005
5.03655e-006
9.61224e-006
8.87343e-006
1.35882e-005
6.09163e-006
3.71639e-007
0.00934396
0.00244732
1.54218e-008
1.38011e-006
3.54226e-015
7.86174e-006
7.35992e-005
0.000123696
7.47973e-007
1.49963e-005
4.27625e-007
6.06439e-005
7.97479e-005
1.68404e-005
9.90347e-006
0.0198256
3.63599e-005
0.00108522
0
0.000509586
4.39327e-006
3.11621e-006
2.69886e-005
0.00311555
0.00231265
0.000244953
0.000310128
6.35136e-006
2.21082e-007
0.00556295
0.00477182
3.64946e-005
0.000385575
0.00013523
4.24494e-005
0.0001802
2.00873e-007
5.17772e-006
0.00655292
8.3488e-005
0.000121561
0
1.45766e-005
0.0121567
0.00570879
0.00374629
8.00781e-007
4.21837e-005
6.26791e-008
0.00104174
0.000992332
0.000220473
0.000306156
3.33281e-006
1.43362e-005
0.000410671
0
9.27363e-006
0.000200793
0.0041073
3.54226e-015
0.000285377
0.000495114
0.00106212
0.00206519
0.000206526
0.00028302
0.0129969
1.00163e-006
0
1.24552e-006
0.000383831
5.06252e-006
5.60019e-007
3.33922e-006
0.000562204
0.000192617
2.53686e-006
3.78759e-005
0.000265753
9.47867e-007
0
0.000381264
0.000453712
0.00049
2.31416e-008
0.0173352
3.36121e-005
2.03301e-005
0.000762854
1.13159e-009
1.60354e-005
2.08594e-006
0.000236646
0.000175162
0.00437481
1.00378e-006
0.000329874
1.59187e-005
8.31713e-006
2.44333e-006
3.24938e-006
3.17178e-005
0.000371034
2.19553e-005
0.00024834
1.41637e-005
0
0.00240152
2.1773e-006
3.52901e-006
3.08579e-005
6.42195e-007
0.000711325
0.00111803
1.61397e-005
0.00698716
2.57825e-005
3.00555e-005
0.00225749
0.0046374
0
1.37818e-005
1.29048e-010
1.69939e-006
0.000710584
9.60043e-007
0.00532226
7.80101e-006
0.000463064
2.30772e-005
4.41285e-005
3.97824e-005
0
0.0170911
8.21682e-007
0.000173684
3.38223e-005
0.00315114
0.000134751
3.33916e-007
1.12746e-005
5.81759e-005
0.00273913
0.0114822
6.75612e-007
0.00102501
0.00170287
0.00122439
0.00201196
0.000112525
0.000637685
7.14004e-010
0.000216122
0.000257174
4.27559e-005
7.64931e-007
9.54305e-005
0
3.38819e-006
7.39451e-006
1.40436e-007
7.80707e-008
0.000140034
1.24848e-005
5.80392e-007
2.84197e-005
0.00137511
0.00113481
7.40422e-005
0.000240316
0.00613734
3.01983e-007
1.60766e-007
3.37437e-005
5.38822e-005
0.000830764
0.00323918
8.67241e-006
5.03601e-006
2.8677e-007
0.0013344
7.43514e-006
0.000725935
7.60422e-007
0.00195086
6.92706e-007
0.000187226
1.43945e-007
1.89975e-006
1.31155e-005
0.0199355
0.0033849
0.00105803
0.000321197
4.8984e-006
5.4636e-006
0.000263058
9.81076e-007
1.59201e-005
6.6394e-005
7.13152e-007
3.53411e-006
7.03983e-005
6.14691e-005
2.27594e-008
9.56709e-007
0.00298956
0.00724813
0.000470855
1.00581e-005
1.68191e-005
8.33101e-006
0.000330121
0.000158172
2.49932e-006
5.16909e-005
0.00117063
0.000155211
0.000716387
0.0207805
1.1941e-006
2.8835e-006
4.64136e-005
2.9774e-005
0.00197393
2.07093e-006
0.00032158
1.1528e-005
3.6903e-006
3.06326e-005
3.19922e-005
0.000121917
9.64702e-005
4.73532e-005
0.00018359
3.46833e-005
0.00246831
0.0039371
0.00221152
7.66343e-005
2.15239e-005
2.68662e-005
4.0789e-005
0.000822981
7.57274e-006
6.51166e-005
0.000574654
0.000245238
5.53774e-007
3.58373e-006
5.44488e-007
0.000136935
8.08653e-005
5.46599e-005
8.06932e-005
0.00182932
5.61517e-005
2.27177e-006
5.83557e-005
1.54983e-005
1.68413e-005
1.87606e-006
0.000226001
7.08877e-006
0.000145115
1.57717e-006
0.00211387
0.000297204
7.34372e-006
0.000281907
8.64802e-006
1.9208e-005
0
0.000580814
2.79327e-006
3.86376e-005
0.000387328
0.00391933
9.11474e-006
0.000247929
6.81789e-007
0.000821023
6.63e-006
8.51963e-006
0.000735387
0.00193076
1.5256e-005
0.020783
4.85161e-005
1.18115e-005
7.15963e-005
3.11843e-008
0.00143403
0.0122588
0.0111568
0.00494662
0.00465084
0.00680913
0
5.764e-006
6.76587e-007
2.01549e-006
0.0104581
3.71743e-006
1.57659e-006
7.81493e-006
9.40662e-006
0.000799209
0.0206579
1.18709e-005
0.000124937
7.95812e-007
0.000955522
7.29764e-005
0.000757977
8.24956e-007
2.32019e-005
0.00583921
5.44372e-007
4.01084e-006
1.36442e-005
5.23987e-005
0.000298615
0.00377754
3.0628e-006
0.00920301
6.19284e-006
4.23759e-005
4.4045e-007
3.98768e-007
2.36613e-006
0.000279506
4.22432e-005
1.13174e-006
0.000267998
0.000251496
0.0267759
0.00171275
3.07054e-006
0.000103364
6.70383e-005
3.07046e-005
0.000140842
0
5.14257e-006
5.792e-005
4.4067e-007
9.89514e-007
9.66773e-005
0.00428925
0.000435019
0.00328767
0.0020059
1.91517e-005
8.7184e-006
4.81858e-008
0
8.25665e-006
0.00512646
0.000898315
8.52798e-006
0.00022388
8.70763e-005
0.000595928
0.00156509
9.08294e-006
0.00246762
0
0.00424628
0
1.65023e-006
0.000120936
0.00266269
5.21661e-005
8.05433e-007
2.02809e-006
2.69842e-005
0.000572555
1.86382e-005
0.0011622
0.000329126
5.79989e-005
0.00475014
0.00303791
3.04838e-006
1.11893e-005
5.83703e-006
0.000792222
0.000397611
0
1.61627e-008
0.000339422
0.0142241
4.47535e-005
5.71594e-006
0.000596534
0.00103128
2.18573e-006
8.02226e-007
3.14389e-006
0.00572923
1.9808e-006
9.64728e-005
3.61428e-007
7.66689e-006
8.91096e-005
7.13976e-005
1.32697e-006
5.92702e-006
1.34135e-005
0.00127626
0.000151728
0.00401451
2.92467e-008
7.08753e-005
3.9962e-005
0.00174164
2.15391e-006
7.15097e-007
6.4652e-006
1.11711e-007
0.000145035
6.86842e-005
1.02311e-006
0.000319796
6.91324e-006
2.27111e-005
0.00187984
2.02055e-009
0.00185664
5.3286e-005
0.000168902
1.75687e-006
6.27224e-006
5.24627e-006
0.0014295
3.50006e-007
1.53937e-006
6.75525e-007
0.00098738
0.000616699
7.1239e-005
0.00271616
2.86753e-006
1.87351e-005
1.68857e-008
0.000979536
8.35799e-006
3.65305e-006
3.89768e-007
1.45932e-006
0.0169207
3.91763e-005
0.000983745
3.23503e-007
0.000234166
1.57175e-005
1.11258e-005
0.000116474
0.000180083
0.000363584
6.01986e-005
1.9787e-006
3.03247e-007
2.66659e-006
2.08207e-007
2.43149e-006
0.001415
0.00131063
0.00148108
1.64723e-005
2.89795e-005
1.95013e-006
-1.63363e-009
7.31265e-008
3.79022e-006
3.06639e-006
5.65019e-005
0.000315717
9.54111e-005
2.92249e-005
1.62347e-005
1.93273e-008
2.10653e-005
1.19705e-007
1.78202e-005
0.00370013
5.92284e-006
4.17549e-005
0.000112878
3.59045e-005
0.000294527
0.000434358
8.18966e-006
1.15046e-006
0.000221867
2.8524e-007
4.32113e-006
4.847e-006
5.47901e-005
4.41809e-008
0.000390452
0.000408862
5.61112e-005
1.34076e-006
1.07091e-005
8.57462e-007
1.53401e-006
1.6332e-006
0.0165912
2.49484e-005
9.05013e-006
0.0110947
0.000681216
0.000471828
2.92177e-007
0
2.0342e-007
0
8.61852e-005
0.00300272
0.00225738
0.000667615
8.64569e-006
0.000105172
0.000113335
1.63972e-005
0.000412924
2.6674e-005
4.45195e-005
6.37141e-007
1.46939e-005
0.0076703
0.000478173
0.00110059
0.00141272
2.22163e-006
8.91729e-005
0.000511427
8.94968e-008
0.0073493
5.12479e-005
0.000475121
0.000408203
7.68498e-007
0.000545066
5.17227e-005
3.14042e-006
6.51817e-005
6.64439e-005
0.00118932
0.0109753
0.00689727
5.71795e-007
0.000185453
7.64968e-006
0
1.64491e-005
3.52286e-005
0.000349361
5.82373e-005
4.1786e-008
0.00202551
5.79839e-005
0
0.000128457
2.20912e-007
0.00115478
1.37643e-005
0.00500203
5.50101e-006
9.73901e-007
4.6828e-006
0.000180001
3.85631e-006
0.000651918
2.213e-007
0
3.18139e-005
1.85122e-007
1.20829e-006
0.000359313
0.00014447
4.16869e-005
0.000296566
0.00265578
0.00282438
5.46237e-005
0.000369953
3.38957e-005
0
8.96793e-007
0.00013546
3.36957e-005
0.00354906
1.39791e-007
0.000307237
4.81587e-008
8.10209e-005
0
1.42278e-005
0.0014408
0.00191155
2.93891e-005
0.00531684
0.00050958
7.56739e-006
3.35346e-006
3.74492e-006
6.61169e-007
0.000293262
5.695e-006
9.39746e-008
0.00390661
0.00137976
4.19585e-005
6.09918e-007
7.99124e-005
0.00125893
0.00135277
1.86622e-006
6.12696e-006
0.000165107
1.18531e-006
4.5681e-005
1.33133e-006
1.64552e-005
2.69241e-005
6.70138e-007
4.07214e-006
2.49267e-007
0
6.61832e-006
3.28095e-005
0
0.00206548
6.25999e-006
1.49419e-006
4.75695e-005
9.82594e-008
6.72347e-005
3.82918e-006
1.1939e-006
0.00339002
0.00419192
3.03176e-005
7.87653e-007
0.000219543
0.00097268
2.20955e-005
2.25054e-006
0.000142091
0.00280205
0.00450759
3.28476e-007
0.00644909
0.000120332
8.77136e-006
0.00572691
0
0.000532019
0.00938452
0.0001497
0.000435407
0
5.68558e-007
9.80797e-006
2.65231e-005
0.000144373
1.96148e-006
1.62392e-006
0.000121944
2.37396e-006
0.0192902
0.0268466
1.76502e-007
0.0066088
7.31279e-008
0.000983952
0.0013075
0.000246637
8.89627e-005
0.009336
0.00292019
5.53025e-006
0.000612543
6.42494e-005
4.97832e-006
0.00552111
0.00305574
4.2404e-007
5.82563e-007
5.21281e-007
0.0076046
0.00184624
5.80912e-006
3.92788e-008
3.68791e-008
3.52843e-006
1.34055e-007
0.0102116
7.96981e-007
5.9524e-005
2.39442e-006
0.000292099
0.00432412
0.00323956
1.12265e-005
5.59879e-006
0.000824999
5.746e-006
4.97557e-005
6.33636e-006
7.23701e-008
0.000799991
0.0012761
1.40445e-014
2.1289e-007
1.17435e-007
0.000101697
1.8756e-006
1.60672e-007
5.34343e-006
5.34343e-006
0.0231279
0.000351867
0.0018076
9.4914e-005
0.000161772
5.68627e-007
0.00036264
4.16624e-007
3.77223e-005
0.000205136
0.00811531
0.000401516
0.000868235
1.31952e-005
0.00325162
3.01535e-005
6.39297e-005
0.000167115
0.00450629
2.52563e-006
0.00172028
0.00183831
1.05419e-006
0.00603393
4.71321e-005
7.97692e-006
0.00123598
0.000176936
6.62151e-006
0.000247363
0.000510518
0.00160828
0.0096337
1.84872e-007
2.11769e-005
0.00115087
1.05229e-006
1.15459e-005
0.00671504
2.03212e-005
0.000534285
2.40573e-006
0.0015902
0.000440591
0.000196973
3.8076e-007
3.34444e-007
1.11247e-007
0.00018761
6.08088e-007
0.00083321
0.00116004
6.1827e-010
0.00237196
2.80873e-005
0.00118911
9.72962e-006
0.000142048
4.75702e-005
0.000783569
0.00099857
0.0101596
1.00113e-006
0.00020363
5.93683e-005
1.86398e-005
2.8356e-005
1.55712e-006
5.08665e-008
1.34888e-005
0.00149204
4.73498e-006
0.0209511
0.0103738
5.24432e-005
0.00136137
0.00204653
0.00124411
1.57921e-006
3.30455e-005
2.06639e-007
4.15711e-006
1.12161e-007
9.29315e-006
0
0.000365482
3.33917e-006
7.83875e-006
4.77895e-006
1.34565e-005
1.38205e-006
5.66296e-006
0.00408401
1.79301e-006
0.00050573
0.000844638
0.0004159
0.000385694
0
4.1523e-007
0.00190117
0.000572696
3.63153e-005
0.00668856
1.20537e-005
1.273e-005
0.0101233
0.00674928
0.00330225
8.61934e-006
0.000607497
1.59859e-005
0.00929029
2.85944e-008
4.05189e-005
3.15581e-008
1.49276e-006
0.00533171
0.000529077
7.77706e-007
0.0116233
0.00594577
3.59639e-005
0.00519402
0.000399696
4.7963e-007
0.000962714
3.43051e-005
0
1.20757e-007
3.55379e-005
6.09222e-006
0.000870897
9.85984e-007
0.00422416
6.20506e-007
1.08012e-007
0.000271611
0.000401624
0.00522946
0.0040922
2.70853e-009
2.66591e-005
2.4319e-006
3.27687e-005
6.72091e-006
3.13299e-006
0
4.09845e-006
7.69174e-006
5.33828e-006
1.12129e-005
2.7815e-006
1.7485e-005
0.000341531
0.00648613
0.000522091
0.00085401
1.45627e-007
0.00017712
7.62058e-006
0.000197216
0.000337436
0.00132002
2.92199e-006
6.38086e-005
1.58028e-005
1.10951e-005
3.64925e-005
1.07557e-005
0.000547723
2.66932e-006
0.00121723
0.00465562
1.88215e-007
0.000390416
0.000241475
0.000285176
7.13879e-006
0.00281175
0.00155602
2.9438e-007
1.33369e-007
0.00128124
1.12793e-006
6.67956e-006
3.09227e-006
0.000974619
2.50117e-005
2.07391e-008
0.00011842
0.0116465
0.00117734
0.00837798
0.00809258
2.10874e-007
2.2527e-005
0.0112704
0.00407877
2.59537e-005
2.22085e-005
0.000287907
0.000230674
0.0135289
1.77155e-006
0.00070782
0.000782515
6.93973e-005
6.00008e-005
0.000125836
7.91453e-008
0.0110875
1.09368e-005
1.91641e-006
0.000183591
6.80726e-005
3.82758e-007
0.00417847
3.45341e-005
0.00589792
0.0141331
0.0209657
0.000439719
8.06699e-007
4.69849e-006
0.000539592
0.00613359
2.91904e-006
0.00709276
0.00446328
0.000385652
5.29692e-007
0.000237783
0.000503035
0.000197192
2.79766e-005
0.000231138
0.000588919
2.00038e-006
1.52509e-005
7.44389e-006
0.00139378
0.0209329
0.0163801
0.00393903
7.79422e-006
3.65265e-006
1.0356e-009
2.1997e-006
4.2266e-006
7.24047e-006
0.00310159
8.93398e-005
0.00992012
0.00404024
3.56188e-006
1.24915e-005
0.00485981
0.00770047
0.000496476
0.00188273
0.0025392
4.35138e-005
0.000154159
1.8132e-005
8.76829e-005
5.74415e-005
0
2.56617e-005
5.8204e-006
3.75509e-005
8.22933e-006
0.00021864
0.00351857
9.96826e-006
2.69839e-008
0.000161573
8.08195e-008
0.00634346
0.00133744
1.47932e-005
2.97491e-005
0.000418054
0.0001262
0
2.56594e-007
1.09321e-006
0.00291207
0.000168544
4.15073e-005
0.00116649
0.00150114
4.24704e-007
9.17769e-007
3.36017e-007
0.0124613
4.6578e-006
0.000602027
0.000194098
3.25098e-005
0.0227797
0.00479105
0.00716128
8.73296e-005
0.0118144
0.00311058
8.11808e-005
0.00039052
9.17664e-006
0.00143589
0.000277604
5.73654e-005
0.000308336
0.00041319
1.58841e-006
1.14956e-005
4.00805e-005
8.03088e-005
0.00240298
4.36817e-005
8.07547e-009
5.35978e-008
0.000924389
1.20857e-005
0.00017392
1.90753e-005
5.52274e-007
2.47844e-005
1.63588e-005
0.000874207
9.197e-006
1.88196e-005
1.13491e-006
8.34901e-005
5.78336e-006
7.48661e-008
0.000258867
0.000396875
3.64913e-005
4.75126e-006
0.000375648
4.14916e-005
0.00230966
0.00546575
0.00030468
0.000401271
1.60469e-007
3.74623e-006
1.4477e-007
9.02868e-008
0.000305274
4.12596e-005
0.00816084
3.4255e-006
0.00490503
5.51615e-008
0.00122682
4.7338e-008
6.5404e-008
1.51741e-007
2.22532e-006
0.00108184
9.37149e-005
6.07163e-006
0.000153883
1.91131e-005
2.32086e-006
1.2483e-005
4.75474e-006
0.000339378
1.32498e-006
3.63772e-006
6.2636e-008
0.000735181
0.00176477
0.00218358
2.76958e-005
0.000244288
7.83929e-006
0.00147495
0.0115563
0.00696426
2.09613e-006
7.04174e-007
0.000524228
0.021197
5.8762e-007
4.53736e-005
4.8574e-005
5.71796e-005
5.28889e-006
1.49045e-008
1.11001e-005
5.51433e-005
1.25658e-007
0.00392848
0.000941554
0.000286976
0.000729199
0.00550624
0.00410783
4.38802e-006
0.00143152
7.72298e-005
5.73681e-006
5.02734e-005
6.56528e-007
5.04319e-005
1.06644e-006
3.53742e-005
0.00338564
2.31755e-006
0.000726649
0.000507042
7.91288e-005
0.000187516
0.000737786
1.05636e-005
0.000328228
2.10626e-011
0.0145588
0.000535959
0.00626743
0
3.92575e-007
1.02291e-005
3.23861e-005
8.84163e-008
1.45134e-005
8.15134e-005
1.18105e-006
0.000245228
0.00309144
1.11596e-005
0.00115755
6.55489e-006
0.00159034
0.0109952
2.82864e-005
8.85558e-005
0.0298464
0
0.00050403
6.46757e-006
0.00103844
0.000616176
0.00016205
7.62911e-005
0.000102817
8.6608e-005
0.000486103
0.00316437
3.35581e-007
0.002545
0.00105069
9.25418e-005
0.000392298
0.0005323
7.91171e-005
6.68074e-006
9.37995e-007
5.37613e-005
2.91775e-005
0.000667115
3.95294e-005
1.69202e-007
0.00238527
1.09378e-009
0.00703333
4.03478e-006
1.58841e-006
2.01491e-007
5.79884e-007
0.000281383
0.000476209
0.00163041
0.00212271
9.82353e-006
1.54897e-006
0.000680367
0.000602686
0.00059854
0.000184394
0.0110636
0.00032736
3.23611e-006
5.29161e-007
0.00583223
0.000635742
0.000516422
0.000285449
9.64504e-005
0.000240988
0.00412611
3.12453e-005
0.000268774
0.00100124
1.77798e-005
0.000165281
2.06491e-005
2.86966e-005
0.000101933
0.00418475
0.000280219
5.93788e-006
6.50323e-006
0.000339437
0.000484943
0.00696168
0.000107161
0.00263658
7.17137e-007
0.00347065
0.01897
0.000652022
0.000238114
2.21947e-005
3.85773e-006
-9.73028e-013
0.00701241
1.01511e-005
0.00115933
4.50115e-005
4.42199e-007
2.88255e-005
1.13926e-005
3.64678e-005
7.29538e-005
0.000234714
9.77968e-006
3.58372e-008
3.45396e-006
0.00739629
1.26413e-006
8.06699e-007
9.7577e-005
6.77144e-006
0.0102255
0.000637724
0.000863025
1.9572e-006
0.000811315
1.28947e-005
3.49242e-005
0.00317706
2.23893e-005
1.38665e-005
0.00010943
4.4549e-006
1.35382e-006
2.40045e-006
0.00140373
0.00341118
2.81953e-006
0.000449677
0.000767197
0.000579432
0.0139315
0.0123408
0.00383023
0.000186298
7.48302e-005
8.05521e-005
3.59547e-007
0.00062215
2.72054e-007
0.00524415
0.00633283
1.02976e-005
-1.32542e-009
0.00126454
1.98359e-006
0.00677685
1.25764e-008
0.000962287
0.000778152
2.71078e-007
4.11115e-007
0.00350197
3.92776e-006
2.3787e-006
3.47625e-007
1.24008e-005
3.56374e-005
6.08377e-005
6.16624e-006
3.67744e-005
1.37882e-006
4.65774e-009
0.00010128
0.00161982
5.78038e-006
8.78456e-005
7.75436e-005
0.000349114
0.000618512
1.88365e-006
0.000162281
-3.55629e-011
0.00679741
0.00428117
0.000314205
0.000289641
5.89163e-005
1.90273e-005
7.03692e-006
2.95087e-006
1.39828e-006
0.0354549
0.000436973
0.00031568
0.00071054
0.00050367
1.62702e-006
1.39152e-005
0.00196184
0.00457534
0.000333912
3.24754e-006
0.00559252
5.61429e-007
8.5683e-006
0.00153092
0.000992084
3.84422e-006
7.40403e-006
6.41667e-005
6.38473e-005
0.002362
0.000489006
0.000269306
1.10887e-005
4.02368e-007
0.000504785
4.7303e-007
4.71209e-005
0.000249668
0.00210002
9.05583e-007
1.0082e-006
0.00815029
2.25014e-005
0.000100987
5.18484e-006
0.00378
5.63846e-005
2.14191e-006
1.88699e-006
0.000382932
0.00316612
1.02342e-005
6.17689e-008
4.55087e-009
0.000117487
0.0139115
1.81988e-005
0.00186453
3.29268e-007
2.24348e-006
2.56895e-006
0.00021755
0.00119391
1.65029e-006
0.000323959
2.15267e-006
0.00586117
2.43515e-005
0.000699978
9.78504e-005
0.00975136
9.22477e-006
0.00119
0.000127414
2.4811e-005
7.59833e-007
5.69622e-006
3.9955e-006
0.0021673
8.08401e-005
1.73152e-006
8.15578e-007
3.08384e-005
0.0023419
0.00670361
0.000138417
0.000166543
0.000240171
1.93701e-006
6.46504e-005
0.000128546
3.31778e-005
3.36091e-005
9.61346e-006
0.00415317
0.00145872
7.90988e-009
2.91098e-005
5.31651e-006
8.87016e-005
1.23536e-006
0.00399772
0.000204597
2.71568e-005
2.63024e-005
5.07278e-007
3.66885e-006
0.0010526
5.79354e-006
4.79325e-006
0.00290058
4.41494e-005
1.40953e-007
1.23607e-006
0.00882221
0.00929235
0.000420597
0.00104068
0.000237301
1.32042e-005
7.34845e-006
0.00590111
0.000747447
0.000115175
4.29792e-005
0.000109771
0.000157705
2.5544e-005
6.68687e-007
3.72652e-007
4.41614e-005
0.0077903
5.72882e-007
0.00030359
3.32964e-007
5.36777e-005
9.68796e-005
0.0390158
1.12855e-006
5.87764e-008
0.00207971
1.10528e-007
3.69354e-006
2.91455e-007
8.69649e-006
0.00392932
0.00303182
7.76913e-006
0.00161841
0.000839996
5.70623e-006
4.53517e-005
0.0167531
1.27538e-006
1.64313e-005
3.90208e-005
2.08713e-006
1.98754e-006
0.000343253
7.44284e-006
0.000694036
0.000270114
1.05457e-005
0.000125869
0.000850755
0.00214046
3.73895e-007
3.45618e-006
2.52754e-006
1.80114e-005
0.0012534
0.000313382
0.00075942
0.00339455
2.49039e-005
0.00549639
1.24634e-006
2.73676e-005
0.00237931
7.35991e-006
0
2.31779e-005
6.66051e-006
0.00019762
0.00245097
0.00374405
3.1483e-005
0.000777838
0.00269576
0.000170043
9.51849e-005
0.000115619
0.000260494
0.000182341
2.21407e-006
1.51597e-007
2.06364e-006
9.8256e-006
1.96114e-005
0.000238752
0.000269007
0.000632635
3.2034e-007
1.39013e-005
0.000104989
0.00108827
6.02057e-005
1.92788e-005
3.74526e-006
0.000106309
2.05051e-005
4.89916e-007
3.9018e-008
1.75955e-005
0.000362125
1.79115e-005
0.00572028
0.000765704
4.39018e-006
5.54238e-008
0.00862517
0.00285575
1.06843e-006
1.3365e-006
2.70323e-006
0.00424393
1.09983e-005
3.28606e-008
0.000824085
4.50521e-005
1.72503e-005
0.000479636
1.07683e-005
0.000347231
0.00337744
0.00320071
0.000380351
1.00395e-006
1.57889e-005
2.72911e-005
0.000226853
3.0113e-005
5.00546e-006
4.27504e-006
0.00438834
1.86017e-006
0.00548042
3.23441e-007
1.47238e-005
1.03276e-006
1.54839e-005
0.000163173
0.00467684
0.000216417
0.000161016
5.09174e-007
1.11683e-005
3.82951e-005
3.07745e-006
1.12541e-006
7.13032e-006
0.000223548
0.00506312
4.80034e-006
0.00765403
8.94146e-007
1.03276e-005
3.79661e-005
2.98509e-005
7.14989e-005
0
0.000282769
6.78362e-005
0.00817715
1.5599e-005
4.96641e-006
7.6765e-010
0.00369975
0.00142104
4.87062e-005
4.21141e-005
0.0044179
1.88946e-005
0.000664546
0.00199545
3.17377e-005
7.56884e-005
6.71211e-005
4.34875e-007
1.95701e-007
0.0140827
0.000360953
0.00101506
0.00147362
5.83113e-007
1.91566e-005
0.00419059
0.000136297
1.72399e-006
1.88705e-005
5.09953e-005
0.00122603
3.88015e-005
6.23281e-005
0.00342228
8.8039e-005
0.00344549
1.50868e-005
7.03453e-006
4.67582e-007
0.00113199
0.00358924
0.0120998
0.000108146
5.11928e-006
8.11865e-005
2.57991e-009
0.000503885
1.31198e-005
5.87043e-005
8.04125e-005
0.00012594
7.35332e-006
0.00341525
0.00260993
4.35725e-005
0.00318356
3.49821e-006
0.000971317
0.000891067
8.8854e-006
0.013071
7.60099e-006
1.27384e-008
4.59376e-005
2.15747e-005
9.99598e-005
0.00528759
5.31659e-006
2.91468e-005
0.000214751
3.01428e-006
1.19127e-009
0.00208928
0.00110879
5.26824e-005
2.43368e-005
7.44451e-006
1.25863e-005
0.000450846
0.00978763
2.39694e-006
0.000291232
0.00652349
0.000592495
0.000507064
5.28954e-007
4.2414e-007
0.000555873
8.26807e-005
8.85902e-005
8.92462e-005
9.81787e-005
1.41591e-005
6.72647e-006
1.05572e-006
5.8447e-006
1.07534e-005
4.50869e-005
0.00341074
4.45955e-006
0.00835503
1.80856e-007
0.00138281
0.000174395
0.00152525
0.000455563
3.26486e-007
2.23936e-005
0.00221774
4.21306e-007
5.96725e-006
2.50899e-005
1.5072e-006
0.00301313
5.55707e-007
0.0124723
1.34237e-005
0.000744823
1.97554e-005
5.51445e-005
0.00149838
3.48685e-005
4.66202e-005
1.7456e-007
2.33842e-005
0.000102074
0.00143821
0.000190217
2.51711e-006
0.000408617
8.41761e-007
0.00021273
0.000332888
3.19959e-005
9.26094e-007
0.00248098
6.94654e-005
4.53318e-005
1.72215e-008
0.000840648
0.00243867
0.00180047
0.00763637
2.16002e-006
4.75524e-007
4.21366e-007
7.11595e-005
1.31809e-005
9.6871e-009
0.00526423
0.000127694
2.98284e-006
0.000120287
1.5519e-006
1.72592e-005
0.000299195
4.34849e-006
5.54059e-005
0.00759711
0.00563254
2.4634e-007
8.44562e-007
0.000778057
7.82594e-006
0.00358812
0.00722841
0.000579397
1.7228e-006
4.85738e-005
0
0.000144124
2.82254e-006
3.11871e-005
9.08737e-006
0.00197049
1.16845e-005
2.12611e-007
7.42064e-005
0.000822546
6.03368e-006
0.0105369
8.29814e-005
2.99669e-006
0.000274941
0.00027644
1.57419e-007
0.000438407
0.0122557
2.80734e-005
1.68708e-005
1.08171e-006
0.000530958
1.55533e-005
2.57991e-009
0
0.00074446
0.000771197
0.000779523
2.56326e-005
-2.1211e-009
2.04167e-006
1.34826e-008
3.13538e-005
0.000247269
0.0014571
0.0042061
0.000111214
1.01742e-005
2.67978e-005
0.000495238
0.0163078
0.00242162
6.48913e-005
3.82789e-008
5.34599e-007
2.28745e-007
0.000430359
2.98264e-006
7.92118e-005
7.38124e-005
2.39993e-005
0.00739957
1.24225e-006
5.13038e-005
6.63588e-006
0.000137861
0.000248774
0.00113433
0.000507421
8.27204e-005
4.03834e-005
5.82654e-007
0.0157365
0.00578055
4.84734e-008
0.0020339
0.00764043
0.00266893
0.00363337
1.16391e-008
1.34463e-006
0.000968763
6.25365e-007
6.50949e-005
0.000163255
4.10306e-006
5.29067e-005
0.00185987
1.37795e-007
7.00291e-007
8.15591e-007
4.27025e-005
0.00291449
4.62407e-008
0.00371402
0.000364721
3.35703e-007
3.35724e-006
4.83534e-006
5.46006e-008
1.7993e-005
3.614e-005
6.07647e-005
0.000237692
0.000273173
4.01614e-007
0.000504622
0.01757
2.87178e-005
6.06157e-005
3.62207e-005
0.000147018
0.00307886
2.14088e-006
5.07989e-005
0.00621567
0.000444438
1.02775e-005
1.50359e-005
0.00126792
1.96692e-006
0.00621439
0.00640422
1.92168e-006
3.02516e-005
0.00230694
0.00206066
8.00678e-007
0.00373235
1.32039e-006
5.58965e-005
2.03378e-006
0.00102936
0.000400218
0.00213207
0.00274975
0.0174126
0.000748165
0.00794915
0.00224764
7.73785e-007
2.76462e-005
3.44819e-008
0.00448062
0.0107226
0.000223793
0.00457275
0.00252446
5.20189e-005
0.000140439
9.89638e-006
3.53091e-005
0.00192093
0.00014424
0.000427215
8.53186e-005
0.000372698
0.00139609
0.00652277
0.0150121
3.12514e-005
8.08795e-006
0.00863051
2.06274e-006
0.000323326
0.000101664
0.000256712
0.0102175
3.03235e-006
3.85352e-006
0.000710131
0.00413415
9.59919e-006
0.00231691
1.59346e-006
9.68862e-006
7.79582e-007
0.0103859
8.53476e-007
1.08918e-008
2.54939e-005
0.000278089
2.27137e-005
0.000219193
1.76288e-005
0.000111854
6.60854e-006
3.07173e-005
0.00123424
8.41462e-007
1.05874e-009
0.00135511
0.0029362
0.000200478
4.10749e-007
8.63429e-005
0.00374538
2.07168e-005
5.01405e-005
0.0130941
9.38574e-005
8.79705e-005
2.17318e-006
1.69123e-005
1.20915e-005
5.8604e-006
0.0016842
0.000879042
0.00415892
0.000243644
2.26836e-006
0.00147231
5.40918e-005
0.00348183
2.11646e-006
0.000868071
2.98902e-007
4.27473e-005
4.70671e-005
3.55062e-007
0.00055172
1.14043e-007
1.69152e-005
0.000243989
0.000184229
0.00053619
0.0019236
0.00075904
0.00679681
3.80213e-007
3.06751e-006
1.97573e-005
0.00928081
3.54502e-006
1.80401e-006
0.00122792
0.00197683
0.000154638
0.000148626
0.00238911
0.0009369
0.000172039
0.000171309
0.00575546
4.94751e-005
4.0856e-007
5.38407e-005
7.04839e-005
0.00186972
0.00187912
0.000123102
0.00115829
0
1.81768e-006
0.00145746
0.000995109
0.000810873
0.00287441
7.34373e-006
2.63966e-005
1.08016e-006
1.58287e-006
3.56062e-006
5.97727e-007
0.000170066
0.00428541
4.3777e-005
5.51554e-006
3.52902e-006
0.000982315
4.99249e-006
0.000448137
1.93008e-007
5.92918e-006
0.000800282
0.000687137
0.0151026
0.0118104
0.00134719
0.000378233
0
0.000548616
0.000569936
0.00143982
0.00385968
9.24752e-005
0.00256432
3.33329e-005
0.0010912
6.30008e-005
7.50738e-007
3.96423e-008
4.81299e-009
4.32127e-005
4.01776e-005
0.000341369
6.43878e-006
1.54753e-006
2.43621e-005
1.56048e-005
8.5649e-007
2.35494e-005
8.12149e-005
0
3.42089e-006
1.06608e-005
3.6056e-005
5.90612e-005
5.52351e-007
0.000683273
1.52962e-006
1.14166e-005
9.19649e-007
4.87026e-005
6.46624e-005
8.7467e-005
0.00401973
3.35111e-008
0.0076346
0.000354399
0.0109057
0.00709099
1.58483e-006
0.00616397
0.000481562
0.000314884
0.00110535
0.000381539
7.89025e-007
0.000153578
0.000149943
0.000329219
3.94957e-005
0.00257942
3.55065e-005
0.0121672
1.01044e-005
0.000181309
4.02704e-006
0.000181911
0.00149225
1.49889e-006
5.11154e-007
0.00456185
0.0297734
5.89107e-005
5.97542e-005
6.38587e-006
0.000465955
0.00042378
3.61631e-006
0.000145519
1.5258e-007
0.0247198
9.0489e-007
0.00148083
0.0014611
8.73533e-007
6.14357e-007
7.36583e-010
0.000443166
0.00357511
4.57114e-005
0.000390472
0.000173154
7.89718e-006
0.000263916
6.65207e-005
0.000391913
0.0170268
2.6275e-007
0.00233027
0.00896943
0.00255902
3.53854e-006
1.54973e-006
8.64692e-006
3.38393e-005
3.18731e-007
5.13181e-006
0.00038086
5.00956e-007
0.00042203
1.0392e-005
8.83037e-005
2.47626e-005
7.92916e-005
9.80839e-006
3.04288e-006
4.43765e-007
6.62038e-006
9.54001e-007
0.000224314
9.03508e-005
0.00422965
6.81782e-005
0.000334116
8.99184e-006
0.00647625
0.00494931
0.00132228
0.00778686
0.000436409
0.00404731
0.000677437
0.000495217
0.000244911
3.67808e-006
0.00139651
0.000316926
0.0028005
5.06887e-005
4.84262e-005
2.12003e-006
0.0073575
0.000176935
8.36445e-005
2.71834e-007
1.17564e-006
1.84654e-006
8.04396e-005
5.32581e-005
1.03237e-007
6.05216e-006
2.89279e-006
5.53723e-007
0.000216068
2.05435e-006
3.67536e-006
4.47384e-006
0.000226057
0.00290588
6.79723e-006
7.23408e-006
9.75671e-007
0.000373118
0.00148449
0.00107617
0.000381752
0.00269789
0.00484004
3.02675e-006
3.50058e-007
1.50618e-006
0.000388251
6.82065e-005
6.82069e-005
6.65791e-007
4.53732e-006
9.81868e-006
1.09602e-006
4.84024e-006
0.0147008
0.00238903
7.85561e-006
4.71597e-005
0.00374986
0.00117061
1.60025e-006
1.51468e-006
0.000122956
4.73699e-006
0.0220978
2.11892e-006
0
4.93021e-007
0.0073585
0.000410068
0.000114889
1.88586e-005
8.73975e-005
0.00230338
0.00980753
0.000446062
0.00305781
0.00818858
0.00505624
9.12623e-006
0.00139148
0.00103937
0.00504659
0.00383812
0.00279559
0.0174062
9.21925e-007
3.8891e-005
0.00320075
0.00192268
2.81837e-007
0.00427439
6.84802e-007
1.05703e-005
2.99989e-006
1.07895e-005
0.00897902
0.0020176
2.86483e-006
0.0193554
0.00443284
8.45959e-007
0.000733292
8.36887e-007
0.0253293
3.44142e-005
0.00113907
0.000308643
0.0030216
6.58025e-006
7.32604e-006
0.000131525
0.000925414
1.9887e-006
0
0.00367572
4.30909e-007
2.47592e-005
0.000189357
0.00629061
0.000738427
0.00077937
3.80822e-007
9.88096e-005
6.65547e-005
7.14934e-007
0.00511911
0.0035563
5.37975e-006
0.000688499
0.00498272
0.00338684
0.00839331
7.9272e-006
1.07802e-005
0.00419215
6.04555e-007
1.69074e-005
6.32748e-008
1.12369e-007
9.0873e-006
1.04761e-005
7.12105e-006
0.000542313
0.00282716
6.78357e-006
0.00540631
6.10026e-005
4.89934e-005
5.50473e-007
0.000284901
0.00334829
0.0017445
0.000930833
0.00599664
3.76746e-007
0.000372839
1.31968e-007
0.000243666
2.38498e-006
1.30129e-005
3.44063e-006
0.00200584
0.000798092
0.00911534
0.000938127
9.76373e-007
5.68404e-006
7.15362e-007
0.000224006
0.0111658
0.00165767
0.00199037
0.00145272
0.00178344
0.00124096
0.000451002
0.00123523
4.65671e-005
0.000480342
0.00562697
0.00243949
0.00522754
4.72555e-006
0.000145216
5.36109e-005
2.89341e-005
0.0135448
0.000976935
0.002336
0.0190764
1.66658e-005
2.21976e-006
2.66704e-006
0.00167779
3.51533e-006
1.09745e-005
6.0891e-006
6.428e-007
0.0006276
0.000201827
5.63121e-005
0.000392023
0.000343705
0.000656536
0.00262627
3.52515e-005
0.000854373
0.000259199
0.000112228
0.000359214
0.00249162
0.00603081
0.00342967
6.84456e-009
0.000170916
3.50555e-006
3.29829e-005
0.000975616
0.000788361
5.26416e-006
1.03123e-005
0.000349277
2.32447e-008
0.00905633
3.79908e-005
0.00213077
5.7218e-006
1.77994e-005
1.0256e-005
1.70413e-005
2.15364e-005
0.00465937
4.67662e-007
0.000498501
1.34438e-006
0.00401383
4.10048e-005
0.0031091
0.000263595
0.000779763
1.00348e-005
0.0348686
0.00320132
0.00272538
0.000149452
1.09486e-006
0.00104057
5.11442e-006
0.000186573
3.25263e-006
1.47827e-005
0.00062457
0.00482596
0.00149475
7.42705e-006
0.00834433
0.00186165
0.00680483
0.000526939
2.51256e-006
0.0015047
0.00033931
8.58113e-007
1.16346e-005
0.0021317
2.60517e-005
0.00133189
2.00469e-005
0.00084557
0.00305044
2.17274e-007
3.2636e-006
0.00140221
0.00177276
4.45143e-005
4.26781e-005
6.11823e-007
3.06554e-006
3.0358e-006
0.000137944
1.31041e-005
7.02184e-007
7.97039e-007
3.12105e-005
0.000296444
2.27434e-005
1.71837e-006
0.00485733
0.00351226
3.76776e-005
0.0056552
0.00255047
0.00196011
0.00187801
8.21946e-007
0.00974908
2.0607e-006
0.00105896
9.96701e-007
0.000194045
1.73518e-005
0.000596533
0.000113919
0.000859387
3.27505e-005
1.98282e-005
0.000106697
1.88997e-006
2.31642e-006
0.000748363
0.000825735
0.000431215
3.58631e-005
3.6249e-007
0.00471584
3.93954e-006
5.68217e-008
7.33836e-007
4.75208e-006
2.40883e-006
5.13769e-007
0.0143995
0.0017084
3.18736e-009
0.00377181
3.2578e-007
1.04855e-006
0.00429834
0.00151376
2.89167e-006
1.58171e-005
0.000698104
0.000395845
6.91962e-005
6.92787e-006
0.000211485
9.21814e-006
4.31163e-007
0.0215348
0.00224539
1.78848e-006
4.6133e-005
0.00414862
0.00350806
2.59642e-006
0.00165348
3.64057e-006
8.24124e-006
6.43868e-006
0.00688023
7.1326e-007
0.00521794
2.7338e-006
1.05e-007
0.00145325
0.0206203
2.00939e-006
0.000109417
0.00974142
7.01177e-008
2.31458e-006
6.41952e-005
2.40606e-007
0.00230312
5.40556e-007
0.00158055
0.00013326
0.00293764
1.1712e-005
0.00143064
2.48747e-005
1.58912e-006
4.65785e-005
2.40633e-007
0.00196386
2.52831e-005
1.89665e-005
2.06325e-005
0.000141422
0.00142573
7.19224e-007
0.0013054
2.3835e-005
2.41315e-006
0.00453912
0.000105047
0.000682872
0.00190301
7.04398e-007
5.87823e-005
0.000422536
0.000955694
9.86691e-007
9.42529e-005
3.91045e-005
0.000206203
0.000184158
4.46894e-005
3.20061e-005
2.82579e-006
0.000479661
2.05504e-005
0.0031964
0.00629395
2.22158e-005
3.94297e-005
0.00173002
5.33281e-005
0.000906146
0.00427157
4.21968e-005
0.000154276
2.50206e-005
0.000831947
0.000984906
0.00335894
2.54318e-005
0.004896
0.000114101
2.55355e-006
0.00699871
0.00415442
3.06219e-007
4.45682e-006
2.98946e-007
4.52128e-006
1.54715e-005
3.59295e-005
0.00101266
3.74733e-006
8.25483e-005
0.000285026
1.3937e-007
0.0115882
0.00466297
0.00183481
0.0018343
3.47086e-006
0.0138488
4.09706e-007
0.000248993
1.49199e-006
0.00360015
0.0117957
1.40458e-007
3.23188e-005
0.00302749
0.00425578
0.0104975
0.00489598
2.50115e-007
1.09952e-005
9.97093e-006
6.78521e-006
1.14998e-007
0.00241179
2.89256e-007
0.000890206
0.00869181
2.59194e-007
2.65718e-005
1.54851e-008
2.92002e-007
3.06155e-005
5.84797e-005
2.98758e-006
0.00553274
1.43578e-006
9.47633e-005
1.22488e-005
7.31392e-008
0.00212111
0.0154353
0.00297823
4.18935e-005
0.000471069
1.83294e-007
5.9869e-007
0.00453653
0.000222754
1.67006e-005
2.04343e-007
1.91399e-005
6.32281e-006
0.000392349
0.000256739
0.00377227
0.000222716
8.0382e-007
9.1261e-005
0.000476801
0.000982136
0.000469681
0.000482198
0.000191234
3.10729e-005
0.000538184
0.00117851
0.0121665
2.28242e-006
3.42e-006
0.000299922
0.00048084
5.99907e-008
3.71696e-005
1.17194e-005
2.23752e-007
0.000691774
4.53701e-006
4.94268e-007
0.000107333
0.000559343
0.040109
0.0167114
0.0382822
0.00204248
0.00187194
0.00986469
0.000110525
2.56066e-005
8.61263e-005
0.00014296
3.74328e-005
1.93009e-005
0.0074609
2.47247e-006
1.0989e-006
3.45289e-006
0.0102232
1.51025e-006
0.00110931
0.000385044
2.48041e-007
0.000126404
0.000995992
2.13116e-007
0.000142291
0.000239933
0.000324103
0.000238917
0.00697929
8.56184e-006
2.77801e-005
4.37225e-005
0.000123684
0.000742889
0.00069823
0.00646664
6.73657e-007
4.70295e-006
0.00218603
8.09704e-007
2.95336e-006
1.05663e-005
1.03498e-005
3.61632e-007
3.05482e-005
7.57441e-006
9.08726e-006
5.9718e-008
0.000560462
0.00282389
6.9524e-006
0.000265285
0.0190986
1.45392e-005
1.52988e-005
1.86472e-006
0.00218059
7.05901e-008
4.84839e-007
1.96623e-005
0.00636291
0.000104121
0.0044489
6.52638e-006
4.57661e-008
4.07527e-005
0.000129639
1.94702e-006
2.92099e-005
2.71857e-006
3.49084e-005
0.000356755
0.00123659
7.17334e-006
3.94593e-005
0.000542403
3.6125e-006
0.00321794
3.35808e-006
6.27154e-007
3.3973e-008
0.00015554
0.0195734
0.0106744
6.72102e-006
0.00487437
0.0105616
0.00163966
4.83723e-006
0.00136336
2.04036e-006
2.42887e-005
2.86123e-006
0.0219143
0.000349015
2.10326e-006
4.60075e-006
6.78604e-007
2.8647e-005
0.00938658
1.85426e-006
0.00602494
0.00755478
-1.92294e-009
0.00322585
1.44282e-005
3.92126e-005
0.00185855
0.000197261
0.00102927
2.13519e-005
0.000145275
0.000209357
0.00111842
6.78435e-008
0.00112383
0.00361404
3.13057e-005
3.81392e-006
0.000313678
3.24564e-005
1.5271e-006
1.64028e-006
1.71783e-005
2.24967e-006
0.000889641
0.0138747
0.0062303
0.00857666
0.0012011
0.000128821
0.000263367
2.27322e-008
1.23705e-005
6.53011e-008
3.31448e-007
0.00141545
-2.09371e-009
2.98299e-006
1.3627e-005
1.19905e-005
0.0228276
0.00107576
0.00099878
0.00207281
1.82603e-005
1.31532e-005
4.94007e-005
9.29671e-006
0.000973606
0.000988757
0.00476276
1.08178e-007
8.58184e-008
0.00129016
6.23192e-007
0.00110668
9.41952e-005
0.00337714
0.00183493
1.4732e-006
5.35615e-007
1.04487e-006
3.36252e-006
1.32332e-006
3.14277e-005
0.00058818
3.2219e-006
0.000959262
5.90692e-006
0.000264964
0.00122454
1.04282e-005
0.0286612
2.05351e-006
0.00931738
9.03113e-006
0.00105587
0.0011418
0.00155649
2.71895e-006
0.000942971
0.000952462
0.0025156
6.93427e-007
3.76453e-007
3.11164e-006
0.00020343
1.92767e-005
7.48465e-005
0.00234495
7.10245e-005
3.59728e-007
0.0102236
6.72149e-005
0.00174698
3.80262e-005
2.28179e-006
2.90575e-005
5.11656e-007
3.75743e-006
0.000867235
4.24829e-007
1.83011e-006
6.70849e-006
0.000285792
0.000397769
1.65494e-005
4.40667e-007
7.33322e-008
4.42953e-005
4.39601e-008
1.65677e-005
2.61033e-006
6.09907e-007
3.00127e-006
4.0265e-005
1.57707e-006
1.1506e-005
0.000164044
1.17104e-005
0.000355971
1.0073e-005
2.63382e-006
0.00765083
3.06262e-005
1.05617e-005
3.44148e-005
0.0286568
0.00102875
0.000238888
0.000215377
0.00256181
1.87254e-006
5.08651e-006
8.90908e-005
0.000201467
6.00024e-007
9.95782e-007
0.00850272
0.00482859
1.84326e-007
3.84813e-006
0.000478119
2.74633e-006
0.00020303
0.0038687
0.00089109
0.000875965
1.56083e-008
0.00189288
4.75046e-007
0.00226952
6.27275e-006
0.00198707
6.18692e-008
4.23817e-005
4.35534e-007
0.000750713
0.000501344
9.02093e-006
1.27423e-005
0.000655875
2.03717e-005
0.000163825
1.21091e-005
1.00701e-006
1.58619e-006
7.3181e-007
1.00851e-006
2.11169e-006
0.000499853
0.00069604
5.58694e-007
5.02273e-006
0.000235859
6.26153e-008
0.0202126
3.00039e-007
9.92671e-007
3.7595e-006
0.00583328
2.37028e-005
0.00726463
2.9246e-007
7.62018e-006
4.1791e-008
6.3011e-007
0.000553922
4.05853e-006
2.03663e-007
1.33142e-005
0.00804657
0.00520815
4.81401e-006
0.00029689
5.91813e-005
0.000103009
1.33378e-007
2.90216e-008
3.46309e-005
6.18191e-008
2.29667e-006
0.0134048
3.11866e-008
0.00397982
0.00148159
1.31793e-005
7.29357e-005
0.0140785
8.73783e-007
0.00272236
0.000170157
1.52626e-005
3.11139e-006
0.000252729
1.38762e-006
1.18474e-007
0.000980348
6.03352e-006
0.000787793
0.00075589
0.00045192
0.00485097
0.00136135
0.000607339
5.39205e-006
6.53608e-007
1.70809e-007
0.000961969
5.50321e-007
0.0492524
0.0110854
3.33987e-007
0.00990376
4.12413e-006
1.74539e-005
0.000376533
0.000664207
0.000426117
5.52724e-005
1.39869e-005
2.00171e-006
3.71127e-005
2.10093e-005
0.00287612
7.05966e-006
0.000235025
2.09145e-006
0.000103138
0.000517296
0.00053074
0.0263265
0.000109175
6.74597e-005
0.00520916
0.00567731
0.000588459
0.00375525
0.0003862
2.25004e-006
0.0116123
1.01732e-005
0.000889254
2.63558e-006
0.00209555
5.45831e-006
9.44319e-006
3.71886e-006
0.0109252
9.3094e-008
7.95903e-007
7.27644e-005
0.00251331
0.00179362
0.00279748
0.000830546
0.000382177
0.00123409
0.00254958
0.0098439
0.00218149
0.000549407
2.22783e-005
0.00125342
0.000167363
3.45342e-005
7.65473e-006
3.03103e-006
7.52269e-006
0.000827686
9.89865e-005
5.17009e-006
0.00296486
0.000268042
0.00137305
9.40712e-006
8.70284e-007
2.44233e-005
0.000426118
0.000890894
0.00029596
0.000927943
7.54636e-006
0.000126673
0.0140121
0.023583
0.00050555
0.00799316
0.00384209
0.000844147
0.0125139
0.00280988
1.64493e-007
0
2.66952e-006
1.5327e-005
0.00171297
0.012028
0.00139336
0
3.10088e-005
0.000981862
0.000402565
0.000233203
0.000176005
0.000153878
0.000368388
5.93755e-005
3.53229e-005
4.83656e-005
7.94962e-007
5.99951e-005
3.11352e-005
5.92136e-007
7.3098e-007
7.44945e-010
0
0.00218748
0
0
0
0
4.19585e-006
2.20345e-005
2.7003e-005
4.13975e-006
4.74687e-008
0
1.62934e-007
4.38917e-005
2.32095e-006
1.06495e-005
3.12368e-006
6.22196e-007
1.67334e-005
1.54591e-006
1.63255e-007
4.46379e-007
2.82353e-008
1.26312e-007
2.35759e-006
-9.73028e-013
3.36496e-007
4.17629e-007
7.39269e-006
6.49815e-006
2.3826e-006
2.66961e-006
7.04927e-006
1.62965e-006
6.87522e-006
