269
1409
5385
52
228
6392
385
272
564
374
6759
3876
167
283
925
36
65
412
145
5837
24
67
112
22
161
527
227
59
149
334
287
6436
111
178
4980
97
25
224
1240
78
196
250
269
13
939
222
232
93
92
125
69
184
87
369
268
366
295
215
522
209
86
115
235
141
227
824
7259
491
405
156
207
71
42
84
322
859
238
329
69
287
154
470
316
510
106
76
196
105
1825
627
601
1276
959
209
5549
5837
294
873
15
707
290
525
158
64
815
256
247
85
317
601
91
147
148
361
261
186
1587
109
7387
5807
1086
1405
821
305
352
7408
228
5970
627
541
878
113
335
181
7036
638
197
892
41
773
247
153
73
7387
242
478
5713
46
7259
132
418
635
334
415
7139
329
207
364
360
155
308
341
639
103
290
42
30
6541
6541
237
260
482
969
1164
328
314
4941
7036
6706
6655
4303
2424
424
284
136
498
166
95
7408
281
299
398
4752
139
324
146
372
536
1012
647
307
436
480
6791
1216
16
1570
5963
2331
473
922
2025
5837
129
1363
480
2406
1022
591
2186
603
225
322
271
305
2406
336
585
633
7387
353
8
1608
3999
1041
280
616
4502
452
3852
571
1649
4866
1140
283
3206
525
409
493
1038
285
990
1372
357
509
599
202
111
1360
419
1227
916
614
61
1086
1086
2628
685
362
230
434
7408
1467
370
782
524
220
7407
648
417
336
330
495
1437
173
5807
210
475
843
1372
613
149
796
1217
997
241
678
4266
643
751
473
5151
859
587
7408
135
1050
480
1394
547
4114
426
3054
873
1358
102
448
391
714
411
922
315
5040
306
2773
603
51
857
5
4244
219
628
1104
332
628
273
6818
338
3045
6813
436
4244
817
1371
1145
471
346
536
565
263
4114
4661
1298
4178
837
420
186
3934
1280
6209
4472
291
2392
423
6850
5757
886
802
582
7387
2159
1362
1105
729
424
58
533
389
3650
1313
6077
2457
606
673
4901
301
2172
2278
922
1033
284
961
1062
1868
349
6602
1345
886
251
755
1674
339
578
689
568
5419
218
645
619
199
6551
223
1251
667
529
509
1231
1454
654
1373
2406
48
1933
352
3633
94
1320
522
1361
370
2994
252
1067
1255
474
758
489
2393
688
257
1374
1587
4614
1360
195
401
47
6888
6888
2860
857
548
6926
429
1317
1059
29
419
1803
230
1379
341
809
632
5501
107
1112
5145
3083
6877
74
799
671
395
251
321
434
496
4614
2231
6887
967
1109
660
1266
265
462
349
6209
1462
1741
353
562
641
1346
1383
4614
1675
828
519
970
1878
726
1477
245
666
793
5963
6539
6467
928
1074
545
5145
1580
1055
692
660
7326
515
906
494
354
841
707
6600
201
6875
1438
6287
950
792
1476
1869
1041
896
726
4578
808
542
731
1805
2457
1703
96
7260
556
6877
200
1534
1255
1280
58
2480
866
7408
313
359
6182
1448
802
88
43
1055
179
298
1363
2406
7115
6645
2480
365
220
265
515
3287
999
4530
1128
868
671
2083
790
6797
851
1731
1006
977
944
286
1012
730
6192
631
3201
6877
5730
123
896
1022
6797
2407
5020
3986
7408
309
900
807
3837
4614
2691
1406
1116
629
1398
394
1130
1750
742
5335
1012
1467
7234
591
962
824
493
72
5854
580
1152
310
7273
430
6513
2200
496
513
4436
761
870
539
2384
239
2406
673
7191
414
631
1956
2467
943
999
6020
1035
229
2085
265
2406
6124
677
750
172
249
497
5610
5610
2860
3621
1246
7415
7415
617
1280
1280
996
735
5549
3407
275
5714
611
1004
5854
624
4502
1232
47
1228
746
5041
917
1384
6355
1731
1287
972
862
754
929
3763
373
1421
1753
1869
881
2767
570
5419
50
4530
2186
1675
1122
2428
2103
2628
3229
737
2231
3714
1717
5808
121
1451
4614
1587
6445
1438
1948
657
399
5781
674
4589
406
926
1085
448
2393
340
4436
1646
74
903
6887
1183
1089
471
104
585
488
348
406
1032
770
1339
4658
4941
1463
3835
1155
1100
1154
2466
708
348
834
6330
1088
999
6652
570
1111
568
1363
1451
676
1199
2699
1233
563
1346
903
761
598
32
384
666
438
563
6174
528
629
4614
2305
624
1424
1215
1064
1143
81
2549
3946
137
6541
5734
1750
43
526
1383
1830
1101
551
463
1095
4906
1124
1986
1306
47
7408
3526
1098
2691
465
171
623
1070
621
74
1155
948
1407
885
1383
539
1485
489
872
4614
1001
483
605
596
750
754
610
220
979
872
43
5493
4835
2330
926
1351
1049
1512
32
28
760
572
3910
7386
504
1240
780
1119
875
5808
761
1011
1000
247
6541
1252
1066
456
1527
1284
814
1166
483
1254
383
1100
254
254
3451
504
788
2456
689
2699
664
820
1449
319
1025
988
2680
6182
921
921
1296
5905
1325
4922
965
1390
3143
907
5405
820
1318
1177
931
967
1204
905
690
4041
4176
50
783
7415
4622
5608
1097
818
1688
776
7407
4244
174
236
437
641
1864
416
1425
561
501
6541
1336
5679
2686
1614
66
5528
380
5001
5994
2691
1504
5419
1138
3046
185
6442
1180
438
1243
469
1066
4797
5994
7362
7362
1404
517
1256
875
5590
693
777
1803
891
2890
1204
239
6551
3420
1161
1124
147
1379
853
3533
836
2203
456
483
1306
262
931
759
7408
2352
6235
543
824
2179
805
913
359
4622
4510
2636
722
2641
546
1621
461
147
1312
46
4323
723
5528
1166
220
1293
2680
1168
761
717
4442
1878
795
1163
958
933
3837
289
4622
149
1141
1189
1256
6653
549
3878
1127
2790
985
584
4706
1142
1283
4984
1441
972
5124
935
551
2428
857
754
639
1285
2365
1887
673
1410
1018
483
483
930
1288
1917
884
1137
88
577
950
4923
1274
1124
77
1328
4225
1106
144
257
3724
1060
440
6327
1698
1131
6758
810
1534
4174
3876
2970
3927
5939
171
895
785
950
1347
2677
722
485
980
6289
66
147
7359
895
1379
899
4023
639
131
1465
5738
1522
4530
1040
1712
1451
834
812
505
5149
220
254
4536
5151
6645
206
348
6355
5501
311
7387
144
7075
1703
1303
1307
1349
6020
4472
6547
42
1093
1287
159
1489
978
551
2765
1111
363
1388
1399
176
444
3407
3709
311
3946
5440
2895
2895
1698
3837
540
4530
551
911
5782
2770
2860
4982
1715
117
7387
662
868
149
289
6174
58
278
517
5198
6813
2042
1307
1247
921
982
2970
1393
7030
1181
1688
247
812
2077
3442
1407
722
1350
7114
956
4013
5744
1259
6107
6877
1641
3687
1454
1281
7362
3138
771
2046
300
1068
615
1794
2251
1404
1281
1096
2373
646
6032
1285
1721
4653
1400
5743
7195
1417
3581
1012
882
7324
4281
1489
4108
1127
2855
907
725
4037
867
1419
1419
348
3083
6067
6544
586
77
649
1345
58
1293
1019
1448
3477
1445
830
2326
3206
1693
634
1943
1257
568
2142
1961
4619
4619
1475
1281
949
1269
710
777
4090
1734
1138
1079
1339
5852
721
1697
1933
4881
1015
752
1258
615
1537
2053
1552
1341
6336
1545
602
1079
4355
4774
769
3889
1718
5679
2915
2124
1513
1258
7412
7412
7415
1633
6829
2819
1168
2084
1133
1186
1100
772
1544
1557
3007
2390
792
2084
1165
4302
2142
1408
1525
340
303
6744
1781
1393
1046
6877
1572
2487
588
1579
1671
3392
373
1011
4936
1441
1697
1278
1697
1105
5744
6558
2115
1649
1831
1548
765
742
1078
1122
1885
6495
1472
3311
1774
4409
2242
1536
2247
1675
1949
1129
6638
1486
3878
700
1519
1605
1943
636
6192
1402
1777
1411
1367
1633
1624
1555
3139
3023
2937
3473
5730
2527
1822
1939
702
1815
1554
1151
4274
4206
326
2527
1940
6638
921
1201
1551
1855
779
6794
5446
348
1662
1324
1968
1214
2476
1765
1627
77
1875
1911
3575
709
4558
1740
3392
1656
206
461
1730
1443
1693
1686
753
1586
1803
640
2347
2733
6688
1547
1201
1595
4610
1579
1160
1811
2128
1546
1739
6242
6242
1571
1810
1718
1311
1716
2449
1156
6541
1915
2513
706
1594
2228
3307
5701
2345
2198
1886
1517
1113
2035
1709
1301
3553
2636
5483
2073
2409
1951
220
1630
2498
2057
5887
2428
5740
1015
1624
2649
5312
454
1684
840
2297
1567
2220
581
6532
1951
6344
1632
1012
1558
2072
3083
6310
2667
1257
2329
3683
4536
1084
2614
1682
7408
373
1765
1480
2890
1713
7031
2607
2242
5674
1654
1200
2258
6877
2274
1701
1972
1602
5216
2240
2080
2394
2060
2581
1589
1559
2137
5814
1957
1419
1419
902
2852
1739
3175
2819
1236
1775
3579
1615
1854
2209
2918
876
4822
2610
1784
1641
5174
1881
1559
5216
1824
2542
1897
3097
7408
3846
7044
7044
1778
1777
5335
1774
1011
3909
1866
1662
2145
3892
5259
2205
2094
1643
1628
1645
1915
2064
2108
2449
2142
2051
1838
4659
2094
2341
1207
1797
1771
1342
1129
1947
2428
4760
5252
4981
2032
3206
2560
1581
4107
1845
1590
5903
1814
3819
1242
1729
2499
2080
2234
2547
1305
4082
1419
4126
3040
2114
2021
3097
1863
2376
3079
1775
1405
1011
1582
1901
6877
2373
2120
1997
1685
7205
2197
1911
1569
1340
1662
3374
3620
1615
1386
912
1457
2410
686
3665
2767
403
1991
2178
861
4547
1914
1673
1824
2030
2336
2446
1553
3673
7323
3614
968
840
3611
6262
5396
835
2032
4243
4243
2014
1522
2855
2057
2101
1734
1682
4738
3850
3316
2659
1849
1968
2762
4214
5846
2146
7235
2018
2479
1274
2094
2325
6711
2094
3128
2440
2508
1935
1679
2368
147
5162
2182
1986
2594
2022
4972
2753
1502
1597
5617
2671
2292
1980
2238
1699
4092
2000
6461
2583
4719
2295
2573
1633
1536
1058
3399
2033
1715
7349
1801
3084
3131
1888
2898
2388
2277
1380
4132
6633
5771
2124
1904
6528
2268
1809
3399
4680
5133
2295
3786
1908
3605
1364
2896
1795
6195
1392
2000
1517
1891
1322
4094
1936
1921
3396
3594
2775
2108
1765
2391
1755
621
2533
2348
3271
1995
1542
6021
2067
2224
2499
1920
2682
1699
3326
971
590
868
2966
1566
2169
1934
1978
3037
1386
2098
1578
3736
3131
2672
1558
1769
2345
3133
1987
1818
2372
4132
4465
3902
1984
1725
4896
2547
1978
1146
1843
2357
1813
1781
2192
2966
1012
2840
2896
3873
4200
2011
1774
1570
3128
3298
3342
4095
2298
3741
2307
1322
2486
2011
2213
2966
3116
3512
2294
1512
1952
1451
1930
2933
3412
1661
3861
1834
1662
3087
1796
1553
4150
2158
1616
1816
1789
2016
4220
2235
2300
3107
1327
2620
2264
2048
3498
1420
2382
3916
4407
2124
6349
1589
2375
1289
2524
1629
2378
1449
1727
3104
3216
3505
1110
1910
4680
1242
1494
1321
3826
2510
1706
2508
2627
2472
1899
1865
3347
2062
2271
2372
3131
2438
1793
1168
7332
1019
2741
506
5446
2673
1963
2654
2901
6897
6629
1530
1816
6247
2322
4113
4286
4699
1902
2425
2101
891
7171
356
5273
2851
1594
3658
2271
1421
2841
1601
2866
2656
1929
1234
2604
2581
1920
4614
2346
2063
2064
2726
2307
2277
1524
1888
2961
1790
2596
2510
2610
2502
2881
2889
2029
1840
3408
2321
2065
1915
2924
1401
3385
1564
1853
3351
2249
2519
2074
2366
3296
1676
2428
4660
2081
2676
2789
1003
1787
4362
2538
1823
2878
6305
6693
1999
3204
6899
3152
5482
7198
1024
2006
3819
2043
2207
1711
2287
2580
4245
3408
3323
2533
3372
2793
3549
2419
2798
3042
5527
1475
147
3533
3587
4528
2045
4004
6877
2380
2086
2952
2807
1997
2506
3750
3622
4647
1418
2496
3207
1579
2126
1627
3890
3675
2502
1804
2853
5580
2298
2389
2724
2865
4442
1759
6426
809
5483
1502
7050
2342
3320
1886
968
4698
1064
1474
1501
3004
2882
2270
4120
2996
2939
7179
2536
5020
3838
2493
2256
5913
3489
2315
2388
2073
4323
1991
2939
2961
2961
1176
4244
2830
2839
1801
3718
3665
2517
1987
2135
2304
1999
1925
3460
2002
2344
127
3325
6989
1677
2874
1460
2634
4764
1376
1644
1598
3611
2217
2614
3473
2420
2703
2554
3537
583
1326
4896
3915
1709
2531
2603
1666
2879
7349
5918
3620
4835
7355
2212
4206
1712
2318
2080
4816
3664
2348
2341
6305
3343
3755
1492
3489
3299
593
2355
3665
4906
4705
2325
5378
3654
2435
2623
2643
1706
2543
2143
7226
7369
7117
4256
1856
6877
4534
1239
5616
5616
1990
2971
3058
318
507
4800
646
1606
3043
4334
4827
3911
3503
5061
3275
4786
1506
2180
3278
3636
3637
1794
5314
3391
1662
7382
3639
2512
4109
2509
3482
2233
3778
3709
2280
2515
2177
4117
7179
2377
2196
3192
2027
4157
2138
2735
6326
1692
4136
4604
762
1542
4072
2268
1535
2911
2969
3082
7423
4202
2717
7349
3796
2473
3631
1080
4448
1770
2406
2727
3174
2090
3649
2797
6552
3800
2972
4454
2626
3547
6344
1103
1103
2346
3112
2228
3982
2514
3464
3803
3605
220
2038
3064
1846
2905
3014
4953
3214
921
921
7332
2294
7120
2604
2394
4256
2493
30
30
2037
3348
7331
3644
3781
1934
2771
7324
3113
1691
1560
3959
2381
572
1793
2051
2938
3169
1978
2957
4611
2041
1344
2147
2171
2598
2709
3905
6861
3118
1600
1596
3596
921
2668
4298
5284
5284
6139
2938
3584
1871
2816
6595
1893
2932
3353
2789
3199
2340
234
2981
1625
5659
2021
1846
3000
2725
1527
5342
2375
3263
3198
4272
4819
1538
3970
3327
1626
2039
3588
1598
2782
2947
3888
2085
2297
2206
5074
5818
2897
5498
1782
1795
3185
3118
3707
1748
4161
3842
1100
1848
2580
3253
778
7324
3728
2438
1011
1385
3415
2669
3269
1322
5295
1034
6296
3207
3834
3962
2838
3003
1342
2165
6419
7315
2670
2674
3076
4284
1714
3213
2323
1898
2206
3900
4091
4072
1474
3348
4452
4614
3221
2590
1586
4936
6079
5862
3170
6474
117
1162
3383
4982
1405
4205
2745
2798
1496
3214
2018
3298
4937
6079
2557
2985
3719
2647
1977
1722
7386
4629
6877
2853
2291
6679
3530
1057
5419
5419
4561
2920
4240
5852
2658
2194
2987
5199
2232
1867
1397
5814
5074
7409
3292
4532
5058
2153
6659
6590
2162
5867
2370
2312
3023
1979
6729
5952
2957
3710
5033
6224
5624
1773
3710
2969
5872
5218
1586
1366
1574
2236
5695
1790
7179
3341
1707
1983
2981
3967
3654
2758
891
3793
5098
2518
2131
2443
2835
3690
4687
3911
3585
753
2778
1864
3204
4118
1938
3438
3109
2794
5394
2226
6551
2872
4809
2319
4220
4280
376
2340
7149
3161
2520
2089
6971
6393
2272
4162
3994
1623
3295
3146
5557
5557
5900
4310
1997
4586
3071
4520
1526
2413
6282
2123
3627
2111
2648
1836
4761
2491
2841
1970
3688
2620
1813
5845
2089
4043
7337
2986
6196
2427
1953
1506
6032
311
4149
2581
5154
4403
2829
2951
2099
1921
5295
4753
2217
2358
4388
2115
2263
2126
1650
2932
3020
6918
1781
2813
2451
2942
2735
1385
7350
3626
1937
4389
655
2457
1955
3973
6536
2011
3255
2701
3067
4275
7141
2425
347
4508
2516
4426
6771
4087
2350
842
1936
672
4919
2532
3560
3265
1695
3944
3379
1893
5584
889
2577
2289
3431
2988
3344
3752
3297
1347
2256
1889
2902
5482
3173
4489
1826
1687
3761
5607
7201
2041
3588
3435
2192
4920
3907
2601
6907
3472
3181
3547
4339
5377
2916
6844
7315
3706
3528
4609
5722
1733
3461
2488
4130
4106
3285
3922
4264
2887
2012
3434
1011
1886
4620
4604
4604
2272
6946
2187
2203
3032
2761
3317
1597
3006
2175
7399
4630
2588
4624
2107
5117
2122
2965
4193
347
1879
2571
6455
568
1720
3195
2138
4612
2233
6246
2976
3639
6065
6897
2826
2721
3528
3210
3111
4737
2926
2364
2443
2951
3941
4173
4805
4257
1901
2910
2204
1673
3053
6864
3034
240
3029
1752
1783
3437
2906
1713
4316
3003
7232
7324
7350
2603
2826
3496
1980
2822
2389
5701
3163
5000
3149
4755
3422
4075
5133
4756
3563
4263
5929
1730
1896
3021
2020
2938
3492
2659
4073
2761
2651
3050
1466
4022
2421
5328
3882
2697
2625
2075
3068
7398
4403
4205
3795
2988
809
6495
5912
2884
1819
1921
3062
3100
4043
2864
4012
2669
81
2936
6664
1736
3771
2293
4717
2771
4837
4018
2131
2759
3058
3831
6019
6288
2637
3945
2329
3080
3059
2093
2764
3615
2211
3527
4783
3932
7337
4520
3794
7085
4493
3353
3289
3027
2564
2423
5911
5527
3212
7166
4528
1782
3978
6693
3434
1662
1662
2596
4980
2769
478
4338
2269
4246
2536
2703
3628
4708
3437
1755
3305
4043
2140
3042
2791
4871
4072
3688
2558
3699
1696
2898
1900
3331
1979
1707
835
1658
3641
2246
1191
1743
1591
2432
4647
2308
3484
4093
6413
4262
3335
4379
6877
4286
5936
2138
5462
5664
4899
2648
4622
3279
3259
5942
2118
3168
5457
3443
1859
5517
2882
2055
2354
6515
5331
4127
4397
2282
1451
2059
2894
5956
2718
4294
5431
2279
3631
1753
3352
2688
6977
4554
4693
2940
5577
3277
4365
2371
483
2429
3600
4870
7355
6053
1687
3161
3051
6543
4444
3034
2202
2074
1270
4412
5259
2095
3694
4238
1525
2882
4791
3479
4119
1211
3783
2453
4713
3136
4035
3102
1712
2215
2349
1867
4125
4407
2838
3199
4184
4091
3721
6343
4341
4265
4188
4372
3531
3668
2411
1941
4227
4240
3881
3430
2559
6460
2618
3538
2415
3790
5637
3899
2386
6343
627
3925
4380
7395
4372
7399
7399
3705
5755
4457
5446
5446
5446
3024
3782
3773
3564
2565
3757
2556
4047
3012
2827
5983
2009
824
4321
3643
2744
3755
2802
2561
4713
3627
5434
4430
3425
2984
5448
1802
2900
6693
1816
3257
2229
5763
2707
3976
2252
2875
2643
3446
3272
5485
4755
1598
3306
3306
2884
1535
3409
2213
4581
5628
2608
3590
1281
351
3143
5752
2892
4472
739
5444
1560
7390
6785
6880
2609
2188
4755
1637
6348
2108
2564
4517
4338
4754
4345
3253
6066
2777
3727
2975
2363
2852
2299
2945
7082
2272
2238
2102
1579
1989
4394
2590
3402
3178
3345
6019
4296
1509
5510
3564
1628
3160
4290
1929
4624
2471
1884
5304
6305
1400
3942
1051
2577
4241
4560
3557
1970
2245
4710
1333
7149
2925
2597
6976
4930
2391
1663
4527
2718
3384
4254
4311
517
4464
3506
2351
2079
4896
4142
4441
2439
5748
1051
1681
1879
7382
2961
2859
3720
4754
6770
5659
1689
5061
6425
4531
1834
351
4571
1808
3697
6976
2258
5509
5462
4183
4268
2379
1577
4485
3962
2972
3089
2229
286
4766
4753
3281
5440
4047
7393
7395
7395
3145
3196
2426
3626
6169
4100
2930
2368
3959
3252
2578
3249
3598
6666
3978
2562
3598
4058
4367
762
3515
2982
3095
6789
1433
4128
311
517
6469
4583
3833
5027
3801
2306
4711
3427
4465
2817
2865
3386
3406
5145
2843
4563
6397
5321
3925
3803
3984
3156
4864
3258
3258
4913
3988
4743
2831
3429
1683
2941
4137
2115
2589
4272
3224
5922
2986
4156
6331
1625
2802
2500
2546
3815
3782
3019
6976
2559
3466
3731
4062
7358
5350
5471
3103
3535
2747
3491
3325
3795
5102
761
2800
4664
1959
5561
4339
5885
5135
3828
2625
2652
2716
3388
4974
4035
3020
5901
595
4860
1211
4343
3001
4664
609
2602
5541
2942
4173
1861
7156
1708
4344
2757
1547
3466
7208
7208
3240
1718
6140
2461
2134
4528
5135
2944
4905
7393
6780
3766
3968
2597
2925
3167
3604
3107
3022
2659
3022
4419
5565
4000
4368
2309
7355
4207
1757
4397
7337
3619
6136
3221
2864
1866
3350
1422
4360
4560
3243
3200
1440
2229
2930
1619
4740
348
348
7328
3455
7355
3679
2406
517
4467
4375
3935
2319
5320
4389
4344
3134
6877
1173
6823
3555
2250
3606
2381
2582
3735
3066
1401
4688
4591
2406
2820
2201
4063
3715
3105
3242
4100
4811
2489
912
7397
2448
1864
4372
3672
3117
2393
505
2998
6622
5427
4670
887
4561
1395
5018
1323
1323
906
262
1133
7317
7317
7317
3276
3419
6493
6412
3663
3257
4040
3832
5453
2832
2299
2167
1509
3732
6068
3785
1610
2999
5318
3345
7077
5779
5358
2893
3013
4359
7082
6962
3002
809
2442
5695
2311
3993
4823
2328
1681
4521
2151
1909
3515
1768
2474
1852
1062
4788
576
3859
3250
1581
6730
3094
5166
483
3016
1871
3860
2403
3303
2915
6727
6417
4399
5563
3657
4349
318
373
6372
3970
4189
5433
3158
2273
3785
5723
2897
3356
3375
4002
4170
6053
1690
3459
2983
2960
1774
4212
3948
3001
1933
2222
4138
6890
1550
2537
3354
4348
2876
4176
6876
6128
2859
4375
7355
4164
4164
5338
3381
6194
3816
2616
2927
2056
7077
3655
3454
7419
3030
3333
3700
3746
1712
2090
7151
3390
5971
562
6262
3759
4397
2201
4483
1689
5999
6211
5506
5506
6326
1305
2125
5848
2155
1909
4746
4172
3891
2219
3757
4163
4014
5662
3114
2716
4699
673
4553
2004
5740
2540
5708
4470
5389
3694
1244
1844
2963
3028
4283
3528
4125
4469
1637
1609
4726
2560
3219
3583
3300
7054
4573
5836
5836
1482
2482
2700
4928
2858
5582
7096
3989
2403
476
1132
4089
3685
2565
1990
6066
6066
4503
2096
3974
7315
4523
5977
3569
2792
849
4640
2743
2214
3450
3693
3617
3280
5929
5361
5792
3121
3106
4556
4239
5509
3700
7419
2314
5388
4217
7077
5883
2216
4791
3642
4461
2913
1783
4879
1468
5977
1451
1600
4581
6169
3992
3983
3156
3462
4810
4312
4448
1208
3430
1757
3277
3567
5288
3695
4384
7325
3787
2011
4688
769
4432
3667
4336
2076
2066
2826
3395
2955
2940
4586
2412
2244
5705
706
3650
3792
4482
5320
3509
5587
3625
3093
2061
4860
4740
7393
2987
3831
5694
4065
4328
5921
5763
3235
165
2710
7077
490
1487
4423
4812
1405
402
4124
3809
3166
2454
2309
2693
2633
1271
4305
3073
3111
4278
6066
7348
2805
2164
2999
5255
5561
3342
1632
3660
3755
3415
4185
3980
942
2406
3726
3027
6656
3428
6365
2068
2834
6730
3679
3401
6641
3179
7382
4317
3439
4460
1385
6009
2561
3612
2573
3712
3229
4033
2774
2166
3292
2802
3143
5467
5239
1852
4400
3418
4735
2285
4248
4291
1898
1870
2054
5056
7162
2287
4366
2833
2246
4180
4248
2863
3807
4681
3747
2661
1756
4290
902
4529
4985
1756
4057
4405
2991
2303
5314
1512
6691
4758
4692
3573
5929
6823
2074
2421
4758
3469
1641
1925
1566
2974
3912
2186
688
3190
3478
2972
3237
3141
2328
2982
5373
7092
206
3455
2986
3599
3868
6154
5565
3726
6081
1823
4571
1706
4371
6430
2445
3147
4388
4898
2681
3282
3346
5345
254
4050
5320
5787
4862
151
5605
6730
6535
6767
6710
2705
2606
4247
4497
3645
4454
2538
4372
2015
4783
4736
5357
4519
4411
2255
2578
5217
3989
7362
3076
5378
3550
4745
7395
4033
4904
2823
4399
2049
4177
5018
6467
5690
3090
4464
5122
3426
891
2421
4684
2592
5277
3589
4587
5345
3377
3981
3825
3726
2653
3477
3477
3734
4938
2168
3638
6641
5070
348
3301
1649
5679
4655
2670
2679
3007
6216
3462
2781
3602
3603
559
2752
4725
4590
3124
5534
5317
2708
2708
4349
7226
4445
7350
1756
5853
2537
902
694
4997
2785
5125
7362
7362
5097
5735
3744
4485
3233
4940
5310
6730
2511
1689
3849
3367
1598
1632
6356
3589
3363
5614
4831
3078
2223
4053
1573
3085
5112
3725
3453
6567
2900
4577
5295
6447
6551
6444
6714
3787
2544
3177
1757
5473
3518
6649
2567
7404
6768
4404
3366
4281
5328
3574
2243
1783
6473
3411
4398
4558
3687
1619
2361
3196
2161
5184
2329
2057
3798
5761
4342
4342
3800
4176
3938
5428
7317
7317
6693
3996
3426
1323
4557
5898
3964
3570
1708
3499
2781
1669
3987
2482
1913
4670
220
4067
3548
3075
4513
2754
3183
5472
3366
2020
4216
2944
5395
6299
1183
347
4358
6273
2515
1632
1536
5206
3048
3260
7326
4263
2629
4315
3857
2008
1952
3531
2812
3433
1967
3061
3472
1837
7409
7409
2871
3964
4803
4586
2399
7410
1898
4838
2122
558
1405
2772
4453
6048
4892
7328
3847
2580
4820
6451
853
4153
3066
6393
2127
6844
3142
3086
4428
2535
4608
5179
4161
2428
2507
5665
2097
2718
3190
4388
4407
4521
2805
7422
2664
4698
1721
7414
3393
4199
3966
3836
4651
3122
3937
4784
3879
4878
4521
3290
2601
4731
3615
5410
6547
7415
3780
3159
4300
3866
2537
2537
3931
5219
4137
3766
4715
3576
7048
6722
5090
5487
4606
2859
4869
5056
3598
2226
4608
1859
2802
4168
3828
7390
3245
5654
5788
5563
4696
4704
2113
6913
3364
4575
5286
4406
5418
3841
5384
5384
3096
2369
4532
4623
2434
5161
4711
3440
6595
6346
7062
6897
2663
5860
117
4070
6391
3314
2757
5850
3012
5397
2806
3041
6080
2815
1651
2690
4089
7077
4859
4924
3468
7377
3458
5726
7217
3674
3674
4754
5273
1708
3351
4525
3186
7179
7179
7390
7390
1011
1011
3578
4512
4869
5227
6142
3108
6556
1959
7313
1860
4835
4816
4657
3762
4623
3943
2004
6518
4678
4251
3717
7011
2344
4937
3222
3031
3393
4224
6086
7393
7174
2235
4863
4304
6957
4734
4253
1910
5203
2214
5964
2711
3361
4898
1609
5733
3561
908
2096
2579
4525
7104
3733
4391
6488
4311
4697
4657
4768
6794
3564
3903
3393
4495
7006
6558
5094
6797
4909
4260
6094
6155
4432
6039
7345
4437
4276
4698
3025
1692
3722
5670
5492
2109
4161
3436
3456
5006
3334
2546
5410
4573
1651
4619
3580
5784
4582
6736
4577
7324
7324
1708
3697
2301
4750
3183
4932
1440
3556
5467
6060
6397
6066
4372
3377
1977
4156
3901
6610
6918
4281
1959
5365
4489
6344
2804
1192
1192
4755
1394
6944
3897
5234
3824
7390
1507
5190
4983
4799
6154
3881
5299
1833
7372
6317
6852
3789
2728
3102
4084
3144
2050
5857
4942
4559
5793
4885
5316
1422
1310
5787
2033
490
7413
7413
3911
4733
3171
2795
5684
5227
1501
1831
618
845
1747
4267
6006
5102
3142
5709
5341
4952
3276
3291
5623
3431
5024
2210
3995
2474
6402
4055
4086
5645
5645
6552
3025
6877
3767
4637
6130
4414
5710
7415
3063
5929
3904
3165
6647
3056
2405
3430
1779
5365
4537
4781
3357
2601
2698
3369
6011
2740
4306
4301
1808
4455
4691
1442
4349
6596
5853
7307
4292
2763
5116
5160
5360
1405
1405
6602
6254
3331
3356
6617
7031
7362
7362
1995
4472
6431
2459
6135
1403
3463
5233
4539
3992
4518
3790
6867
4694
6408
2837
5927
5605
6359
4481
5771
5771
4683
7324
7350
7350
6430
4632
4417
2612
2441
883
6463
6463
3930
3472
5723
5723
5036
1100
3098
5625
5743
2858
2858
4372
4735
4167
867
4582
927
6340
5293
3412
3622
4135
5111
3217
6896
6031
7144
1663
4123
3120
4219
3576
6050
3113
3536
3597
5723
3507
6854
3657
3565
5051
5901
5997
2406
3239
4332
4876
4508
3906
6488
1611
1560
5026
4588
5364
3836
4624
4666
6749
81
4147
4355
2821
4463
5568
4389
2610
2730
3676
4328
5933
4201
4034
6950
6458
5120
673
3060
4663
4298
2887
3797
5844
5208
7054
5427
2694
6589
6570
2249
5145
5743
4697
2888
4420
5579
2967
2863
5643
6437
6854
4519
2009
1804
3276
6189
3513
6824
4893
4909
4313
2239
2732
6405
5472
2332
5985
1677
6057
2468
4684
7404
3144
2956
5273
7097
876
6418
6889
3870
849
5148
1192
2137
2137
7413
7413
6751
5222
5518
6968
6968
5424
1976
1431
2844
6169
6060
4270
4438
1772
5326
2107
3971
4611
5069
3189
6789
4396
6027
4219
3869
5011
4056
3606
3593
3490
2326
1560
3788
898
5530
5160
6890
2832
1351
4314
5566
2406
4773
5983
6595
5566
3964
5758
5084
3327
4269
5187
4751
2201
2963
7415
7415
4811
5223
4006
5340
4880
7208
1792
942
5323
6508
4957
1895
3599
5929
5579
4347
3981
5654
5007
2263
4116
2015
5769
5637
5675
2915
5694
2684
2461
6886
6637
6271
6835
6762
1471
3727
4734
6396
1842
3896
4846
2738
5597
4239
3691
7265
5316
3937
1192
5325
5475
5923
5381
4512
5953
941
2783
4168
318
5455
4486
4950
5068
5660
6175
7395
3354
4539
3712
3500
6854
3047
4105
4098
4487
4428
5806
3354
5114
4166
5805
5455
3836
5649
3676
4048
6344
4662
4702
3063
2665
3082
4233
7411
2692
5009
4031
3344
4210
5471
4894
4894
762
4381
3302
7414
3939
4363
3816
6614
2332
2332
5025
4872
6505
2107
4663
2501
2150
3476
4019
5224
4880
6405
3399
6127
4528
4181
4391
4532
4027
4501
5449
2262
6794
4177
6189
5189
4024
7341
4105
5202
6351
6603
4258
1689
3678
5386
5322
5006
5280
4200
6214
4689
5300
6138
3798
5084
4826
4742
4310
1772
1418
1310
2503
6487
6036
5480
1751
6735
1831
7348
5076
6964
2154
3044
3098
4532
5957
1779
6305
5502
2465
2478
5351
6527
1651
6256
7433
4115
3621
5694
4329
4123
4363
5441
4951
6696
5215
1651
6877
6019
1773
5137
6993
3056
2127
2134
2786
3225
3349
2847
3039
5340
4541
5998
3106
4111
2199
5773
4413
4770
6071
6011
4739
3702
3448
2385
2715
5823
5094
5133
4483
4655
3084
2730
3283
3963
5880
6797
6951
2221
5384
3575
6537
6867
5254
5602
5532
5270
791
3023
6242
2323
3448
5783
6434
6712
4615
4712
4491
5097
4182
4277
6403
4656
4929
7393
3678
7320
5494
4868
5226
373
4649
4811
1731
2259
2774
3157
7415
7415
2501
3472
3858
5360
2359
3036
4581
4652
3988
6691
4628
2692
3219
3331
3036
4505
5929
6252
6078
5299
4874
4011
3025
3346
4005
2807
5173
4440
4770
2720
6572
4749
4627
2849
927
2923
5367
3421
3009
5009
4006
2642
7172
5405
4677
5631
4056
5744
6584
7011
4019
5446
3536
4314
4154
6853
4876
6502
1664
3572
5158
1192
7206
4151
7404
7356
4148
6096
5317
6478
6368
6641
521
3737
5279
891
891
2847
4209
4615
2997
5585
5451
2635
5435
2049
5390
7263
1310
5827
6529
5028
6758
842
4548
1747
5225
3061
4406
5826
5208
6719
5263
5647
5651
6725
1772
6891
1609
1609
3047
6382
4465
6624
3304
6115
2165
5179
6164
4099
5029
3098
5508
4335
5148
7397
1842
4949
6405
6712
7355
7144
4757
5096
6343
6916
1611
4942
2750
1611
6846
6846
7119
5214
1910
5003
1914
4782
7327
6278
2436
4903
234
3433
4177
5707
4973
5095
5095
5415
5907
4169
7104
6501
3091
2537
5696
6344
5678
1651
3078
4482
5130
3378
6397
5131
5619
254
5163
4223
3544
5536
5133
6639
6877
254
5142
4631
4832
7350
5986
4319
2404
3452
3347
3398
6696
2071
4121
5671
2055
2704
5239
4977
4459
1467
4304
3577
3601
3483
6971
5505
4524
4386
5101
4529
2223
2719
5294
6567
6789
4250
6212
3882
2831
5273
5543
3820
6157
4392
4285
1451
1451
1451
4020
5312
4121
1747
6479
5079
5563
4739
4431
3193
3049
3009
4939
4403
558
5101
4431
4259
6551
6479
5727
1986
5356
6883
5112
4991
5147
1538
6804
3968
6976
5367
6235
4452
3808
1058
4152
6064
5989
7390
4472
956
5273
5601
5997
7202
5445
1577
7415
7415
7430
6492
5869
5879
483
4989
4564
3193
3577
4446
4916
6576
5945
3817
2846
4378
5427
2885
4988
2750
4176
4189
4910
4543
655
2495
2959
4989
3502
6609
7328
1611
5065
7399
4926
1319
6096
5526
4790
5715
1319
6521
6150
655
655
655
3540
6598
4154
4402
7169
6207
769
3814
6890
5518
5023
3340
5066
4281
655
286
6137
605
3734
6219
6262
6362
6070
1731
6505
6694
6453
6047
1612
4580
4673
6064
4873
4160
5981
6413
6304
4653
2133
5302
4223
7414
7414
406
6013
2928
6024
4424
3229
4218
2199
2199
2913
3671
6487
6276
6968
2537
5601
6324
891
1632
1538
2928
5899
4112
3480
7402
6349
6402
5257
5619
5739
5988
5490
1327
5799
2015
558
5380
1327
1641
2160
906
5499
5704
5110
3712
7402
3186
1538
449
3919
5192
4792
1391
6575
5507
4731
5897
5136
4472
478
575
4655
3135
3150
6087
4453
941
5663
3618
4945
4903
6383
7328
4081
6389
6205
5312
5987
6235
3691
6551
6125
5019
5458
3412
4841
5710
2137
206
6697
6214
6214
254
318
4947
4136
5169
4956
4956
3580
2859
7397
761
5652
7282
4253
6015
3258
6046
6837
3636
5926
6004
4833
7362
5484
5644
6500
3262
2808
715
5890
6008
6398
2900
7046
2150
4468
3361
4215
4069
732
5530
3117
444
3394
4453
6120
4857
2586
5714
1405
6728
2716
1779
4186
4468
4977
673
4933
2704
4176
4088
3061
3601
7358
2560
6314
655
2857
5774
4596
7282
5810
4574
4576
4148
1612
3354
2938
4602
3808
6844
4569
3225
6379
3957
7413
6696
4668
7138
3098
4468
2929
6285
1505
1505
1651
1842
254
6502
5849
4833
6350
5343
7120
7121
2632
6216
6173
4900
756
6752
5731
1495
3525
4453
5000
7432
3670
5610
7326
5201
3103
3617
3617
6272
4459
1776
2569
7208
2537
6644
3518
1692
5870
7013
5000
6370
5706
6789
5833
5447
3480
4947
5635
7113
6523
6694
6968
5047
5113
6279
7326
1996
3785
3785
2484
921
4200
3991
6844
5737
4566
6883
2121
6491
3222
6045
5737
4271
5486
6275
6262
6765
4131
5965
3246
7231
6170
4231
5858
4741
5369
6071
5544
5792
5503
1192
778
2607
4325
2988
4011
286
2784
4438
1649
1337
6466
927
3562
4675
4727
5852
3799
1712
4757
1527
4787
5461
1976
5716
5228
7133
7355
615
7220
7279
6416
6238
5284
5284
3951
318
2811
5843
4790
4121
6689
7362
5446
6864
4260
1611
5324
6071
6382
924
5716
1712
1652
6714
7326
7362
2657
6569
5517
6774
5462
7349
5426
6728
1801
4907
6964
7016
5940
3268
6680
4240
7237
5966
4890
5961
4962
6731
1779
2974
6293
5981
6218
7189
5800
4491
6259
6976
6930
2380
6353
5391
6295
5878
5579
4331
2683
5888
6119
7119
565
1202
5302
7013
4910
4218
4962
1058
1058
5574
4305
1422
3975
6561
4895
6416
6047
3564
3086
7350
6407
6103
6373
4751
3712
5813
5121
5201
5664
7415
5204
7300
4954
6090
5881
4998
7011
5010
6723
3441
7409
3777
4655
3313
5889
6369
1342
5319
2223
3382
7434
5945
2885
3012
4262
6439
2828
4270
6575
6062
2946
7328
3055
4744
3159
6596
4824
5558
6152
1663
5658
6801
2818
6484
5983
6968
803
1183
2854
4585
4177
3241
7050
7382
2406
5355
1563
1563
6344
6926
5736
6126
6051
2831
5645
373
5683
7376
6924
694
6179
220
6626
4686
5689
1149
1149
877
4176
4496
5650
5978
6427
3407
7144
2121
5062
655
6798
6798
6097
4789
7415
7179
2744
743
743
1882
484
1726
4340
1637
5708
3560
6821
6394
5155
3813
5837
6786
1712
7118
1758
5668
853
5979
7217
6832
3812
745
6925
7057
6353
3452
421
7213
3147
6295
7325
5512
297
5526
5575
5436
2605
3379
6854
6985
6055
7016
5643
6354
1539
5085
5508
1663
1772
1103
7337
5597
5597
4472
6525
7415
2515
2141
4775
6614
6553
2208
7410
7362
6101
6145
2930
6976
4134
5920
1264
427
6943
7144
5384
7392
5081
4044
4960
5800
6943
2628
373
318
3187
6241
4422
7126
5000
5038
1680
3839
6873
732
6069
5383
1295
6803
4746
4992
4209
7213
5828
7420
6262
5780
6336
5780
5925
6065
6361
5324
7411
5575
2748
6090
6162
5906
6421
7413
6396
5778
1516
4504
6844
449
6807
6049
1954
1710
5222
6334
5008
823
7399
4298
5000
3354
5423
7330
432
286
5047
6278
5282
5931
5185
5630
2734
5141
5572
1348
6722
7076
1471
5996
5947
3983
5785
5508
3391
3387
4408
6833
1473
3915
4410
4999
673
1011
4212
6421
6588
7371
3117
6376
2537
3476
4934
1202
6146
4244
6504
6597
6058
6857
1120
1869
6960
6342
5446
5815
6095
5678
5245
6196
6234
6877
6480
1422
3938
2950
6109
3529
5537
7411
6610
4715
4038
6693
7362
1356
7067
6333
2266
1422
4433
1058
6092
5400
4381
7399
1357
5910
5600
6682
5791
6567
6307
7326
6069
6459
4542
5498
4039
7362
6495
7095
6133
3056
6976
6917
7071
4070
4433
7115
5916
5427
3236
3712
4278
6903
1632
3740
30
1034
7428
4466
3340
1880
7337
7217
5726
7263
6184
5210
5210
6470
6683
7092
6354
7362
7023
3968
6804
7097
4999
4654
7263
4418
6449
5507
637
6810
6339
6810
1690
5653
5647
7216
1842
6476
7300
7049
66
6169
1890
5578
5630
7362
5550
1577
3739
4657
6110
6240
7355
6700
6367
6060
5183
6585
6696
3183
6860
7340
6116
2036
6526
6620
6631
3351
7410
1052
7017
6347
7409
101
6065
6400
6160
7194
6472
6370
6782
6782
6390
6412
655
2869
2160
6435
1422
4908
4443
1389
6688
5021
5054
5014
7315
6548
2332
7436
5798
5557
2149
6487
5626
5626
5626
2077
5751
7275
3983
5694
6223
5851
3564
6626
5476
4722
4538
7251
5526
3183
898
1063
715
6122
4049
1597
7134
2624
5828
286
286
6699
6699
1512
7151
5531
7361
916
4748
5928
4641
6550
6902
4528
6893
6817
2766
1495
6607
1976
4980
5153
5029
6141
3901
442
5879
7053
7344
5500
7042
6117
5177
3483
5401
5515
4727
7405
5200
5015
7068
6242
6325
6879
5677
6320
6693
3616
7188
373
5897
5060
1521
6063
2537
3431
2404
4222
1287
348
348
745
5770
4414
1664
1890
5724
7324
6732
483
1712
2849
6738
6341
3602
5840
5910
5769
4637
7011
6331
5060
5983
7389
6141
3680
2814
5195
7251
5478
7121
6456
5198
6444
6619
4821
5717
619
6877
6029
6292
4433
6731
6868
6001
6803
6433
6779
6347
6854
5494
4242
7125
6834
2593
348
3312
5724
4353
6752
6619
7065
6253
6695
975
2480
1272
5246
5557
5557
7362
6724
634
7236
5934
1376
4551
6874
4341
6687
6877
6621
5508
2628
4581
5021
4695
3444
1529
1529
2862
6615
6866
1491
6084
6758
2612
7283
6409
7053
6049
3983
1473
6820
3198
5339
5754
373
6814
3107
1880
5370
7183
5032
7133
6167
5983
4425
7037
5583
3673
5296
6966
4416
5446
1011
7099
6961
6740
7417
1731
4471
4975
3603
7135
6438
924
348
1027
963
7413
7410
5182
6509
7361
5500
7363
6941
6341
6983
1422
220
5648
3671
6911
5256
5386
3450
3180
6942
6893
4433
4433
4433
1577
6317
5132
7207
7179
5798
4196
6414
5627
7049
7358
6336
6336
5780
5780
6885
6886
4908
2849
6113
761
2628
1396
7009
7027
6335
6452
2708
1399
6267
7160
7106
6336
6683
6724
7105
2915
4221
7389
4960
7290
7413
1299
5981
7305
7305
2611
4443
6510
6683
7375
655
5948
7065
5839
5861
5555
5682
6388
1514
7242
7361
6165
7014
5811
7182
581
1183
425
66
4229
7361
5315
973
7378
6111
6083
7086
7086
6484
6344
1444
1731
6785
1289
6990
7020
1323
7241
318
7047
6548
7271
7136
6922
286
2157
6573
3107
6291
7317
7263
6517
4956
5983
1495
3086
6485
5829
6805
1779
6699
1410
1290
6505
7344
7037
7361
6574
3117
1825
2031
5178
4395
7415
778
3420
4458
7255
7397
6941
3378
6915
6900
6911
6674
5750
3756
6174
6852
7414
7299
7252
7141
4546
4546
7215
7014
7186
6872
6432
7316
4528
4428
3502
6784
6174
3671
891
6998
7222
652
5030
5319
7415
558
5018
3086
1286
3135
6168
6063
6127
7140
3154
1469
6930
6849
7183
2587
6270
5136
3098
5221
2954
7317
7412
7412
7185
4472
66
6214
5254
165
7302
2624
4654
7350
7207
2849
7361
7326
7326
6843
7347
4546
6956
7257
2954
2954
5583
5583
6511
6970
7415
7194
568
5855
2332
6699
5983
4604
6902
6151
6902
5437
975
6958
7233
704
4843
4039
6842
6577
6490
6865
6199
1516
6877
3901
7090
6631
7413
6938
6938
7361
6651
2690
7070
7176
6900
348
1731
7019
2077
1287
1484
7263
7194
7090
5166
7205
5443
6563
3329
5378
567
7073
5982
5982
1459
6806
7068
7228
3673
6970
7061
6931
6281
7196
7204
5386
5386
7363
7363
1703
1703
6345
6345
1377
3007
2913
1692
5405
5405
5405
761
761
6662
1327
1179
2353
5630
1593
5591
5791
2490
5479
6794
7111
6462
2150
5470
5401
7333
7070
6285
1731
1393
7262
6676
5405
5591
5591
6747
5071
7204
7204
3074
6949
1478
3919
5982
4281
3671
1082
6494
7086
66
6043
254
5443
761
7274
4769
4769
4769
6411
6577
2402
6631
7300
4472
1377
5405
5405
5405
6857
5627
5626
1956
7415
2077
7222
673
3673
5348
1469
952
6923
7108
6481
7018
5909
6691
7107
6786
6237
7091
7008
6786
761
673
5825
66
6631
6986
6063
7181
6990
2814
3660
3494
208
6066
1221
7027
6631
6785
3673
761
6420
6580
6825
5405
5405
5405
6976
7223
7317
7277
5529
7301
7091
1101
7402
7402
5896
6106
673
1323
6241
3680
7283
297
297
5602
6739
7299
7410
7252
7249
3297
4589
6490
1667
1667
4051
4748
983
7262
7412
2660
2690
6198
5013
7412
4987
297
7002
7267
3653
121
2856
121
7410
7094
5797
7414
7230
6784
7301
7246
7184
4036
88
6151
121
761
4505
7230
5443
208
5486
1651
7217
6678
6198
761
7208
7402
3399
6563
4769
655
2624
5592
7312
7024
7105
6191
6657
6921
7153
3558
3883
7402
6914
7190
2406
7211
6745
6745
7052
7362
7020
2856
117
6472
3329
5551
5413
6316
6852
6193
7073
7107
6505
7208
1076
7110
7153
7210
6705
6705
1667
6784
7209
6204
7184
5468
5852
4366
7087
1453
5950
7339
4502
6872
7204
7317
7214
1314
1136
1136
6193
1370
6745
7103
7317
6011
7175
6969
6191
1314
3180
3226
206
127
6599
7326
5825
6854
7248
7319
4502
832
940
6204
1923
6204
7413
4806
4231
381
1478
1415
655
318
5656
6785
1044
7330
6344
6344
4822
7326
7389
7197
3575
1391
5841
208
7409
7362
1835
6877
373
4589
3423
7012
655
1737
728
7403
1668
5852
7393
4316
562
1453
889
7422
7421
4728
7421
7424
4599
7431
6797
1453
1453
562
562
562
1703
1410
1421
1116
1116
7428
7428
6877
6877
644
7429
7426
819
644
7429
492
917
6906
917
1410
7444
