8251
0.00113658
0.00145915
0.148527
0.0469554
0.0185763
0.00290832
0.00180293
0.00491707
0.00115929
0.00141387
0.00871932
0.00294965
0.0062817
0.00425705
0.00532946
0.00312053
0.0230537
0.00477895
0.00621085
0.00315324
0.0134714
0.00236669
0.00481624
0.00115403
0.000502172
0.00394875
0.0245131
0.0195883
0.00884124
0.000888557
0.000858529
0.00934918
0.00033632
0.0311849
0.00210556
0.00277673
0.00265075
0.00119493
0.0363388
0.00586031
0.00298546
0.000366274
0.00126341
0.00335769
0.000901251
0.0222228
0.0277463
0.009941
0.0284812
0.00892042
0.0131956
0.0334556
0.0080286
0.0023334
0.00156339
0.00351389
0.00390986
0.00412131
0.00030408
0.0118019
0.00576706
0.00184399
0.0679385
0.0660136
0.0496612
0.000535514
0.0035538
0.00551876
0.000246542
0.000287436
0.0117621
0.0277169
0.00104147
0.00315487
0.0324196
0.00121172
0.000826981
0.00300689
0.00664082
0.0019149
0.182722
0.00126341
0.00410186
0.00716587
0.0083797
0.00499843
0.00028899
0.00222711
0.00540635
0.00314447
0.0907101
0.00110887
0.00407912
0.00377918
0.00207836
0.00362957
0.00169857
0.000679662
0.0027981
0.00248639
0.00513268
0.00793867
0.000763131
0.0059386
0.00222475
0.00492443
0.05415
0.00828899
0.00929375
0.00348663
0.00387922
0.00312856
0.00902443
0.000901881
0.00283895
0.00608102
0.0073642
0.00107171
0.00286727
0.00471946
0.000981486
0.00181588
0.000681573
0.00398908
0.00139777
0.00037019
0.0064881
0.00480673
0.00950441
0.000795303
0.00124554
0.00627715
0.0178978
0.0206652
0.00190677
0.00331148
0.00193016
0.0082415
0.00714068
0.00327685
0.0248601
0.00252441
0.00407733
0.00452852
0.00485826
0.00026266
0.00268882
0.0109851
0.00217409
0.00528043
0.00148346
0.0388724
0.00175153
0.00241515
0.00363065
0.00170507
0.00131731
0.0273538
0.00117776
0.0159057
0.00445229
0.00620417
0.00973261
0.00786375
0.00466202
0.01144
0.00860908
0.0060031
0.000927017
0.000731826
0.00130682
0.00128601
0.000237433
0.00504731
0.00397749
0.00588974
0.00609335
0.00515182
0.00948445
0.00443032
0.00432723
0.00299287
0.0684827
0.0102154
0.000621185
0.00205345
0.001582
0.0032809
0.029403
0
0.0423444
0.0121353
0.00191594
0.00774306
0.00199979
0.00392495
0.0012801
0.00352162
0.00547305
0.000748413
0.000258313
0.00310006
0.0382895
0.000479807
0.0714866
0.00299507
0.000869856
0.0072189
0.0323887
0.0231379
0.0174508
0.0205263
0.0426937
0.00129752
0.0149683
0.00117877
0.0308418
0.014113
0.00254517
0.0122282
0.00218254
0.00670035
0.0064688
0.000741268
0.00149456
0.00489868
0.00127813
0.0053241
0.0134754
0.00109182
0.00341533
0.0028825
0.00467821
0.000616379
0.00798733
0.108938
0.00512839
0.00708064
0.00309797
0.00405885
0.0994284
0.00664389
0.030494
0.00205603
0.00248813
0.00330019
0.000900057
0.00298406
0.00173949
0.000393299
0.00135026
0.00149509
0.000238254
0.00301748
0.0343931
0.00435298
0.00331167
0.00222816
0.0312211
0.0123828
0.00480024
0.00430754
0.00112568
0
0.000525554
0.00193975
0.000769145
0.00286078
0.00173196
0.0026397
0.00328132
0.00110194
0.000629329
0.00184694
0.0166054
0.00229468
3.30207e-005
0.000580777
0.00157018
0.00430352
0.0109841
0.00438891
0.00323356
0.00558462
0.0126963
0.000440967
0.0451424
0.0278562
0.00149266
0.00248248
0.00517719
0.0122885
0.00285679
0.00662665
0.00837419
0.000565464
0
0.00412564
0.0119233
0.000221835
0.00959167
0.00150295
0.0360932
0.002245
0.00278929
0.0502599
0.00688535
0.000682005
0.020077
0.00127815
0
0.00398559
0.00155427
0.00236503
0.00124271
0.00154976
0.000556101
0.00259129
0.0111658
0.00812089
0.00472228
0.00171627
-6.34819e-009
0.000441912
0.0469851
0.000681876
0.00159247
0.00957272
0.00190601
0.00079567
0.00191693
0.000376384
0.00211739
0.000728069
0.00126377
0.00540564
0.00844883
0.00315865
0.0153579
0.00287913
0.00746715
0.00232165
0.0120507
0.0134676
0.00250386
0.0026763
0.00133261
0.0256017
0.000682079
0.00186333
0.00519454
0.00174558
0.000264749
0.00179111
0.00125705
0.0014494
0.00955168
0.000707087
0.0073053
0.00193106
0.00299568
0.00457179
0.00227164
0.0040621
0.00143452
0.00695811
0.000167019
0.00240068
0.000221596
0.000189232
0.00145308
0.00101836
0.000751704
0.00346052
0.00347867
0.0132304
0
0.00101367
2.30068e-005
0.000607172
0.00538576
0.00273135
0.000564679
0.0201562
1.75129e-005
0.0147005
0.00782577
0.00677933
0.00316674
0.000559293
0.0272246
0.0186542
0.0265016
0.00128774
0.00245951
0.00274166
0.00366211
0.0038667
0.00144333
0
0.00695886
0.0186647
0.000126884
0.0034875
0.000354224
0.00288684
0.00132766
0.00153374
0.0248843
0.000794863
0.00390556
0.00199701
0
0.0111388
0.00283792
0.00181946
0.00695213
0
0.00178795
0.0014861
0
0
0.00227406
0.00620896
0.000806782
0.00501019
0.00346972
0.00317125
0.00194365
0.000463505
0
0.000846965
0.00591526
2.13612e-009
0.00121662
0.00137413
0.00430802
0.0017657
0.00739762
0.00129013
0.0177106
0
0.00294158
0.00237823
0.000658465
0.00139649
0.0041815
0.0121561
0.007514
0.00279348
0.000149062
0.000976572
0.0239255
0.0387354
0
0.00532658
0.00293474
0.0029045
0.000103196
0.000423415
0.000948784
0.0042171
0.0130619
0.00295188
0.000820403
0.02927
0.000559547
0.00131041
0.00765032
0.00399426
0.00305732
6.65989e-009
0.006982
0.00846355
0
0.00704621
0.000458978
0.000490655
0.00159265
0.00122044
4.01248e-005
0.00263089
0.00249375
0.00157888
0.00638881
0
2.02008e-005
0.00288651
0.00103624
0.00562015
0.00237185
0.00741195
0.0028325
0.0176284
0.0035787
0.00465655
0.00204089
4.02994e-005
0.0149103
0.00515161
0.00461957
0.0019053
0.00212177
0.0164155
0.00161033
0
0.00700487
0.0181816
0.000726282
0.00673347
0.00596775
0.000252103
0.000245306
0.0450216
0.0905625
0.105359
0.00120539
0.000205741
0.00361605
0.00439776
0.00681216
0.00100459
0
0.000879121
0
0.00795121
0.028051
0.0226812
0.00122071
0.0044354
0.000213635
0.00511482
-7.71311e-009
0.00158609
0.005866
0.000948474
0
0.0297238
0.00395132
0.00455477
0.00325799
0.0093457
0
0.00137288
0.00343693
0.000613123
0.0154151
0.00354386
0.00343025
0.00130954
0.000400762
0.00490396
0.000277654
0.00610803
0.00187768
0.00651159
0.00180705
0.00142035
0.0229201
0.000230563
0.0485531
0.00878088
0.000395676
0.00187502
0
0.00364832
0.0100307
0.00127625
0.0102703
0.00735168
0.00384136
0.00257963
0.0051491
0.00171075
0.00223306
0.00381925
-9.12903e-010
0.00705742
0.00526679
0.0229319
0.00122128
0.00303245
0.0280607
0.00296509
0.0231715
0.0362377
0.00131617
0.00120161
0.00146877
0.00353556
0.00140519
0.00173343
0.00242379
0.00288139
0.00179391
0.105416
0.000193006
0.00809128
0.00437823
0.000442622
0
0.000485975
0.00100326
0
0.00247831
0.0138578
0.0010255
0.0129066
0.00438631
0.00909915
0.00476522
0.00122
0.0037823
0.00473561
0.0124778
0.00577961
0.00273625
0
0.0044591
0.00161079
0.000211319
0.00109411
0.00725159
0.00196232
0.00491506
0.00484533
0.000898803
0.00315477
0.0174452
0
0.00638019
0.0025249
0.0145627
0.00412851
0
0.0105408
0.00616105
0.00176573
0.000466134
0.0029713
0.00183438
0.0246525
0.000138631
0
0.00143204
0.00246181
0.001651
0.00255847
0.00260641
0.0062105
0.00201902
0.00152605
0.0122654
0.000169102
0.00133533
0
0.00759998
0.000460929
0.00344097
0.00847978
0.00306445
0
0.00480314
0
0
0.00344036
0.0389729
0.00318941
0.00167932
0.00349342
0.000685179
0.00356746
0.00216041
0
0.00335093
0.000848409
0.00145503
0.028165
0.00195942
0.00605687
0.000869227
0
0.00854327
0.0322925
0.000795094
0.00215617
0.00733412
0.00047794
0.0028058
0.00774927
0.00453294
1.06494e-008
0.000988076
0.00351773
0.00206232
0
0.00202753
0.0054919
0.00720857
0.0057147
0.00180105
0.00233241
0.00107667
0.00118894
0.00581756
0.0530786
0.00543786
0.000291825
0.000368367
0.00303111
0.00359483
0.00890715
0.0289032
0.00737474
0.00288491
0.00579361
0.000414412
0.00816227
0.0131853
0.00100065
0.00311885
0.00115893
0.00216703
0.00331754
0.00330177
0.000647677
0.00634621
0.003465
0.0109583
0.00290991
0.000174109
0.00227855
0.00156226
0.00145478
0.000533564
0.00551542
0.000196214
0.00212908
0.00414953
0.00916123
0.00531407
0.0389343
0.000667772
0.000916227
0.000611997
0.00683408
0.00163547
0.00181968
0.00139774
0.00173127
0.00236818
0.00628238
0.0122912
5.21829e-005
0.00168258
0.00341575
0.00867177
0.00254043
0.00119847
0.00138872
0.0158278
0.0130077
0.00226329
0.00204144
0.000378338
0.000456155
0.00790662
0.00083625
0.000427386
0.00470873
0.00218481
0.0099215
0
0.00829891
0.0361232
0.000415222
0.000698583
0.0238409
0.00615201
0.00268567
0.000925766
0.00243848
0.00913257
0.00404618
0.00330553
0.00300626
0.0647499
0.00176173
0.00671906
0.0030755
0.00116421
0.00252579
0.00310766
0.00102737
0.0136998
0.00213159
0.000277085
-5.24e-009
0.0132709
0.020338
0.00144707
0.00124667
0.00085776
0.00747783
0.0043555
7.32339e-006
0.00694134
0.00960399
0.00699371
0
0.003325
0.0012985
0.00449968
0.00319991
0.0122654
0.000818328
0.00130887
0.00321058
0.0128733
0.00874351
0.00107757
0.0019851
0.0185379
0
0.00916965
0.000988071
0.000683803
0.00423699
0.00292841
0.00215753
0.00302224
0.0174674
0.000849651
0.00604381
0.00160175
0.00106012
0.00743169
0.00237822
0.00578219
0.00223186
0.0011559
0.00107289
0.0169202
0.00750648
0.00594493
0.00481211
0.00190097
0.00161261
0.00412585
0.00569304
0.0018812
0.00247545
0.0010416
0.00351965
0.00435863
0.00100507
0.000816037
0.00202591
0.00673046
0.00754078
0.00193789
0.00781342
0.00747789
0.000440991
0.0352737
0.0264499
0.0109069
0.00119114
0.00131717
0.000888869
0.000947547
0.00091378
0.00786579
0.00105418
0.00943725
0
0.00269218
0.0436368
0.0144734
0.00895517
0.0084249
0.00253296
0.00129087
0.0540558
0.0657946
0.00663484
0.000121535
0.00155382
0.0254096
0.00200279
0.00100081
0.00904135
0.00115839
0.0068318
0.0021603
0.00173713
0.00193628
0.00164951
0.00054882
0.00892062
0.00133226
0.00126967
0.00151997
0.00337757
0.000562575
0.00587249
0.0309736
0.00531455
0.000553876
0.0067313
0.00136337
0.00137375
0.00412124
0.00154307
0.00408745
0.00033008
0.0641676
0.00520942
0.00211238
0.00897631
0.00163395
0.00392823
0.00279041
0
0.00282181
0.0027004
0.00777378
0.049559
0.0582059
0.00101486
0.00165618
7.40785e-005
0.00109476
0.000654464
0.0192736
0.00201538
7.89733e-009
0.000159758
0.00142528
0.0125009
0.0014931
0.000386151
0.00101156
0.00284445
0.000118416
0.00332911
0
0.0137407
0.0100408
0
0.00302249
0.00288196
0.00212582
0.00638953
0.00243589
0.00178876
0.0104337
0.00213752
0.00810536
0.00396485
0.00155354
0.010536
0.000320501
0.00238645
0.01266
0.00853434
0.00201948
0.00156546
0.0103099
0.0718816
0.00225652
0.00643947
0.0114941
0.00779639
0.00298201
0.00104504
0.00114762
0.00934809
0
0.00106139
0.0109803
0.00150747
0.00376905
0.00447857
0.00464911
0.00859514
0.00478032
0
0.00815355
0.00433695
0.00532874
0.00230352
0.00101429
0.00406573
0.00743394
0.00370638
0.0197081
0.00188491
0.00451495
0.00283798
0.00752073
0.0384322
0.00162346
0.000340743
0.000114559
0.000888729
0.000457278
0.0118323
0.00378947
0.0171032
7.83864e-006
0.00394448
-1.41017e-009
0.00330874
0.000791094
0.031207
0.00581073
0.0034933
0.00575035
0.000731378
0.00168343
0.00243409
0.00162883
0.000128114
0.00114316
0.0426352
0.0429252
0.00162815
0.000481608
0.004817
0.00566662
0.00649367
0.000257825
6.44177e-010
0.00217839
0.0039239
0.000743484
0.0020286
2.29291e-005
6.46837e-005
0.000945552
0.00139924
0
0.00153311
0.00163886
0.00743733
0.0566084
0.00155224
0.00220483
0.0563102
0.00190951
0.0046574
9.629e-005
0
0.000212849
0
0.00286027
0.000896847
0
0.000453768
0.00414834
0.00890133
0.00511898
0.00293149
0.0700102
0.00151789
0.00814829
0.00311115
0.0027162
0.00692722
0.00518948
0.0124724
0.00289389
0.0024422
0.00141415
0.00177402
0.00179721
0.000946682
0
0.0562757
0.000768245
0.00218375
0.00581693
0.0010582
0.00724031
0.00373314
0
0.00123354
0.000275263
0.00335371
0.00086923
0.00034453
0.00839344
0.000433003
0.00592998
0.00366822
0.00407524
0.00567282
0.00581307
0.0110082
0.00221494
0.00628459
0.00820542
0.000824785
0.00164612
0.00198968
0.00101583
0.00485306
0.000623817
0.00173969
0.00336653
0.00531297
0.00364888
0
0.00131843
0.00325024
0.000445555
0.000538396
0.0402541
0.0205867
0.00415714
0.00895751
0.00535319
0.00458533
0.0054759
0.000126253
0.00228514
0
0.000576759
0.000794884
0.00708471
0.000984987
0.0129494
0.0207281
0.00259311
0.00526337
0.00855165
0.00641762
0.00147008
0.000154279
0.00170661
0.00298995
0.0253548
0.00488822
0.082833
0.00695964
0.00350234
0.00145449
0.00706698
0.00291891
0.000193571
0.00101736
0.00218512
0.00034367
0.00463165
0
0.000170769
0.00400738
0.00372722
0.0413498
0.00123196
0.00211865
0.00644736
0.00333333
0.00643065
0.0104906
0.00140012
0.000575534
0
0.0245475
0.0264835
0.0120888
0.021392
0
0.0866246
8.64342e-005
0.00347516
0.000141798
0.00107919
0.0106466
0
0.000274051
0.00216737
0.00157112
0.102807
0.00192375
0.00258032
0.00330009
0.00126073
0.0077304
3.68524e-006
0.00149008
0.00610162
0.00174297
0.016979
0.0090877
0.0103824
0.000790613
0.0130798
0.0236775
0
0.00260976
0.00494248
0
0.00878107
0.00479367
0.00118688
0.00827926
0
0.00106233
0.00490861
0.019254
0.00646371
0.000123415
0.00128234
0.0108786
0.00893798
0.00452133
0.00608132
0.00184012
2.46804e-005
0.000827512
0.0044975
0
0.00677711
0.00510523
0.00179432
0.000936207
0.0029132
0.000368454
0.000242906
0.00798566
0
0.00659407
0.00375742
1.559e-005
0.00107562
0.00366493
0.0052306
0.108761
0.00159055
0.0262643
0.000931604
0
0.00314881
0.00576314
0.00915572
0.0163696
0.00189614
0.000420471
0.0118997
0.000841693
0.00893436
0.00786744
0.000757976
0.00608914
0.00113642
0.0010061
0.00415936
0.000755164
0.00395977
0.00222989
0.0010076
0.000631834
0.00970422
0.00209654
0.00749961
0.00088957
0.000814206
0.0349317
0.00847927
0.00960145
0.00156651
0
0.000853378
0.0029036
0.0335389
0.000481926
0.000975236
0.000534349
0.00100592
0.013145
0.000390252
0.000193039
0.00404081
0.00223488
0.048469
0.000176656
0.00246136
0.00319725
0.000405325
0.00297551
0.0009075
0.0117241
0.00400821
0.00298387
0.00470801
0.00828277
0.00300223
0.0103623
0.00346803
0.00193207
0.0240401
0.0036438
0.000966395
0.0805665
0.0141415
0.00181988
0.00174749
0.0198699
0.00109418
0.00403289
0.000743613
0.00379727
0.00289185
0.0026429
0.00186394
0.000852338
0.000370524
0.00205905
-3.61704e-012
0.00303167
0.0036586
0.00222079
0.00113584
0.00529713
0.00685526
0.00291341
0.00233192
0.00182877
0.00368944
0
0.00683328
0
0.00202341
0.00192899
0.025734
0.00190003
0.00237896
0.00565475
0.0017332
0.00255047
0.00109586
6.57795e-005
0.00192965
0.00622984
0.00133232
0.00241273
0.00051888
0.00101215
0.00352573
0.00523492
0.00390351
0.0108642
0.00152321
0.00198479
0.00729399
0.000443441
0.00472492
0.0416171
0.000520682
0.0407379
0.00352742
0.00489406
0.00195391
0.00212315
2.0284e-005
0.00153443
0.00162396
0.000801599
0.00321062
0.00400956
0.00153287
0.00125409
0.033552
0.000703093
0.00325438
0
0
0.00912544
0.00470303
0
0
0.00137392
0.0566716
0.00573894
0.00544374
0.0386669
0.00206611
0.0101841
0.00424867
0.0134403
0.001197
0.00895057
0.00137213
0.00371657
0.00193717
0.00981281
0.00576015
0.00152991
0.00200999
0.00160062
0.000277493
0.003562
0.00040425
0.00290059
0.00192323
0.00296028
0.000564011
0.00816415
0.00203586
0.000874385
0.000121534
0.00354275
0.00112646
0.00435505
0.00805644
0.00756381
0.0342769
0.00827026
3.40253e-010
0.00100398
0.000837106
0.00343796
0.0119064
0.00264441
0.0165959
0.000981285
0.00366428
0.000225169
0.00252954
0.0293078
0.0226702
0.00197405
0.00475203
0.00515675
0.0154329
0.0505971
0.00285253
0.00057529
0.00657098
0.00573887
0.000757619
0.018874
0.00553896
0.000829111
0.00116439
0.000232079
0.00360441
0.00542437
0.00367329
0.0207143
0.000704043
0.00552804
0.00103175
0.000271364
0.00314599
0.00115703
0.00317838
0
0.00163614
0.00692648
0.00251231
0.0142078
0.00251543
0.0015133
0.0462574
0.0115879
0.00876913
0.00431153
0.00261406
0.00333186
0.0016284
0.00522632
0.00459401
0.00134732
0.000332581
0.00106271
0.00959652
0.048947
0.00165155
0.00311959
0.0248859
0.000254417
0.00371679
0.00766811
0.00588898
0.0154672
0.00556164
0.00268707
0.0133937
0.0101295
0.00328112
0.000998804
4.13705e-005
0.00208302
0
0.00367913
0.00102197
0.00168502
0.00148041
0.00270933
0.00256013
0.000228193
8.81883e-005
0.00166577
0.00312992
0.00153402
0.00245594
0.00149527
2.09462e-005
0.00395911
0.0574636
0.00185682
0.00785717
0.0087407
0.00342486
0.0112235
0.00644056
0.0190041
0.00472539
-1.26227e-008
0.00240915
0.00615637
0.0106026
9.10128e-005
0.0038372
0.00195544
0.000155871
0.00251538
0
0.00524735
0.0114714
0.00740227
0.0356606
0.00773963
0.00132951
0.00163361
0.00892612
0.0018343
0.00369889
0.000654631
0.0459974
0.00875418
0.00832153
0.00146868
0.0102781
0.000985211
0.00509567
0.000700176
0.0108939
0.0102923
0.0031647
0.00126941
0.0155118
0
0.00397208
0.00460591
0.00437114
0.0032769
0.00328905
0.00285256
0.00278551
0.00824854
0.00228402
0.000114643
0.00390642
0.000318526
0.0038274
0.0288583
0.0334019
0.0221664
0.0188506
0.0877469
0.00395601
0.00326668
1.08552e-009
0.00283407
0.000506974
0.00309831
0.002947
0.00459515
0.0138929
0
0.00433323
0.00232722
0.00524664
0.0330117
0.00522469
0.00507827
0.0150372
0.00588679
0.00271843
0.0049505
9.27223e-005
0.00198649
0.00707655
0.00301548
0.00393204
0.0122177
0.00388541
0.00555693
0.00207939
0.00446676
0.00195958
2.79188e-006
0.017639
0.00688228
0.000314069
0.00388878
0.000660845
0.0126356
0
0.00201754
0.000848325
0.00639031
0.00810181
0.00361642
0.000248843
0.00253499
0.000870589
0.000321835
0.00759666
0.089356
0.00165483
0.00290961
0.00199382
0.00816974
0.00125607
6.06334e-007
0.0195792
0.00123993
0.00869677
0.00141468
0.00182204
0.00416439
0.000185131
0.0103114
0
0.0020972
0.00944986
0.00345384
0.00156213
0.0140632
0.00506775
0.000975089
0.0141993
0.000534681
0.000552442
0.000783684
0.00115278
0.00323421
0.00434762
0.00462913
0.000695226
0.00104688
0.00310267
0.0042356
0.000516335
0
0.00344435
0.0235469
0.000871466
0.00180505
0.0031085
0.0033348
0.0236748
0.00509885
0.00152031
0.00116647
0.0266307
0.0057333
0.00259922
0.0169779
0.0153659
0.000704206
0.0138702
0.0213215
0.00287166
0.000450283
0.00420428
0.0670221
0.00493275
0.00901075
0.00833606
0
0.00295251
0.00225064
0.00386038
0.00278834
0.00476733
0.00886757
0.00327513
0.00489678
0.00226787
0.00256342
0.00286872
0.000312916
0.00637883
0.000894963
0.00189603
0
0.00039176
0.0042606
0.00639282
0.00175186
0.00131601
0.0277433
0.00117084
0.000869908
0.00563726
0.00495245
0.00338726
0.0942777
0.0062855
0.000364188
0.00136576
0.00314887
0.00290663
0.00175993
0.00843288
0.000416984
0.00357277
0.00178707
0.000819319
0.00106836
0.000293482
0.0117907
0.001473
0.000754581
0.00564928
0.000782443
0.0257573
0.00225714
0.00225719
0.00372694
0.00132556
1.74298e-005
0.00368999
0.00379532
0.000344524
0.00979441
0.0140454
0.018699
0.00506134
0.0129537
0.00386512
0.00604485
0.0351888
0.00489153
0.000487745
0.00115643
0.000133796
0.0240462
0
0.00502382
0.00596484
0.0039069
0
0.00293423
0.00171745
0.000379516
0.00348247
0.00354742
0.000213059
0
0.00219847
0.00159975
0.00437582
0.00412213
0.00833548
0.00253224
0.000579682
0.00437166
0.00707804
0.000546564
0.000467665
0.00101364
0.00291074
0.000431473
0.0073859
0.00467741
0.00163011
0.00267402
0.00132033
0.00105576
0.00340679
0.00825931
0.00185737
0.00131016
0.00604589
0.000898886
0.00057483
0.000883927
0.00419339
0.0049206
7.82951e-009
0.00604043
0.00199965
0.00362341
0.000639246
0
0.0115097
0.00313176
0.00303952
-2.73178e-009
0.00676519
0.00193094
0.00249456
0.00981103
0.000809096
0.00154531
0.00133687
0.00278992
0.00173992
0.0648997
0.00457447
0.00285899
0.000792907
0.00111594
0.00107479
0.00509446
0.00264582
0.0141853
0.0176489
0.00100643
0.00675453
0.00038733
0.000671062
0.00381518
0.00240384
0.000328388
0.0069291
0.00758536
0.00474413
0
0.00520526
-1.12015e-010
0.00129323
0.0036456
0.00613564
0.0580193
0.0385837
0.00451911
0.00102761
0.00603097
0.00108517
0.000608946
0.00254761
0.00594082
0.00174482
0.0056866
4.41231e-007
0.00148094
0.00124995
0.000925026
0.0111356
0.000456353
0.00299901
0.00525404
0.00259052
0.0102239
0.00278529
0.00369193
0.00120834
0.00501709
0.0081753
0.000368949
0.00270009
0.000449744
0.00486131
0.00406565
0.00122122
0
0.0111295
0.0149483
0.00405034
0.00178808
0.00122353
0
0.00289123
0.004113
0
0.0330346
0.0051329
0
0.00100826
0.00100826
0.00949736
0.00190433
0.0461779
0.0197633
0.00465821
0.00240706
0.00475186
0.028062
0.00897017
0.00420819
0.00246427
0.00171661
0.00135097
0.004529
0.0017409
0.0183114
0.00280585
0.000271684
0.00204056
0.0106864
0.00307628
0.00213824
0.00261023
0.0038614
0.00978655
0.00258275
0.00143007
0.0219218
0.0155339
0.0172265
0.000947294
0.00121118
0.00208142
0.00810523
0.00436251
0.0094639
0.00120241
0.00137199
0.00561087
0.00103577
0.00338981
0.00200104
0.000484533
0.0011469
0.00221479
0.00717427
0.000512649
0.000426512
0.00932442
0.00406679
0.00321545
0.00542625
0.0018641
0.00609083
0.0143276
0.0150436
0.0024596
0.00729793
8.15704e-005
0.0190238
0.000524286
0.0110376
0.00152998
0.00334001
0.000523427
0.00170875
0.0135548
0.00283469
0.00170431
0.00114409
0.007538
0.0096108
0.00155184
0.00203056
0.00543808
0.0816672
0.015487
7.45256e-006
0.00196594
0.00177534
0.0564655
0.000918994
0.000397983
0.0166494
0.004263
0.000647825
0.0355805
0.0150667
0.00180065
0.0048749
0.000527603
0.00251285
0.0187038
0.00197528
0.00272237
0.00916487
0.00101159
0.00353249
0.00123491
0.00467025
0.00111908
0.00578839
0.00190841
0.00320162
0.0115055
0.00123024
0.00276423
0.000239787
0
0.00279304
0.0290915
0.000251865
0.00110213
0.0127144
0.122393
0.136274
0.000855251
0.00241073
0.00213484
0.00855533
0.00431876
0.00365249
0.00235468
0.0110829
0.00215729
0.00187617
0.00365452
0.00453832
0.00289637
0.0157821
0.00346535
0.011881
0.00855179
0.0126165
0.012945
0.01364
0.00329902
0.00297804
0.00630225
0.000788219
0.0196834
0.00332063
0.0110498
0.0172078
0.00337408
0.00229143
0
0.00150846
0.00119116
0.0139767
0.00498359
0.00279837
0.00224047
0.00930084
0.0624378
0.0181413
0.00290376
0.0201444
0.00639605
0.0111081
0.000340622
0.000318542
0.0083645
0.000735048
0.00389408
0.000197562
0.0174866
0.0020305
0.00553968
0.00725446
0.00318721
0.000640803
0.00193095
0.0277427
0.00189946
0.00134211
0.00547692
0.000718873
0.0021157
0.00212326
0.00350745
0.00346001
0.00118704
0.00133619
0.00783271
0.00406164
0.000113049
0.00612686
0.0215344
0.0111763
0.00290246
0.00835593
0.00390417
0.000913661
0.000131049
0.00237597
0.00994279
0.010745
0.00139614
0.00322483
0.000590777
0.00151165
0
0.0256566
0.00188843
0.00101179
0.00536671
0.00162611
0.00332929
0.0430335
0.012117
0.00207224
0.000612498
0.000130943
0.00379656
0.00460914
0.00999518
0.00327278
0.00151062
0.000347394
0.0305666
0.000751029
0.00605929
0.00761307
0.000756178
0.000809583
0.0180643
0.000275262
-6.03537e-009
0.00170947
0
0.031315
0.00521033
0.00196415
0.00316578
0
0.00410005
0.00171236
0
0.00866453
0.0019365
0.00761218
0.0309121
0.000431413
0.000948592
0.000873037
0.00410557
0.00580885
0.000623132
0.00673701
0.000563277
0.000565531
0
0.00109345
0.00881508
0.00332459
0.00566005
0.00470769
0.00460901
0.0105355
0.00154436
0.0112912
0.000585809
0.00156568
0.00392424
0.0148701
0.000285337
0.0058333
0.00110106
0.0136539
0.00501612
0.00452145
0.000236505
0.00144335
0.00137345
0.000306755
0.000297961
0.000344392
0.00146434
2.00968e-009
0.00230718
0.00171408
0.000329452
0.00110607
0.00129248
0.0746148
0.000972214
0.0028653
0.0020559
0.00784555
0.0365046
0.000655902
0.00467728
0.00616697
0.0025771
0.00241336
1.55176e-007
0.00648421
0.00729836
0.00692657
0.000827528
0.00381244
0.00586163
0.00107108
0.000447707
0.00104579
0.00222694
6.303e-005
0.00193416
0.00945285
0.00169145
0.00555687
0.00134219
0.0176702
0
0.0205398
0.00103319
0.0450534
0.0025863
0.00231133
0
0.00238386
0.00112076
0.0116834
0.00201038
0.00249898
0.00398933
0.00324032
0
0.000897138
0.00692362
0.000853236
0.0111545
0.00173268
0.00220015
0.00263582
0.00254095
0.00363628
0.00205093
0.000254691
0.000878309
0.00556334
0.00799801
0.0037667
0.00205113
0.00557979
0.00255901
0.00233091
0.00460667
0.000992746
0
0.000781471
0.00211457
0.0172284
0.0174356
0.00260761
0.000690572
0.0326838
0.00351667
0.000745269
0.00904995
0.0122629
0.00178967
0.0031596
0.000446881
0.000612819
0.000637508
0.00176778
0.00443524
0.0128384
0.00283511
0.00174099
0.00738411
0.00167946
0.00307522
0.00732655
0.00147758
0.0113791
0.00365776
0.025048
0.00243968
0.00166356
0.00778778
0.0147472
0.00336559
0.00369176
0.000986127
0.000234048
0.00125009
0.00322265
0.00296438
0.027991
0.0161614
0.00652431
0.00522539
0.0012215
0.000781707
0.000605856
0.000945814
0.00284359
0.00189169
0.00164848
0.00023124
0.00109794
0.00509255
0.0188334
0.000440087
0.0177091
0.00282338
0.00748911
0.000993627
0.00368935
0.00490536
0.017014
0.00176819
0.00333944
0.00360801
0.00598763
0.00637058
0.00384644
0.00367657
0.000288937
0.000464208
0.0252879
0.00127793
0.00104147
0.0596254
0.015377
0.00151167
0.00502008
0.0157509
0.0197377
0.00274214
0.00185964
0.00192411
0.00041926
0.00194289
0.00895677
0.0114794
0.00496929
0.00334896
0.00123948
0.00321869
0.00215416
0.00126814
0.000605826
0
0.00178907
0.0225177
0.0149253
0.00123991
0.000511617
0.00506392
0.0443295
0.00453771
0.000786294
0.00228241
0.0122174
0.00350036
0.0108797
0.000788374
0.00141231
0.00425488
0.00186494
0.00101547
0.0011655
0.0341137
0.0364505
0.000932553
0.0195623
0.00517575
0.00174052
0.00286121
0.000989509
0.0375272
0.00251626
0.0144234
0.0582893
0.00149856
6.06941e-005
0.00202048
0.0229945
0.0013055
0.00372001
0.00192316
0.00169593
0.00150785
0.00125335
0.000182671
0.0012096
0
0.0007794
0.00445238
0.000514528
0.00220329
0.0024463
0.00487901
0.00254927
0.0579365
0.0396496
0.000143716
0.00155631
0.00990252
0.0244196
0.00239213
0.0210863
0.00176341
0.0147192
0.00850796
0.00127148
0.00270666
0.0138864
0.000936293
0.00291201
0.00683182
0.00293623
0.000373182
0.00720013
1.1217e-005
0.0342207
0.00832346
0.0779524
0.00505129
0.00605712
0.0216604
0.0014528
0.00125754
0.00104283
0.00566239
0.00181947
0.00569627
0.00153593
0.00491999
0.00944521
0.0159751
0.00434671
0.00191348
0.00316726
0.00213374
0.000683724
0.0369899
0.0110097
0.00183525
0.00282232
0.00278672
0.00611304
0.00190505
0.0246647
0.0144494
0.000417769
0.0158215
0.00611959
0.0182061
0.00310247
0.000815965
0.0018202
0.000143648
0
0.00136459
0.0568535
0.00925154
0.00927919
0.00143299
0.00492696
0.00645777
0.00152472
0.00229934
0.00162692
0.00226747
0.01966
0.0240171
0.000572884
0.00162699
0.0114785
0.00177105
0.00874845
0.0115946
0.00611221
0.00228567
2.97598e-005
0.00108736
0.000862752
0.0379996
0.00108391
0.000111205
0.00236613
0.00408826
0.00123084
0.00105073
0.00671106
0.00164796
0.0164946
0.00120728
0.000758312
0.00850549
0.0010091
0.00032201
0.00421928
0.00956072
0.00213431
0.00443328
0.0325526
0.00114993
0.00394347
0.000591549
0.0139144
0.00368947
0.0350989
0.000754203
-1.1112e-008
0.00178721
0.00336557
0.0506867
0.00414816
0.00385623
0.0034066
0.00312408
0.00335608
0.000960713
0.00236597
0.00281445
0.0107448
6.16222e-005
0.00407854
0.00318847
0.000835451
0.00249444
0.0323321
0.00411294
0.0013771
0.0194558
0.00103441
0.00518392
0.000476122
0.00207969
0.00501418
0.00328051
0.00177482
0.00062796
0.0580207
0.0130491
0.0379681
0.00097004
0.00165845
0.00777599
0.0100976
0.00521898
0.00487796
0.000526077
0.0917206
0.00129898
-1.51532e-010
0.00394302
0.00141118
0.00347169
0.00431319
0.00182063
0.00445632
0.00211024
0.00496396
0.000878222
0.0044938
0.00574959
0
0.00119485
0.00218167
0.0108153
0.0218238
0.00397271
0.000515902
1.07559e-005
0.00777581
0.00352136
0.00282089
0.0134321
0.00496968
0.000785918
0.00104705
0.0919755
0.00239475
0.00030425
0.0626799
0.0083673
0.00282135
0.00586235
0.00388439
0.00431008
0.0204512
0.0240341
0.00502506
0.0139413
0.00204056
0.00133195
0.00678196
0.00353856
0.0572449
0.000463124
0.00046616
0.00638202
0.0133671
0.00965464
0.00094482
0.00701453
0.00460816
0.000552917
0.00933223
0.0101891
0.0028648
0.000735063
0.000315778
0
0.00153483
0.00094529
0.00598702
0.00121873
0.000347096
0.00582704
0.00439989
0.000393788
0.00126742
0.00366416
0.00166647
0.00638947
0.0178534
0.00104914
0.00504111
0.00134499
0.0115308
0.00176305
0.00264179
0.000194872
0.000842104
0.00759667
0.00384317
0.00341364
0.0439409
0.00517348
0.00607494
0.00026927
0.00129861
0.00305111
0.00654638
0.00405524
0.00282925
0.00346048
0.000568266
0.00394987
0.00738285
0.00129493
0.00172654
0.0247059
0.00817145
0.00189562
0.0052029
0.0044054
0.00808165
0.000159146
0.00209224
0.00226558
3.43297e-005
0.00295073
0.00115281
0.00687322
0.00246624
0.00499689
0.00136177
0.0064098
0.00126061
0
0.00560407
0.00675889
0.0145435
0.000810383
0.00848323
0.000909295
0.00252239
0.00254668
0.00448935
0.0136662
0.0165918
0.00145914
0.00310893
0.00560573
0.00715879
0.00272693
0.00182248
0.00283793
0.00204775
0.000299123
0.00020433
0.00602388
0.00490635
0.00513015
0.00157887
0.00145138
0.000470299
0.00273098
0.00332301
0.000165766
0.00792469
0.0241216
0.000860465
0.00248174
0.00953391
0.00476428
0.00249302
0.00394493
0.00199544
0.00208207
0.000662528
6.50648e-005
0.00335285
0.040919
0.0123742
0.00246243
0.00130821
0.0014331
0.000977141
0.00212434
0.00291443
0.00253549
0.00352642
0.00118502
0.00416014
0.00203072
0.0210936
0.0075268
0.00959635
0.00123984
0.00807353
0.00345051
0.00802861
0.0157689
0.00140149
0.00318538
0.0044212
0.00208007
0.0079224
0.00150867
0.000342145
0.00075232
0.00154997
0.00420144
0.00138782
0.000948125
0.000228721
0.0156086
0.00223954
0.00735428
0.000563531
0.00257276
0.000919089
0.00321011
0.00172876
0.000813435
0.00986871
0.0121936
0.00102463
0.0772431
0.00274824
0.00183414
0.00869662
0.00642833
9.56406e-005
0.000291161
0.0174054
0.000535273
3.3035e-009
0.000478482
0.0673358
0.00907236
0.00181588
0.00118406
0.000375046
0.00200276
0.00117927
0.00159269
0.0049552
0.0150693
0.00012843
0.000690834
0.0548413
0.00424341
0.000867429
0.00394063
0.00135549
0.0028504
4.5674e-005
0.00554491
0.000408909
0.0183785
0.0576643
0.00420235
0.0255766
0.00130495
0.00202586
0.0012938
0.00113175
0.00299933
8.20972e-005
0.00258498
0.00091378
0.00177767
0.0546832
0.00264532
0.00366346
0.000874852
0.00283387
0.107689
0
0.00691659
0.0178244
0.0014135
0.000711518
0.00132212
0.0057762
0.00409199
0.00283433
0.00635839
0.0189099
0.00293644
-7.37436e-009
0.0066431
0.00441873
0.00340592
0.0379048
0.000668908
0.00334607
0.0033415
0.018151
0.0089217
0.00447942
0.0041046
0.00439471
0.00445134
0.00227938
0.00195494
0.00222881
0.00174906
0.0154344
0.00200193
0.00298972
0.0890309
0.00582288
0.00522071
0.00647471
0.00040977
0.0108396
0.00465166
0.0175248
0.000964817
0.00945576
0.000940654
0.0010084
0.000422952
0.00272941
0.0019265
0.0132684
0.0574801
0.00200799
0
0.00707275
0.00388427
0.0176249
0.00676243
0.0268647
0.00939031
0.00162698
0.00149912
0.000914953
0.0014291
0.00521784
0.00171327
0.00402112
0.0028867
0.000942268
0.0245214
0.00204585
0.00665367
0.00394067
0.0133297
0.00287169
0.00274994
0.00652205
0.000191604
0.00113248
0
0.0121248
0.0019885
0.00186542
0.0027583
0.00284983
0.00177018
0.0166668
0.000224918
0.00326132
0.00208737
0.0133572
0.000894979
0.0167513
0.00674929
0
0.00936069
0.00294363
0.000491945
0.00270702
0
0.00335523
0.00253497
0.0203202
0.00109651
0.00127549
0.039495
0.00600729
0.00397684
0.011091
0.00340172
0.00224155
0.00604679
0.00296545
0.00910727
0
0.0334591
0.0180417
0.00106527
0.0107676
0.00338331
0
0.000292429
7.0229e-005
0.0139159
0.00203418
0
0.0371032
0.000918088
0.00541555
0.00154368
0.0200517
0.00599301
0.000158347
0.00833432
0.00576497
0.00237072
0.00407711
0.00606452
0.00134737
0.0025601
0.00752294
0.00433815
0.000913899
0.00290328
0.0129941
0.00608151
0.012552
0.00514613
0.00180601
0.0150726
0.00140745
0.00979442
0.0772941
0.0012882
0.00328846
0.00368734
0.0163259
0.00143344
0.0250836
0.00105705
0.00123834
0.00118569
0.000295615
0.00104613
0.00547311
0.0379708
0.00200439
0.00524231
0.000445675
0.00015235
0
0.0057395
0.0057281
0.000334412
0.0526448
0.010469
0.00433173
0.00516673
0.00113338
0.0180847
6.98217e-009
0
0.00406226
0
0.00140934
0.0408852
0.00180603
0.00224643
0.00438958
0.00979201
0.00852621
0.0133222
0.0128977
0.00101143
0.00178757
0.0034758
0.00917141
0.00210006
0.00284983
0.0106778
0.00328622
0.0322416
0.00171059
0.0034757
0.00603497
0.00512958
0
0.00457281
0.00164503
0.0088766
0.00526077
0.0041475
0.07405
0.000463211
0.00131873
0.004681
0.0084785
0.00257543
0.025051
0.000683129
0.00181192
0.00254313
0.00957502
0.00974128
0.0102273
0.000540087
6.34656e-009
0.0006466
0.00438874
0.00268118
0.00108816
0.000706379
0
0.000327385
0.00945751
0.00608779
0.00665725
0.0086212
0.00543118
0.000789534
0.000530899
0.000619877
0.00261733
0.012096
0.00416274
0.00742733
0.0093553
0.0360507
0.00187132
0.0831721
0.00178553
0.00640076
0.000963476
0.0124773
0.0217234
0.00753266
0.00732236
0.00461539
0.00842098
0.00189152
0.00150436
0.00381753
0.00954645
0.000257233
0.00283879
0.0024462
0.00918115
0.000875347
0.00559849
0
0.000828393
0.000880292
0.0196435
0.00226557
0.0165402
0.00044712
0.000824477
0.00242319
0.00173027
0.000583276
0.0107411
0.00855324
3.50249e-006
0.0039517
0.00374815
0.00151474
0.00052211
0.00154007
0.00093483
0.00560263
0.0236724
0.00424763
0.00240365
0.021936
0.0403302
0.00139649
0
0
0.000876986
0.0234792
0.00142117
0.00100617
0.00151295
0.000192208
0.000968052
0.00647438
0.00195951
0.00250962
0.00237778
0.00148377
2.70155e-005
0.00724383
0.0782934
0.00285503
0
0.00564337
0.00335907
0.0212723
0.003456
0.00315966
0.00242878
0.00200276
0.000900833
0.000801409
0.00144161
0.000801524
0.000636807
0.00860666
0.0203352
0.00724844
0.00150954
0.00862308
0.00280823
0.00472124
0.00316501
0
0.00132721
9.84532e-006
0.00155193
0.00270347
0.0096016
0.0119683
0.00890304
0.0017672
0.00375245
0.0017992
0.00678928
0
0.00122468
0.0011678
0.000383348
0.002159
0.00528404
0.00422356
0.00199664
0.00249808
0.00246288
0.00646021
0.00532859
0.00773598
0.00347849
0.00130415
0.00363562
0.00497354
0.00485641
0.00465393
0.0108603
0.0111518
0.00628241
0.00600699
0.00588952
0.00118763
0.00980468
0.00041503
0.00104773
0.00470532
0.00109467
0.00548316
0.0022715
0.0104056
0.00669598
0.0132193
0.00681984
0.00617763
0.00521423
0.00499459
0.000798744
0.00610712
0.00526599
0.00497183
0.00362141
0
0.00729452
0.020974
0.00125867
0
0.00369646
0.00155281
0.00535979
0.00166223
0.00337182
0.0228695
0.00079169
0.0251192
0.0227944
0.0147956
0.00190406
0.0599524
0.00273776
0.0114551
0.00242179
0.0198077
0.00453183
0.000590838
0.12747
0.0452346
0.00878275
0.00235906
0.00721385
0.00309392
0.00092313
0.000650843
0.000542087
0.000757238
0.00899374
0.00903768
0.0209752
0.0038552
0.00567723
0.0121936
0.0130795
0.00165615
0.00153762
0.00135756
0.0122156
0.00157379
0
0.000982917
0.00279722
0.00104938
0.0152613
0.00791189
0.00847482
0.0102001
0.0019062
0.0157479
0.000824825
0.00195656
0.00142555
0.0019221
0.00358848
0.00266003
0.00755284
0.00173521
0.00180962
0.00822326
0.0693743
0.00306693
0.0502355
0.00544411
0.00244296
0.0992269
0
0.0286315
0.00183445
0.00251975
0.00932592
0.00310826
0.000656708
0.067133
0.000815166
0.0386511
0.000471103
0.0136321
0.0057905
0.0105682
0.00546183
0.0106486
0.00373154
0.00498534
0.0203789
0.00350091
0.00248073
0.00323971
0.00161855
0.014586
0.00751907
0.00238104
0.00305707
0.00164034
0.00317388
0.000835913
0.00295139
0.00360838
0.00238982
0.000273667
0.000518341
0.00164923
0.0120629
0.00320726
0.033449
0.00562358
0.00557056
0.00466273
0.00262868
0.00632722
0.0142752
0.00264396
0.0113295
0.000649993
0.00207372
0.0075117
0.0741251
0.00133439
0.00479273
0.00207019
0.000214723
0.0100055
0.00502015
0.0126837
0.00878499
0.0199496
0.00855165
0.0252478
0.0187218
0.0113928
0.00474984
0.0150937
0.012713
0.000909245
0.0129859
0.000728272
0.00192934
0.0011695
0.00249086
0.00245078
2.0103e-009
0.00272297
0.0018463
0.000655284
0
0.00492292
0.000694543
0.00986458
0.000755781
0.00317672
0.0349578
0.00140273
0.00308545
0.000421217
0.0184457
0.0465504
0.00329858
0.00321225
0.00205167
0
0.00233226
0.0040287
0
0.000686493
0.00515281
0.00505992
0.0023522
0.00493321
0.0185801
0.00352178
0.00951716
0.000652705
0.00484939
0.00261638
0.00681678
0.000216381
0.0122654
0.00199784
0.00124397
0.000454558
0.00177785
0.00312217
0.00177079
0.0312492
0.00273529
0.000451289
0.000839014
0.0225411
0.00611193
0.000800587
0.00181174
0.00524035
0.00371872
0.00222017
0.00575208
0.00551107
0.00119266
0.00400834
0.0255555
0.00627644
0.00070966
0.000930347
0.00347789
0.00958857
0.0141644
0.004076
0.0553403
0.00170237
0.0175796
0.0130762
0.0176317
0.0065262
0.000190474
0.0152328
0.0128911
0.00366821
0.000635812
0.000682845
0.000996993
0.00320152
0.00353651
0.000758645
0.0403419
0.0396666
0.00116898
0.0312071
0.0265969
0.018974
0.0593262
0.0260189
0.00274924
0.0201237
0.00313596
0.00338554
8.91731e-008
0.00210544
0.00343815
0.00121377
0.00886189
0.00037841
0.00278254
0
0.00320001
0.00813241
0.00849309
0.000539901
0.00962076
0.024903
0.00700361
0.0175547
0.0112449
0.00648088
0.000620347
0.0415269
0.00924886
0.00033419
0.00252816
0.00437071
0.00349612
0.00671093
0.0032393
0.00258508
0.0235551
0.000872062
7.33088e-005
0
0.010192
0.0160852
0.000600375
0.01813
0.00183167
0.00461172
0.0112298
0.00551585
0.0256666
0.0106992
0.0207201
0.000153219
0.00115979
0.00291601
0.00921685
0.0013781
0.00274917
0.00207346
0.00141553
0.00104618
0.00121491
0.0400507
0.000286903
0.00323207
0.000995668
0.0165051
0.0167919
0.00103533
0.000548105
0.0404347
0.025966
0.00309993
0.00369824
0.000694595
0
0.000109461
0.0334974
0.0163672
0
0.00481516
0.00197032
0.00188661
0.000613826
0.0548918
0.00120688
0.000181907
0.000547444
0.000379467
0.0011815
0.00112251
2.13986e-011
0.0020686
0.00025484
0.000823431
0.00317983
0.0101604
0.000135986
0.000565325
0.00909826
0.0248091
0.00557913
0.00193489
0.0166906
0.000697894
0.000563831
0.00125003
0.000446585
0.00125259
0.00195426
0
0.000947168
0.00404494
0.0152225
0.00710575
0.0206374
0.00273407
0.00285615
0.0101239
0.00066568
0.0432754
0.00383829
0.00821137
0.00292045
0.000192875
0.00375204
0.000715452
0.00231635
0.00113351
0.0178109
0.00260654
0.00501535
0.00139211
0.00363658
0.00337929
0.00116476
0.00125598
0.00688023
0.00287306
0.00107403
0.00622573
0.0113987
0.00302007
0.00977077
0.00343681
0.000884154
0.00603952
0.00347701
0
0.00332911
0.00102438
0.00154164
0.00068781
0.00260888
0.0060805
0.00469241
0.0036018
0.00779175
0.0112149
0.00447233
0.0488106
5.28267e-006
0.00671183
0.00934548
0.0140758
0.00606322
0.00353967
0.00113708
0.00735262
0.017589
0
0.00099346
0.00159373
0.00245078
0.000335507
0.00229657
0.000666615
0.00392502
0.00330347
0.00212078
0.00305484
0.00157062
0.000365998
0.00275209
6.76197e-005
0.00275674
0.00936663
0.000606734
0.00360952
0.0012823
0.000146174
0.000370816
0.00164721
0.00133072
0.00112144
0.0039701
0.00399955
0.00396528
0.00375102
0.00304479
0.00625851
0.00543709
0.00338088
0.010751
0.00353788
0.00543991
0.00046668
0.00010899
0.0102638
0.00206219
0.0199466
0.00390742
0.00266718
0.00432453
0.00193636
0.00489134
0.00224873
0.0119453
0.00233606
0.00119185
0.0263144
0.00229531
0.0251024
0.00364052
0.00108705
0.0620242
0.00262256
0.0020274
0.00436018
0.00610781
0.00313139
0.000717554
0.00768076
0.0249669
0.000667155
0.00671069
0.00132651
0.00712734
0.012505
0.00692814
0.00109331
0.00127725
0.00197058
0.00566535
0.00349421
0.00186877
0.00919446
0.0022148
0.000414122
0.000814151
0.0143574
0.0124377
0.158366
0.00306637
0.00135768
0.00107394
0.000320042
0.000439159
0.0234394
0.00104427
0.000705822
0.00804798
0.113779
0
0.00998515
0.00737324
0.000347978
0.000489471
0.00417237
0.00645586
0.00798806
0.0195453
0.00126148
0.00102549
0.00273151
0.00681886
0.00344733
0.00163041
0.00010188
0.00167107
0.0037515
0.00393907
0.00372509
0.00278286
0.000678394
0.000714456
0.0028853
0.00177642
0.0124609
0.0311034
0.0866393
0.000413668
0.0392244
0.00880214
0.00128526
0.00763796
0.00141212
0.000549556
0.0209384
0.00214264
0.000445055
0.00324712
0.000507247
0.019389
0.0073663
0.00198184
0.00287722
0.00566443
0.00178176
0.0028803
0.000386657
0.0472816
0.00197739
0.0104239
0.0056461
0.00738229
0.00184857
0.000745469
0.00264544
0.00754656
0.00310601
0.00342186
0.00207466
0.00439622
0.00572817
0.000103603
0.000130968
0.00396281
0.0219813
0.0104242
0.00169885
0.00307972
0.00429047
0.0156668
0.0118523
0.00279527
0.0054311
0.0027798
0.00317605
0.0082769
0.00343407
0.000838821
0.000547063
0.00071442
0.0106719
0.000239234
0.00314628
0.00344196
0.00840787
0.00139687
0.0061184
0.00529953
0.021218
0.007506
0.00878993
0.00921603
0.0141443
0.0100618
0.0098504
0.0774251
0.00157886
1.14558e-008
0.00115165
0.000501556
0.00145658
0.00173428
0.00679137
0.00221222
0.000206367
0.0376784
0.00488633
0.0269856
0.0240807
0.0010822
0.00222861
0.00243909
0.00335328
0.0023963
0.0108812
0.00181612
0.000920665
0.0248373
0.011039
0.00100181
0.00502886
0.00414874
0.0222424
0.00113088
0.0821458
0.0079516
0.00948849
0.00519691
0.0223319
0.00916477
0.0115301
0.00576812
0.00208064
0.0104683
0.0195917
0.00539365
0.0371385
0.00414904
0.0254449
0.0006154
0.00131338
0.000576856
0.00110521
0.000846468
0.00111921
0.0100547
0
0.0122287
0.0311973
0.0264383
0.000376766
9.17548e-005
0.00303975
0.00889427
0.00087074
0.0010869
0.00223293
0.00810511
0.0017056
0.00451912
0.00864419
0.00769794
0.0101245
0.00104557
0.000481598
0.00109852
0.000770894
0.00473696
0.00229776
0.00114503
0.00531103
0.0157547
0.00186505
0.00220205
0.00254132
0.0124528
0.00421822
0.00723807
0.00275377
0.015295
0.0158465
0.000506861
0.000709744
0.00292386
0.00037761
0.009095
0.00472859
0.00155819
0.00575356
0.00228657
0.025797
0.00194917
0.00638188
0.00385282
0.00532534
0.00737177
0.00189808
0.00873036
0.00439708
0.00618022
0.00242419
0.00285564
0.00441987
0.0111199
0.00703701
0.00786129
0.0101205
0.00383598
0.000920431
0.0035949
0.0030705
0
0.00261876
0.00272923
0.0110622
0.0127717
0.0136488
0.00657068
0.00192318
0.00758332
0.000158232
-9.22966e-009
0.00557123
0.00572991
0.000486789
0.00100344
0.00127084
0.0114625
0.0185052
0.0112511
0.00144085
0.00953815
0.00319368
0.00136904
0.0228117
0.00274912
0.00230507
0.00145918
0.00368245
0.0124977
0.00140385
0.0066341
0.0475307
0
0.00325785
0
0.0015097
0.000165229
0.00569654
0.000627286
0.00355967
0.00140591
0.00116475
0.00127615
0.0281735
0.00436473
0.0138462
0.00767174
0.0072723
0.00187604
0.00586872
0.000628874
0.0127547
0.00615097
0.0241848
0.00123682
0.0011771
0.00899913
0
0.0128048
0.0498831
0.0515856
0.00391245
0.028177
0.0035002
0.0085639
0.00107671
0.0312855
0.0020688
0.00441909
0.00176571
0.00753247
0.00329813
0.00887602
0.00187932
0.000561239
0.00154075
0.000226228
0.00855117
0.00410145
0.00317043
0.00387195
0.00230134
0.00820717
0.00514476
0.119321
0.000787021
0.00195252
0.0016234
0.0076856
0.00531365
0.00390176
0.00314651
0.000816439
0.00763653
0.0130839
0.000333514
0.00977332
0.0187585
0.0130416
0.00547422
0.00209706
0.000156846
0.00105974
0.00420276
0.00546348
0.0157069
0.000657892
0.00369936
0.00241019
0.00381503
0.00213905
0.0716527
0.0349864
0.0357105
0.00341592
0
0.00325766
0.00754044
0.0158373
0.00398168
0.00130941
0.000888051
0.0155354
0.00131514
0.0076103
0.00166081
0.00119149
0.00312235
0.000354056
0.00480448
0.0542762
0.0052951
0.00305492
0.0192148
0.00155983
0.0148793
0.00160371
0.00220852
0.0076469
0.0054951
0.0019318
0.0160013
0.0257499
0.00317475
0.00192764
0.00182242
0.00973209
0.0247567
0.0103966
0.0143605
0.0023015
0.00648217
0.00394665
0.00159938
0.00122638
0.000841772
0.00204505
0.00590147
0.0514719
0.0611102
0.00429874
0.00382607
0.0925927
0.054964
0.00207053
0.00836703
0.065409
0.00224745
0.00532089
0.00189919
0.00622947
0.033172
0.035254
0.00277011
0.0110458
0.00233981
0.00258892
0.00450282
0.00455035
0.00602948
0.00117856
0.00267882
0.00339366
-1.15892e-008
0.000372147
0.00241782
0.00157184
0.00289143
0
0.0163095
0.0278514
0.0107822
0.0172888
0.0189264
0.0160737
0.00280966
0.00126128
0.00447198
0.00123998
0.00293052
0.00173954
0.00392077
0.00779555
0.00409992
0.00943881
0.000573967
0.00281261
0.00388968
0.00360241
0.00729224
0.00955596
0.0049678
0.0138357
0.00100168
0.00516051
0.00136132
0.00146404
0.00274124
0.00103225
0.0256059
0.0257681
9.40873e-005
0.00100804
0.00633195
0.000553841
0.00254556
0.0106278
0.00906392
0.00434051
0.00337398
0.00383445
0.00761884
0.00483631
0.00479496
0.000791962
0.000704062
0.000522657
0.00511078
0.00456525
0.00363171
0.00465071
0.00459911
0.00801784
0.00804642
0.00642002
0.0129961
0.00422721
0.00555461
0.00215417
0.00365779
0.00164101
0.00359369
0.001676
0.00041408
0.00402606
0.00137819
0.0107223
0.00482094
0.00403325
0.00773271
0.00307571
0.00117921
0.00138318
0.00102808
0.00521874
0.00104923
0.00324004
0.0033929
0.00240845
0.00850638
0.00154703
0.00503715
0.00221603
0.000612773
0.00367865
0.00567349
0.00219869
0.00391298
0.002486
0.00103148
0.000498373
0.00149309
0.00827246
0.00284705
0.00882139
0.0232073
0.017757
0.00330009
0.00567842
0.0026006
0.0345749
0.00166795
0.00675549
0.0395977
0.00224781
0.00363556
0.046015
0.0045525
0.00422118
0.00559367
0.00210102
0.00793422
0.0530876
0.00187248
0.00113702
0.00524733
0.0168081
0.00353501
0.0125018
0.00235165
0.00283038
0.00406697
0.000155034
0.0114152
0.00888868
0.00271996
0.00162512
0.00254643
0.00586907
0.00884985
0.00877432
0.00239412
0.00195194
0.0421388
0.00846721
0.0282042
0.00264076
0.00594568
0.00538825
0.000601781
0.00441389
0.00863025
0.0117957
0.00263438
0.000607579
0.0411004
0.0323252
0.0053043
0.00232219
0.0700709
0.0216291
0.00337429
0.00198021
0.0277508
0.0033705
0.013194
0.0109905
0.00553595
0.00541106
0.0101682
0.00188961
0.00438513
0.00705767
0.00144577
0.0117705
0.00399894
0.0189114
0.0183718
0.0127208
0.00277141
0.0339569
0.00230863
0.108121
0.00283272
0.00408096
0.0257293
0.00913289
0.0118948
0.0168094
0.00366802
0.00123458
0.0478527
0.00959111
0.00606102
0.0109814
0.00150966
0.00642853
0.00618898
0.0093119
0.00139935
0.00318898
0.00053134
0.00171205
0.00551594
0.000420454
0.00518052
0.0036833
0.00200377
0.00169412
0.00164786
0.0111188
0.0132074
0.00804657
0.000823806
0.000599931
0.00124484
0.00476587
0
0.000917292
0.00376844
0
0.0063037
0.00148467
0.0171133
0.00142906
0.00288391
0.00297568
0.00488258
0.0374916
0.00300369
0.00146388
0.00190491
0.000358242
0.00262155
0.00116965
0.0245358
0.00281509
0.00175405
0.000598139
0.0055448
0.0336482
0.0438773
0.0157569
0.00263978
0.012047
0.0143684
0.00627831
0.0103265
0.00199197
0.00104355
0.0014701
0.00758692
9.13726e-005
0.00691101
0.0053236
0.0123779
0.00382545
0.00258105
0.0120858
0.0123284
0.00211264
0.012862
0.00163859
0.00575942
0.0196561
0.013615
0.00436663
0.0056804
0.016498
0.00512513
0.0450192
0.0343149
0.00152477
0.00128543
0.0015682
0.00650167
0.000722575
0.0110311
0.00655699
0.00622649
0.00593146
0.00135616
0.00470928
0.00059182
0.00704024
0.00997779
0.00738558
0.0174509
0.0227279
0.00382918
0.00169464
0.00291804
0.00171156
0.00218852
0.0149834
0.00901425
0.00743629
0
0.00227072
0.000708413
0.00101396
0.00806088
0.00407535
0.00130982
0.000321479
0.00174169
0.00252829
0.00254434
0.00201743
0.0104222
0.0171778
0.00931954
0.00724783
0.00150814
0.00367968
0.0141291
0.00263605
0.00107951
0.00201082
0.00360446
0.000727664
0.0106523
0.0102915
0.00762607
0.000315615
0.0243908
0.00184382
0.00176799
0.00131479
0.0037345
0.00638886
0.0052146
0.00387505
0.00807799
0.0862592
0.00230366
0.00278171
0.00275739
0.0134292
0.00137416
0.00372005
0.0105777
0.00120858
0.0125217
0.00155088
0.00435576
0.00122619
0.0014388
0.0071359
0.0178882
0.00777678
0.0218829
0.00120717
0.00420665
0.0036148
0.0262539
0.0427922
0.0061306
0.00517144
0.0163313
0.0160459
0.00451168
0.00556256
0.00263537
0.00436888
0.00380556
0.00660791
0.0149944
0.00187772
0.00802207
0.0105207
0.000335797
0.005323
0.0017136
0.00661565
0.011132
0.00368325
0.000746106
0.0074432
0.00269978
0.00256743
0.00727373
0.00866329
0.00192316
0.000630673
0.000572669
0.0049162
0.00909441
0.00205935
0.00484786
0.00261195
0.00828837
0.00828439
0.00215905
0.00271635
0.000926539
0.00122809
0.00767014
0.00252372
0.00381137
0.0377898
0.0118143
0.0181026
0.0028859
0.0138205
0.0107934
0.00311253
0.0526722
0.00230243
0.000299451
0.0101948
0.00538537
0
0.0021006
0.00356455
0.00105361
0.00108542
0.0115065
0.00892158
0.00569944
0.00577054
0.00409556
0.00539085
0.00165969
0.000439088
0.00421765
0.0149348
0.00999831
0.00407359
0.00484969
0.0078131
0.00110031
0.00110506
0
0.00622997
0.0120858
0.00261359
0.0309559
0.00071915
0.00471049
0.00119903
0.001318
0.00464143
0.00238275
0.0217824
0.00248771
0.0375477
0.00796524
0.000698766
0.00102778
0.0250295
0.00721873
0.000516079
0
0.0293786
0.0028484
0.00050353
0.00549491
0.000292009
0.00570207
0.00108461
0.00939529
0.0164286
0.00221893
0.0293483
0.0112257
0.00719881
0.00563451
0.00464645
0.00134614
0.00116017
0.00302641
0.00658056
0.00147504
0.00366192
0.000387078
0.00243145
0.00619406
0.00472605
0.0134126
0.000220624
0.0019863
0.00672673
0.00893083
0.00775717
0.00113284
0.00425129
0.0180454
0.0512376
0.027999
0.00940401
0.00793073
0.00201397
0.00108469
0.00472929
0.111451
0.00104133
0.000205256
0.0026783
0
0.00201638
0.00182796
0.00270171
0.000883522
0.00347892
0.00863836
0.00835417
0.00109501
0.00143784
0.000863087
0.0156296
0.000286983
0.0382897
0.0100981
0.00238644
0.00142886
0.0223858
0.000997615
0.000847882
0.0034194
0.0198252
0.0230466
0.00204563
0.0038275
0.00197873
0.00606295
0.000567542
0.0311299
0.00170465
0.00138171
0.00187841
0.00165866
0.000414073
0.00357257
0.00578397
0.00192528
0.00160014
0.00481618
0.0034484
0.00687308
0.0272733
0.0010074
0.00236934
0.00507282
0.00338263
0.00279986
0.0532677
0.190873
0.00161549
0.00299475
0.0314839
0.00208223
0.000334918
0.000963265
0.00293991
0.0361756
0.00330514
0.00863546
0.00732254
0.00433092
0.00691304
0.00778486
0.00784334
0.00677728
0.00138946
0.00485669
0.00252491
0.00513857
0.0217675
0.0031566
0.00286438
0.00154645
0.00594027
0.000789018
0.00087255
0.00658296
0.0251107
0.00165123
0.00574117
0.000911493
0.0274318
0.00541876
0.0419481
0.0582421
0.00668406
0.00606991
0.00391343
0.00210941
0.00362784
0.00128634
0.00356509
0.00168196
0.00078791
0.00798669
0.00421093
0.0017298
0.00163521
0.00514621
0.0225874
0.00243082
0.0305887
0.00277011
0.000319975
0.000560101
0.0586122
0.0874852
0.00351232
0.0359398
0.000221276
0.00049174
0.0189089
0.0150292
0.0151307
0.000571263
0.00151071
0.0111171
0.00663631
0.000815828
0.0014199
0.00557898
0.00421714
0.00232255
0.00865348
0.00156756
0.008315
0.00164127
0.00323113
0.00625037
0.00176561
0.00465391
0.00222116
0.0319387
0.0218845
0.00180857
0.0152386
0.00257745
0.001648
0.00378954
0.0160198
0.010555
0.00190596
0.019882
0.0138218
0.0456005
0.0139605
0.0154075
0.00878753
0.00162204
0.00732344
0.0063741
0.00158393
0.000616152
0.00194306
0.0315467
0.012352
0.006122
0.006122
0.00175184
0.0070707
0.0014864
0.00624047
0.0008891
0.0153856
0.000860808
0.00236618
0.00305336
0.00216719
0.00901511
0.0735939
0.0269542
0.0092855
0.00599581
0.00554503
0.00629255
0.00251586
0.000788379
0.0172807
0.00117381
0.00123061
0.000402272
0.0037831
0.021152
0.0048931
0.0942802
0.00520331
0.000610974
0.00586431
0.00173575
0.00130898
0.00100438
0.0108811
0.0531267
0.00601813
0.0376309
0.0363529
0.00222965
0.0019702
0.000954561
0.00118283
0.00514576
0.00181398
0.0155986
0.0538687
0.0054857
0.00482753
0.028781
0.00333461
0.00214607
0.00168508
7.82594e-009
0.00106624
0.00451714
0.00992556
0.00361015
0.000587119
0.00315926
0.0781538
0.012479
0.023757
0.00239122
0.00657262
0
0.006943
0.00122939
0.000462966
0.00789124
0.0028637
0.0159425
0.00449958
0.00543506
0.012389
0.00509709
0.00215485
0.000431841
0.00234064
0.020705
0.000762737
0.000595714
0.001499
0.00494551
0.000744026
0.00102839
0.0306441
0.00434374
0.0041562
0.000667417
0.00381603
0.0127922
0.0016449
0.00158051
0.000661234
0.00108244
0.00286696
0.00769422
0.0526986
0.015838
0.0236153
0.02481
0.0049043
0.00288941
0.0128466
0.0121524
0.0277219
0.00389498
0.00928212
0.0614994
0.000955953
0.0047571
0.0120921
0.00184202
0.00184204
0.00847552
0.00237841
0.00781816
0.0355641
0.00186897
0.0104547
0.000368189
0.00157263
0.0126744
0.00721533
0.00596054
0
0.00337463
0.0143258
0.0110581
0.00265312
0.005923
0.00373929
0.00222372
0.00174666
0.00334706
0.0122268
0.00327621
0.0151116
0.00371474
0.0453604
0.00263133
0.00522652
0.00757413
0.00166825
0.00583216
0.0137118
0.00745677
0.00222258
0.0269032
0.00696169
0.00550936
0.000248568
0.0515421
0.0109591
0.000470341
0.00286108
0.0157602
0.022922
0.00702367
0.0101052
0.0128473
0.00142527
0.0282347
0.00953833
0.0104912
0.00579894
0.003163
0.00522448
0.00857949
0.00233397
0.000730806
0.00388731
0.0025595
0.00870386
0.00232091
0.0107246
0.041973
0.00130029
0.00125416
0.00110423
0.00375844
0.00124263
0.0071529
0.00923784
0.00406818
0.009016
0.00904373
0.00884229
0.0550378
0.00636446
0.00783484
0.000368504
0.00131718
0.00242365
0.007978
0.00160506
0.00108836
0.000736098
0.00352052
0.00209067
0.00213197
0.00895468
0.00492323
0.0163027
0.00160952
0.00508258
0.00949921
0.00122289
0.00289384
0.0026698
0.00339046
0.0188814
0.00307305
0.00346374
0.00331527
0.00296849
0.00943612
0.00362121
0.0028434
0.00286661
0.00226642
0.00183767
0.0412663
0.0128546
0.00331506
0.00110581
0.02283
0.00149774
0.000561698
0.00287717
0.00652804
0.00629136
0.0197087
0.00746928
0.00419075
0.00316963
0.00279036
0.0108152
0.000108472
0.000238356
0.00171068
0.00284066
0.00241688
0.00144806
0.00177958
0.00563925
0.00624359
0.00895193
0.00770792
0.00338791
0.000895552
0.000901689
0.00704229
0.0423179
0.0142002
0.001678
0.00514014
0.00296436
0.000914139
0.002252
0.000889439
0.00220105
0.00126867
0.0105602
0.00812236
0.00116082
0.00188378
0.0010453
0.00423915
0.00053559
0.00140411
0.0020765
0.00291681
0.00284461
0.0261078
0.030751
0.00302419
0.0333867
0.00667269
0.0036632
0.000555123
0.14442
0.0278928
0.000897672
0.0216628
0.00729299
0.000884888
0.0584625
2.46988e-007
0.00118233
0.00391593
0.00263213
0.00426718
0.000893171
0.00130845
0.0013787
0.00303129
0.00250574
0.00875369
0.000716082
0.00333181
0.00181559
0.00566267
0.00738579
0.00416234
0.000328189
0.0173074
0.0111882
0.00669684
0.0035048
0.00546052
0.0118385
0.00387517
0.00436571
0.00202526
0.000431858
0.0105653
0.0326724
0.00033701
0.00684034
0.00482027
0.00273654
0.00112821
0.00131115
0.0146729
0.0223781
0.00495047
0.00712579
0.0070254
0.0315896
0.00198018
0.00115653
0.00212992
0.0032232
0.00858805
0.00980908
0.00584251
0.000659711
0.00206512
0.000975114
0.00954648
0.011131
0.00313952
0.0131228
0.006575
0.00259669
0.00348469
0.00121765
0.000964313
0.00343832
0.0118511
0.000375772
0.00274987
0
0.00309213
0.00564085
0.0426597
0.00346516
0.00765812
0.023261
0.0420471
0.00625939
0.00305548
0.00797087
0.00473064
0.0105083
0.00405335
0.0666421
0.0283215
0.000778154
0.0310968
0.000669349
0.00398089
0.00669792
0.00120421
0.00248505
0.00514966
0.0047462
0.00507413
0.00284531
0.00348676
0.00232366
0.0488613
0.0113716
0.00365164
0.00188508
0.000996343
0.0138009
0.00468956
0.00945441
0.0132172
0.0224384
0.00368467
0.00515913
0.00513118
0.00330385
0.0817188
0.0636525
0.00014169
0.00454313
0.000815828
0.010194
0.0523856
0.0292201
0.00247603
0.00795897
0.00262621
0.0289272
0.00569849
0.00131836
0.0315855
0.00315988
0.0243044
0.00188146
0.00347714
0.00356211
0.00207009
0.00360021
7.66789e-005
0.00118312
0.000622942
0.0203345
0.00169065
0.0056006
0.00151158
0.00754791
0.00801496
0.000825333
0.00191447
0.0020179
0.0231993
0.0420989
0.00582599
0.000539379
0.0189245
0.0102188
0.00820292
0.00382011
0.0159784
0.0018115
0.0037245
0.00273653
0.00272939
0.0065176
0.0141686
0.00622999
0.00661687
0.00569059
4.65644e-005
0.0163087
0.00842031
0.00648755
0.00504487
0.0017367
0.00736144
0.00207567
0.00367437
0.00997176
0.00347455
0.00542716
0.00123422
0.00613628
0.0027289
0.00328581
0.00852656
0.00245039
0.0022481
0.000677842
0.00648879
0.0310292
0.00329007
0.00139302
0.00679818
0.000691524
0.00112155
0.0151316
0.0100498
0.00603682
0.0030033
0.0133612
0.00365778
0.00102057
0.014737
0.00246439
0.0391184
0.0186938
0.00628252
0.00214462
0.00385596
0.00063067
0.0393354
0.00142441
0.000575643
0.00385962
0.00122755
0.0290525
0.0123398
0.00338321
0.0470504
0.00509557
0.000638913
0.00814502
0.00214658
0.0125116
0.00892051
0.0107938
0.00778186
0.0012131
0.000462576
0.00141839
0.00267601
0.00238664
0.00183976
0.00188111
0.0138475
0.0138159
0.000765748
0.00352882
0.00356473
0.0143759
0.00414419
0.00412018
0.0120781
0.0105551
0.00165038
0.010404
0.00408208
0.0103287
0.00821294
0.000776953
0.00171251
0.00126542
0.0192112
0.00114332
0.00183226
0.00358089
0.00768458
0.00128697
0.0128182
0.000953815
0.00953965
0.00395136
0.00503638
0.00273317
0.0092551
0.00162264
0.0315752
0.0636009
0.00576013
0.00283008
0.00202369
0.000817278
0.00229883
0.00287699
0.0172962
0.0140302
0.0168797
0.00578293
0.00578847
0.000651974
0.00498221
0.00761357
0.00199155
0.00423321
0.00687137
0.0108795
0.00867247
0.00558696
0.00284996
0.00063656
0.00186355
0.00194303
0.00194406
0.00523985
0.0114113
0.00180352
0.0180106
0.0127385
0.00146462
0.0018333
0.00773698
0.0113695
0.00358382
0.00559249
0.00377394
0.00248937
0.00604846
0.000331854
0.000725865
0.00304767
0.0098417
0.00803744
0.00602187
0.00350532
0.0574638
0.00693723
0.00481101
0.00468086
0.00359241
0.00279671
0.0015474
0.00122295
0.0051118
0.0107864
0.0042516
0.0106765
0.0242235
0.00154876
0.00686619
0.00408435
0.0221576
0.000568954
0.002435
0.00387328
0.00183599
0.00150209
0.000345078
0.0354722
0.00267471
0.00105032
0.000918334
0.00082659
0.0184845
0.0407067
0.013489
0.00170196
0.107696
0.00936056
0.00872917
0.00796744
0.00461221
0.00725963
0.0101823
0.00768027
0.00170112
0.00411739
0.0105693
0.00138926
0.0181643
0.00021137
0.00706635
0.00342956
0.000630921
0.00213228
0.00370659
0.023546
0.0247314
0.0013866
0.00658191
0.000982813
0.000598868
0.00197304
0.0383028
0.00139032
0.00271553
0.00689615
0.0087166
0.0302851
0.00671119
0.00352559
0.000821148
0.00513999
0.0167568
0.039648
0.00079535
0.0179323
0.0195502
0.0116278
0.00383733
0.000607578
0.00153127
0.0233574
0.0244162
0.0415834
0.00119288
0.0160025
0.000811457
0.00746823
0.00447717
0.00944594
0.001792
0.0259717
0.00450646
0.00531299
0.000680967
0.000863537
0.002351
0.0878167
0.00394363
0.00233545
0.0313263
0.00805972
0.00316832
0.0484639
0.00829649
0.00020891
0.00104756
0.00904375
0.00343158
0.00996498
0.000527814
0.0102927
0.00792784
0.00777116
0.0120144
0.0228785
0.0291487
0.00165494
0.00509916
0.00134678
0.000318542
0.00981771
0.00927459
1.06613e-008
0.00368476
0.00925028
0.00187142
0.00347603
0.0186412
0.013379
0.00172573
0.0202679
0.0119265
0.00531876
0.012006
0.00316982
0.00342255
0.00219416
0.00740684
0.00320957
0.00765473
0.0119437
0.00357913
0.00253968
0.00147825
0.0108051
0.0118427
0.00171299
0.00473201
0.00454553
0.0218666
0.0129779
0.00223739
0.00441514
0.00202558
0.00725595
0.00537619
0.000816474
0.0022156
0.0033049
0.00139633
0.0035062
0.00547064
0.00417169
0.0027641
0.00356469
0.00519509
0.00455255
0.0157596
0.00548804
0.00725416
0.0508911
0.013699
0.00449839
0.0129705
0.000362176
0.00164774
0.0200431
0.00499396
0.00672477
0.000756171
0.000634139
0.0130444
0.0506558
0.0245893
0.00184164
0.00383151
0.00274376
0.00227855
0.0385286
0.00166203
0.0123422
0.00197008
0.00455094
0.00702497
0.00627858
0.0157128
0.00808083
0.00948433
0.00538643
0.00452174
0.00398686
0.00308077
0.00329811
0.000572109
0.022478
0.00035503
0.00259756
0.00503415
0.000928977
0.0196029
0.00485048
0.00808429
0.04603
0.0452682
0.00440272
0.000998812
0.00684844
0.013439
0.00457913
0.013384
0.0129589
0.0146484
0.00496317
0.00636164
0.00805945
0.00801038
0.000666103
0.00226224
0.0673747
0.0656283
0.014008
0.000656197
0.00374537
0.00686788
0.00980461
0.00995245
0.00161329
0.00100089
0.00383988
0.009289
0.00124512
0.00400644
0.0225279
0.00177445
0.00278441
0.00186885
0.00597245
0.0250024
0.0043756
0.00937598
0.0123081
0.00323471
0.00789008
0.0066305
0.0033166
0.000992696
0.012041
0.0636115
0.00376448
0.0109183
0.00115145
0.00116201
0.00713494
0.00642103
0.0338627
0.00446033
0.00203522
0.00206089
0.0020721
0.000631299
0.0173505
0.0102725
0.00274856
0.0116279
0.00194777
0.00215867
0.00328057
0.000988316
0.00297207
0.00423467
0.00344898
0.0409048
0.00245522
0.00251462
0.00210091
0.0185069
0.0124619
0.00173786
0.000373182
0.00867178
0.0137874
0.00231243
0.0683716
0.00315059
0.00787686
0.000425378
0.00745999
0.00104172
0.00352868
0.0089176
0.00443172
0.0029068
0.00378479
0.000695102
0.00847424
0.0106134
0.00243601
0.00672264
0.00627393
0.00482288
0.0459084
0.0056647
0.00267906
0.00447169
0.00738608
0.00174252
0.00183613
0.000622414
0.0324319
0.0194482
0.0217484
0.00235025
0.00241252
0.00154933
0.00579013
0.00319489
0.00242741
0.00893863
0.0019509
0.00318097
0.00247102
0.00948901
0.00134927
0.00336418
0.0135272
0.0166079
0.00157209
0.00103713
0.000907419
0.00189477
0.00820789
0.00225086
0.00384123
0.00463694
0.00384479
0.0107161
0.00388251
0.00404939
0.0163584
0.0171555
0.00624005
0.00264731
0.0172421
0.00203521
0.00160313
0.00524252
0.0171166
0.00988948
0.00286838
0.00267509
0.00276188
0.00455709
0.0116057
0.0101365
0.00608647
0.00507857
0.00335603
0.042609
0.0018296
0.00963269
0.0142227
0.00024902
0.00364828
0.000357151
0.00389026
0.00275394
0.00120426
0.00267445
0.00195215
0.00853529
0.00766179
0.000513408
0.00245596
0.010525
0.000623797
0.0127736
0.00652286
0.00332843
0.0033044
0.00328042
0.00406221
0.00730306
0.0087112
0.00139376
0.000555484
0.00886395
0.00182429
0.00352273
0.00262423
0.00465964
0.00186123
0.0451274
0.0021474
0.00272155
0.00604613
0.0240503
0.00757372
0.0022194
0.00383049
0.00975326
0.0136854
0.0115624
0.00211224
0.0116371
0.00147343
0.0010381
0.0111761
0.00282153
0.0016321
0.00238002
0.00137816
0.00246993
0.0219357
0.000593626
0.00729102
0.00153956
0.00897298
0.00809851
0.002301
0.00646614
0.0161301
0.00115536
0.00124322
0.00440571
0.00498373
0.000936674
0.0130762
0.0153045
0.00170272
0.00275623
0.00839723
0.00799326
0.00227206
0.00573644
0.0149759
0.00664904
0.00128521
0.0376773
0.166134
0.104694
0.00118014
0.00157255
0.00720411
0.011306
0.00414653
0.00808458
0.00167397
0.00125977
0.00353556
0.000698716
0.00160632
0.00123433
0.000988228
0.00513801
0.000630619
0.00117949
0.00111155
0.00241261
0.00995748
0.00158626
0.000968792
0.000806532
0.0382616
0.00687269
0.000379785
0.000556857
0.0106079
0.00035631
0.0201122
0.0034996
0.000855283
0.00336754
0.00497975
0.00549664
0.00247785
0.0152114
0.0148944
0.00779291
0.00353291
0.00111995
0.00643144
0.00222742
0.00120134
0.00460015
0.008519
0.00491279
0.00373761
0
0.00422829
0.00876611
0.000312156
0.000731419
0.0136884
0.0132207
0.00423051
0.00157007
0.0074539
0.00437366
0.00295746
0.0107319
0.00333802
0.00256166
0.010978
0.0166428
0.0126499
0.0182279
0.0186748
0.00520347
0.00295636
0.00383847
0.000681015
0.000815125
0.00116623
0.00103055
0.00542615
0.00582365
0.0185382
0.00914292
0.00288605
0.055941
0.012015
0.000273261
0.000571549
0.0214059
0.00075164
0.00584923
0.0101922
0.0107213
0.00766964
0.00616022
0.176642
0.0513153
0.0281537
0.014485
0.00152163
0.00215478
0.00488433
0.00866478
0.00621578
0.00854389
0.0714169
0.00293339
0.0275284
0.00353022
0.000716599
0.00825731
0.00931262
0.00282301
0.00450933
0.00118894
0.00286134
0.00380684
0.000134952
0.00321724
0.00364072
0.00203072
0.00125843
0.029992
1.9646e-006
0.00586203
0.0035601
0.00476616
0.00285088
0.00285088
0.0272579
0.0110971
0.0032766
0.0171203
0.000679351
0.00200985
0.00387711
0.00148662
0.00370974
0.000851628
0.00201563
0.0228676
0.00748177
0.00127398
0.0036199
0.00231931
0.00113798
0.000998474
0.000689441
0.000563274
0.0482146
0.000952563
0.00296659
0.00624736
0.00932725
0.00851639
0.00179558
0.00165818
0.0461297
0.000643232
0.00128558
0.019762
0.0017876
0.00164797
0.00860041
0.00107355
0.00566626
0.0031366
0.00116431
0.000983349
0.00744615
0.00618201
0.000608639
0.00305613
0.00341643
0.0516065
0.00375421
0.00391337
0.00297849
0.00353641
0.0311284
0.00776058
0.0285266
0.0215932
0.0206008
0.00696298
0.00714195
0.00181778
0.000930108
0.00514885
0.0128454
0.00150719
0.000574262
0.0340975
0.00674871
0.00813397
0.00583806
0.0421708
0.0473482
0.0036217
0.0217994
0.00118998
0.00108321
0.00643652
0.028156
0.00352296
0.00194262
0.000857402
0.00618664
0.105454
0.0101847
0.00645524
0.00402862
0.00604214
0.000621546
0.00170554
0.00212562
0.0311201
0.00508826
0.000860485
0.0212558
0.00117809
0.0111552
0.00225605
0.00982159
0.00199326
0.00664025
0.00295139
0.00849178
0.0091436
0.0165867
0.0326278
0.0220457
0.00495064
0.0132793
0.00318717
0.00316431
0.00483515
0.00678752
0.00679591
0.00126937
0.000537495
0.00253411
0.00262782
0.00213472
0.00808125
0.00326575
0.000728018
0.000940995
0.00113742
0.00443161
0.00148533
0.00182038
0.00146839
0.0133206
0.00147353
0.00482698
0.00141005
0.000872087
0.0249974
0.00516428
0.00539823
0.00551268
0.00756637
0.0345013
0.0171962
0.0295806
0.00238039
0.00952938
0.00443111
0.0064018
0.0048539
0.00486177
0.010954
0.0223017
0.0148294
0.000671721
0.00559418
0.000701188
0.0875002
0.0538467
0.0538468
0.0103309
0.0293207
0.022896
0.00143254
0.0638609
0.00124954
0.0025903
0.00258241
0.00269785
0.00287447
0.00241145
0.00122943
0.00456464
0.00705591
0.0147492
0.000594721
0.00406071
0.0161355
0.000544623
0.00951612
0.00257912
0.000326176
0.00294885
0.00332575
0.00122112
0.00955379
0.00834968
0.00291826
0.00141103
0.0132704
0.0138957
0.00784014
0.00299355
0.00549459
0.000374874
0.0169694
0.0217032
0.00500858
0.00397418
0.0136826
0.00436776
0.00677198
0.00573432
0.000474769
0.0134295
0.00259665
0.00376243
0.0227421
0.00804202
0.000895723
0.00547239
0.00302061
0.0228929
0.00475386
0.00134139
0.00424919
0.00480041
0.0662636
0.00502689
0.00793141
0.0111158
0.00170852
0.00501724
0.00934036
0.00983986
0.00932465
0.00623452
0.0095407
0.00216278
0.0404418
0.00389887
0.0112298
0.00886136
0.00136721
0.00732496
0.0180642
0.0107229
0.00408079
0.00180098
0.00125562
0.00177822
0.0011718
0.00687167
0.00710921
0.00276778
0.00915433
0.0365509
0.0119755
0.00217776
0.00157449
0.00555347
0.0128585
0.000149398
0.0121629
0.00844942
0.00431998
0.00434207
0.00137395
0.0103508
0.00273684
0.00227191
0.0076558
0.0109316
0.016511
0.0206932
0.00527365
0.00319521
0.0372264
0.00260702
0.00347018
0.0937808
0.0206243
0.0288869
0.00721516
0.00370281
0.00449518
0.00973084
0.0114277
0.0199986
0.000766755
0.00078969
0.00386173
0.0102033
0.00822829
0.000301208
0.00357905
0.00509237
0.0676277
0.00288844
0.00250372
0.00948045
0.0161374
0.00155811
0.00106097
0.00194626
0.00306799
0.00597313
0.00845504
0.0118782
0.0031141
0.000521441
0.00555881
0.00565294
0.0925063
0.00298204
0.00186618
0.0159616
0.00301656
0.00259166
0.00433427
0.00134379
0.00118537
0.00904573
0.048193
0.00428742
0.00077804
0.000664273
0.00838531
0.00636823
0.01475
0.0147498
0.00219854
0.000928718
0.00431364
0.000351908
0.00339654
0.00131872
0.00555909
0.0107573
0.0191324
0.0026788
0.00339771
0.00223561
0.00135872
0.00160886
0.0544421
0.0213389
0.00197558
0.00210732
0.00622436
0.019531
0.0064622
0.00975219
0.0115772
0.00622676
0.00430625
0.00345515
0.00480015
0.00113853
0.00189881
0.00750319
0.00712161
0.00552933
0.00156882
0.0026719
0.00638121
0.0323578
0.00068913
0.0499902
0.0154988
0.0171954
2.46995e-007
0.000848533
0.0123549
0.00197618
0.00361283
0.00132735
0.00278684
0.00320263
0.00652591
0.00455097
0.000991703
0.0464016
0.000909047
0.000874884
0.00198757
0.00743247
0.00743227
0.00957889
0.000550202
0.00351969
0.0401285
0.000840829
0.000609714
0.00491142
0.00638369
0.00409085
0.01472
0.0113155
0.00408207
0.00478917
0.00112993
0.00383409
0.000548893
0.00219758
0.00425336
0.00825888
0.00341633
0.0240961
0.00397956
0.0229376
0.00905603
0.0013975
0.0455478
0.00294192
0.0150157
0.00250263
0.00123231
0.00313251
0.0320962
0.000598962
0.00138826
0.00184948
0.0550786
0.0896205
0.0127073
0.0070692
0.00487145
0.00932713
0.000965669
0.00699708
0.00160968
0.00501247
0.0227943
0.0128945
0.0023559
0.00109335
0.0235677
0.00537783
0.0030609
0.00578649
0.00714787
0.00563265
0.0343372
0.0408364
0.00374363
0.0802517
0.00384572
0.00437751
0.0024207
0.000894617
0.00308415
0.00218142
0.00685514
0.0272637
0.0205808
0.0620303
0.00245088
0.00224415
0.00177844
0.00710569
0.00419739
0.00380972
0.00106817
0.00634805
0.00230176
0.00871893
0.00327463
0.0101544
0.00135807
0.00202921
0.0561764
0.0110909
0.00378689
0.00267591
0.00662292
0.000716626
0.00259763
0.00108383
0.00425668
0.00107257
0.00108749
0.00570471
0.00147521
0.000883278
0.012283
0.0106808
0.00756381
0.0106494
0.0113059
0.000660641
0.000555009
0.00280397
0.00358087
0.00894772
0.0024016
0.00842189
0.0119908
0.00106562
0.0018299
0.00723207
0.000914952
0.00221552
0.00231112
0.00241369
0.0978322
0.00716374
0.00391685
0.00863079
0.00105646
0.000918149
0.0060122
0.00613946
0.00610883
0.00839042
0.00833794
0.0034408
0.0037133
0.00216388
0.00336212
0.00779133
0.0043411
0.00434757
0.00497901
0.00298161
0.0014459
0.00679047
0.00193973
0.00116044
0.000199468
0.000908997
0.0010839
0.00121877
0.00609984
0.00458735
0.00433139
0.0376852
0.0546446
0.0347335
0.00566927
0.00424236
0.00276741
0.0047416
0.00224545
0.00273654
0.00554184
0.00640604
0.0237681
0.0055631
0.00699455
0.00111043
0.00917638
0.000575293
0.000567559
0.00357728
0.00460792
0.00462905
0.0149713
0.000951136
0.00240398
0.069016
0.000477659
0.0034705
0.00625553
0.0137345
0.000728977
0.00194339
0.00133689
0.0028604
0.0110007
0.0022258
0.006936
0.00406975
0.00430052
7.40797e-005
0.00419806
0.00753195
0.0125017
0.0022934
0.00692623
0.00194241
0.00177215
0.00217223
0.0106789
0.00977665
0.011575
0.00144372
0.00611625
0.0150459
0.0026588
0.00182923
0.00715467
0.0219575
0.00692023
0.0122604
0.0139882
0.026307
0.0358049
0.043641
0.006483
0.00404219
0.0493999
0.00372314
0.00538134
0.00424614
0.0291632
0.0172745
0.00203085
0.00477805
0.00373599
0.0122114
0.00176219
0.00673338
0.0115712
0.0144913
0.00275843
0.00337785
0.00916651
0.000180721
0.000257402
0.0116126
0.00257934
0.00204384
0.00048724
0.00251682
0.0120798
0.0038733
0.00258485
0.00319163
0.00167773
0.0044797
0.0196002
0.002152
0.00574466
0.00228899
0.0297937
0.000453618
0.00255233
0.00186637
0.00602911
0.00244721
0.00629463
0.00371271
0.00136123
0.0046999
0.00854366
0.00129026
0.00490471
0.000835175
0.00382207
0.00696021
0.00431124
0.000862108
0.00425364
0.00389024
0.000703547
0.0843227
0.0634356
0.0554209
0.00463643
0.00500749
0.0115334
0.0015913
0.000889249
0.00138606
0.0116946
0.00121276
0.00171618
0.00125763
0.00412891
0.00114973
0.00315207
0.000787077
0.00824156
0.00731142
0.0135798
0.00200572
0.00253639
0.00340046
0.00499774
0.00317113
0.0321405
0.0524479
0.00320629
0.00527755
0.00328898
0.00251307
0.00769529
0.00194805
0.00321488
0.00239786
0.00145915
0.0166615
0.0100731
0.0103619
0.00963649
0.00653849
0.0124436
0.00294365
0.00363531
0.00985466
0.00228015
0.0026176
0.00855607
0.00284012
0.00168562
0.00135013
0.000925653
0.0117475
0.000142149
0.00346825
0.00475387
0.00734307
0.003156
0.0170916
0.00195578
0.00319126
0.00786397
0.000702225
0.0176633
0.00686734
0.00277006
0.00356029
0.00144301
0.00399565
0.00142484
0.00689238
0.0179863
0.0098809
0.00621739
0.0275135
0.0367064
0.00336247
0.000785736
0.0147401
0.00170147
0.00737545
0.00682809
0.00317514
0.0105491
0.0276051
0.000691388
0.00366695
0.00159005
0.00566222
0.00122299
0.0144286
0.0204111
0.00686441
0.00283596
0.00487349
0.00443481
0.00255531
0.00371508
0.00321408
0.0050276
0.0686208
0.0571581
0.00182724
0.0010221
0.000265047
0.00418131
0.00995339
0.00298176
0.00199898
0.00118404
0.000752814
0.00265761
0.00139216
0.00370297
0.000928127
0.00306555
0.00252639
0.0052423
0.0243147
0.00543341
0.00494743
0.00515265
0.00478032
0.00932205
0.0933514
0.0122752
0.00749077
0.0193166
0.00255122
0.00186069
0.00898642
0.0123605
0.00919618
0.00612766
0.00848427
0.000937318
0.0153731
0.0127202
0.00848217
0.0379039
0.0554421
0.0152807
0.00190535
0.0151875
0.00302354
0.00330342
0.00831838
0.00198325
0.00175071
0.000976337
0.0212819
0.00149206
0.0160073
0.00384672
0.00367878
0.0243161
0.00844976
0.0014408
0.00347865
0.00395835
0.00407816
0.00386476
0.0101997
0.00370567
0.0186053
0.0206145
0.000888363
0.00288517
0.00210629
0.00539056
0.00463543
0.00424903
0.0134875
0.00193427
0.000992391
0.00198932
0.00244635
0.00343071
0.00209022
0.00909707
0.00687359
0.00308339
0.0018584
0.059795
0.00885004
0.00789661
0.00261862
0.00386994
0.00877795
0.000378642
0.00301421
0.0032659
0.00212565
0.00672594
0.00544019
0.00337718
0.00309897
0.00170654
0.00147357
0.000813298
0.00724285
0.00724283
0.00349296
0.00446704
0.00386057
0.0110171
0.00348607
0.00115893
0.000797832
0.00105685
0.00119604
0.00290861
0.00214406
0.0108315
0.0110492
0.000277667
0.00661614
0.00406216
0.00396602
0.00755101
0.0100262
0.00802961
0.0210076
0.000579952
0.000802587
0.00574333
0.00485389
0.00666809
0.00122836
0.0124149
0.0536317
0.028048
0.00778749
0.00778748
0.00417659
0.115158
7.68696e-005
0.00238645
0.00284167
0
7.35312e-005
0.00215023
0.0017676
0.00266364
0.00281629
0.00379021
0.00151888
0.00948698
0.00586075
0.00431299
0.00055487
0.0362973
0.0273583
0.00755661
0.0288907
0.0197653
0.00182531
0.0337979
0.0026129
0.00633227
0.00290532
0.00269925
0.000692112
0.0141646
0.0119872
0.00526786
0.0128261
0.0208875
0.00736814
0.00119151
0.00390742
0.00370146
0.00492339
0.00595914
0.00229795
0.00453545
0.00223015
0.00360804
0.00354404
0.00260437
0.00320556
0.00371498
0.0294611
0.00581889
0.00424134
0.00248281
0.00333279
0.00775147
0.00894783
0.00758884
0.00489623
0.0184504
0.00242004
0.0554189
0.00129084
0.00356628
0.0194596
0.00464707
0.000452145
0.00161006
0.0124265
0.00944351
0.00627355
0.0139826
0.00223305
0.00390826
0.101301
0.00237543
0.00302119
0.00264148
0.0528232
0.000926495
0.00598468
0.00104503
0.0332968
0.00373922
0.00547906
0.00718908
0.0140717
0.00104826
0.00207707
0.0033228
0.00827242
0.00324989
0.00552076
0.00456742
0.00883195
0.00146065
0.00151997
0.000547724
0.00461719
0.00481644
0.00242237
0.0217469
0.00195235
0.000962719
0.0046725
0.00792417
0.0055783
0.00173624
0.00169578
0.00227669
0.00205302
0.00245005
0.0126117
0.0086603
0.00922259
0.00450771
0.00115484
8.25527e-005
0.00530134
0.00747013
0.00509945
0.0293726
0.00452281
0.00159562
0.00400562
0.0033314
0.000679432
0.00248013
0.00323547
0.00421663
0.00259414
0.00251388
0.00281041
0.00700889
0.00270712
0.00455275
0.00325524
0.002636
0.00259163
0.00869975
0.0165769
0.0138757
0.00161329
0.00754507
0.00379261
0.00825838
0.0820018
0.0023005
0.00434176
0.119557
0.00650131
0.00771872
0.00624451
0.000108181
0.00104087
0.00536642
0.00102957
0.0386693
0.00445353
0.00810235
0.00821251
0.0122244
0.00320301
0.00129373
0.0032374
0.00333707
0.00264126
0.0134605
0.00310537
0.0063819
0.00123315
0.00196691
0.00557352
0.00627611
0.00390316
0.00342061
0.00161435
0.00224451
0.00490601
0.0248032
0.00636398
0.000621167
0.00322903
0.00224549
0.00268339
0.00771316
0.00707365
0.000384344
0.00559802
0.00845988
0.00471498
0.0226202
0.00390092
0.0167308
0.0103367
0.00327711
0.000868265
0.0021096
0.00407929
0.00638251
0.00168716
0.000298617
0.0167038
0.00807328
0.0434393
0.0072177
0.00310174
0.0160276
0.0297407
0.0020882
0.0697971
0.00473292
0.00277888
0.00093254
0.0427759
0.0034768
0.00561156
0.0033383
0.00165601
0.0057353
0.000846457
0.0110087
0.0117127
0.0153557
0.00603586
0.014222
0.00263373
0.00238677
0.00953508
0.00314258
0.000515669
0.000829502
0.00375357
0.00420258
0.0015162
0.000243065
0.00324998
0.00323073
0.0029961
0.00250994
0.00479048
0.00578392
0.00239594
0.0121058
0.00124202
9.38113e-005
0.00725681
0.00796736
0.00143516
0.000937589
0.00932684
0.00124349
0.00176295
0.000589772
0.00610799
0.00848766
0.00285602
0.00304624
0.000616444
0.0156316
0.00448453
0.00367492
0.00364088
0.00739964
0.00143161
0.000283816
0.0207587
0.0019158
0.000510724
0.00652084
0.0144378
0.0132615
0.00452815
0.00688955
0.00457632
0.00537362
0.00121921
0.00132047
0.00103647
0.0128865
0.0122947
0.0156422
0.00286646
0.00767103
0.00194705
0.00222231
0.00443634
0.0019955
0.0012412
0.013031
0.00578746
0.00211115
0.0049003
0.000656708
0.000535711
0.041682
0.0151068
0.00329371
0.00569347
0.0482576
0.0118715
0.00249334
0.00243163
0.00193922
0.00748136
0.00159871
0.00856065
0.0332082
0.0595119
0.00450611
0.00267573
0.00553379
0.00115482
0.00480634
0.00138233
0.00642215
0.00490238
0.000668075
0.00177136
0.0261191
0.0118565
0.0130031
0.00804648
0.00514585
0.00590451
0.00496901
0.000632525
0.0151308
0.00146822
0.000760779
0.0742438
0.00363309
0.0111653
0.00364595
0.00856668
0.005017
0.00214907
0.00945937
0.00334274
0.00500464
0.00661606
0.00207469
0.00488697
0.0375774
0.00388281
0.0176823
0.00166822
0.0108612
0.00859936
0.00453215
0.00959335
0.0094935
0.00670909
0.170515
0.00111743
0.00174423
0.00502572
0.00404655
0.00434629
0.00608931
0.00183963
0.0048542
0.00575338
0.000372498
0.00264391
0.00251971
0.00601525
0.0053156
0.0091892
0.00398605
0.00617308
0.0142292
0.00437927
0.00262946
0.00420831
0.00138935
0.00570409
0.00871139
0.00574001
0.00316868
0.0213754
0.00103269
0.000930597
0.000533847
0.00662814
0.00622471
0.0250681
0.00135477
0.00399462
0.00193121
0.0111023
0.0351941
0.00147037
0.00191855
0.00458762
0.00107041
0.00329633
0.0017588
0.0178841
0.00958433
0.00385183
0.0128087
0.0028253
0.00439382
0.00247798
0.00716084
0.00161188
0.00296776
0.00155563
0.00405283
0.0130631
0.0396716
0.0520574
0.0118892
0.0291221
0.00297558
0.0559437
0.00531094
0.00276025
0.00950202
0.0114551
0.000838441
0.00484969
0.0124667
0.00864391
0.0110451
0.0258825
0.0166758
0.00220432
0.00376116
0.00291241
0.00803931
0.00211006
0.00479533
0.0110717
0.010045
0.018208
0.00229577
0.00639945
0.0216486
0.00189576
0.00455273
0.000615572
0.007924
0.00798227
0.0142129
0.00239961
0.00354821
0.00295065
0.00357695
0.00214122
0.00143438
0.0136189
0.000618774
0.00303266
0.00378398
0.0274624
0.000764519
0.0129212
0.00194258
0.00498633
0.00038566
0.00366101
0.0126653
0.00574467
0.0169872
0.0338008
0.0173372
0.00565884
0.0567431
0.0096277
0.00111938
0.00166878
0.00206564
0.00428538
0.0156388
0.0204953
0.00333436
0.0182686
0.021659
0.00570969
0.00201612
0.00241725
0.00355687
0.001823
0.00360716
0.00929196
0.00322515
0.00869547
0.00386033
0.0270428
0.00504623
0.0360126
0.0327287
0.00206007
0.00804674
0.00457761
0.004391
0.0138774
0.00618122
0.00178969
0.0118971
0.0242949
0.0127625
0.000123049
0.00575591
0.00607664
0.0131482
0.0310618
0.00133379
0.00262078
0.0127047
0.0149276
0.0110243
0.0051045
0.00179166
0.00518377
0.00238122
0.00063979
0.00181643
0.022488
0.00994072
0.00353935
0.000874142
0.0245403
0.0169322
0.00844755
0.00401697
0.010254
0.0023644
0.00324975
0.00133475
0.0154864
0.00235364
0.0103582
0.0121086
0.0165915
0.0168052
0.00108419
0.0428178
0.00194413
0.00184668
0.00909235
0.00376863
0.00516435
0.0548693
0.00511509
0.0397753
0.00399826
0.00346442
0.00883599
0.00748272
0.0195835
0.0113638
0.00545751
0.00648117
0.00761497
0.00183229
0.00205015
0.00262477
0.00144604
0.00173586
0.00213835
0.00189212
0.00387389
0.0557336
0.0154052
0.00640962
0.00985366
0.00233652
0.0012809
0.000380718
0.00129162
0.00340069
0.0278184
0.0131472
0.00156756
0.000589332
0.00056972
0.001661
0.00342117
0.00572869
0.00317019
0.00502263
0.00899244
0.00979435
0.00397205
0.00352351
0.00530138
0.00377582
0.00341887
0.00264826
0.00149767
0.00408456
0.00157998
0.00191158
0.00675494
0.00273867
0.0160647
0.00947608
0.00030635
0.016346
0.00919931
0.0182556
0.0168485
0.00176055
0.0018593
0.00334318
0.00280571
0.00156868
0.00114083
0.00336002
0.00455987
0.00292505
0.00310248
0.0094526
0.00784691
0.00406061
0.00468077
0.00282834
0.00765545
0.00669025
0.0171807
0.00360374
0.00856329
0.00516444
0.0468676
0.00195302
0.00465988
0.00210023
0.00733717
0.00572468
0.01672
0.0142443
0.0025686
0.0115559
0.012937
0.000515583
0.00203496
0.0169164
0.0132474
0.00368242
0.00129102
0.00970246
0.0207712
0.00179895
0.00271164
0.00131191
0.00260107
0.00648038
0.0183609
0.000137864
2.46969e-007
0.00771596
0.000624371
0.000843331
0.00543442
0.00185395
0.0185587
0.0192929
0.013321
0.0014428
0.00305664
0.0248793
0.0479806
0.0461333
0.00198879
0.0504076
0.00802203
0.00284758
0.00347516
0.00591453
0.000605091
0.00136999
0.0111437
0.00836597
0.0194807
0.00070025
0.00964782
0.000320679
0.00190596
0.00139574
0.00218853
0.00258974
0.00258363
0.0111982
0.0137015
0.00281069
0.00172602
0.0082385
0.0414783
0.00295724
0.000430864
0.00247576
0.0115396
0.00452956
0.0102663
0.00119786
0.00176386
0.000561345
0.00171039
0.00651284
0.00418359
0.0171484
0.0120668
0.0208879
0.00158111
0.00136015
0.00921061
0.0118004
0.00690807
0.00716419
0.00499967
0.00164528
0.00139695
0.00857653
0.00878253
0.0119725
0.00300333
0.00515354
0.00166411
0.00247608
0.00318649
0.00328889
0.00210639
0.00617592
0.00412506
0.0254516
0.00280954
0.00173502
0.00242558
0.00987866
0.00509041
0.00153084
0.00379159
0.0129877
0.00188957
0.00590766
0.0020198
0.0123656
0.0114057
0.000317012
0.00516054
0.000146354
0.00310331
0.0198224
0.00456577
0.0438009
0.011681
0.00393087
0.000227166
0.010767
0.00253686
0.0105621
0.000550542
0.00525376
0.00688148
0.00756002
0.00413959
0.0157569
0.00883245
0.0161882
0.00398052
0.00356499
0.00354684
0.00680378
0.00185395
0.00834403
0.00177701
0.00718959
0.00513995
0.00261319
0.00590875
0.00061848
0.000610168
0.000758882
0.00209049
0.0181073
0.0940454
0.000861103
0.0120684
0.00594167
0.00145912
0.0391482
0.00301418
0.00634616
0.00843437
0.01951
0.0193982
0.0108636
0.0100198
0.00398197
0.000764713
0.000387754
0.000296291
0.00363723
0.00124953
0.00118444
0.00217714
0.00166463
0.00811368
0.00526439
0.00277991
0.00331863
0.00655956
0.00164338
0.00532292
0.0135996
0.0098178
0.00154401
0.00194231
0.00488145
0.000843253
0.0268622
0.0230351
0.0144682
0.00136493
0.0290677
0.0261609
0.00538094
0.0062049
0.00187044
0.00152573
0.0365441
0.00496197
0.00378197
0.00275446
0.0147328
0.0157515
0.0084161
0.00187187
0.000927647
0.00562447
0.0175777
0.00605648
0.00599137
0.009757
0.0663983
0.00758157
0.00594269
0.0141317
0.00411756
0.0016515
0.0109253
0.00693676
0.000486406
0.0192872
0.0174437
0.000481011
0.00479757
0.00639709
0.00415102
0.00563554
0.0038171
0.00450198
0.00203639
0.0121395
0.00153475
0.00202366
0.00311566
0.0055964
0.00370033
0.00851472
0.00421777
0.00371719
0.000746761
0.00298541
0.00509959
0.00302047
0.00335285
0.00223384
0.00713019
0.0115023
0.00690095
0.00701146
0.00745847
0.000884888
0.0041662
0.0154434
0.00259774
0.0019838
0.0144459
0.0078105
0.00391148
0.00215282
0.00448994
0.00268257
0.00129348
0.00513692
0.00199173
0.0100553
0.00229043
0.000632253
0.0149579
0.0232482
0.00416247
0.00313061
0.0024214
0.0082531
0.00589134
0.0150023
0.0104579
0.00160996
0.000488023
0.00363061
0.00550225
0.00407236
0.0282557
0.000232755
0.00252848
0.00960036
0.0181261
0.0151916
0.00967646
0.00161396
0.00124386
0.00217847
0.017711
0.0011152
0.0100705
0.00926338
0.00891539
0.00307935
0.021766
0.00842449
0.003819
0.00268836
0.0037585
0.0129926
0.00835075
0.00118366
0.00051574
0.00283932
0.00169306
0.014723
0.00153137
0.00470215
0.000548804
0.00873241
0.000606612
0.0110101
0.00427971
0.00347268
0.00187974
0.00337428
0.0332101
0.00224283
0.00034571
0.00240018
0.00333855
0.00406057
0.00504081
0.00110896
0.00138653
0.028001
0.0410724
0.0413971
0.0125516
0.00705242
0.00029228
0.0149243
0.000218415
0.0141394
0.000448625
0.0155245
0.00366246
0.0051188
0.0031278
0.00699675
0.0075863
0.00701994
0.00226995
0.00445045
0.00142054
0.00399554
0.0104746
0.00213872
0.00266992
0.00123899
0.0124524
0.00648052
0.00368645
0.00991649
0.00363552
0.00299108
0.00195777
0.0290468
0.00194371
0.00352287
0.000587737
0.000830291
0.00315329
0.00358353
0.00465681
0.000666367
0.000428774
0.0243971
0.00593106
0.00615084
0.00355296
0.00169416
0.00280735
0.00216132
0.00200703
0.00288136
0.00539878
0.0058221
0.00810241
0.00157798
0.00253474
0.0020812
0.00111353
0.00251563
0.00171701
0.00151666
0.00418773
0.0152084
0.00841098
0.013872
0.0180752
0.00120946
0.000598805
0.000677887
0.000906641
0.00139424
0.0100323
0.00564866
0.0351337
0.00954395
0.021903
0.00491214
0.0269841
0.00698199
0.00920838
0.00150044
0.000250649
0.00489559
0.000913457
0.00533177
0.000557849
0.000775013
0.00186393
0.000732016
0.01387
0.024983
0.00266939
0.0304848
0.00198763
0.00382032
0.00895797
0.0241234
0.027565
0.00369694
0.00555543
0.00705543
0.0020201
0.00257855
0.0176518
0.0212174
-7.84639e-009
0.000204882
0.0164487
0.00207466
0.00292391
0.0183274
0.00365211
0.000408042
0.0139647
0.00610948
0.00177119
0.00672879
0.00831598
0.00404338
0.00194179
0.00207793
0.00252781
0.000958947
0.000846728
7.71038e-007
0.0237692
0.00598288
0.00469699
0.00662171
0.00205018
0.00988003
0.00336737
0.0016021
0.00603106
0.00493392
0.00261107
0.00609495
0.00462711
0.00020535
0.00107359
0.00201469
0.0408426
0.0461784
0.061905
0.00086414
0.00138902
0.00530665
0.0101954
0.00101302
0.00599378
0.00156772
0.0078891
0.0150418
0.000932324
0.0207823
0.0334555
0.00791256
0.0421266
0.0103409
0.00569298
0.00160846
0.0547273
0.00627686
0.00193663
0.00366504
0.0039215
0.00248198
0.0125402
0.000276256
0.00644258
0.0012619
0.018662
0.0129659
0.00598518
0.00661695
0.00150411
0.00176896
0.00168295
0.0477114
0.0110363
0.00579334
0.0528791
0.00576804
0.0112137
0.00406207
0.0028942
0.00820712
0.000478546
0.00279512
0.0125584
0.0129384
0.00999595
0.00819045
0.00140722
0.00329841
0.00178764
0.0148897
0.00136521
0.00307688
0.00554603
0.00422908
0.00268331
0.00114741
0.000220051
0.000233322
0.001031
0.00102847
0.00093731
0.0127719
0.00943611
0.0121657
0.00791925
0.000785677
0.00572125
0.00950452
0.00890072
0.000687465
0.00506271
0.00418172
0.00224049
0.00844781
0.00607473
0.000864255
0.00297644
0.0078874
0.00935882
0.0203298
0.0190068
0.00225256
0.00641098
0.000244913
0.0293339
0.0107862
0.000962662
0.00277947
0.00240092
0.00932131
0.000340692
0.00807753
0.0113934
0.0108073
0.0143946
0.00103763
0.00100763
0.00387817
0.00234644
0.0089937
0.00129421
0.011346
0.00267271
0.00239654
0.00433893
0.0010749
0.00222786
0.00378073
0.00721233
0.00984136
0.0211582
3.61871e-005
0.0151199
0.00728094
0.0724307
0.00715078
0.00544471
0.00382619
0.000679118
0.00835524
0.0348803
0.0781421
0.0706524
0.00206228
0.00335488
0.0154132
0.00704047
0.0105315
0.00678359
0.0374418
0.0026774
0.00917752
0.0124403
6.76196e-005
0.000359706
0.00096401
0.008689
0.0382734
0.00458387
0.00301708
0.0600485
0.00936386
0.00795032
0.000943475
0.00362854
0.00131887
0.00393882
0.00318696
0.0235357
0.000493132
0.00805215
0.0115046
0.000147321
0.00175507
0.00263712
0.0260134
0.00233552
0.00377648
0.00115974
0.00110755
0.00211263
6.62713e-009
0.00814527
0.00359056
0.0168267
0.0152178
0.0288732
0.00102672
0.000133925
0.00408076
0
0.0123814
0.0191213
0.0307305
0.0111671
0.00682451
0.00696257
0.00498213
0.00144799
0.0108388
0.00854374
0.025933
0.00752171
0.00336922
0.00969138
0.000469382
0.000371189
0.00845097
0.0514727
0.00603575
0.00922954
0.00576629
0.0127678
0.000989243
0.00332766
0.0235784
0.0111368
0.000122229
0.00449575
0.000209116
0.00248268
0.0177282
0.000554067
0.00391075
0.000924654
0.00686262
0.0204967
0.000925574
0.00276005
0.010146
0.00683673
0.000905534
0.072376
0.0163894
0.00399475
0.00453873
0.00792033
0.0199521
0.0249045
0.0131323
0.00276712
0.00739017
0.0121945
0.0058153
0.00117152
0.00372425
0.00305795
0.00342312
0.0120153
0.0122939
0.000492129
0.00334721
0.0104818
0.0048047
0.00285368
0.00206337
0.0315252
0.0329437
0.00510526
0.00413762
0.00560206
0.00228609
0.0176469
0.0310985
0.00693847
0.00405613
0.000293175
0.0242747
0.00758902
0.00659827
0.00508915
0.00200391
0.000683491
0.00939799
0.00225309
0.0158899
0.00590895
0.00992431
0.00143861
0.0020512
0.00271477
0.0132443
0.00846923
0.00243268
0.0104848
0.00696446
0
0.000619058
0.00225568
0.0182958
0.00254115
0.00367228
0.00622341
0.012913
-1.19811e-008
0.00853798
0.00719349
0.00780448
0.00273577
0.0218832
0.00403363
0.00324267
0.00316792
0.00152245
0.0373232
0.00158307
0.0129055
0.000267715
0
3.26615e-005
3.38393e-005
0.00216766
0.0144725
0.0237822
0.0205594
0.00172658
0
0.00811538
0.00015532
0
0
0.00294063
0
0.00125346
0.0533292
0
0.00340993
0
0.00204945
0.0074115
7.79731e-006
0
5.35608e-006
-5.5952e-010
0.00811733
0.0195501
0.0102702
0
0
0
1.67457e-009
0.00754377
0.0102905
3.27604e-005
0
6.31826e-005
0.000733731
0.000429104
0
0.00421258
0
0.00495071
0.000946104
0.00437542
-6.90597e-009
0
0.041327
0.038095
0.00231346
0
0.000116251
0
0.0151524
0.0194718
0.000946595
0.00763997
-1.95338e-009
0
0.029178
0
0.0124848
0
0.0108648
0.000653571
0.0209098
0
0
0.00217242
0
0
0.0124693
0
0.00373482
0
0.000221237
0
0.00063824
8.65177e-010
0
0
0
0.00985358
0.0186158
0
0
0
0
0.0126561
0.00765197
0.00399529
0.000157639
0.0044231
0.000613895
0.000288433
7.21787e-005
3.6067e-006
4.74747e-006
