6951
0.0201512
0.0147837
0.0019589
0.000715226
0.00265165
0.000680767
0.00692553
0.0021359
0.00199908
0.00611669
0.0103643
0.0024481
0.00318656
0.00264627
0.00552074
0.0100864
0.00328866
0.0111899
0.00405167
0.00330513
0.0111357
0.00196368
0.00529042
0.00430347
0.00100903
0.00365252
0.00298496
0.0111766
0.00114977
0.00293302
0.00238017
0.00500731
0.00093796
0.00245543
0.0272796
0.0100218
0.00555713
0.00454892
0.00732686
0.00407264
0.00246533
0.0170922
0.00687603
0.00242059
0.00136705
0.0141221
0.00261366
0.0395175
0.00101754
0.00418526
0.00324482
0.00209803
0.00193074
0.00389035
0.0162647
0.0951925
0.0149707
0.00757123
0.006704
0.0012889
0.00605375
0.00480633
0.00864821
0.00400997
0.00278502
0.00150572
0.0071353
0.00522106
0.00152882
0.00712384
0.00298109
0.00694826
0.00544938
0.0204933
0.00134827
0.00316635
0.00101403
0.00318648
0.00227321
0.000846457
0.00194263
0.00098821
0.00667631
0.00387534
0.00118906
0.00110839
0.00847152
0.00113451
0.00745244
0.00183171
0.0052477
0.00224232
0.00327137
0.00408578
0.00559007
0.00283782
0.00488551
0.00384665
0.00525263
0.00298575
0.00659912
0.00237025
0.002657
0.00211574
0.0209153
0.0207692
0.00259447
0.00161075
0.00143076
0.0048399
0.00394915
0.000540609
0.000856813
0.00119353
0.000991975
0.00278357
0.00461077
0.00217972
0.00262802
0.00479246
0.00373012
0.00641698
0.00339707
0.00841048
0.000898429
0.00069959
0.00120845
0.0378554
0.00049376
0.00324302
0.148011
0.114859
0.00274463
0.00703429
0.00213954
0.00248792
0.00149205
0.00170451
0.0048246
0.00897621
0.00343879
0.000413249
0.00254262
0.000833924
0.00355521
0.0068448
0.00420273
0.00350124
0.000749774
0.00119133
0.00041108
0.00640205
0.000277921
0.00260291
0.0106207
0.00036108
0.00182357
0.00210129
0.00471899
0.00397324
0.00323396
0.00128965
0.0030408
0.00344077
0.00145788
0.00231995
0.0148523
0.0147297
0.00202921
0.00207483
0.00554082
0.00433884
0.000961614
0.00242407
0.000564444
0.00956803
0.0125688
0.00612602
0.00284096
0.00811883
0.00191588
0.00418582
0.0027042
0.000802659
0.00270032
0.000755457
0.00257548
0.00205738
0.00134442
0.00327563
0.00153053
0.0222699
0.0231556
0.0150826
0.014944
0.0135065
0.001301
0.00244934
0.000721792
0.00577277
0.00120969
0.0201752
0.00982616
0.00251106
0.00522729
0.0544456
0.00103794
0.00591818
0.00171449
0.00297188
0.0034799
0.00091436
0.00697622
0.000991695
0.00351257
0.00340376
0.00198941
0.0448327
0.00201846
0.0154264
0.00519
0.00525809
0.000902461
0.0067723
0.000556913
0.00202989
0.00972939
0.00949244
0.0026706
0.00299321
0.000361259
0.0190997
0.00552188
0.00496675
0.000779637
0.00296447
0.000815213
0.00266787
0.0137138
0.00790064
0.00154957
0.00631123
0.100745
0.00209894
0.00232053
0.00676284
0.000358448
0.000913147
0.00704042
0.000641088
0.00648185
0.00486726
0.00136829
0.00205689
0.00165228
0.00619099
0.00371262
0.00228986
0.0135785
0.000869235
0.00986939
0.0170867
0.00514642
0.00182157
0.000578317
0.00317143
0.00563117
0.00290659
0.00796913
0.112637
0.111593
0.0535292
0.00727217
0.00968563
0.0039472
0.0199783
0.000573649
0.000879793
0.00624591
0.0059613
0.0043253
0.00305267
0.00243368
0.00104918
0.00193396
0.00829063
0.0481384
0.0138302
0.00167348
0.00138911
0.000754463
0.0170488
0.00293801
0.00343531
0.00182967
0.00135231
0.000579135
0.00153993
0.000981242
0.00601484
0.00119755
0.0026936
0.019671
0
0.00597699
0.00377241
0.000654118
0.0125634
0.000570699
0.000583751
0.00485846
0.0012839
0.00213552
0.0543029
0.00113581
0.00291721
0.00459085
0.00423217
0.00295644
0.00474121
0.00696171
0.00317914
0.00099693
0.00499242
0.00198804
0.00895048
0.00208877
0.00155162
0.0207115
0.0011568
0
9.34557e-005
0.000689313
0.000164139
0.0244794
0.000467346
0.00295349
0.00552886
4.68177e-005
0.0979077
0.00170772
0.00509538
0.00880089
0.00548796
0.00162662
0
0.000175018
0.00270992
0.00247746
0.00207004
0.00121793
0.00372456
0.00350948
0.00318811
0.0169002
0.000705202
0.00514287
0.00495453
0.00362114
0.0004679
0.00228924
0.00418528
0.00396396
0.000419965
0.00692284
0.00314242
0.00362269
0.000195693
0.000773775
0.0073214
0.00277223
0.000363688
0.00514463
0.00381188
0.00101853
0.00395529
0.000914277
0.000853202
0.074762
0.00153351
0.000971523
0.0533357
0.00135296
0.00162249
0.0151778
0.00177718
0.00566315
0.00391497
0.00306608
0.000906397
0
0.00188798
0.00107142
0.000168547
0.000564267
0.00525518
3.31904e-005
0.0100319
0.000579549
0.00366559
0.00302629
0.0137499
0.00253834
0.00263286
0.00330794
0.0025586
0.0174603
0.001654
0.00452218
0.00444529
0.000721337
0.00339141
0.00166902
0.0220262
0.0184114
0.000316646
0.00451608
0.000884551
0.0184478
0.00155297
0.000370083
0.00188213
0.00363791
0.0131488
0.00487645
0.000747565
0.00112905
0.00245918
0.00159382
0.00153565
0
0.0190509
2.23321e-005
0.00054255
0.0027174
0.00241868
0.00267373
0.000862828
0.000254985
0.000278334
0.00357317
0.00272024
0.000493623
-4.19248e-009
0.00423318
0.00117541
0.00211053
0.0418911
0.00784094
0.000824271
0.0018556
0.0207347
0.00192775
0.00108448
0.0118939
0.00577711
0.00429334
0.000455558
0
0.00222831
0.000999994
0.000726942
0.00132699
0.000813431
0.00811505
0.00475483
0.000920665
0.000640379
0.00447523
0.000627404
0.000979057
0.000431459
0.000713207
0.0117409
0.00902213
0.0623211
0.000956494
0.000973015
0.0010848
0.0025994
0.000319222
0.00688205
0.0068821
0.0130835
0.0198779
0.0123507
0.00239139
0.00469784
0.0044081
0
0.00431358
0.000774261
0.00221302
0.00960272
0.0121977
0.00980152
0.00229984
0.00403467
0.00752523
0.000549156
0.00114172
0.00469387
0.000572433
0.00251548
0.00435451
0.0104883
7.83268e-005
0.0206843
0.000342784
0.0100294
0.00632536
0.00274618
0.0081617
0.00186386
0.00332221
0
0.000339513
0.0291545
0.00149506
0.00190098
1.56195e-006
0.00557386
0.000520476
0.00088115
0.00225198
0.00195833
0.00163642
0.00129533
0.000611609
-8.28124e-009
0.000119843
0.0174374
0.00238059
0.00175352
0.00619579
0.0078888
0.000708847
0.000648262
0.00205219
0.00284287
0.0138564
0.00209708
0.00106413
0.000552722
0.0230153
0.00862576
0.0101994
0.0168418
0.000419543
0.00303852
0.00267516
0.00145828
0.00314225
0.00288962
0.00745783
0.000481346
0.00112657
0.00482986
0.00042888
6.85836e-005
0.0028291
0.00181443
0.00192083
0.000526929
0.0029983
0.0014236
0.00316674
0.00310414
0.00980669
0.00170322
0.00139816
0.00251574
0.00211706
0.0196557
0.0146724
0.00316428
0.0100178
0.00851813
0.00406744
0.000212761
0.000642848
0.00218711
0.00399967
0.00188443
0.0011063
0.00383739
0.00206433
0.000404839
0.00281168
0
0.00207087
0.000201146
0.00267813
0.000635439
0.000547675
2.161e-006
0.00284312
0.00181565
8.71721e-005
0.0704018
0.0362352
0.00426634
0.000114983
0.00258014
0.0105912
0.0182748
0.00257888
0.00155125
0.000878192
0.00671672
0.00878205
0.00624792
0.00083163
0.00615759
0.00306973
0.00132273
0.00230558
0.000579605
0
0.000659234
0.00100136
0.00280035
0.00118294
0.000170648
0.008599
4.25962e-005
-5.38536e-009
0.00357839
0.00282427
0.0011812
0.0128161
0.00105621
0.00239358
0.00419176
0.0054483
0.00101748
0.00266506
0.0028287
0.00405651
0.000580277
0.00511419
0.00037672
0.000331597
0.00616397
0.00113023
0.000234718
0.00612421
0.00597403
0.00244674
0.0210597
0.00245528
0.00014998
0.00222902
0
0.00143314
0.000480013
0.00120342
0.00617212
0.00126732
0
0.0013151
0.000759915
0.00348388
0.000347511
0.00209216
0.00264545
0.00115516
0.000534462
0.000458428
0
0.0111636
0.00287314
0.00058163
0.000778965
0.000763586
0.00444539
0.000444084
0.00871348
0.000419471
0.000332551
0.00214928
0.00571477
0.0110394
0.0224681
0.000913755
0.00102482
0
0.00113765
0.001357
0.00477413
0.0182584
0.000613471
0.000135855
0.000430206
0.00177038
0.00180826
0.000375593
0.00255638
0.00138982
0.00155505
0.00243204
0.000301021
5.47211e-005
0.00652377
0.000177621
8.16245e-005
0.0037952
0.00365773
0.00227728
0.000428762
8.91704e-005
0.00137942
0.0113695
0.00408282
-2.45555e-011
0
0.00169758
0.000112209
1.03447e-005
0.00219666
0.000173133
0.00132796
0.00091332
0.0372873
0.0094689
0.0322844
0.000487055
0.000245996
0.00126652
0.00029566
0
0.000490247
0.000231934
0.000187399
0.00414423
0.00600382
0.00229415
0.00234419
0.00047417
0.0017174
0.00191083
0.00441238
0.000587924
0.000560185
0.0024939
0.00214145
0.00449735
0.00367807
0.0113493
0.000414722
0.0013625
0.00108248
0.00379176
0.00125213
0.00501639
0.000945776
0.00149556
0.00129776
0.000159151
0.000981173
0.00104935
0.000367042
0.00146669
0.00694964
0.00325369
0.00933396
0.00451782
0.00522282
0.00828023
0.00382335
0.00199376
0.00167391
0.0018569
0.00325787
0.00533878
0.000141154
0.00427992
0.00718683
0.000997526
0.000860866
0.000829006
0.000356229
0.000952856
0.000542531
0.00174279
0.000856306
0.000255906
0.000619858
3.71643e-005
0.00373287
3.19488e-007
9.90082e-005
0.0780377
0.00945015
1.00804e-005
5.28856e-005
0.00135801
0.000449157
0.00414411
0.000505282
9.29485e-005
0.00361373
0.0469608
0.00854001
0.00115864
0.00159916
0.00197578
0.000515591
0.0121397
0.00062202
0.0012215
0.00111605
0.000607658
0.003041
0.000292196
0.000347307
0.000714471
0.000591569
0.000239706
0.000255453
0.0175797
0.0156053
0.00235211
0.00262843
0.00109849
0.00068811
0.00295918
0.000577122
0.0267483
0.000591206
0.00115688
0.00102097
0.000295449
0.00131948
0.00381052
0.00158726
0.0202035
0.000626385
0.00024196
0.00940047
0.000332738
0.000112874
0.000205225
0.000739212
0.0113334
0.00131195
0.000629441
3.07996e-005
0.0257778
0.000244559
0.0120414
0.00016454
0.00352825
0.00182499
0.000290129
0.00109755
0.000176557
0.000848798
0.00178264
0.000146806
0
0.00069663
0.00228475
0.0117932
0
4.07082e-005
0.00460198
0.0268888
0.0260375
6.76975e-005
0.000616581
0.00459206
0.00277846
0.00263679
0.000817124
0.000147439
0.00260198
1.74799e-005
0.00088709
0.00130855
0.000354663
0.0225411
0.000885173
0.00286745
0.00262106
0.000139451
0.000646995
0.0037265
0.00122186
0.00178389
0.00473278
0.000783396
0.0255579
0.0269933
0.00206387
2.96333e-005
0.000647971
0.0107065
0.0128191
0.014526
0.00149942
0.00319111
0.000173924
0.0123329
0.00208264
0.00191222
0.0013544
6.7103e-005
1.58208e-005
0.000689702
0.0034938
0.00275489
0.00012405
0.000439422
0.000261728
0.000489078
0.000662753
0.0013092
0.0117752
0.00143823
0.0150179
0.000397105
0.000578663
0.000980398
0.000574993
0.000877929
0.00347402
0.000586425
0.00109539
0.000650349
7.1021e-005
0.0256384
0.00140722
0.00167808
0.00266936
0.00300874
0.000667227
0.00592685
0.00300654
0.00721274
6.84771e-006
0.000854115
0.00345388
0.00295686
0.00188906
0.00229284
0.000190404
0.011031
0.000105515
0.000109811
0.0030809
0.00180647
0.00206558
0.00510652
0.00120394
0.00253095
0.0154808
0.00921117
0.00163933
0.00281027
0.00202154
0.000552716
0.0115065
0.000577766
0.000670881
4.87518e-005
0.00276657
0.000283729
9.97698e-005
0.000780984
6.26639e-006
0.00100316
0.000649962
2.9557e-005
0.00361887
0.0131975
0.000462334
0.007103
0.00452561
0.00226482
0.00089338
0.000321102
0.0447445
0.000256965
0.00259055
0.00439434
0.000101735
0.01087
0.00222108
0.00440393
0.00121993
0.00136245
0
0.00139647
0.0241109
6.84603e-005
0.00482338
0.000531668
0.000955141
0.0174741
0.0176253
0.00248471
0.00209867
0.00460237
0.00990078
0.00233244
1.12363e-005
0.000424095
0.00426979
0.00557036
0.0196752
0.0145685
0.0150437
0.00101511
0.000813142
0.000286247
0.00030586
0.00151039
0.00163826
0.00114714
0.002265
0.00147559
0.00348799
0.00151628
8.83774e-005
0.00113264
0.0117867
0.00309776
0.0462612
0.000845734
0.00157428
0.0816241
0.0107307
0.0023167
0.00385034
0.000674187
2.10515e-005
0.00202193
0.00453442
0.00855099
0.000730755
0.00362511
0.000352303
0.00374691
0.00234632
0.00397053
0
0.00115479
0.00779736
0
0.00183916
0.0127112
0.000694636
0.000105958
0.00566973
0.00469071
0.0055586
0.000781728
0.000562274
0.000753963
0.00132367
0.00136837
0.000148093
0.00133282
0.00179309
9.37713e-010
0.00465181
0.000993747
0.0317411
0.0116544
0.0143815
0.00714938
0.00642785
0.00133791
0.000615844
0.0253592
0.000523869
0.000687234
0.0130378
0.00101882
0.00278429
0.00153157
0.000932642
0.00228155
0.00036048
0.00237905
0.00125041
0.00647701
0.000453675
0.000115197
0.00126466
0.000881818
0.000793087
0.00237003
0
0.00109809
0.151415
0.000587004
0.00315285
0.001105
0.0113176
0.00260308
0.00358822
0.00474001
0.00204222
0.000286764
0.00313172
0.00505929
0.0034996
0.000286798
2.25662e-009
0.000141683
0.00429951
0.00562984
0.0141854
0.00104071
0.00409502
0.00492761
0.0151918
0.00249186
0.0123942
0.000960589
0.00476109
0.0122155
0.00246016
0.000604103
0.0021483
0.000940929
0.000493867
0.00261899
8.67154e-006
0.000146696
0.001173
0.00509403
0.00130081
0.00165497
0.0132115
0.00165505
0.000329864
0.000695902
0.0180968
0.000197264
0.000158697
0.00777062
0.00830979
0.00138267
0.00139011
0.0027
0
0.00318982
0.0230965
0.00564861
0.00197587
0.00280664
0.00102579
0.00184389
0.000706645
0.00202854
0.00177773
0.000390852
0.000677458
0.0100005
0.00411921
0.000610234
0.0033115
0.0081965
0.00263484
0.000100636
0.000398266
0.000860216
0.00053283
0.00752907
0.00190639
0.00107065
0.000121633
0.000401982
0.000946764
0.00186429
0.000341684
0.00601945
0.00118214
0.0138069
0.00511868
0.00320625
0.00658367
0.00207697
1.36795e-005
0.000194479
0.00137937
0.00116544
0.00240655
0.00119343
0.00178587
0.000724172
0.0005047
0.000477872
0.00210264
0.00553441
0.00188705
0.00102556
4.50749e-005
0.000121079
0.00441824
0.000301972
0.00129488
0.00295833
0.000662123
0.00397515
0.0273462
6.50864e-006
0.00139891
0.00221495
0.0236931
0.000902434
0.000254858
0.0105273
0.000684718
0.00385678
0.000720551
0.00107665
0.00250735
0.00193012
0.00200653
0.00270903
0.00177836
0.000582965
0.00392006
0.00591892
0.00659759
0.00337532
0.0106866
0.00106013
0.00625582
0.00137071
0.0149714
0.0276261
0.0229393
0.0107223
0.00100918
0.00276457
0.0011068
0.0202502
0.0113751
0.0303406
0.00166862
0.0116036
0.00823262
0.00193852
0.00307453
0.000446523
0.00116888
0.000755657
0.000921329
0.01004
0.00842325
0.0198407
0.00120852
0.000982298
0.00159834
0.000590878
0.00119922
0.00772253
0.00018674
0.000261045
0.00375059
0.000836908
0.0328394
0.00177141
0.00187403
0.00376242
0.00174344
0.00112016
0.00586553
0.000528101
0.00125513
0.000121432
0.00167029
0.00681257
0.000446941
0.00444381
0.000896121
0.000224948
0.00116528
0.00142563
0.00169175
0.0016059
0.00250779
0.000436206
0.000786564
0.00201243
0.00292877
0.0021747
0.00324125
0.0234029
0.00318614
7.70991e-005
0.00157627
0.0041521
0.00330026
0.000134918
0.000961412
0.00589083
1.0474e-006
0.00365117
0.00451488
0.00284535
0.00106607
0.0215362
0.00223607
0.000593501
0.000687086
0.00227246
0.00297693
0.00125213
0.00607967
0.00559779
0.000548635
0.0309468
7.05479e-005
0.0111244
0.0111816
0.00142622
0.00564293
0.00111147
0.000465648
2.26819e-005
0.0028043
0.000522072
0.00084659
0.00494858
0.0147789
0.000832916
0.000967811
0.000635755
0.00245755
0.00200964
0.00278355
0.011524
0.0061938
0.000272875
0.00681259
0.0198306
0.000686173
0.0163899
0.000812196
0.000574682
0.00157112
0.000979321
0.0036134
0.002742
0.000666113
0.000100318
0.00216051
0.000195205
0.00222655
0.0117233
0.00232803
0.00337651
0.00025595
0.0010806
0.00107993
0.00607724
0.00150822
0.0022534
0.00117851
0.00175221
0.00498298
0.00100812
0.000816437
0.000490573
0.00453776
0.00450056
0.00471048
1.62719e-005
0.00425189
0.000131981
0.00573466
0.00791551
1.43332e-005
0.000359724
0.002191
0.000344722
0.000685291
0.000928379
0.00249046
0.00180295
5.8564e-006
0.00113227
0.0168935
0.00023215
0.00730825
0.00188195
0.000351443
0.000899101
0.0009661
0.0013417
0.00559103
0.0100648
0.00956504
0.00401957
0.00108766
0.0026037
0.0158666
0.0173725
0.00126265
0.000826633
0.0451256
0.000720448
0.0108127
0.000521056
0.000549714
0.00086416
0.00128327
0.00351533
0.0114587
0.000149737
0.000947496
0.00140372
0.000837774
1.28551e-005
0.0089901
0.00477087
0.00172105
0.00157583
4.93857e-005
0.000808337
0.00111603
0.0281678
0.00107326
0.00683186
0.00452621
0.000739131
0.00359677
0.000726073
4.33024e-005
0.000310043
0.00713959
0.000320694
0.00589054
0.000818543
0.000453855
0.000345629
0.00344063
0.000595863
0.00531789
0.000739513
0.000656106
0.00394206
0.000124894
0.000519151
0.00193824
0.0102084
0.00115725
3.16472e-005
0.0178239
0.000383526
0.0221152
6.2411e-005
0.00990803
0.00236156
0.00247679
0.000663914
0.00151622
0.000901018
0.00610315
0.0101713
0.00434198
0.00542401
0.00064426
0.00188391
0.000656576
0.000357688
0.0198394
0.0479816
0.00343908
0.0234557
0.0080658
0.00114725
0.00146444
0.00354261
0.000709938
0.000581197
0.0101
0.00200848
0.00685994
0.00115887
0.000116118
0.00100924
0.000236375
0.0145202
0.00108369
0.00195488
0.00164465
0.00220525
0.00456875
0.00150441
0.0015416
0.00166071
0.0114468
0.000441269
0.000812215
0.00824571
1.90468e-005
0.00131845
0.00410989
0.00444439
0.00128446
0.000541043
0.000325944
0.00192882
0.00468742
0.000680478
0.00462839
0.0040266
0.00789901
0.00250123
0.00221966
0.00131231
0.0023633
0.00435448
0.00033445
0.000835273
0.000793462
0.0050609
0.012604
0.0070214
0.0183249
0.00219344
0.0071802
0.0196278
0.00272677
8.33066e-005
0.00330657
0.00532167
0.000246305
0.0183433
0.00362904
0.00359947
0.000199931
0.00111344
0.000232982
0.0169635
0.0133997
0.0140497
0.00147579
0.000848502
0.00231058
0.00167104
0.00101577
0.000351429
0.0346668
0.0295008
0.00112188
0.00107526
0.0124856
0.00586005
0.0124433
0.000442712
0.00906552
0.0092915
0.00195415
0.0534253
0.00081698
0.00116069
0.00054463
0.0235041
0.00173097
0.000709811
0.00308602
4.48778e-005
0.00389441
0.0012447
0
0.00229391
0.00113851
0.00127568
0.00229812
0.00175662
0.00104988
0.00231305
0.00198245
2.73883e-005
0.0307984
0.00694618
0.00663954
0.00930692
0.00861107
0.00186132
0.00649334
0
0.0119918
0.00105284
0.00125402
0.000771391
0.000338533
0.000455383
0.00370369
0.00127518
0.00299568
0.000289919
0.012663
0.000551027
0.00533895
0.000336339
0.000583182
0.00495528
0.000758837
0.00192341
8.93242e-005
0.000270215
0.00519422
0.000435023
0.0298371
0.000602858
0.00146355
0.00511396
0.0486191
0.00139562
0.00486061
0.0144886
0.00262671
0.0148495
0.0106888
0.000825999
0.00102579
0.00644368
0.00642981
0.00128743
0.000428898
0.00115656
0.0023676
0.00211615
0.00054155
0.00103865
0.00205035
0.013464
4.33554e-005
0.00112775
0.000959197
0.00162308
0.0233357
0.00251741
0.000651087
0.000948801
0.000697945
0.00212083
0.00207992
0.00163269
0.00436866
0.00252806
0.00884082
0.00381206
0.00192362
0.000496448
0.000342133
0.000451693
0.00915909
0.00189867
4.92602e-005
0.000372601
0.00034882
0.00863142
0.00378359
0.00197918
0.00418169
0.000133349
0.00821323
0
0.00862256
0.000675291
0.00393544
0.00206685
0.00185839
0.00440187
0.00153004
0.00517082
0.00290023
0.0132365
0.000523055
0.00142689
0.0288532
0.0427244
0.00763943
0.000190908
0.00124525
0.000614822
0.000349422
3.46447e-005
0.00150035
0.00993304
0.00193484
0.00682102
0.00443274
0.00199067
0.00127703
0.00230519
0.00585541
0.0006504
0.00209766
0.000662118
0.00151258
0.000311924
0.00541761
0.000577268
0.00277895
0.00126548
0.00253909
0.000116129
0.000269072
0.0147771
0.0139265
0.00754617
0.00529035
0.00489703
0.000669566
0.000392801
0.0150737
0.00082577
0.00256628
6.43225e-005
0.000279623
0.00179934
0.0100613
0.0305207
0.00903955
0.000200372
0.00143649
0.00308981
0.0126598
0.000130993
0.00313513
0.000547818
0
0.00122321
0.000672568
0.00322866
0.0122049
0.00230763
0.00207881
0.000277149
0.000635303
0.00105008
0.00060568
0.00180203
0.00212588
0.000685066
0.00283463
0.0511809
0.0441635
0.00467075
0.00817307
0.000681514
0.00122169
0.00789841
0.00420063
3.04786e-006
3.01188e-005
0.00035957
0.000108483
0.00515958
0.00116583
0.00148397
0.00168879
0.0106759
0.00211789
0.0120563
0.00156048
0.00172043
0.00109242
0.0061961
0.00646753
0.00115537
0.00255674
0.00129182
0.000160983
0.0165821
0.0496027
0.0171385
0.00298709
0.000350696
0.00957599
0.0194362
0.000765751
0.00331398
0.00048154
0.000146278
0.000364097
0.0186858
0.000170213
0.0032938
0.0125382
0.00131219
1.44203e-005
0.00014814
0.0365584
0.0341042
0.00039396
0.00012601
0.000913504
0.00152604
0.000130784
0.000108123
0.0233685
0.00282987
0.00215689
0.00122842
0.000421389
0.0198808
0.0191825
0.000879759
0.00496043
0.00391224
0.000173925
0.000132176
0.0119226
0.00680399
0.000728272
0.00193642
0.00476164
0.00616515
0.0186567
0.00182358
0.000223347
0.000120504
0.00157613
1.49825e-005
0.00357456
0.000193474
0.00300983
0.024978
0.000469031
0.010143
0.00132624
0.0027464
0.00287403
0.0187542
0.00145607
0.00164499
0.000984879
0.00052312
0.0044612
0.000157552
0.00208262
0.0020572
0.00128887
0.000454872
0.000488905
0.0347834
0.000466766
2.14097e-006
0.000132645
0.000791006
0.00161507
0.0623591
0.000326521
0.000193228
0.000220945
0.000748534
0.0150685
0.00164459
0.00238056
0.001638
0.00226096
0.00912432
0.00138681
0.000150258
0.000160369
0.00201898
0.000119849
0.00643428
0.00100844
0.00332526
0.00246809
0.000888903
0.00025165
0.00864565
0.00266004
0
0.000326445
0.00582107
0.0268531
0.00195485
0.00493638
0.00114971
0.00213923
0.00203797
0.000581049
0.00039376
0.000100541
0.00154504
0.000278538
0.000339118
0.000341026
0.00534711
0.00656598
0.0172002
0.00941262
0.00170798
0.0485065
0.000553822
0.000764535
0.000265232
0.000629534
0.00242098
0.00329708
0.000181768
8.08486e-006
0.00914896
0.00329066
0.00114798
0.00478957
0.000518095
0.00987062
0.0017379
0.00790556
0.011542
0.00164401
0.00448285
0.00136119
0.00568578
0.0015218
0.00133627
0.00108003
0.000928842
0.00135558
0.0033018
0.0178416
0.00135442
0.00394371
0.000273984
0.00597185
0.0028816
0.00602567
0.00376284
0.0022483
0.00132413
0.00239445
0.0183476
0.000290402
0.000444769
0.00612974
0.0049153
0.00399518
0.0222577
0.00134539
0.00107576
0.00280411
0.00093174
0.000810647
0.000368142
0.0258995
0.00196309
0.0156503
0.00472619
0.00610708
0.00140209
0.00206123
0.00787646
0.0152677
0.00217488
0.000129982
0.000904336
0.000483534
5.41733e-005
0.00387429
0.00432031
0.000625447
0.033853
0.00156964
0.0167234
0.00523386
0.0172765
0.000863541
0.00164753
0.00145398
0.00151389
0.000289553
0.000456466
0.0109026
0.000691667
1.93745e-005
0.000256828
0.00917645
0.0578093
0
0.00499139
0.00133414
0.00393843
0.00157103
0.000543419
0.000858733
0.00790584
0.00311539
0.0059094
0.00129256
0.00297901
0.00166742
0.000914272
0.00123564
0.00383854
0.000667489
0.00263772
0.00169992
0.00186665
0.00677419
0.0438295
0.00334913
0.000996595
0.00137116
0.0408798
0.00042041
5.59644e-005
0.000512037
0.00255075
0.000808059
0.00079477
0.00494498
0.000552495
0.000119304
0.00100676
0.00235257
0
0.00420095
9.14816e-005
0.00173821
0.00127443
0.000149919
0.000776866
0.00158404
0.000701716
0.00394543
9.39516e-010
0.0112566
0.00180014
0.00372926
0.00407782
7.92082e-005
0.000444842
0.0106217
0.000533025
0.0110139
0.00238634
0.000505
0.000125189
0.00128761
0.0070895
0.00148204
0.0112537
0.0117342
0.000105455
0.000141121
0.0042138
0.0106532
0.00311125
0.00136277
0.00271835
0.000741715
0.00185926
0.00252903
0.00720855
0.0041521
0.000370501
0.000741125
0.000152046
0.000778708
0.0161147
0.0145967
0.00233393
0.000484761
0.000129286
0.000111252
0.00156219
0.00380443
0.00460968
0.000643357
0.00161369
0.000961653
0.0043199
0.00591676
0.000218873
0.000864346
0.00362468
0.0137459
0.00119838
0.0035181
0.00293415
0.00260674
0.000474188
0.00035332
0.000403855
0.00156107
0.00207736
0.0100634
0.00299535
0.00108468
0.000947751
0.000994002
0.000971824
0.000478009
0.00166956
0.00295348
0.0099117
0.0119177
0.000907118
0.000405589
0.0145834
0.000700779
0.00069696
0.00322905
0.00276313
0.00095638
0.000771547
0.000295356
0.000762209
0.000439459
0.00124429
0.00174153
0.000219037
0.00171418
0.000903479
0.00626792
0.00155012
0.00348339
0.00184147
0.00839629
0.0292021
0.0104946
0.0020436
0.0021212
0.0016135
0.000581191
0.0174088
0.00890674
0.00863759
0.0056862
0.00306983
0.00303923
0.000646732
0.00385766
0.00343691
3.04857e-005
0.00146782
0.00193103
0.00251647
0
0.00105137
0.000852489
0.000864635
0.00463109
0.0115727
0.0136787
0.00302724
0.00196065
0.00356102
0.00249723
0.00261573
0.00119638
0.00293943
0.00366944
0.00402814
0.00270226
0.0942933
0.00304151
0.00041995
0.00444276
0.00261527
0.000190892
0.00128508
-2.10327e-010
0.00172834
4.37118e-005
0
0.00525621
0.0165165
0.00668083
0.00515272
9.33731e-005
0.016197
0.00400809
0.000236227
0.00920362
0.00103718
0.00154395
0.0187738
0.00359892
0.0102212
0.0112287
5.04035e-005
0.00182875
0.00158398
0.00491566
0.00140727
0.000805717
0.00164207
0.00494181
0.0160961
0.0389538
0.0439776
0.00762568
0.00230775
0.00871188
0.000522876
0.0056579
0.000751325
0.00111013
0.000685103
0.00121006
0.0007503
0.00324836
0.000108752
0.0114167
0.0181691
0.00025608
0.00131344
0.000950308
0.00126864
0.00886822
0.00459764
0.00133188
0.00314538
0.00661476
0.00341573
0.000138616
7.54713e-005
0.00806099
0.00824021
0.00180433
0.000947279
0.00210706
0.000928991
2.01417e-005
0.00197221
0.0165195
0.012168
0.000549805
0.0115317
0.00188567
0
0.00351756
0.00083466
0.00245312
0.00194871
0.0194759
0.00847477
0.000778423
6.77355e-005
0.00241263
0.00265403
0.00208465
8.69707e-005
0.00104045
0.000795303
0.00301974
0.00124712
0.000830794
0.00405764
0.0236336
0.000984534
0.00530666
0.0206381
0.000447636
0.0003143
0.000382949
0.00129509
0.000146431
0.0015977
0.000744314
0.000258636
0.0149104
0.0309992
0.00288743
0.00109328
0.0216272
0.0100757
0.00722355
0.000100282
0.00102988
0.00132725
0.00290833
0.066003
0.0010934
0.000456449
0.0014436
0.00217397
0.00224011
0.00315933
0.000536446
0.000416337
0.0192136
0.00110675
0.000120385
0.000165945
0.0015722
0.0377175
0.0024046
0.00148539
0.000573907
0.00337904
0.000686406
0.000771296
0.000536324
0.00700257
0.00127952
0.00102586
0.00543508
0.0044543
0.0108399
0.0020184
0.00408812
0.0115279
0.0003799
0.00737173
0.0142809
0.0012395
0.00459733
0.00172005
0.000144404
0.000761554
0.00163536
0.00280364
0.000467973
0.000495631
0.00304465
0.000764965
0.000527962
0
0.00402471
0.00537691
0.00752285
0.00460773
0.00293749
0.00187562
0.000312853
0.000131143
0.00336568
0.00227438
0.0191783
0.0112215
0.000714619
0.000464631
0.000585328
0.0119407
0.0154388
0.016891
0.00284017
1.36284e-005
0.0689397
0.00328977
0.00208586
0.00345291
0.00174504
0.000617098
0.000887566
0.000131491
0.00457042
0.00284482
0.0033227
0.0183963
0.000884918
0.0136845
0.000965349
0.0173598
0.0090367
0.000993564
0.000519869
0.00159372
0.0023598
0.000493582
0.00158307
0.000630969
0.00509523
0.000259031
0.000498671
0.00178602
0.00256842
0.000798786
0.00310523
0.00280287
0.00143456
0.00246378
0.00225184
0.00602992
0.000618286
0.00219883
0.00944706
0.00491454
0.000700563
0.0320897
0.0192093
0.0147537
0.00205146
0.0028672
0.00300814
1.70273e-005
0.00264326
-3.43354e-009
0.000404377
0.00409042
0.00694354
0.00107708
0.00820294
0.00232683
0.00263233
0.0039796
0.00858791
0.00711726
0.00128646
0.0121505
0.00162713
0.000602485
0
0.00128723
0.00205405
0.0176077
0.00427718
0.0817307
0.00051921
0.00359181
0.00592136
0.00117653
0.00235549
0.00468715
0.00162457
0.00226469
0.00233881
0.000329773
0.00059943
0.000962974
0.000438421
0.0407513
0.00380641
0.000870635
0.0341636
0.00146381
0.000312358
0.000545813
0.00242327
0.0101782
0.00639264
0.0098657
0.00138804
0.00278268
0.0405145
0.000842055
0.00327566
0.000675099
0.000418892
0.00404849
0.000522145
0.00900448
0.00105763
0.000508517
0.0016125
0.00297786
0.000155303
0.000544191
0.00266236
0.001027
0.00815304
9.55762e-005
0.000387652
0.0111713
0.0104733
0.00287956
0.00507127
0.000630532
0.00176882
0.00187652
0.00927532
0.00471474
0.000572105
0.0336078
0.000890804
0.00235879
0.00010537
0.000329312
0.00474616
0.0443741
0.000374458
0.000840668
0.00259966
0.00680203
0.000109898
0.000476869
0.00180356
0.000917304
0.000238895
0.00522822
0.00177149
0.00150103
0.00530316
0.00308931
0.0150584
0.00443361
0.000464846
0.0975621
0.0012196
0.00687088
0.00540523
0.00294529
0.0336546
0.00910979
0.00418929
0.0060178
0.00520006
0.00140979
0.0675021
0.00105178
0.00486326
0.00754026
0.013305
0
0.000704933
0.0170188
0.000172911
0.000139469
0.00410282
4.25615e-005
0.000657233
0.00104032
0.00222813
0.0390206
0.000746921
0.000425689
0.00647969
0.00168532
0.0127906
0.00757188
0.00295692
0
0.00198762
0.000101322
0.000300047
0.00260457
0.00141153
0.00217243
0.000382399
0.00302382
0.000850345
0.0010346
0.00166128
0.000363072
0.000357948
0.00104823
0.00182894
0.0029226
0.00396612
0.00017518
0.000424064
0.0035608
0.00538909
0.00841957
0.00047611
0.00893194
0.00231315
0.00302382
0.00215752
0.00212354
0.000205338
0.000796934
0.00124396
0.000175414
0.000728093
0.000571316
0.000128395
0.00297232
3.05324e-005
0.000586502
0.000311846
0.00922373
0.000875872
0.0167172
0.00228987
0.0158144
0.00422617
0.0102653
0.00418228
0.00172622
0.0112197
0.00247555
0.00205034
0.00258194
3.46117e-005
0.00251638
0.00126216
0.0048976
0.0042553
0.00119981
0.000785726
0.000109785
0.00229929
0.00090916
0.00114907
0.000866638
0.000255656
0.00571103
0.00304344
0.00232367
0.0037256
0.000139676
0.00880798
0.00023111
0.000563727
0.0662054
0.000215175
0.00674184
0.00120862
0.00305288
0.00436693
0.00144332
0.00147141
0.00808115
0.00487116
0.0023504
0.00128865
0.000665766
0.00193299
0.0001454
0.000964925
0.00167982
0.00132071
0.00028524
0.000243769
0.000521228
0.00193264
0.000698921
0.0188699
0.00972762
0.00325831
0.00731333
0.00106578
0.0243111
0.000569415
0.00012367
0.000161892
0.00270446
0.00368363
0.00116027
0.000218649
0.00854582
0.0129618
0.00356294
0.00759271
0.0142767
0.0160733
0.00174554
0.000375935
0.00678495
0.00649582
0.00266014
0.0110595
0.00132169
0.00277028
0.00429075
0.00419876
0.00938037
0.0082669
0.00131852
0.000111593
0.000582563
0.000172265
0.00263066
0.0018967
0.00447258
0.000669409
4.77555e-005
0.0182162
0.00217617
0.012771
0.0550918
0.00937525
0.0077183
0.00124879
0.00335988
0.0102811
5.66135e-005
0.00290611
0.000348413
0.00281596
0.00785789
0.00136742
0.000387588
0.00121273
0.00722427
8.75323e-008
0.000963748
0.00051873
0.014888
0.00341388
0.00643558
0.0221936
0.0013778
0.000999116
0.00117016
0.00399509
0.00652498
0.000832165
0.00041355
0.000408017
0.00302526
0.00321625
-3.17184e-009
0.00504999
0.000868807
0.00124312
0.0383199
0.0101461
0.00118903
0.00209204
0.00090745
0.00149311
0.00218531
0.00497192
0.00396423
0.000694304
0.0042528
0.00449521
0.00114223
0.0101244
0.000599876
0.0011507
0.000424391
0.019603
0.000862313
0.0012927
0.00113566
0.0281901
0.000828576
0.000867677
7.70791e-005
0.00297053
0.000471249
0.00518118
0.00166094
0.00550917
0.00683926
0.00142905
0.00170645
0.000904785
0.000629275
0.00311932
0.00127913
0.0096608
0.00491702
0.0121114
0.00180558
0.0106276
0.0117707
0.000108495
0.000381407
0.00356298
0.000942768
0.002109
0.000356859
0.00439016
0.0136303
0.00104882
0.0166966
0.00248346
0.00353136
0.000630098
0.000455563
0.00131224
0.00435569
0.000807803
0.000736793
0.0023867
0.00256739
0.00161774
0.0166453
0.00846997
0.00160824
0.00113506
0.00908601
0.0283046
0.00417551
0.0217491
0.00237206
0.00882849
0.00910822
0.00203206
0.00217575
0.00151254
0.00103998
0.0203324
0.021691
0.00318236
0.000853066
0.0006919
0.000523345
0.000723707
0.000114143
0.000243406
0.017668
0.000693818
0.00757197
0.00173652
0.00239929
0.000478022
0.00153486
0.00194687
0.00101164
0.000329571
0.0152025
0.00388118
6.96183e-005
0.0014885
0.00140261
0.00245407
0.0597501
0.000303591
0.0146324
0.00400603
0.000848223
0.00890638
0.000102689
0.000179452
0.000173303
0.000903439
0.000653903
0.00329985
0.00173096
0.000953726
0.000928606
0.00257948
0.00131998
0.00503353
2.68619e-005
6.12073e-005
0.00123123
0.00230684
0.00356807
0.00331568
0.00561055
0.000408342
0.000775689
0.0182195
0.000538732
0.00116486
0.00235126
0.0113811
0
0.00993534
0.0055138
0.00294451
0.000153989
0.00505659
0.000963648
0.00301968
0.00893468
0.00128628
0.0213655
0.00181963
0.000378892
0.00316849
0.000172559
0.00412609
0.000228931
0.000494299
0.011363
0.00181224
0.0101614
0.00958309
0.000101097
0.0358107
0.00501363
0.0383026
0.0169657
0.0106762
0.00150509
0.00267808
0.0025875
0.00167759
0.000853769
0.00197369
0.00147041
0.000623941
0.000770158
3.67071e-005
0.004002
0.0140654
0.00216266
0.00234514
0.0108333
0.00107302
0.000406093
0.00326419
0.000329211
0.00941781
0.00304135
0.000383784
0.0295193
0.00191281
0.0435775
0.000988427
0.0013637
0.00170184
0.00328352
0.000357376
0.00458495
0.00275867
0.00180395
0.00136925
4.76158e-005
0.00182849
0.0155435
0.00154383
0.000790345
0.00133784
0.0018007
0.0238466
0.0830559
0.00976941
0.00180392
0.00976126
0.00223619
0.0461579
0.000186824
0.0134315
0.013176
0.00225507
0.000647672
0.000157922
6.16411e-005
2.19401e-005
0.000820392
8.26778e-005
0.0018852
0.0148561
0.0194966
0.000830844
0.0141171
0.0132103
0.000927397
0.00872204
0.0256778
0.00339562
0
0.00505782
0.00544709
0.00115158
0.00461387
0.00121673
0.000623879
0.00372354
0.0010208
0.00108096
0.00046897
0.0144621
0.0567634
0.00054627
0.0114762
7.88425e-005
0.000523107
0
0.00728531
0.00277802
0.124922
0.00171355
0.061505
0.00299035
0.0723625
0.00124706
0.00425925
0.00373989
0.000794178
0.00408703
0.010326
0.0114432
0.00518416
0.018107
0.00350201
0.000491988
0.00247545
0.0013458
0.00066237
0.00214294
0.00100202
0.00137883
0.00150186
3.19455e-007
0.00540512
4.52122e-006
0.000935401
0.00138552
0.00280678
0.00242088
0.00286546
0.000703251
0.000807942
0.00120872
5.35848e-005
0.00491867
0.000182585
0.00250331
0.000949883
7.38633e-006
0.00240432
0.000972879
0.00202037
0.00216595
0.0032992
0.00555603
0.00199852
0.00125453
0.000419413
0.000444896
0.00060161
0.0159935
0.00130106
0.0051321
0.000368603
0.00145359
0.0146506
0.0235896
0.00101749
0.00296113
0.000300984
0.00409894
0.00102162
0.00862988
0.00475608
0.00440258
0.00647545
0.002642
0.00111571
0.00197976
0.00296258
0.000833802
0.000938262
0.00351292
0.0016816
0.0264892
0.00115108
0.000817819
2.82112e-005
0.00451969
0.0018981
0.00370131
0.0175072
0.00921344
0.00148186
0.00806718
0.00339136
0.00227238
0.00183649
0.0010995
0.00338119
0.00217083
0.0156905
0.00335401
0.000397368
0.00275886
0.00107799
0.00396395
0.00624778
0.0024064
0.00285781
0.0105391
0.000143628
0.0128187
0.00109058
0.00314674
0.00390228
0.000762024
0.0017194
0.00422414
0.000916442
0.0114711
0.00263432
0.000478623
0.000652112
0.00245595
0.00141122
0.00118961
0.000593474
0.00199833
0.0167345
0.0313999
0.000891003
0.00779926
0.00476265
0.00410714
0.00242297
0.000600301
0.000285106
0.000618394
0.00107433
0.00213889
0.00103834
0.00471635
0.000446904
0.00321179
0.0020453
0
0.00449267
0.00125189
0.00145923
0.000710664
0.00021404
0.00224137
0
0.0215871
0.0121531
0.000805922
0.0107044
0.00190397
0.00247199
0.00174795
0.00176215
0.00413833
0.00462492
0.0323975
0.000504628
0.00449529
0.00109351
0.00128002
0.00225395
0.00116386
0.00239576
5.93323e-005
0.000408974
0.0031826
0.00327445
0.00490373
0.00284593
0.000824995
0.0137036
0.00422665
0.00255221
8.81803e-005
0.00052355
0.0281609
0.015239
0.00776951
0.000883196
0.00742743
0.00233671
0.00616514
0.000453253
0.00423451
0.00129071
0.00231106
0.00190427
0.00634953
0.0088917
0.00149838
0.000541957
0.00150905
0.000839866
0.00234489
0.0024055
0.000375189
0.000857743
0.00282803
0.00516676
0.00235754
0.000769975
0.00220472
1.18173e-005
0.00110318
0.0029704
9.14592e-005
0.000683659
0.000247088
0.00376373
0.00255836
0.00800783
0.00353958
0.00511148
0.000880604
0.0100225
0.00361045
0.00292738
0.00192239
0.0010675
0.00287808
0.00280507
0.000307809
0.00042123
0.0295419
0
0.00108933
0.00261725
0.00256098
0.00237021
0.00187941
0.00768407
0.00757611
0.00373648
0.00123809
0.000860881
0.000802222
0.000900198
0.0015806
0.000177493
6.97952e-005
0.000537824
0.00360472
0.00161631
0.000251234
0.000271678
0.00486659
0.000756023
0.00212035
0.00314624
0.0268944
0.00210699
0.00156477
0.00944309
0.0107903
0.000968914
0.00268103
0.00212807
0.00997296
0.00128849
0.00400193
0.0104993
0.00139283
0.000837728
0.000941598
0.00753963
0.00183629
0.00435006
0.00250864
0.00412374
0.0135292
0.00476837
0.00114574
0.0012087
0.000258759
6.47777e-006
0.00802713
0.00132134
0.00151127
0.000542724
0.00313164
0.00149758
0.000706139
0.000640854
0.00229271
0.00589734
0.00095381
0.00258318
0.0141733
0.0111997
0.00234625
0.00144622
0.0178019
0.0026304
0.000464486
0.000190721
0.000609439
0.000375711
0.00604191
0.0173151
0.0210961
0.00411495
0.00130607
0.0506604
0.00042407
0.0023423
0.0142286
0.000497095
0.000766823
0.00356645
0.000420911
0.0054661
0.0106128
0.00444901
0.0011878
0.00819409
0.00394091
0.00270902
0.00161223
0.000514177
0.00245106
0.00305045
0.0629757
0.00598255
8.56461e-005
0.00169176
1.93776e-005
0.00125365
0.00033381
0.00528014
0.00758851
0.040229
0.000945918
0.00358141
0.000745257
7.74021e-005
0.00494869
0.000727888
0.0235251
0.0211703
0.00260962
1.96061e-006
0.00192131
0.00682398
0.000752795
0.0213298
0.000482743
0.00126738
0.0170828
0.000991041
0.00833655
0.00703303
0.00141393
0.0026611
0.000715013
0.0540505
0.0685671
0.000986617
0.001246
0.00147514
0.000626164
0.000338769
0.000663608
0.00336601
0.00130769
0.00161039
0.00178871
0.0132943
0.000426968
0.0046795
0.000496531
0.000849022
0.00362839
0.0100351
0.00573443
0.00619906
8.6185e-005
0.00067598
0.000809312
0.00209742
0.00352913
0.000584159
0.000727797
0.00228806
0.00114506
0.00143863
0.00345764
0.00268262
0.00370778
0.00180814
0.00755393
0.00319467
0.000514472
0.0361594
0.0542343
0.00202552
0.00171614
0.0111181
0.00131841
0.00392165
0.000157881
0.000291207
0.00115922
0.00218074
0.00110292
0.00378343
0.00250852
0.00290761
0.000329743
0.0207941
0.000765862
0.000517103
0.00220922
0.000741534
0.00647902
0.00108701
0.0024382
0.00658796
0.00357317
0.00345371
0.00779207
0.0695526
0.00475213
0.00438523
0.000820072
0.00278387
0.0031255
0.0015085
0.000273488
0.00450431
0.000834781
0.00250527
0.000628716
0.00231913
0.000264203
0.00526153
0.000395724
0.00147428
0.00572075
0.00468187
0.0359165
0.0015378
0.000147828
0.00197757
0.000309116
0.0031559
0.0036253
0.00176723
0.00612534
0.000328985
0.00113349
0.00048028
0.00385269
0.000871385
0.00220157
0.00151158
0.00217824
0.00766371
0.000702655
0.00310683
0.0721189
0.000229257
0.00083992
0.000419251
0.001351
0.00235234
0.00221484
0.00189163
8.07664e-005
0.0124617
0.0107016
0.00357821
0.00089786
0.00224249
0.000213568
0.00429212
0.00302115
0.00102819
0.000272066
0.000863999
0.00226891
0.0156386
0.0109269
0.00188903
0.000165883
0.000575345
0.000391391
0.000195084
0.000854846
0.0011567
0.00371976
0.00451821
0.00487404
0.00129586
0.00158719
0.00226235
0.0110654
0.00175145
0.00141918
0.00161519
0.0181379
0.000882136
0.0095721
0.00227704
0.000317515
0.00411454
0.00862085
0.000271034
0.00555798
0.00416474
8.01366e-005
0.000122943
0.00245471
0.0295162
0.00236829
0.0027764
0.00224232
0.00432921
0.00612332
0.00267373
0.000484833
0.00784038
0.000264129
0.0045886
0.000640452
0.00859526
0.00123404
0.00400569
0.000163392
0.00395302
3.4522e-005
0.0591605
0.00579967
0.00679774
0.00124172
0.00239485
0.00111815
0.0408482
0.00174199
0.0239268
0.000700745
0.00584069
0.00522921
0.0209145
0.000566649
0.0147502
0.00977955
0.000441927
0.00346664
0.00139127
0.000121186
0.00281113
0.036507
0.00209198
0.00244552
0.000691823
0.0141965
0.00198429
0.00423092
0.025034
0.00103376
0.0022083
0.00703081
0.00456797
0.00480043
0
0.000515659
0.0242019
0.00622517
0.000412979
0.00767384
0.00102973
0.000741806
0.000339686
0.00056508
0.000266574
0.0102627
0.000444834
0.0027862
0.000657094
0.0023223
0.00142706
0.0165524
0.00121354
0.000742255
0.00612921
0.00105776
0.000549006
0.000595902
0.0126475
0.016871
0.00317929
0.0160425
4.23089e-005
0.00129326
0.00223971
0.000985645
0.00223768
0.00101688
0.018497
0.0131965
0.000131859
0.00138315
0.000281206
0.00305865
7.24828e-005
0.000122614
0.0296274
0.0112738
0.023281
0.00209109
0.00171285
0.0240879
0.0140059
0.000882484
0.00158547
0.00163601
0.000308761
0.00125401
0.00102785
0.00103948
0.00287633
0.0090582
0.00176836
0.000899025
0.000609714
0.00794665
1.17551e-007
0.00335398
0.00944068
0.000858088
0.00264689
0.00128098
0.0201972
0.000837781
0.00299125
0.000711148
0.0116551
0.00803692
0.00189485
0.0149814
0.00261019
0.00139523
0.00270261
0.000522752
0.00295223
9.5707e-005
0.00186607
0.000228386
0.00675558
0.000548845
0.000649331
0.00622969
0.0014463
0.000484431
0.00140532
0.00153777
0.00958832
0.00307542
0.000928666
0.00244372
0.00660715
0.00207581
0.00570282
0.00694187
0.000295258
0.00469829
0.00198202
0.000986203
0.0220693
0.00110828
0.00336335
0.000925477
0.000962892
0.000495027
0.00321621
0.00507827
0.00472613
0
0.00306247
0.000356602
0.00688403
0.011711
0.0394047
0.00573927
0.000826862
0.000731011
0.00352443
0.0137195
0.0319496
0.00198446
0.0045334
0.00543491
0.000734294
0.00272631
0.00278375
0.00585445
0.000466649
0.00760962
0.00200744
0.00232225
0.00622396
0.00226946
0.116761
0.121153
0.00639712
0.000624765
0.014922
0.000444173
0.00580147
0.00157894
0.000928299
0.00738728
0.00208389
0.00331697
0.000113971
0.00128364
0.00051026
0.000168319
0.00138538
0.00275516
0.0004413
0.0091347
0.000848406
0.0122179
0.00363774
0.000466797
0.000603161
0.0182845
0.000667281
0.0336848
0.0997727
0.0170934
0.00144634
0.0011299
0.0202032
0.000633675
0.00379555
0.00336858
0.00200674
0.00088165
0.0030957
0.000601032
0.000718099
0.000822606
0.0127539
0.0143223
0.00031375
0.00601638
0.0035426
0.000531028
2.29687e-005
0.00131579
0.0100941
0.00152634
0.00146959
0.00532017
0.00398501
0.000663746
0.00867731
0.00176166
0.00382229
0.016408
0.00256756
0.00366782
0.0159906
0.00195083
0.00160065
0.018536
0.00304881
0.00367899
2.7298e-005
0.0170839
0.000338721
0.00608552
0.0196488
0.0149468
0.00100484
0.00904334
0.0046584
0.00320696
0.00189935
0.00169566
1.38107e-005
0.0305944
0.00387239
0.00176143
0.00748077
0.00783598
0.00858173
0.00416094
0.000574758
0.000445546
0.0136553
0.00170684
0.00159002
0.00264275
0.000373663
0.00855561
0.0256052
0.000827779
0.00791885
0.0255111
7.67719e-005
0.00274452
0.017106
0.000899192
0.01376
4.9854e-005
0.00178057
0.00244443
0.000205434
0.000265503
0.014214
0.00317763
0.104796
0.0890338
0.00209901
0.00257266
0.000335596
0.009228
0.00778041
0.000235976
0.00146009
0.000129937
0.0665447
0.00150303
0.00390197
0.00273928
0.00263062
0.0110073
0.000137864
0.000797936
0.00230378
0.000326787
0.000604554
0.00434064
0.00387004
0.0129722
0.0169098
0.0373193
0.00763684
0.000357533
0.000495627
0.00128106
0.00152994
0.000346739
0.00620253
0.00540441
0.00121874
0.000272981
0.000613506
0.0641689
0.00182721
0.00971066
0.000262777
0.00184932
0.0111019
0.0357136
0.00193017
0.00236901
0.000131102
0.00344214
0.00470007
0.000882468
0.00752949
0.00533337
0.0023313
0.000368804
0.00322212
0.0147397
0.0411431
0.0861111
0.000200289
0.00287186
0.00256269
0.000569543
0.00336661
0.00114172
0.000300211
0.0073833
0.0036352
0.00491358
0.000827629
0.00122608
0.00166044
0.00715769
0.00166323
0.00709774
0.00862562
0.000278306
0.00173171
0.00683406
0.00264781
0.000154984
0.00244683
0.00119317
0.00206886
0.00599488
0.00650726
0.0247809
0.00177414
0.0111646
0.00233993
0.00169551
0.00257519
0.000663864
0.0645412
0.0479965
0.002634
0.00292878
0.0559721
0.000782146
0.0218883
0.000812594
0.00614743
0.0128941
0.0173553
0.00123779
0.00658472
0.00558035
0.00097759
0.0251972
0.00134073
0.00212839
0.00175766
0.000971621
0.00103558
0.000869491
0.00140254
0.000564084
0.000528779
0.00039777
0.0303959
0.00154321
0.0016452
0.00214121
0.0112735
0.000658008
0.000659968
0.00400741
0.000885752
0.00108296
0.00289366
0.00339064
0.014856
0.00121162
0.000611033
0.00204009
0.0070935
0.0017251
0.00153195
0.00113528
0.0097738
0.00278321
0.00885583
0.00147504
0.00416098
0.00103742
0.0478997
2.34348e-005
0.0058978
4.64275e-005
0.0126942
0.00169472
0.00147734
0.00116516
0.000699892
0.00118225
0.000552148
0.00448966
0.00169839
0.000609642
0.00217518
0.00243258
0.00124823
0.0096584
0.00196564
0.00156497
0.00140582
0.000237577
0.000176159
0.00263313
0.00296053
0.00476121
0.000586334
0.000723765
0.00165458
0.00187103
0.000920327
0.00206186
0.000176517
0.000286635
0.000768131
0.0157637
0.00350583
0.000557451
0.000970165
0.00174089
0.000828661
0.00851657
0.0045749
0.00765363
0.00163432
0.000663632
0
-5.76516e-009
0.010262
0.00169347
0.000770992
0.00143474
0.00924874
0.00332783
0.00199684
0.00134701
0.000650164
0.000510043
0.0016815
0.0104185
0.00272602
0.0141567
0.00308832
0.00368705
0.00335612
0.00200827
0.00692725
0.00152118
0.0573709
0.0182393
0.000543001
0.00333715
7.97217e-005
0.00498344
0.00196376
0.00113584
0
0.000154227
0.000286939
0.0324784
0.00307652
0.000456141
0.002097
0.00404371
0.00732737
0.00641869
0.00106425
0.000169858
0.0111302
0.00081663
0.00401613
0.00662763
0.0569211
0.000560378
0.000871345
0.00276298
0.00140995
0.00287072
0.0138663
0.00724502
0.022643
0.000621305
0.00805593
0.00240033
0.000198399
4.45235e-005
0.000774726
0.00425945
0.0267944
0.0012574
0.00753043
0.00506119
0.0168106
0.00475313
0.00329462
0.0115885
0.00222858
0.000338728
0.00087667
0.00200638
0.00205137
0.00071703
0.00131206
0.00154118
0.0040792
0.00129358
0.0044521
0.000853363
0.00298524
0.00464423
0.000240078
0.0216986
0.00263302
0.00285272
0.000478282
0.00535182
0.00234597
0.00240954
0.00269099
0.00989087
0.000468837
0.00306229
0.0168163
0.0166967
0.00565483
0.00112869
0.0367655
0.00381305
0.0096874
0.00480041
0.00344232
0.00480424
0.000275562
8.67611e-005
0.00666891
0.00106843
0.000130702
0.0142665
0.0562998
0.0600772
0.000303686
0.000211312
0.000443718
0.000314044
0.0031721
0.00207782
0.000483996
0.0194838
0.00701092
0.000617765
0.00466465
0.00330314
0.00549216
0.000353218
0.00026298
0.000752957
0.00728125
0.152633
0.0930791
0.0221603
0.00131636
0.0577334
0.00120271
0.00617587
0.00229599
0.00842277
0.00138496
0.00123255
0.00585513
0.000991327
0.00277208
0.00132416
0.00430159
0.00354934
0.00126429
0.00355933
0.00535072
0.002527
0.00204026
0.00204138
0.0223666
0.00165561
0.0011438
0.00612698
0.000575546
0.000780319
0.00594837
0.00557944
0.00457349
0.00263306
0.00218987
0.00279613
0.000136786
0.000669949
0.000749482
0.00106327
0.00575399
0.000619727
0.00515222
0.00601418
0.00568207
0.00794857
0.00327521
0.0042519
0.0005452
0.00264651
0.00596706
0.00181842
0.00277387
0.000157301
0.0269863
0.00101064
0.0083695
0.0142515
0.000233231
0.00232419
0.0646865
0.0417161
0.00807566
0.0365555
0.00234387
0.00265684
0.0113665
0.0289326
0.0024598
0.000802121
0.00568323
0.00345713
0.00116514
0.00560979
0.00266686
0.0235082
0.0256632
0.000785857
0.00257119
0.000806182
0.00220769
0.00753802
0.00205962
0.014045
0.000178064
0.00288183
0.000510951
0.000533028
0.00373362
0.00465373
0.0032724
0.0173087
0.00507118
0.0366722
0.00158136
0.00659927
0.00250249
0.00415944
0.0019766
0.00386454
0.00100295
0.00165248
0.00287985
0.002409
0.00458463
0.00156686
5.65965e-005
0.120753
4.85516e-005
0.00516354
0.000232876
0.0216492
0.0819575
0.000738261
0.00374459
0.0078626
0.00593144
0.00235614
0.00126992
0.00464559
0.000317007
0.00410268
0.00618676
0.00313458
0.00246114
0.00593222
0.00301923
0.000266306
0.00178288
0.000678614
0.00372429
0.00189324
0.00260499
0.017347
0.0136087
0.00087642
4.41092e-005
0.000230275
0.000341096
0.0134366
0.0187221
0.000473273
0.000512713
0.000256941
0.00541562
0.000486251
0.00435936
0.00844428
0.000282698
0.0038964
0.00156571
0.0012142
0.00234221
0.00304564
0.00289125
0.00826321
0.00106488
0.000970729
0.00102434
0.004863
0.00418026
0.00115968
0.0184147
0.0971802
0.0142056
0.0142698
0.00158598
0.000452754
0.00184677
0.00117003
0.00134906
0.00555352
0.00142609
5.53869e-005
0.00287902
0.00572123
0.00185088
0.00287036
0.00152847
0.000259909
0.00151027
0.0315598
0.000360859
0.00324087
0.00084933
0.00100981
0.00151371
0.00230604
0.00826492
0.00191922
0.000764269
0.000688261
0.00221411
0.007069
0.000420013
0.000106351
0.000821043
0.00558791
0.000374332
0.0148686
0.00112851
2.96163e-005
0.0202562
0.000100287
0.00992318
0.000312853
0.000557377
0.00313933
0.00495645
0.00497013
0.0120813
0.0105299
0.00361652
0.0022768
0.00163598
0.00209379
0.00137806
0.000168596
0.00186335
0.00271708
0.00367785
0.000615057
0.00532593
0.0515064
2.51178e-005
0.000176005
0.00259109
0.00449785
0.00250718
0.00299528
0.0178824
0.00111025
0.00561864
0.00856133
4.30767e-006
0.00222465
0.00234902
0.000765518
0.049396
0.00134053
0.014527
0.00542111
0.00173481
0.00568527
0.00631568
0.0107166
0.00153256
0.00425483
0.00519708
8.72404e-005
0.0027135
0.00670761
0.00023999
0.00442931
0.0217396
0.00303645
0.00569587
0.00553032
0.000745934
0.0047784
0.00176954
0.0030035
0.00309897
0.0205063
0.00131772
0.000841047
0.00012983
0.0007064
0.00260189
0.00587927
0.00699781
0.00275237
0.00224148
0.00719897
0.0173069
0.00132764
0.0101211
0.00366389
0.0164923
0.0148643
0.00121315
0.000613487
0.00152633
0.00350233
0.010368
0.000280823
0.00291448
0.00204523
0.00227985
0.000991203
0.0125741
0.00230734
0.00228794
0.00196957
0.00110358
0.00394202
0.00204468
0.00177254
0.000206996
0.0190368
0.00135224
0.0167045
0.00575895
0.0353762
0.0140371
0.00323206
0.00335002
0.0016999
0.00300282
0.00240834
0.00352246
0.00121909
0.00262172
0.00141136
0.000447627
0.000302623
0.0023287
0.00207098
0.00186088
0.0029973
0.00393032
0.000960133
0.00910905
0.00105144
0.00105259
0.00410266
0.000765775
0.00459338
0.00147318
0.000790656
0.023337
0.0104745
0.00442103
0.00118748
0.00177962
0.0118107
0.017159
0.000707228
0.000632183
0.0115909
0.00251066
0.000554797
0.0319528
0.00372483
0.0018379
0.001855
0.0160533
0.00483017
0.00850184
0.00553616
0.00368422
0.00162462
0.0141496
0.00108938
0.0014822
0.0191647
0.000918318
0.00177775
0.00231703
0.00127379
0.0042167
0.000764327
0.00305225
0.00317452
0.000860343
0.000976529
0.00479158
3.45635e-005
0.0107599
0.00863829
0.000321338
0.0118346
0.00122657
0.00452011
0.00107693
0
0.00051582
0.000402391
0.0158638
0.00270471
0.00158604
0.00238551
0.00218488
0.00221106
0.000599223
0.00955668
0.0104875
0.00583116
0.0152536
0.00261399
0
0.000312539
0.0233616
0.0132241
0.00126768
0.00639732
0.00618305
0.00362032
0.00551022
0.00330706
0.00471252
0.00426191
0.000776486
0.00249652
0.000929508
0.00712046
1.20442e-005
0.000114494
0.0012541
0.00192136
0.0146272
0.00448037
0.00135926
0.00201715
0.00320876
0.00182033
0.00713747
4.22779e-005
0.00151295
0.00102633
0.00089838
0.00395111
0.000591673
0.00258141
0.00368182
0.010641
0.000345878
0.00151502
5.70117e-005
0.000440448
0.0201155
0.00415728
0.00941099
0.00942063
0.00114396
0.00195279
0.00273673
0.00131807
0.00753294
0.0131579
0.000693355
0.00179572
0.0249803
0.00722757
0.00564177
0.00117401
0.0672468
0.0978639
0.000543438
0.0205482
0.00390268
0.00413002
0.00221072
0.00211813
0.00322836
0.00202174
0.00124816
0.000280406
0.00224137
0.00317132
0.00141829
0.00329364
0.000254891
0.00220748
0.000837617
0.00107921
0.00924098
0.0171118
0.00255669
0.00827349
0
0.0125193
0.00335553
0.00758772
0.0669328
0.000984145
0.00439055
0.00102993
0.000412635
0.000348166
9.28062e-005
9.28519e-005
0.000656557
0.107309
0.00320805
0.000257645
0.000815645
0.000974911
0.000752823
0.0173739
0.00355195
0.000104588
0.00176153
0.0101296
0.000390002
0.0088666
0.0111437
0.027566
0
0.00182294
0.00124396
0.00107513
0.00245507
0.000592184
0.00162161
0.000848249
0.00078262
0.00146762
0.00206464
0.0527968
0.0119041
0.000318603
0.00221473
0.00157138
0.00167708
0.000522442
0.00151831
0.000452335
0.00118073
0.0147505
0.00221862
0.00476898
0.00209683
0.000249493
0.00141164
0.00198396
0.00325216
0.000922767
0.000118232
0.00188784
0.0205147
0.0182574
0.000227909
0.00427561
0.0132256
0.000565996
0.000397645
0.000115313
8.27758e-005
0.013633
0.00318852
4.10492e-005
0.000268035
0.0231073
0.0127114
0.00199659
0.00465947
0.00676209
0.000336391
0.00193286
0.0108594
0.0535323
0.0114073
0.000678846
0.00557009
0.0109718
0.00246397
0.00482889
0.011967
0.00661423
0.00200775
0.00260975
1.83006e-005
0.0231635
0.0024506
0.00272707
0.00249224
-1.0057e-008
0.0298173
0.0226503
0.022115
0.000606098
0.000806282
0.0211614
0.00342009
0.00287961
0.00138128
0.00218304
0.00240053
0.00799191
0.00639986
0.00838695
0.0515267
0.0190428
0.0002908
0.000570029
0.00112953
0.00155383
0.00759117
0.00620363
0.00167114
0.00121294
0.00181616
0.000906664
0.0301281
0.00862166
0.00021912
0.00581228
0.00920547
4.46719e-005
0.00882694
0.00177447
0.00215647
0.00340311
0.0324303
0.0652361
0.00222249
0.00203597
0.00283525
0.005309
0.00410669
0.000207076
0.00295088
0.000122081
0.000190419
0.00606371
0.00466512
0.00108119
0.000566349
0.0021196
0.00337298
0.000253802
0.00149107
0.00299009
0.000217061
0.000310641
0.00603491
0.0858183
0.0274764
0.0253529
0.0619351
0.00379135
0.000892252
0.00100726
0.000951929
0.000993528
0.0184822
0.000248754
0.009935
0.00368651
0.000300513
0.016278
0.00141443
0.0208503
0.0272295
0.00124262
0.0010985
0.00299726
0.000496722
0.000823313
0.000811374
0.00128518
0.00281653
0.00357157
0.00361043
0.00212526
0.00236708
0.00326366
4.44849e-005
0.00123267
0.000631905
0.00313045
0.000548353
0.00300733
0.000403725
0.00359337
0.003648
0.000722442
0.00396454
0.00584633
0.00118868
0.000103777
7.40645e-005
0.0022504
0.00445054
0.000756989
0.00109902
0.0331945
0.000532919
0.00144102
0.00819377
0.0157344
0
0.000548714
0.00826549
0.00303178
0.000274342
0.00314536
0.00137728
2.09102e-005
0.000744184
0.00607531
0.00856138
0.0240116
0.000436064
0.0190675
0.00124508
0.000796712
0.000665701
0.00953377
0.00626696
0.00078217
0.00656857
0.000397783
0.0249639
0.00314303
0.00178702
0.00259888
0.000139817
0.000198237
0.000608799
0.00390363
0.0064471
0.0175701
0.000900308
0.00167461
0.0048947
7.25544e-005
0.00636308
0.000346221
0.00460949
0.00910837
0.00181267
0.00667357
0.019659
0.000608945
0.00314747
0.0232556
0.000974803
0.000952318
0.0037574
0.00228609
0.00266001
0.00052146
0.00487839
0.000513163
0.00467324
0.00673662
1.8587e-005
0.00153634
0.0202675
0.015774
3.12728e-005
0.00280809
0.00532147
0.00548761
0.00507927
0.00237516
0.00444567
0.00127721
0.0153232
0.00910156
0.0039451
0.000245203
0.0001124
0.00188482
0.00140646
0.00217369
0.00702994
0.000650477
0.000791723
0.0718184
0.00533948
0.00031155
0.0244072
0.0301361
0.00484945
0.00407083
0.0421279
0.0873739
1.8745e-005
0.00154163
0.000719055
0.00787956
0.000831829
0.000491952
0.00156894
5.12465e-005
0.0126852
0.000839942
0.00705272
0.00154983
0.00400568
0.000329992
0.00127457
0.134302
0.00282145
0.0184714
0.00225611
0.00435454
3.32231e-005
0.00148633
0.00174168
0.00314584
0.000671193
0.00426304
0.00805404
0.000495519
0.00287238
0.010161
0.000878973
0.0150541
0.000314365
0.0107812
0.00323155
0.00267558
0.000853957
0.00103044
0.00649739
0.0744343
0.00654467
0.000692877
0.00604895
0.000144974
0.000708992
0.000136663
0.00790675
0.0193446
0.00152572
0.0420398
0.00138984
0.00632617
0.00411946
0.000220151
0.000189649
0.00397733
0.00160709
0.000892454
0.00108935
0.00181788
0.00111465
0.00619397
0.000177306
0.00205899
0.0013606
0.000928929
0.0109237
0.00876447
0.000484535
0.0121195
0.00216804
0.00158994
0.00222587
0.00242769
0.0029766
0.0104883
0.000474247
0.00340289
0.0225499
0.00246905
0.00599404
0.00432119
0.0162167
0.00130375
0.01645
0.0122428
0.0037235
4.4407e-005
0.0457627
0.0022031
0.000641229
0.000845115
0.000497576
0.0011826
0.0013467
-3.08023e-009
0.000479294
0.000754995
0.0025926
0.00378348
0.00618626
0.00536815
0.00318949
0.00439328
0.00213912
0.00163489
0.00362973
0.000225187
0.0048974
0.00064513
0.00258611
0.00105409
0.00287427
0.00648811
0.000237631
0.00204301
0.0052825
0.00191541
0.00285943
0.00425126
0.000431176
0.00176843
0.001385
0.000360941
0.002676
0.00576425
0.00325826
0.000961832
0.00196518
0.000126506
0.00350849
0.00319311
0.00231629
0.00393812
0.020673
0.0029942
0.00076062
0.00125802
0.0139015
0.00197198
0.000847361
0.000342599
0.0385061
0.00747109
0.000908112
0.000605171
0.000202191
0.00121011
0.00045291
0.00994229
0.00677304
0.00128585
0.00349639
0.0181413
0.000819515
0.00282256
0.00254104
0.00510455
0.0224874
0.000388619
0.0013924
0.0128077
0.00803435
0.00341807
0.000861754
0.000282969
0.00135361
0.00601929
0.00198986
0.00374552
0.000842595
0.0495168
0.000956523
0.00116252
0.00766988
0.000493312
0.00171011
0.0634451
0.00255984
0.00383893
0.0079003
0.0238969
0.00140589
0.00305066
0.000333678
0.00189388
8.65322e-006
0.012702
0.00900425
0.0105033
0.0118015
0.00150989
0.000939146
0.00344757
0.00322542
0.0037846
0.0137552
0.000332134
0.00261687
0.00111203
0.000984965
0.00315582
0.00108002
0.00162251
0.00260014
0.0179338
0.0260748
0.00136436
0.00110145
0.00536043
8.76645e-005
0.00229606
0.0002274
0.0306009
0.00580259
0.0015932
0.0165213
0.0092211
0.00696135
0.000730928
0.000795673
0.00197921
0.00279938
0.0008902
0.073698
0.0428111
0.00186451
0.0110315
0.00141914
0.0017795
0.0105202
0.000539095
0.00105302
0.00514975
0.0180846
0.00370852
0.000837615
0.000116983
0.00265379
0.0118801
0.100118
0.00199387
0.00296963
0.00802843
0.0182525
0.000153785
9.92671e-005
0.00553523
0.0276625
0.00510083
0.00223535
0.00500637
0.000579054
0.0085337
0.00142461
0.0739469
0.000213686
0.00269239
0.00213428
0.00119165
0.00348207
0.0035335
0.00136166
3.17375e-005
0.00134692
0.00245089
0.0102859
0.00076445
0.032333
0.00697125
0.000924667
0.00749036
0.00115269
0.0349171
0.00231103
0.00082604
0.00645082
0.00221267
0.00363305
0.0152561
0.00103453
0.00260064
0.0003577
0.00179604
0.00168218
8.4584e-005
0.000894131
0.00107722
0.0024626
0.0158856
0.00194961
0.000806173
0.00164321
0.000612929
0.000935709
0.00335143
0.0989114
0.000689322
0.00146353
0.000476331
0.000151839
0.000459301
0.000852895
0.0022468
0.00927739
0.00809222
0.00834463
0.00358243
0.014253
0.00365546
5.79007e-005
0.00353506
0.00132662
0.00268182
0.00175959
0.000510474
0.000226386
0.00158519
0.00179353
0.00169064
0.112034
0.00352606
0.0031498
0.00173499
0.0131477
0.0131343
0.0289434
0.00198885
0.000630643
0.0181646
0.00118469
0.000668063
0.000605229
0.0126994
0.0111513
0.0164548
0.00373901
0.000601034
0.0351935
0.0011474
0.00199917
0.0013579
0.00282687
0.0019751
0.0151458
0.00215218
0.00421549
0.000396903
0.000218267
0.000523795
0.00120418
0.00308032
0.000581846
0.00360318
0.0263157
0.0161561
0.00995376
0.000150881
0.000704793
0.000785343
0.00186385
0.00133525
0.00327056
0.000257639
0.0208785
0.00188223
0.000829344
4.60301e-005
0.00783509
0.00707255
0.000993833
0.000558339
0.0027091
0.00510186
0.000478814
0.00482856
0.00185465
0.00351363
0.0134482
0.00789632
0.00189426
0.00241953
0.00926714
0.00326689
0.00586767
0.00445867
0.00063715
0.00313224
0.00195658
0
0.000936312
0.00254703
0.0134401
0.0260177
0.00134799
0.00498659
0.000701699
0.00505254
0.00125639
0.00673662
0.00269386
0.000874305
0
0.00416177
0.0018508
0.0010264
0.0195889
0.00119827
0.00414793
0.000842186
0.000139478
0.00710687
0.00729953
0.0021132
0.000550004
0.00138366
0.00541627
0.00106941
0.000700055
0.000638707
0.000935185
0.0043997
0.000358398
0.0153786
0.0177009
0.00101513
0.0665835
0.0268695
0.00200345
0.00158166
0.00351984
0.0334737
0.000895583
0.00304838
0.00988171
0.000734817
0.0081949
0.00979222
0.00101525
0.0144581
0.000176951
0.00427043
0.000265405
0.000179434
0.0104154
0.00132984
0.000466202
0.00013261
0.00446201
0.00712929
0.00265046
0.00237939
0.0205868
0.00731868
0.00102709
0.0154384
0.018819
0.007051
0.000971068
0.0010317
0.000402947
0.00465744
0.000111481
0.00161787
0.00824521
0.0240482
0.0213957
0.0272016
0.00471822
0.00011476
0.00306906
0.01113
0.00532025
0.00359868
0.00261645
0.00365845
0.000515814
0.00205806
0.00352083
0.000473344
0.00201604
0.00325965
0.00516763
0.018935
0.0029419
0.0168063
0.0224276
0.000612193
0.00310407
0.0165819
0.0168517
0.00203699
0.00259124
0.00223729
0.0188002
0.0171308
0.0120354
0.00329038
0.00802052
0.00187926
0.00123687
2.99142e-009
0.000839698
7.81999e-005
0.00121097
0.000115175
0.00104078
0.00164086
0.012001
0.0112301
0.00384268
0.00248935
0.0166042
0
0.045989
6.24901e-005
0.00137007
0.000950444
0.000175699
0.000871891
0.00601807
0.00155386
0.00146531
0.0007067
0.00164068
0.00229774
0.00132633
0.0102461
0.000791972
0.00245197
0.00142385
0.00101122
0.00183547
0.00034092
0.00235084
0.000556344
9.33906e-005
0.000652874
0.0188566
0.00468255
0.0176056
0.00581563
0.0118883
0.00367744
0.000917847
0.0130857
5.60592e-005
0.0031355
0.00128427
0.0124533
0.0120433
0.000679283
0.000201175
0.000105602
4.13815e-005
0.00127143
0.00116903
0.000423953
0.00433599
0.013291
0.0652476
0.00149139
0.0333813
0.0135512
0.00284248
0.00163274
0.00652813
0.00122022
0.00129271
0.0380673
0.0109959
0.00131203
0.0130369
0.00149635
0.021698
0.0111771
0.00545414
0.00256529
0.037293
0.00201508
0.00116862
0.00341907
6.44812e-005
0.00280703
0.00233951
0.00472619
0.00109605
0.00250644
0.000193742
0.00419653
0.00424492
4.12689e-005
0.000434131
0.00229893
0.000485163
0.00390049
0.000434228
9.85254e-005
0.00171549
5.54479e-005
0.00215811
0.00191813
0.00229799
0.00279681
0.000883799
0.00660355
0.000932119
0.000707114
0.000458557
0.000443774
0.0116968
0.00186397
0.00316806
0.00299207
0.00027765
0.000904591
0.00361963
0.000389527
0.00885122
0.00187457
0.000179911
0.00376242
0.000955005
0.00156913
0.000298472
0.0153813
0.00100959
0.00172807
0.00164612
0.00190413
0.000425939
0.00068784
0.000654786
0.00502188
0.052249
0.00130325
0.0333142
0.00266989
0.012259
0.00087449
0.00190006
5.81437e-007
0.00921253
0.000281312
0.00907704
0.0103046
0.0105793
0.00110948
0.0102278
0.0118431
0.00488209
0.00315004
0.0189512
0.00198462
0.00177694
0.00461447
0.0032525
0.00314579
0.000612853
0.0116693
0.0065118
0.00369466
9.8785e-005
0.000671153
0.00282539
0.0127466
0.00183531
0.117577
0.00288269
0.0287709
0.0262485
0.00427514
0.00464516
0.000583363
0.00227362
0.00845778
0.00703185
0.0264782
0.00362271
0.000763037
0.0162434
0.00366774
0.0113233
0.00115032
0.00141536
0.000151806
0.00218854
0.00713648
0.011358
0.0115451
0.00939518
0.0040801
0.00144617
0.000602483
0.00393179
0.00345795
6.703e-005
0.00375193
0.00209921
0.000677582
0.00056079
0.00117818
0.000101947
0.0436519
0.0417069
0.0393067
0.00198585
0.0166572
0.00480948
0.000945599
0.000953197
8.25174e-005
0.00686153
0.00485711
0.000169698
0.00245109
0.0176579
0.000695934
0.00229644
0.000160292
0.000563327
0.00757753
0.00105831
0.000829994
0.00104718
0.0108655
0.0181163
0.000347604
0.00326954
0.000881908
0.00297432
0.0734703
0.000389336
0.00218165
0.00700242
0.00372362
0.0153561
0.00775287
0.00557133
0.00324899
0.0373528
0.00287847
0.028207
0.0587433
0.000811476
0.0013598
0.0116003
0.00239541
0.000802835
7.83483e-006
0.0090011
0.00037927
0.000546841
0.000156669
0.00381911
0.000300004
0.00290575
0.00345864
0.000505964
0.000426364
0.00208922
0.000836177
0.00382726
0.00100892
0.0186555
0.0001674
0.0128429
0.00483273
0.000197867
0.00112066
0.0151008
0.0751686
0.0255104
0.000784036
0.00137605
0.00760754
0.000772984
1.47233e-005
0.00114541
0.00407828
0.00218358
0.000690202
0.000709921
0.000489976
0.029871
0.0151778
0.00135798
0.000391612
0.000677353
0.00130323
0.000141867
0.00112792
0.000183834
0.0142814
0.00349626
0.0133963
0.00301537
0.00244218
0.000424256
0.00171614
0.0243975
0.000123165
0.00166232
0.00251966
0.00630565
0.00617556
0.00189482
0.00201672
0.0068504
0.00234123
0.000592462
0.0661453
0.000182915
0.00208404
0.00119424
0.00350489
0.000399768
4.29711e-005
0.015118
0.00575501
0.000116127
0.00843647
0.0134565
0.012234
0.0157436
0.00189652
0.000321783
0.00147073
0.00480177
0.000591654
0.000341865
0.00181353
0.0932962
0.000932911
0.00072581
0.000263979
0.0209516
0.00130175
0.000231712
0.0685854
0.00792242
0.00202506
0.00340334
0.0063843
0.00389337
0.0047181
0.000803014
0.0016884
0.000634662
0.00123612
0.00076373
0.0154359
2.62684e-009
0.000817817
0.00307129
0.0126018
0.00051069
0.00197571
0.000919368
0.028117
0.00243824
0.00172736
0.000514622
0.00273986
0.00134169
0.000197493
0.00180313
0.00115515
0.0150376
0.00109985
0.0032262
0.00111505
0.000813127
0.0102234
0.0163741
0.00267132
0.013198
0.0018204
0.000173399
0.0150889
0.0179233
0.00494283
0.00683921
0.00582206
0.0114458
0.00455587
0.00175288
0.00389846
0.0121591
0.00229449
0.00575464
0.000280974
0.0017542
0.0115203
0.0193427
0.0022692
0.000616403
0.00842622
0.000633604
0.000185157
0.00522912
0.00158853
0.00370823
0.0687817
9.34711e-005
0.00113193
0.00443662
0.00139767
0.00215056
0.00427973
0.00908441
0.00715223
0.000531282
0.0752966
0.00237339
0.00198374
0.00341228
0.000599364
0.000155113
0.00393545
0.000975495
0.0013899
0.00251359
0.00839294
0.0059594
0.0127454
0.00262986
0.000569334
0.00307535
0.0104483
0.000513912
0.00135323
0.00200811
0.0214155
0.00237081
0.00157385
0.00257878
0.0387619
0.00184476
0.00145339
0.00532074
0.00296926
0.00416576
0.00498002
0.00144824
0.000858204
0.00114783
0.00194689
0.0113997
0.00909223
0.00818682
0.00174012
0.0205209
0.00239982
0.000563271
0.00050256
0.000263187
0.0103268
0.00138623
0.00165513
0.00292505
0.0218478
0.0291275
0.0189599
0.0085571
0.00134423
9.2042e-006
0.0092379
0.000714512
4.24472e-010
0.00136602
0.00358407
0.000138145
0.00523403
0.00313439
0.00207395
0
8.66829e-007
0.0027036
0.00036527
0.000602048
0.0213998
0.0190151
0.000395176
0.00309525
0.000324766
0.0395932
0.00116329
0.122043
0.0259596
0.00943731
0.00133991
0.00437634
0.000725179
0.000219368
0.0066355
0.000729263
0.0176719
0.0253053
0.00534004
9.28533e-005
0.00612383
0.0030652
0.000529333
0.000149545
0.0344852
0.0119054
0.00146902
0.0370915
0.00253096
4.07206e-005
0.000374626
0.00109175
0.00308253
0.00274617
0.00134332
0.00633998
0.000619955
0.0117877
0.00301005
0.00110592
0.0029671
8.03592e-005
0.00277132
0.000466613
2.93237e-005
0.00333442
0.0022273
0.00130488
0.00014242
0.0115191
0.00106588
0.00706733
0.000655713
0.000821155
0.00390978
0.0392634
0.00956391
0.038094
0.0142237
0.00221763
0.0067605
0.00258518
0.000768449
0.00267478
0.00328657
0.00907379
0.00792799
0.0152211
9.11274e-005
0.0183039
0.0245589
0.00160932
0.0128324
0.00144539
0.0111142
0.0288338
0
0.0138932
0.00125251
0.0135921
0.0762241
0.0021254
0.0101634
0.000407055
0.000678248
0.0120368
0.0134565
0.00491667
0.00110378
0.0391536
0.00157389
0.00502885
0.00041197
0.0241242
0.0225272
0.00284977
0.0488628
0.0455102
0.00134349
0.00303975
0.000575937
0.00724759
0.015649
0.0177388
0.00447172
0.00448337
0.0142727
0.0151834
0.00278117
0.00106388
0.00232515
0.00203808
0.00230615
0.000377998
0.00223326
0.00624563
0.0154471
0.00151195
0.00108241
0.00106828
0.00137986
0.00203095
0.00202808
0.00149733
0.00472129
0.000764201
0.00180976
0.0372541
0.00338153
0.00214569
0.00113104
0.00488828
0.00509163
0.0250074
0.00503243
0.0036273
0.000582613
0.000803307
0.00427649
0.0461426
5.17429e-005
0.0158115
0.0144893
0.00138339
0.00061567
0.000216989
0.0134721
0.00313806
0.00017544
0.00071984
0.000899503
0.00286227
0.000610385
0.010683
0.00400309
0.00929098
0.0119849
0.000432448
0.00364494
0.0044598
0.0101591
0.00241349
0.00511658
0.00513397
0.00110865
0.00045155
0.00882621
0.000139332
0.000806215
0.00132568
0.00260373
0.00330482
0.00110603
0.0203896
0.0028667
0.00109253
0.000331568
0.00110653
0.000744914
0.0132097
0.0027172
0.000250781
0.00101356
0.00157294
0.00499109
0.0233943
0.00579409
0.00847352
0.0503756
0.000459368
0.010062
0.00445831
0.00122053
0.0173727
0.00113112
0.00049338
0.0033956
0.00164303
0.0109166
0.000102412
0.00350984
0.00986484
0.00541955
0.00216462
0.0150325
0.072076
0.0693809
0.0147229
0.0006473
0.000320286
0.00100695
0.0133554
0.00555299
0.00710602
0.0168431
9.42454e-005
0.00126885
0.00269782
0.00061109
0.0730766
0.00375384
0.0125266
0.00237656
0.000684076
0.00223593
5.23192e-005
0.00637117
0.00743199
0.00286534
0.00205501
0.0426672
0.00111246
0.00102385
0.00739883
0.000211166
0.000317457
0.000514522
0.00124413
0.00312045
0.000364353
0.000488895
0.00072153
0
0.000261929
0.00487947
0.0125236
0.00212389
0.0307062
0.0138115
0.0043199
0.00210958
0.0220287
0.00374409
0.00331549
0.00160508
0.00321869
0.00361937
0.0125183
0.00910762
0.000232999
0.00181803
0.00819983
0.0286848
0.000127446
0.00327599
0.00797657
0.00683589
0.00378946
0.000193821
0.0237007
0.000969103
0.0467923
0.0445231
0.015999
0.00239348
0.000805098
0.00254638
0.00127712
0.0696991
0.032227
0.00182251
0.0014502
0.00260678
0.0250444
0.0178573
0.000433738
0.000888321
0.000909449
0.00230257
0.00800347
0.000288142
0.00992623
0.0165931
0.00162724
0.00293353
0.000435442
0.000642492
0.00702985
0.000392796
0.013004
0.0170456
0.0019367
0.00249057
0.0563229
0.0171823
0.00246279
0.03727
0.000498234
0.00521498
0.0043866
0.00347463
0.000602545
0.00147781
0.000541828
0.00132357
0.00175155
0.00215012
0.00910119
0.00433514
0.000956302
0.00265839
0.00393104
0.0107434
0.0177844
0.00250113
0.0011983
0.00110208
0.00138429
0.0158328
0.00153296
0.00223621
0.000219569
0.000756818
0.00182915
0.00340441
0.000919332
0.020981
0.0157475
0.00187251
0.0193912
0.00534536
0.0141738
0.0023052
0.000182985
0.00291384
0.000370834
0.00242596
0.000394058
0.00352347
0.00110299
0.00135025
0.000633268
0.00103963
0.0170179
0.000660572
0.000632517
0.000992808
0.000623915
0.00285392
0.00528178
0.0257033
0.0111203
0.00337312
0.000181927
0.0025572
0.00283924
0.00192944
0.00191624
0.00184375
0.000975153
0.00130664
0.00171396
0.0366841
0.0323921
0.00120747
0.00182314
0.0227022
0.000943951
0.0232844
0.00099465
0.00902923
0.00199844
0.0114966
0.00103572
0.00615747
0.0142764
0.00268597
0.000935202
0.000277177
0.00059064
0.00260175
0.00165492
0.00420161
0.00110735
0.00170526
0.0115746
0.0221121
0.00058993
0.000918897
0.0212457
0.000543209
0.00383406
0.000919724
0.00202513
0.000146502
0.00530215
0.129577
0.00268899
0.00226067
0.00281825
0.00332669
0.00103512
0.000128356
0.00372491
0.00266445
0.000945538
0.00211609
0.082602
0.000598465
0.0109167
0.00952945
0.00157519
0.00196209
0.00165527
0.00544283
0.00195129
0.00283373
0.00807827
0.00738725
0.000421319
0.0312785
0.000728864
0.00151149
0.00193318
0.00251983
0.0495752
0.000486373
0.00252394
0.0160805
0.0192571
0.000905887
0.000813773
0.00298657
0.00527531
0.0074504
0.0395059
0.00304467
0.0109212
0.00155852
0.0278548
0.0155956
0.00114561
1.46018e-005
0.0010506
0.000668094
0.000767915
0.00619994
0.00242536
0.00140556
0.0151778
0.0162905
0.0011923
0.00159917
0.00103182
0.00417448
0.00222006
0.00632104
0.00162564
0.00592447
0.0424716
0.000924549
0.000753631
0.0575028
0.000184065
0.000146797
0.00232986
0.000728663
0.00200467
0.0125823
0.00718179
0.0120454
0.000974034
0.00200625
0.00204447
0.00102565
0.00029086
0.00130572
0.00724564
0.00467136
0.018195
0.011377
0.00249206
0.000897031
0.000637988
0.000722051
0.000486523
0.000148236
0.00437494
0.00546162
0.00111313
0.00245208
0.00175779
0.00357527
0.0167666
0.00264276
0.0227105
0.00141481
0.00291156
0.00152566
0.00737528
0.003221
0.000451961
0.017744
0.00086545
0.0111511
0.0101125
0.000477122
0.0320711
0.00912034
0.0189331
0.016575
0.00126643
0.0024274
9.28562e-005
0.000284592
0.0341569
0.000755804
0.0281217
0.0016497
0.158008
0.00206999
0.0116841
0.0107682
0.000320174
0.0171473
0.0122605
0.00118174
0.00173071
0.000548433
0.0401093
0.00100081
0.0212022
0.0304932
0.00110708
4.84993e-005
0.00274854
0.0163186
0.00108665
0.00117232
0.00135766
0.000826225
0.00282327
0.00206766
0.00164289
0.00174645
0.0167924
0.00105404
0.0280363
0.022336
0.00963354
0.000779594
7.45429e-005
0.000990871
0.00108758
0.000649954
0.0259211
0.0028275
0.00306976
0.00301767
0.00224011
0.000204202
0.00874471
0.00787748
0.0067747
0.0109029
0.00309497
0.0155729
0.000200718
0.00206997
0.00314198
0.00180481
0.000568209
0.000557586
0.00549608
0.00228118
0.0100587
0.00991407
0.00837724
0.00196709
0.00337422
0.000702844
0.000849317
0.00101798
0.00586935
0.0207883
0.0110102
0.000975108
0.00191515
0.0259544
0.0237988
0.00165834
0.000467665
0.00257061
0.000320829
0.0014184
0.000545792
0.00121043
0.0119075
0.00358718
0.00308172
0.00246715
0.0044906
0.0175483
0.0329937
0.001399
0.0125426
0.000579005
0.013336
0.02231
0.0214349
0.00175191
0.00237392
0.00246388
0.00281658
0.002203
0.0547676
0.0160293
0.000734291
0.000682622
0.00116617
0.0018337
0.00174812
0.0190999
0.00497444
0.00286698
0.0216961
0.00375675
0.000967536
0.00259355
0.00334556
0.00259882
0.00536239
0.00373611
0.00112551
0.00101111
0.00876645
0.00805003
0.00151725
0.000810913
0.00139229
0.00359882
0.000360126
0.00318097
0.010652
0.000339021
0.000169829
0.0017749
0.00407545
0.00146628
0.000793128
0.00958569
0.00150033
0.0010978
0.0309378
0.00231354
0.00911658
0.00900061
0.00786743
0.123866
0.00174893
0.000936425
0.000245477
0.00253317
0.00391751
0.000491613
0.000780479
0.00400555
0.000767287
0.000922219
0.00340723
0.00821213
0.0170057
0.000298919
0.0238425
0.00313434
0.0623172
0.000641488
0.000768841
0.00430653
0.00047977
0.00146099
0.00281286
0.00431194
0.0439516
0.00804589
0.00139037
0.000783218
0.11853
0.0604094
0.0016459
0.00279909
0.00506734
0.00191297
0.00299644
0.0105796
0.115483
0.00318771
0.00058638
0.0864642
0.000677615
0.00146341
0.000977616
0.00146471
0.00351865
0.00306566
0.00779497
0.0108625
0.0371954
0.000215193
0.000548232
0.0031956
0.00319165
0.00414593
0.00298728
0.0101634
0.0257934
0.00747684
0.00220436
0.0509791
0.00151259
0.00277847
0.00115675
0.00191765
0.00491478
0.00214685
0.00902229
0.0194137
0.00134347
0.0027275
0.00223581
0.00156633
0.00458059
0.00169622
0.0123402
0.0069122
0.00711421
0.0153157
0.00883836
0.0455038
0.00144967
0.00274848
0.0262489
0.00648381
0.00149272
0.00234461
0.00439734
0.000248079
0.00176239
0.00108569
0.00496439
0.000650537
0.00418863
0.000102674
0.00197021
0.0556024
0.00425498
0.0136534
0.0136565
0.0101843
0.00968376
0.0171177
0.00279482
0.000284911
0.000582868
0.000901593
0.0360492
0.00121733
0.0954451
0.00545325
0.0270342
0.000531868
0.0261417
0.0128477
0.00495185
0.00258187
0.00423018
0.00140144
0.00817708
0.0235348
0.0269729
0.0131743
0.0099228
0.0226689
0.0134001
0.0039166
0.00222265
0.0126401
0.00236133
0.00296408
0.0293723
0.000829624
0.0204356
0.0161623
0.000379576
6.18321e-005
0.00277361
0.0362097
0.00550717
0.0018246
0.000279584
0.032881
0.00609532
0.111772
0.00610027
0.00276386
0.00110725
0.0238924
0.00120997
0.00217095
0.00265996
0.00126349
0.00882663
0.000902562
0.000212271
0.00950468
0.00106499
0.00311208
0.0314422
0.000812733
0.00219961
0.0227966
0.000219982
0.0347206
0.00353435
0.0007276
0.00204552
0.0539436
0.00205575
0.027824
0.00675698
0.0308637
0.0460571
0.00238303
0.00212715
0.0104413
0.0478153
0.000667238
0.000554535
0.00430525
0.00431419
0.00288979
0.00129194
0.0137034
0.00382049
0.019807
0.00563392
0.000106867
0.00421664
0.000837428
0.00528505
0.000224371
0.0167503
0.000886462
0.0019933
0.000778558
0.00741043
0.00855949
0.00310545
0.0159621
0.000228825
0.0314938
0.00648912
0.00296125
0.001538
0.0214722
0.0104125
0.00418853
0.00468328
0.00366913
0.00651673
0.0125593
0.0100762
0.00595115
0.00668187
0.0148557
0.0146486
0.0185846
0.0319563
0.00278468
0.000281833
0.00496394
0.0946182
0.00200992
0.00786059
0.0382986
0.00220592
0.00636237
0.00295342
0.0121293
0.00595842
0.019784
0.0277849
0.04492
0.0118334
0.0150846
0.00230385
0.00135548
0.111194
0.00164069
0.000560379
0.0212873
0.00366177
0.000606624
0.0131242
0.00659156
0.13548
0.000565869
0.0016088
0.0143356
0.00208825
0.000646765
0.00320283
0.00568989
0.0026097
0.0580402
0.0039052
0.0022153
0.0022539
0.00361289
0.0170507
0.0606357
0.0387326
0.0027847
0.00666304
0.00371735
0.00174429
0.00349274
0.00172835
0.00241209
0.0218034
0.016193
0.00193318
0.015996
0.000468629
0.00721279
0.00199624
0.00558975
0.00710728
0.00328032
0.103782
0.0591328
0.00018975
0.00374205
0.00245843
0.00452963
0.00896571
0.00213709
0.00149203
0.0300061
0.00318028
0.00582334
0.00274907
0.00998312
0.00408338
0.00783528
0.0754933
0.00240902
0.0147443
0.010731
0.0242944
0.00295393
0.0150765
0.00325691
0.0567545
0.0111229
0.00197257
0.107531
0.00164589
0.000325427
0.000249526
0.00172789
0.00130885
0.00934386
0.00938915
0.000452599
0.00100361
0.00177412
0.00375026
0.0553548
0.00848845
0.00745198
0.000314541
0.0045139
0.106159
0.0122595
0.00286644
0.00401173
0.0154866
0.0169267
0.000897151
0.00335428
0.00936563
0.0229081
0.0281009
0.00401126
0.00523774
0.00691746
0.0347904
0.014962
0.0252187
0.0785759
0.0147757
0.00595651
0.00968152
0.00321962
0.0246871
0.00397738
0.0208228
0.0010654
0.00769861
0.0116306
0.00624933
0.00538594
0.0323576
0.0707038
3.78691e-005
0.00862826
0.00371543
0.00180997
0.0236787
0.00177513
0.00331165
0.00988727
0.0467348
0.010053
0.0103597
0.00174353
0.105526
0.123293
0.110383
0.000486111
0.0047905
0.00997671
0.0092264
0.00470835
0.0409528
0.0163151
0.00528468
0.0185347
0.00533396
0.00239479
0.00295067
0.000802301
0.00593931
0.0042886
0.00141635
0.00772102
0.00222875
0.0103501
0.0028028
0.000384625
0.00390977
0.00078693
0.00802011
0.00430467
0.0192803
0.0303313
0.00324042
0.0080933
0.0278942
0.0333025
0.00819283
0.0139578
0.00781913
0.0538151
0.0105761
0.00148216
0.000605526
0.00423868
0.00557407
0.0144612
0.0571795
0.0453353
0.0135994
0.0169641
0.0624394
0.0327582
0.025076
0
0.0174225
0
0.00748509
0.0102682
0.00140441
0.00414943
0.000975704
0
0.0037396
0.000272744
0.00602631
0.000228337
0.000455327
0.0103322
0.00297164
0.000294255
0.000795978
0.012517
0.0128844
0.00900902
