6951
0.230898
0.16192
0.0133737
0.0181175
0.0067314
0.0110179
0.0579721
0.00529725
0.0585186
0.00794005
0.0174802
0.00563638
0.0205756
0.00772573
0.009753
0.148259
0.00978789
0.0238701
0.0169867
0.0131808
0.0206802
0.0130218
0.0114206
0.00862941
0.0292219
0.0136154
0.0180451
0.0407378
0.0147427
0.0100805
0.00580494
0.0548483
0.0121778
0.00321412
0.041775
0.0510588
0.0849747
0.170038
0.0420464
0.0129574
0.00724798
0.0623479
0.0206713
0.0641764
0.0255798
0.0620085
0.0379822
0.103441
0.0285712
0.0116666
0.0188348
0.0244846
0.0303043
0.0246295
0.100886
0.110122
0.0439246
0.0338405
0.00893489
0.00989856
0.0341345
0.0434078
0.0778231
0.0198951
0.00439774
0.0140956
0.0650627
0.00825773
0.0103161
0.0306799
0.0139334
0.0145729
0.0119677
0.160079
0.0144562
0.0127595
0.00842565
0.0205756
0.00658035
0.00431725
0.0129026
0.0244583
0.122755
0.00504374
0.0107825
0.00285407
0.0568187
0.0234241
0.0120179
0.0101615
0.0227634
0.0181089
0.0100216
0.00869786
0.0831373
0.00768481
0.0767789
0.0368481
0.0669296
0.10089
0.0160559
0.00285523
0.00436828
0.0567211
0.0507264
0.0310897
0.0283787
0.00955716
0.00477321
0.164984
0.0197721
0.00436404
0.00362934
0.028501
0.0066617
0.0464472
0.0188036
0.0231085
0.0100337
0.0176845
0.0262222
0.0649957
0.00755456
0.158448
0.00932559
0.0184835
0.0440957
0.0776519
0.00134721
0.0123604
0.198022
0.236832
0.0207078
0.0252878
0.0290379
0.00896924
0.00787332
0.00711178
0.0592942
0.110985
0.00739111
0.0152432
0.0137496
0.010173
0.0256384
0.0757687
0.0107235
0.00995466
0.0139481
0.00412802
0.0208017
0.148222
0.0131268
0.00658548
0.0281476
0.0492942
0.0112971
0.0198032
0.0147808
0.0217188
0.00825167
0.0188091
0.00967429
0.0113097
0.00229848
0.00545972
0.0471865
0.128558
0.00914929
0.028988
0.0107579
0.015561
0.00572311
0.0276346
0.00205892
0.216892
0.129309
0.0244903
0.0147982
0.0145099
0.00629823
0.0175759
0.0139931
0.00388437
0.00549244
0.0190144
0.0147732
0.00930264
0.00275723
0.00756998
0.00513142
0.0474169
0.0438365
0.0773852
0.0683522
0.0435837
0.0153885
0.00377905
0.00232054
0.00691041
0.0149173
0.0667742
0.100947
0.0101295
0.0102765
0.20327
0.00637244
0.0083439
0.00544789
0.0037105
0.00673926
0.00242955
0.0198143
0.0105934
0.00887057
0.0132406
0.0134343
0.0869908
0.0222842
0.12872
0.0290594
0.0344366
0.00438895
0.0165676
0.00232451
0.0352597
0.0108945
0.169824
0.00929118
0.00995411
0.00823019
0.146711
0.06795
0.0121515
0.0237368
0.0201626
0.1495
0.0102795
0.071761
0.0969677
0.0263821
0.010363
0.141364
0.0049399
0.0142032
0.0160537
0.00413727
0.00206233
0.0242438
0.0175479
0.0666921
0.0278628
0.00700238
0.0115274
0.00403493
0.0945943
0.0495351
0.00358981
0.0334879
0.00219722
0.0137605
0.325915
0.0168751
0.00437861
0.00363253
0.133372
0.07607
0.0811259
0.0386401
0.140518
0.185551
0.0775301
0.0196188
0.0482935
0.00680706
0.0573652
0.00212133
0.00282387
0.00974688
0.0154842
0.00843901
0.00544128
0.0251626
0.0484046
0.0172108
0.0868613
0.0623491
0.0419413
0.010419
0.00526762
0.005352
0.407359
0.0099515
0.0548088
0.0511192
0.00474832
0.00688333
0.00212635
0.00977809
0.0092102
0.0140257
0.00752542
0.15563
0
0.0204213
0.165235
0.0259786
0.036388
0.00448347
0.00196287
0.00669889
0.00410456
0.0262315
0.0904442
0.00454144
0.103838
0.0117934
0.0643809
0.00949199
0.00743805
0.207111
0.003716
0.0126112
0.0631043
0.0026132
0.0370197
0.00487815
0.00854637
0.397339
0.0169303
0.249764
0.169452
0.00594585
0.000682051
0.0352913
0.0248094
0.0105328
0.07102
0.000525268
0.207571
0.0133113
0.0303121
0.0744138
0.0356834
0.0340859
0.194158
0.00133163
0.150114
0.00411346
0.00593729
0.00486518
0.00974608
0.00711596
0.26685
0.215839
0.00699328
0.0486223
0.116112
0.0574471
0.0133724
0.0114977
0.00950264
0.00674007
0.111642
0.0141501
0.051923
0.0215542
0.0020871
0.0254229
0.154525
0.0190143
0.00851038
0.00563373
0.0262984
0.00301634
0.0244455
0.00242957
0.016485
0.0899939
0.0149671
0.0029702
0.0900822
0.00551021
0.00825052
0.070311
0.0150107
0.0106612
0.0167328
0.0214561
0.00501809
0
0.00976545
0.0132767
0.00117288
0.00143297
0.0572255
0.000913063
0.0642624
0.00274746
0.104926
0.0151851
0.0248916
0.00561975
0.00579071
0.011602
0.0208184
0.0675056
0.00696293
0.0202216
0.0102155
0.00687095
0.00733338
0.0131083
0.0307913
0.0531387
0.00320998
0.0401244
0.00484346
0.0660633
0.0726679
0.000601119
0.0149265
0.0528981
0.0600884
0.101293
0.0038625
0.0232453
0.00457651
0.0282456
0.00994086
0
0.192827
0.0014305
0.0218974
0.0319295
0.0433844
0.0914817
0.00155468
0.00156234
0.0100994
0.086006
0.00800819
0.0514023
0.1387
0.0146909
0.00257866
0.0432263
0.0886914
0.0372973
0.00277523
0.00658252
0.0546206
0.0418121
0.0115312
0.0600126
0.0180916
0.0158126
0.00422897
0.0934233
0.00515463
0.00600222
0.00477407
0.00303256
0.00606901
0.123854
0.0719731
0.0147582
0.0354096
0.0820031
0.00141126
0.0029275
0.00204455
0.00198035
0.0376877
0.0145837
0.140102
0.0484976
0.0153621
0.00494778
0.0627274
0.00968428
0.0203072
0.0203068
0.0175792
0.0372408
0.072381
0.00798979
0.011528
0.00872183
0.0102897
0.0202263
0.00541179
0.00983583
0.0426679
0.0374048
0.0963003
0.0101462
0.0240387
0.0397252
0.00206563
0.0103444
0.0096297
0.00317002
0.0118855
0.0412773
0.0722961
0.0010936
0.0569449
0.00862626
0.040788
0.0519866
0.119992
0.011665
0.00305577
0.0115814
0.0172086
0.00227481
0.0360161
0.019095
0.009672
8.81432e-005
0.00817685
0.000743411
0.00327082
0.0167969
0.0169777
0.138452
0.0182542
0.00235432
0.230254
0.000900322
0.0833526
0.0111371
0.00357434
0.0219403
0.10188
0.00438949
0.0016504
0.00441703
0.164161
0.0741268
0.025979
0.0138141
0.00756866
0.084623
0.102381
0.12262
0.0514217
0.00222105
0.00923738
0.00961143
0.00206949
0.0222107
0.0259171
0.0420524
0.038874
0.00564913
0.0340775
0.00156991
0.172812
0.0435776
0.0480294
0.00646195
0.00216711
0.0212705
0.0158439
0.0137519
0.0264763
0.0181495
0.0138401
0.0100979
0.00443804
0.00696739
0.0567394
0.0463993
0.0139332
0.0967174
0.0428693
0.294007
0.00821234
0.0055573
0.0027072
0.0156766
0.072431
0.0164434
0.0789965
0.0253763
0.0204936
0.0158316
0
0.00975011
0.00134428
0.0458164
0.00183972
0.00298726
0.00547213
0.0316425
0.00506782
0.00101549
0.11812
0.187911
0.0398903
0.0162739
0.00758081
0.216825
0.077136
0.0047315
0.00927682
0.00184201
0.0110707
0.012257
0.0366823
0.0530981
0.0301595
0.0114243
0.0753557
0.00441558
0.00860468
0.00800466
0.0153021
0.00320622
0.0915839
0.0226271
0.0195237
0.0969373
0.133864
0.15111
0.0604813
0.00918901
0.0715631
0.0310989
0.00684403
0.00536583
0.0155334
0.150867
0.00988194
0.00532166
0.0450142
0.0113684
0.0021699
0.268754
0.00155099
0.0012476
0.0191375
0.0025135
0.000660659
0.226889
0.214208
0.00508563
0.0250078
0.00380246
0.00206998
0.0173607
0
0.0722563
0.00120724
0.0217989
0.0180098
0.00564845
0.15776
0.00139968
0.00573335
0.074656
0.001278
0.0183032
0.0138575
0.0172672
0.00334039
0.00254901
0.0129727
0.0386702
0.0524883
0.0123693
0.002885
0.00382538
0.0310367
0.00999714
0.150568
0.00160391
0.00164857
0.00468048
0.0552464
0.0207365
0.0787628
0.0537689
0.00634047
0.0188777
0.041116
0.00820398
0.04947
0.205145
0.00192156
0.00250254
0.000930601
0.00287699
0.0108273
0.0163615
0.0105453
0.0035935
0.014001
0.00487765
0.00292295
0.000412151
0.132716
0.00356085
0.00293666
0.0347704
0.0311229
0.00425416
0.00241892
0.00312274
0.021107
0.125203
0.00805209
0.000664358
0.062397
0.0440626
0.00260912
0.00721954
0.0459537
0.00291255
0.0202338
0.00332987
0.108657
0.0343417
0.106275
0.0151436
0.0024939
0.0261422
0.00453683
0
0.00433965
0.00126361
0.000659469
0.0444235
0.264887
0.00636182
0.00742145
0.00212749
0.00441169
0.00608199
0.0240101
0.0032703
0.00286226
0.00969188
0.00854257
0.146343
0.00654133
0.0144434
0.00289684
0.00529425
0.0167853
0.00589364
0.00332026
0.107547
0.0253668
0.00269912
0.0101889
0.00502567
0.0391716
0.00205939
0.0112135
0.00887361
0.0125422
0.00784489
0.0373413
0.0513609
0.00870829
0.314491
0.00496079
0.0150398
0.0122528
0.158685
0.0136152
0.308767
0.0067782
0.0102513
0.0725417
0.0156903
0.00870587
0.010327
0.0140353
0.0152334
0.00314428
0.0256011
0.0165407
0.14149
0.0591993
0.000391533
0.00710617
0.00106244
0.000488474
0.209277
0.108579
0.00775711
0.00274092
0.134499
0.00907737
0.00815465
0.0489405
0.00394076
0.0167542
0.167004
0.0127608
0.00948166
0.00488252
0.0204219
0.00597272
0.132825
0.00269981
0.00400755
0.010332
0.00319386
0.0191874
0.000751257
0.00224802
0.00195905
0.00440504
0.00172429
0.00274563
0.0242035
0.165501
0.00892545
0.00389157
0.0147428
0.0146853
0.00655689
0.0102471
0.228284
0.00624105
0.0193857
0.00625033
0.00484916
0.00728474
0.00861403
0.0137423
0.199877
0.00695787
0.00363427
0.0535174
0.00229707
0.000899873
0.00231675
0.00132463
0.139447
0.0671404
0.000926737
0.000997385
0.0547004
0.00450072
0.272357
0.00375424
0.0248701
0.00328744
0.00146169
0.0071945
0.0014369
0.014335
0.00452011
0.00538326
0.185556
0.0198213
0.0206572
0.0721953
0.116941
0.00743578
0.00938067
0.0686875
0.0557796
0.000124363
0.00917572
0.0405725
0.00649623
0.0212976
0.0102396
0.000766319
0.00846812
0.000881957
0.022593
0.0051601
0.00941535
0.0424909
0.0246481
0.00590698
0.0185853
0.00263107
0.00129857
0.0129506
0.0029794
0.0529905
0.00568356
0.00366286
0.0813914
0.0505265
0.00929429
8.30004e-005
0.00223712
0.259177
0.182027
0.0312775
0.0112118
0.00562865
0.00224269
0.129647
0.00613848
0.00371909
0.0176247
0.00209767
5.14436e-005
0.0236562
0.0222047
0.0142624
0.00779853
0.000717009
0.00192435
0.0243323
0.0103427
0.00416726
0.0297848
0.0254937
0.0423383
0.00500278
0.00410426
0.0118933
0.00869468
0.0106729
0.0739455
0.00110533
0.0190793
0.00911983
0.000439836
0.0415931
0.0018277
0.031781
0.0326493
0.0223817
0.00206113
0.0699401
0.215296
0.01677
3.46595e-005
0.0110263
0.0105399
0.0088511
0.0108128
0.00467186
0.000809835
0.0228694
0.000881971
0.00271031
0.00689313
0.00916467
0.0233603
0.190435
0.0108547
0.0939042
0.0485036
0.121827
0.00835389
0.169762
0.00447375
0.00756868
0.0809877
0.00268285
0.00256634
0.000259066
0.0702187
0.00277326
0.00266991
0.00307546
0.000362825
0.00367215
0.140097
0.00230709
0.0371878
0.0483527
0.00157793
0.116594
0.117044
0.031443
0.00289294
0.00112132
0.113787
0.0337429
0.0308939
0.0156211
0.00105956
0.0264239
0.0163318
0.00659573
0.00945909
0.0345079
0.0231031
0.00578443
0.181977
0.0011697
0.0796866
0.00236562
0.00620638
0.117455
0.0720354
0.0136849
0.0600744
0.0123041
0.0982246
0.00323807
0.000681067
0.00218776
0.0101894
0.335563
0.0957296
0.149817
0.122137
0.00839813
0.00206471
0.00581191
0.00125506
0.0111208
0.00570221
0.00583036
0.00496531
0.00978034
0.0806499
0.0133752
0.0043989
0.004078
0.0788083
0.0167394
0.0904799
0.00251352
0.0178544
0.163745
0.0403864
0.0103361
0.0757042
0.00276291
0.000200437
0.163849
0.0142567
0.257021
0.00241036
0.0153794
0.00796816
0.16537
0.0149426
0.0246417
0.168499
0.0788474
0.00824278
0.245379
0.00489845
0.0640131
0.00475713
0.00256096
0.0227114
0.0546331
0.0468228
0.00891441
0.00287712
0.0973702
0.0118508
0.021614
0.00128544
0.00499861
0.00861578
5.42088e-005
0.0885415
0.00308319
0.0594519
0.0520267
0.163393
0.0211576
0.0517161
0.00228971
0.0155829
0.264025
0.00115501
0.00112193
0.139051
0.00593952
0.00683544
0.00510474
0.011388
0.00742199
0.00176165
0.00558558
0.00232271
0.0120909
0.00316058
0.00213815
0.00513062
0.006378
0.0111602
0.00346141
0.0775491
0.133871
0.176844
0.00229017
0.108146
0.0483171
0.0772872
0.00686189
0.0260005
0.01483
0.00376481
0.0297552
0.0641631
0.0109597
0.0107477
0.00170697
0.0704043
0.000569272
0.00945011
0.0500194
0.0821248
0.00207789
0.0521276
0.0146529
0.11012
0.0420656
0.0567417
0.0325939
0.0367301
0.090653
0.14185
0.00231437
0.00739656
0.0413573
0.00392934
0.00352135
0.00169449
0.00114956
0.0228925
0.0209903
0.037175
0.026281
0.0533643
0.0056118
0.0047433
0.00186024
0.0315574
0.00303603
0.00145834
0.00992357
0.0302435
0.00749474
0.173499
0.00486802
0.0375082
0.0101523
0.18648
0.041065
0.00921542
0.0104384
0.0701917
0.00654094
0.00575629
0.00897366
0.0319256
0.00188498
0.00329428
0.0461454
0.00504903
0.00136806
0.0204905
0.0827834
0.043388
0.00019383
0.0164143
0.00447416
0.0047452
0.0188615
0.00853751
0.00805979
0.00121463
0.0011903
0.0172543
0.00262769
0.00242511
0.0364802
0.0055159
0.0509474
0.0260072
0.0167941
0.0151869
0.0137294
0.00440571
0.0323857
0.00922055
0.00429811
0.0110703
0.0134272
0.0047482
0.00223719
0.0151188
0.00306699
0.00834483
0.0259588
0.0127905
0.00642454
0.0018725
0.00234075
0.162578
0.00244097
0.0653313
0.00539835
0.0144598
0.125883
0.182663
0.00184124
0.0271735
0.00926153
0.0504394
0.0047491
0.000918142
0.119999
0.0009652
0.0324216
0.0832062
0.00467856
0.0043016
0.00796934
0.0174747
0.00526714
0.00515277
0.00442014
0.00675297
0.023886
0.0210118
0.0895578
0.0421424
0.00248153
0.00829326
0.00531616
0.227483
0.0443542
0.0605274
0.132078
0.00827929
0.0157204
0.00410913
0.0561966
0.0596357
0.066346
0.00427425
0.0465217
0.03061
0.00423749
0.0201761
0.0898775
0.00911882
0.00119459
0.0178194
0.0819541
0.13306
0.100037
0.0074051
0.00138751
0.00333275
0.00677933
0.00227483
0.0169572
0.00400548
0.00292568
0.0207813
0.00886461
0.0624333
0.0126964
0.0143118
0.0693422
0.0606483
0.00354826
0.0263732
0.00328475
0.00286566
0.00163279
0.0136063
0.00746897
0.00582915
0.0231692
0.00425514
0.00270891
0.0138798
0.0151432
0.055941
0.00599623
0.00504408
0.00892949
0.00379141
0.0046282
0.0317729
0.00937988
0.011177
0.0291097
0.00960536
0.000716989
0.0141555
0.0661869
0.056464
0.00315265
0.00247951
0.100588
0.000276407
0.114108
0.111258
0.0180895
0.0684794
0.0555616
0.127028
0.00169375
0.0015013
0.0810859
0.0329574
0.00332027
0.103554
0.092084
0.00286034
0.120709
0.00172055
0.0753271
0.0824436
0.0203383
0.0180756
0.00725892
0.0016544
0.000134293
0.0188816
0.0193292
0.0136878
0.120791
0.0512101
0.00404854
0.00291683
0.00538935
0.00762539
0.00396418
0.00860978
0.0692049
0.032744
0.00130611
0.098356
0.0569941
0.00177287
0.130586
0.00407599
0.0020103
0.00347413
0.00281186
0.0340868
0.0128443
0.00117842
0.00520548
0.140824
0.000418784
0.0176894
0.0209128
0.016833
0.0151247
0.00362885
0.187909
0.0203639
0.0107493
0.0427768
0.0690708
0.107432
0.0706186
0.0131657
0.00479223
0.0184787
0.00250064
0.336319
0.0113098
0.0210891
0.00421071
0.0461385
0.141264
0.028982
0.0135838
0.00399148
0.00200682
0.0184849
0.00252241
0.00560686
0.00660031
0.00865437
0.0340682
0.00158885
0.017313
0.167509
0.0030324
0.0663545
0.0111787
0.0188776
0.00320035
0.00855521
0.00303158
0.0235027
0.0486037
0.035527
0.0300671
0.0187014
0.169507
0.0742594
0.231708
0.0057658
0.00438254
0.118287
0.00620066
0.086473
0.00443158
0.00244372
0.0073306
0.0228918
0.00430846
0.0809441
0.00228266
0.00470932
0.00894216
0.00112116
0.00143047
0.104979
0.0538966
0.0538486
0.0568288
0.00172454
0.0027184
0.0280141
0.0326756
0.00239669
0.0882079
0.0399714
0.00480677
0.0226003
0.00683916
0.00137829
0.00301243
0.199624
0.00164461
0.012586
0.0171711
0.0308928
0.0150991
0.00510693
0.000910433
0.00991034
0.0482568
0.00886086
0.0157819
0.00200167
0.026172
0.00521057
0.114998
0.00471589
0.000585142
0.0510529
0.00120538
0.0897192
0.00463974
0.0558326
0.0105872
0.0480332
0.00823907
0.0039619
0.00274959
0.0407515
0.0391274
0.0295433
0.00692657
0.00182378
0.0425903
0.00285536
0.000919141
0.0415103
0.0734033
0.00499648
0.122501
0.168685
0.00128213
0.00878871
0.0560747
0.140798
0.0366148
0.129402
0.00575924
0.257579
0.00480844
0.000666442
0.00295933
0.00153212
0.0233009
0.00144565
0.00195924
0.0054567
0.00322198
0.0191043
0.00625522
0.00509152
0.185722
0.196405
0.00348603
0.00299797
0.155872
0.00133488
0.0180888
0.00745999
0.0769207
0.00576457
0.00640207
0.00222147
0.00391057
0.106495
0.00219611
0.0132417
0.016047
0.0403861
0.00848295
0.00651218
0.224862
0.00800372
0.00683374
0.00134174
0.00140858
0.0909321
0.0604367
0.0191244
0.0261853
0.107341
0.015371
0.0422756
0.0675602
0.0122786
0.018158
0.00869891
0.15051
0.00489604
0.181571
0.038722
0.0221283
0.00298207
0.00313647
0.000884093
0.0351067
0.244144
0.207777
0.0361781
0.00819016
0.00465265
0.00946475
0.00213079
0.000424309
0.347682
0.156733
0.0127151
0.0016281
0.236193
0.226194
0.0267839
0.00185663
0.229249
0.0218648
0.00520197
0.106202
0.00637678
0.00573901
0.0075633
0.0580984
0.00669064
0.00173857
0.00862623
0.00123891
0.00661123
0.014119
0.185873
0.0223399
0.0357915
0.0426605
0.00418209
0.00463063
0.00178528
0.0105415
0.00848502
0.000653862
0.0715478
0.00977536
0.115877
0.0231098
0.0243661
0.00621714
0.118979
0.084985
0.0378552
0.012164
0.0134227
0.00227783
0.00955933
0.0517746
0.0354573
0.00156481
0.0225752
0.00357403
0.0696259
0.00154885
0.00873127
0.00241824
0.00434507
0.125285
0.00276547
0.0183599
0.00124976
0.00283184
0.0366578
0.0142177
0.0785599
0.00225482
0.0188601
0.207517
0.10496
0.0022236
0.00652565
0.0843644
0.108254
0.0893232
0.0830602
0.00287323
0.0117593
0.0665667
0.032734
0.00264375
0.001923
0.00382972
0.0123195
0.00620372
0.00649835
0.0113117
0.00549428
0.093608
0.00144281
0.0110782
0.00312026
0.00511666
0.121022
0.0371552
0.0073839
0.00156259
0.0169931
0.0159291
0.00954398
0.00729478
0.0150939
0.00494181
0.0276451
0.0197137
0.00703952
0.0689074
0.00260471
0.00100803
0.13551
0.00393669
0.000506817
0.000786228
0.00196352
0.128922
0.0319284
0.0177652
0.0717304
0.00340833
0.0963131
0.227347
0.0299234
0.012195
0.0728394
0.227759
0.041026
0.00826429
0.0100216
0.317542
0.073356
0.0713324
0.00468901
0.00648119
0.0657486
0.121064
0.0566615
0.00303842
0.0247453
0.00264406
0.000996068
0.0176292
0.00655126
0.0739561
0.046998
0.0269641
0.0301901
0.0123629
0.00251838
0.128606
0.0240036
0.0557139
0.0693855
0.00396418
0.0100624
0.168255
0.0152563
0.151245
0.0181777
0.0084062
0.0116496
0.00422551
0.00435945
0.057881
0.0536126
0.0478053
0.0177749
0.00785982
0.020946
0.00394392
0.0987651
0.00377425
0.165198
0.000508528
0.0034787
0.175933
0.0640589
0.0623357
0.0259732
0.00369604
0.00561513
0.0112731
0.0299656
0.00337823
0.0271124
0.0111525
0.187961
0.00864296
0.0249533
0.0252268
0.118076
0.0132975
0.00806019
0.00390841
0.00446146
0.0080699
0.00491931
0.0274127
0.00373621
0.0015645
0.00346282
0.0922173
0.115147
0.0442992
0.0732142
0.00193358
0.00184785
0.0491712
0.0164355
0.000879891
0.00276509
0.00515652
0.00198458
0.0143185
0.00264272
0.00388345
0.0137008
0.114438
0.0234737
0.128875
0.00755344
0.00444712
0.00179208
0.0772996
0.0205735
0.00201039
0.00404735
0.00399115
0.00647668
0.0513037
0.0871723
0.163851
0.0100708
0.00231278
0.156192
0.119188
0.00693963
0.00592819
0.0100642
0.0022802
0.0220203
0.131857
0.0188627
0.0131442
0.0569968
0.00505093
0.00240259
0.00152376
0.165493
0.218183
0.00210048
0.0033304
0.00184772
0.0045132
0.00243845
0.000422897
0.132736
0.014385
0.00517017
0.00647402
0.00166342
0.116887
0.146799
0.0254622
0.0460847
0.0778466
0.00224269
0.0244162
0.1584
0.0191666
0.0510939
0.0443527
0.00970385
0.345082
0.0389568
0.0112972
0.00401011
0.000459754
0.015764
0.00493696
0.00756804
0.00130613
0.0364859
0.0862036
0.00704622
0.080297
0.0694396
0.00734028
0.00568307
0.0277668
0.00709011
0.00712872
0.00495071
0.00668378
0.00584081
0.00181852
0.0560449
0.00414306
0.0261562
0.000982073
0.0547378
0.038879
0.00188187
0.00239431
0.00346082
0.0266296
0.00327735
0.128051
0.0179742
0.00219716
0.000775326
0.00362108
0.0823702
0.00198931
0.013679
0.0401291
0.00393442
0.0925185
0.00472328
0.137399
0.0044443
0.00592939
0.00196402
0.0360414
0.00531402
0.00449324
0.0574216
0.0198628
0.00217625
0.0860639
0.00961479
0.126911
0.00097227
0.0284054
0.0602538
0.0426739
0.0566599
0.0133701
0.00815519
0.00310602
0.0043435
0.00331442
0.00372301
0.0212356
0.0172694
0.00158727
0.00197336
0.00885795
0.118907
0.0479263
0.145632
0.00692266
0.233977
0.00246883
0.00238858
0.00425535
0.00253951
0.0427054
0.00752115
0.00310993
0.000515179
0.02776
0.00718429
0.00140515
0.0131762
0.00577473
0.0320088
0.0690862
0.0291327
0.0519113
0.0356986
0.0242159
0.0272005
0.00815998
0.0430887
0.0250082
0.0163039
0.00575935
0.0087858
0.00569393
0.0723311
0.132696
0.0242229
0.00123649
0.0488526
0.00360947
0.187772
0.0376206
0.0185371
0.00343788
0.0117624
0.0463831
0.000682543
0.00416501
0.200178
0.0749874
0.0115181
0.0418957
0.00876845
0.00451193
0.0703475
0.008676
0.00862604
0.00330594
0.126451
0.00326718
0.0535784
0.0643867
0.00986271
0.00871156
0.0118503
0.0266939
0.130611
0.038461
0.00243991
0.00494503
0.00295829
0.000334822
0.0398624
0.0108224
0.00264923
0.0388367
0.00712234
0.112719
0.0315546
0.0726975
0.00362472
0.00809796
0.0127673
0.00310068
0.000366567
0.0980304
0.0403782
0.00295302
0.00066551
0.00288064
0.128766
0.249916
0.2489
0.0116382
0.0150685
0.0226326
0.0646037
0.00299098
0.0025516
0.0251374
0.0409336
0.0669572
0.012022
0.0356942
0.0038367
0.00242953
0.163953
0.0115483
0.00208009
0.0055794
0.0149192
0.00431823
0.0184303
0.166407
0.0467012
0.0619887
0.0592618
0.0685793
0.00300076
0.00308488
0.00357346
0.00684223
0.0190356
0.00351371
0.0101898
0.00225038
0.00173084
0.00358184
0.0301934
0.210469
0.0275319
0.00149861
0.0654998
0.00431106
0.0033963
0.0042379
0.00766673
0.0035666
0.00624035
5.42086e-005
0.142381
0.0365198
0.0397845
0.00683965
0.0003658
0.00144632
0.0431291
0.0265864
0.0294921
0.00519405
0.000718506
0.000218866
0.0196499
0.0346416
0.00910651
0.0517735
0.0428677
0.00215536
0.00316181
0.0104486
0.0147034
0.0106299
0.0231904
0.00501024
0.0101893
0.00794507
0.0453704
0.0609531
0.00876681
0.00236411
0.00894964
0.0030664
0.00323975
0.0706158
0.0666813
0.00833717
0.00142997
0.000797726
0.00145084
0.00468821
0.229634
0.172244
0.00716539
0.0306847
0.0211406
0.0872876
0.073562
0.00505727
0.00485703
0.0105038
0.0867629
0.00466033
0.00409409
0.0237215
0.00528585
0.0478563
0.00460389
0.00611315
0.0140189
0.00603971
0.0926298
0.00979787
0.00389617
0.0494557
0.0943775
0.149419
0.002153
0.00372406
0.0117904
0.116661
0.112257
0.0014646
0.00370501
0.0272525
0.0123591
0.0102231
0.0386166
0.00556194
0.00101253
0.00309007
0.00532003
0.00144635
0.00110891
0.00316759
0.00564678
0.00240614
0.00195074
0.00804938
0.0529835
0.00847374
0.00560306
0.00350631
0.0910619
0.179233
0.223069
0.0120769
0.00957015
0.00562276
0.00390653
0.0217638
0.241069
0.238058
0.0847743
0.00423726
0.00971519
0.00165389
0.00780868
0.00708815
0.00121014
0.009786
0.0136718
0.037655
0.170311
0.00378137
0.0254761
0.00280012
0.0113291
0.015363
0.0214434
0.0213255
0.0335426
0.0316801
0.0142121
0.00738751
0.0426891
0.00603598
0.0357476
0.0263831
0.00510922
0.230179
0.0323234
0.0059348
0.101403
0.0554735
0.00267519
0.0230983
0.00523258
0.00404087
0.0035913
0.0152747
0.0341377
0.0289091
0.0416938
0.0670905
0.000866924
0.068902
0.00875941
0.00113296
0.0140243
0.00422029
0.00559317
0.0571698
0.0316149
0.0297591
0.0565833
0.000474397
0.00911895
0.00675092
0.111014
0.0817234
0.0071854
0.00711035
0.0135406
0.0202066
0.16247
0.294797
0.0143691
0.0400003
0.0887289
0.00468982
0.253389
0.0347764
0.00565146
0.00127791
0.0054505
0.0125587
0.0213179
0.00155598
0.0154468
0.0314293
0.00172736
0.0145168
0.00286788
0.00385935
0.0248575
0.0144438
0.0292719
0.108536
0.103828
0.163084
0.000573372
0.000144009
0.246696
0.127285
0.00347998
0.00487869
0.0037431
0.0671816
0.00128416
0.0129324
0.0237287
0.239715
0.00205921
0.0838387
0.00528804
0.230674
0.0274884
0.0029645
0.0163132
0.0198548
0.222586
0.0678946
0.00527039
0.00205
0.0677795
0.170468
0.0075531
0.00442381
0.089375
0.00607145
0.010833
0.00463841
0.00841708
0.00883975
0.0651983
0.00495826
0.0316179
0.0717322
0.00134913
0.00546461
0.000536661
0.0020995
0.00163889
0.132618
0.0737487
0.00188124
0.042083
0.10472
0.0442739
0.0800417
0.168448
0.0646085
0.0183619
0.000843106
0.0084858
0.0288746
0.0386651
0.165278
0.0683471
0.00279294
0.0589
0.00466998
0.00573815
0.0106209
0.123048
0.000987734
0.0345287
0.00457008
0.00103083
0.00254694
0.031432
0.238751
0.0434657
0.00883555
0.00406164
0.130246
0.0787099
0.0956202
0.0035226
0.00894145
0.00576738
0.00248819
0.0752194
0.0898245
0.0204878
0.00741604
0.00872429
0.0283807
0.00627247
0.0249814
0.0198314
0.00306012
0.0612838
0.0148965
0.00338187
0.00143868
0.0476189
0.0113684
0.000874145
0.00152857
0.133642
0.00238638
0.0287774
0.00855901
0.0181238
0.0222471
0.0115437
0.0146298
0.00596219
0.0219247
0.00850978
0.000693204
0.00619188
0.148647
0.0693708
0.0326784
0.00252599
0.0110343
0.00476912
0.0260883
0.0464018
0.0255909
0.0298849
0.165142
0.0959365
0.0342055
0.0378733
0.00378274
0.00491719
0.00291945
0.0027455
0.00422118
0.129835
0.00738239
0.0100757
0.0631227
0.0723657
0.102235
0.00806267
0.0472761
0.0477001
0.0184799
0.00254948
0.00288683
0.0809552
0.000798521
0.0310886
0.00732265
0.0204998
0.00217127
0.00101339
0.0910165
0.00400457
0.111684
0.00865407
0.0281966
0.0122403
0.0116625
0.0177552
0.0240057
0.00153939
0.00469005
0.150321
0.0621765
0.00489579
0.0474645
0.0442173
0.0507934
0.0491509
0.0122206
0.00607675
0.000335933
0.00713236
0.0732891
0.00616898
0.00609271
0.103534
0.101612
0.0450091
0.00352692
0.0149149
0.0516003
0.0440202
0.170314
0.00669951
0.0152921
0.0218994
0.00868942
0
0.00476457
0.0640825
0.111972
0.0455896
0.287826
0.000761767
0.0309794
0.0689452
0.0091261
0.042774
0.0107532
0.0367296
0.367893
0.0277437
0.00102557
0.00458937
0.00606825
0.00461865
0.166217
0.020325
0.0342349
0.106543
0.0293941
0.00292188
0.00197828
0.0980714
0.0232806
0.0164346
0.206831
0.0258534
0.00577243
0.221107
0.00227685
0.0318182
0.153122
0.00210788
0.0208386
0.00413442
0.16558
0.100708
0.0264679
0.0051185
0.00437686
0.056724
0.0055185
0.00569642
0.0399639
0.0120189
0.00378892
0.00163187
0.0440471
0.0508048
0.0452568
0.019242
0.00208836
0.0133922
0.00767743
0.0486838
0.0200418
0.00262823
0.223567
0.0222875
0.0632046
0.00170212
0.00241346
0.0565852
0.182368
0.00165373
0.015662
0.00673595
0.0504235
0.00345334
0.0061529
0.00369434
0.00213165
0.00329598
0.150406
0.00323642
0.102588
0.0115053
0.0111418
0.172272
0.017254
0.00258901
0.316775
0.130997
0.0170534
0.0755659
0.0508676
0.0600686
0.0471556
0.119312
0.131561
0.0379965
0.0142029
0.196709
0.0142677
0.0301697
0.0278047
0.0708543
0.175542
0.00185241
0.0501496
0.00179081
0.00198712
0.00990244
0.00190691
0.00427978
0.00206691
0.0323499
0.111449
0.0222553
0.00486607
0.0235759
0.0464611
0.153849
0.00933264
0.0910175
0
0.0143958
0.000973314
0.00270679
0.00430687
0.00248013
0.0236681
0.00123878
0.00465545
0.00423185
0.00196888
0.0196012
0.00921385
0.00130189
0.00429517
0.0745104
0.177073
0.0197353
0.00454588
0.00127828
0.0129725
0.126113
0.0514893
0.000869963
0.0917477
0.41944
0.00670903
0.00416209
0.0454903
0.0207016
0.0105566
0.00240078
0.00161872
0.00148302
0.00503854
0.00314558
0.0199958
0.00403549
0.00221478
0.00528641
0.0513655
0.00911607
0.127734
0.00455048
0.017977
0.0317379
0.0722021
0.0430836
0.00387692
0.020267
0.00983434
0.00321602
0.00941971
0.00168348
0.0216552
0.00253065
0.0346814
0.0103927
0.0285291
0.00323332
0.00193986
0.0253748
0.00313366
0.00481204
0.0125843
0.00246183
0.0971832
0.0109793
0.00677704
0.00591573
0.0118694
0.0729862
0.0010376
0.0059567
0.0954362
0.00206371
0.0364568
0.0091539
0.0113495
0.0492742
0.00751963
0.00828263
0.146805
0.0414123
0.0881636
0.043528
0.00385737
0.00399637
0.0247227
0.0130818
0.0406884
0.00339674
0.00840612
0.00192917
0.131489
0.0106132
0.00291347
0.0927557
0.226254
0.219025
0.190998
0.0387823
0.0521269
0.00883057
0.000804849
0.0560344
0.00474796
0.00517577
0.00725084
0.00183767
0.122907
0.0846456
0.0138784
0.0452743
0.111747
0.128725
0.00381855
0.173821
0.0829298
0.0205093
0.01636
0.0570889
0.010921
0.0753701
0.0960184
0.0150467
0.0926809
0.183087
0.0128457
0.00974566
0.00123377
0.00141888
0.0195255
0.0794541
0.0888458
0.00556367
0.00132306
0.0984412
0.0327086
0.150286
0.161074
0.0178524
0.0305837
0.0132929
0.0648229
0.0168301
0.004763
0.00561055
0.00195072
0.0718324
0.0288244
0.00619503
0.00342382
0.0066608
0.0618576
0.0215484
0.0123372
0.00213643
0.0621766
0.0122442
0.292795
0.0329407
0.0082083
0.0312621
0.0136247
0.201186
0.226305
0.00423258
0.00276676
0.00312524
0.00464254
0.0109211
0.0856082
0.0220554
0.0149318
0.00447086
0.0645279
0.0728026
0.00465863
0.0422891
0.0014018
0.00758682
0.0496803
0.18686
0.033578
0.00828329
0.0213749
0.0129383
0.0726351
0.0181673
0.00416613
0.00791268
0.00115146
0.0931985
0.0039047
0.00319502
0.00312639
0.103821
0.0071489
0.0357186
0.00100274
0.0113832
0.00633429
0.0078316
0.0386186
0.00598
0.0274984
0.0113711
0.00366144
0.00362315
0.0351385
0.010827
0.00205883
0.0763293
0.0325048
0.0625386
0.0167377
0.0702295
0.03419
0.00231008
0.00245092
0.00981836
0.00482562
0.00711477
0.00650117
0.0104249
0.0847611
0.0647903
0.0280726
0.0169265
0.00696548
0.00134125
0.00168325
0.0719905
0.0338354
0.00600188
0.00464257
0.0225345
0.151424
0.0392281
0.129853
0.0305958
0.00360971
0.018065
0.0123069
0.039771
0.00712211
0.119605
0.00904739
0.0237371
0.0515567
0.011055
0.00595589
0.0185013
0.00264421
0.0474734
0.0631876
0.129946
0.00288885
0.00193809
0.0291055
0.00394418
0.0128181
0.0171179
0.0510647
0.00318545
0.011666
0.0207952
0.174306
0.0192532
0.0888643
0.0115933
0.00464586
0.00355722
0.0324079
0.0332574
0.00221785
0.0764749
0.0188876
0.00417638
0.365102
0.00289914
0.0577892
0.0197168
0.00247397
0.0221417
0.0051813
0.00105582
0.00461924
0.00840922
0.00404169
0.0333208
0.0227396
0.00990118
0.00316056
0.0055476
0.00867744
0.108976
0.000417402
0.00337217
0.00560646
0.0344899
0.0482132
0.302696
0.0123432
0.00233161
0.00354839
0.186081
0.0022399
0.00275244
0.0208021
0.0628764
0.103738
0.0612771
0.0279609
0.00622748
0.00109295
0.0240032
0.00470016
0.00716717
0.0362471
0.0119867
0.16969
0.0233624
0.015673
0.00747063
0.00250073
0.0220794
0.000776563
0.0281128
0.0653557
0.0145558
0.117898
0.138337
0.00600503
0.0507812
0.156109
0.147738
0.122307
0.0914077
0.0612143
0.00378792
0.00578201
0.00646814
0.00471292
0.0194998
0.0921229
0.00158446
0.0123387
0.00129532
0.0112682
0.0944554
0.00968037
0.0404186
0.269085
0.00799081
0.00225569
0.0055474
0.101847
0.0560608
0.00791646
0.00338167
0.221487
0.0251536
0.168975
0.00325242
0.0168088
0.00228863
0.0283833
0.00408176
0.0925737
0.035317
0.0498127
0.04388
0.002279
0.0435216
0.0685679
0.0625141
0.00354875
0.00407115
0.00319833
0.0783288
0.281323
0.0264916
0.04981
0.0358537
0.0105203
0.0608406
0.00336028
0.207074
0.193843
0.00971065
0.0014288
0.00224367
0.00249189
0.00265125
0.00288052
0.000560452
0.0220406
0.203654
0.0226373
0.0261308
0.0266753
0.0348413
0.00989206
0.0456901
0.336402
0.00825499
0.209698
0.00943235
0.0794095
0.0161323
0.00851978
0.0130013
0.0107035
0.249899
0.0057035
0.00821798
0.00208651
0.0219477
0.0779811
0.00189274
0.107271
0.000413086
0.0490682
0.0564215
0.00964125
0.0141826
0.205401
0.00873648
0.0719832
0.0117967
0.1158
0.00671073
0.114017
0.00536284
0.0040216
0.00801983
0.162838
0.0729925
0.0100347
0.0851603
0.0141925
0.00868225
0.00671974
0.0385454
0.00748965
0.0113402
0.0106288
0.0384489
0.0254264
0.00106244
0.070333
0.00532918
0.0116543
0.0020027
0.0585255
0.00398769
0.0220295
0.0039886
0.00474072
0.00650853
0.00284983
0.0168293
0.00060689
0.00450881
0.012755
0.000146102
0.0100945
0.0113392
0.0277389
0.010008
0.0122889
0.0102406
0.0207226
0.00642137
0.00512542
0.00214245
0.0105605
0.0224947
0.0140493
0.0136589
0.00311016
0.00255037
0.0210925
0.059286
0.00485195
0.00739777
0.00295146
0.0101855
0.0215762
0.0173492
0.0195137
0.0311502
0.0306492
0.0232713
0.00366603
0.00810102
0.00970568
0.00748987
0.0101294
0.112123
0.0556194
0.0434655
0.00965299
0.00473262
0.000183359
0.0253061
0.00503075
0.0491726
0.0321764
0.116741
0.0045378
0.0611227
0.0183602
0.00567602
0.00985407
0.00483488
0.0286212
0.00570414
0.235339
0.0108974
0.00125235
0.00748725
0.00549345
0.00921086
0.0175912
0.00406373
0.148237
0.115974
0.00045677
0.269649
0.0172778
0.0533664
0.015294
0.00593758
0.0128592
0.195315
0.00486952
0.176434
0.00544199
0.0111436
0.00133432
0.00390458
0.0381586
0.00525148
0.00443521
0.00652399
0.046665
0.0736116
0.0051485
0.0122743
0.0128334
0.0864745
0.0200667
0.00313316
0.00220061
0.00212637
0.00331346
0.0101988
0.0050141
0.0798698
0.00115698
0.130966
0.111275
0.249352
0.00922074
0.00797485
0.00534268
0.00332131
0.000891037
0.00784986
0.150223
0.0405346
0.070898
0.00665909
0.058691
0.0149259
0.0165323
0.0126456
0.075878
0.00677076
0.00507239
0.0507063
0.00277784
0.012551
0.0200012
0.00278607
0.0227105
0.00550387
0.00346375
0.00377016
0.00952173
0.0968285
0.0778417
0.0752763
0.00576159
0.00304678
0.0322667
0.0121075
0.00594648
0.00274574
0.00388746
0.0657579
0.0275766
0.0949999
0.00309277
0.074187
0.00992993
0.0518709
0.013841
0.0528759
0.00613942
0.00705107
0.00442472
0.0128362
0.0116967
0.0153212
0.00275671
0.0119013
0.00691915
0.00800122
0.00493956
0.00209209
0.00305192
0.0140847
0.0273549
0.00779323
0.00460704
0.0108654
0.000883547
0.0259384
0.0257719
0.00510889
0.057752
0.00181308
0.00697917
0.00573215
0.0255444
0.00941703
0.0208539
0.00854184
0.0188857
0.0555048
0.0135912
0.0153674
0.0036596
0.00615653
0.00543294
0.0242992
0.002082
0.0898026
0.243607
0.00658472
0.00633534
0.00588233
0.0591148
0.01801
0.222155
0.232413
0.0123684
0.0256423
0.0241235
0.00189217
0.00301469
0.00682216
0.000979102
0.000775869
0.00842576
0.00771399
0.00849025
0.00230824
0.000749361
0.0893746
0.0105731
0.0222388
0.0260646
0.0612973
0.00515369
0.00499806
0.0841804
0.0264573
0.00429257
0.0201363
0.0128922
0.0178915
0.00161156
0.00793066
0.0526806
0.0115738
0.0078038
0.00593907
0.0465004
0.00752221
0.00800341
0.0461255
0.0795619
0.0210492
0.00976598
0.00428117
0.0112214
0.0020085
0.000841525
0.151243
0.0175844
0.00827464
0.016565
0.0111129
0.0297228
0.00545694
0.00193158
0.00926797
0.0217971
0.0349434
0.0430058
0.0263967
0.0383225
0.00492026
0.00691553
0.316472
0.027243
0.0139421
0.012699
0.00197936
0.00134949
0.0325291
0.0423068
0.101316
0.0384954
0.0260525
0.179157
0.00288611
0.0135491
0.0856977
0.00508097
0.0043273
0.0401092
0.00170325
0.0207146
0.129073
0.163467
0.0162772
0.268657
0.191247
0.0677674
0.0334958
0.00539348
0.0597491
0.0044843
0.234659
0.00926604
0.000347262
0.00442191
0.000720672
0.00525059
0.00963529
0.0693261
0.0183837
0.101096
0.0179465
0.0169526
0.0105782
0.00954088
0.00705598
0.00330961
0.0558001
0.0582784
0.0458661
0.000459593
0.0135991
0.0278694
0.00315867
0.0847059
0.00509145
0.0222035
0.0297315
0.0227561
0.035488
0.032526
0.00800281
0.128169
0.00608178
0.194071
0.319648
0.00205666
0.013272
0.0256578
0.00426035
0.00438861
0.00531041
0.0245421
0.00203597
0.0160486
0.0177047
0.0311677
0.00688021
0.0132515
0.0192863
0.00311762
0.00926429
0.0285723
0.00950257
0.0156648
0.000553607
0.00647444
0.00502247
0.00558754
0.0176001
0.00866888
0.00396166
0.00559368
0.00564871
0.00678333
0.0192111
0.00480514
0.0431812
0.00798365
0.0176263
0.0528415
0.00913831
0.168458
0.185849
0.0103693
0.0164363
0.0378747
0.0177132
0.0698215
0.00152865
0.000888003
0.0129595
0.00634735
0.0218914
0.0223047
0.0123822
0.00760561
0.00194223
0.149349
0.00549681
0.00375019
0.00496737
0.00272019
0.0200632
0.00162207
0.0043249
0.0228637
0.0183168
0.0128057
0.0273935
0.127951
0.105844
0.0107431
0.00300918
0.00545657
0.0321826
0.00702128
0.00691236
0.0935076
0.0170906
0.0264778
0.00529458
0.00519675
0.00475073
0.0583665
0.00144405
0.0199209
0.00846358
0.0319792
0.315046
0.0113606
0.0019001
0.00495126
0.00225483
0.219046
0.0554055
0.143805
0.0157591
0.012598
0.00172549
0.0055994
0.0331772
0.00525583
0.0167251
0.0384947
0.00557006
0.049128
0.00729401
0.0105211
0.185969
0.000812708
0.00670484
0.00162037
0.0050134
0.0111118
0.0426151
0.0742365
0.000839127
0.0552147
0.0180927
0.0212207
0.00313246
0.00938023
0.00849769
0.0585372
0.0109278
0.0142488
0.000463779
0.00753947
0.00764618
0.0283137
0.0544164
0.00940815
0.0182852
0.017921
0.0533345
0.000943314
0.00344935
0.0396533
0.0181539
0.0927933
0.0433153
0.00364066
0.00460412
0.00488149
0.0696519
0.00243731
0.00428624
0.00323123
0.186535
0.00895841
0.156349
0.00819473
0.00165908
0.0406369
0.0213996
0.00934565
0.165993
0.0103286
0.0031322
0.00435375
0.0103041
0.110833
0.00434191
0.0209896
0.00317809
0.0125656
0.0293233
0.00905366
0.00152026
0.0584383
0.000980711
0.0109847
0.0125924
0.0105004
0.0238562
0.212536
0.000537876
0.0337996
0.00124843
0.135384
0.0202231
0.0233892
0.0134195
0.00791218
0.00508067
0.263542
0.00192235
0.137997
0.00739565
0.125968
0.106648
0.158909
0.114734
0.148255
0.0171436
0.00570852
0.00991611
0.00366368
0.000695209
0.0284792
0.090047
0.00392489
0.00408596
0.00460215
0.038956
0.0232436
0.0112867
0.0999185
0.00190928
0.00785754
0.0104703
0.143558
0.111396
0.0980198
0.0136575
0.127162
0.0242964
0.00562848
0.0885833
0.00338521
0.00209742
0.00158444
0.026495
0.00449293
0.254741
0.00201625
0.0943487
0.0033637
0.0107094
0.00166499
0.148345
0.0198218
0.039302
0.332377
0.00145501
0.0158359
0.00171329
0.0435559
0.215918
0.0204749
0.0526415
0.00536986
0.0148297
0.0781958
0.0199109
0.0272981
0.0175308
0.0529798
0.0259516
0.00301003
0.0116548
0.00226476
0.0574705
0.00088474
0.00435886
0.0712942
0.0504023
0.0540859
0.018233
0.00344049
0.0616357
0.0614544
0.00432103
0.00519377
0.00564616
0.00455747
0.0138947
0.00298976
0.00296134
0.00942287
0.0492042
0.00457482
0.003061
0.00350762
0.100287
0.000251622
0.00589239
0.0503843
0.00289236
0.00604084
0.00781385
0.0236951
0.00226955
0.0104244
0.00175507
0.0742666
0.0419509
0.00441803
0.0171056
0.0781634
0.0695378
0.0566583
0.0202141
0.00619252
0.00565058
0.03423
0.00230457
0.0405891
0.00767425
0.011166
0.0412586
0.00744765
0.00235871
0.00270969
0.0160559
0.227575
0.0550163
0.00123193
0.0166071
0.0799876
0.0322702
0.0324007
0.135563
0.00331505
0.0159162
0.031625
0.0699177
0.182448
0.00190973
0.00833158
0.0164132
0.0097174
0.00248972
0.00856286
0.00970759
0.0128107
0.00334977
0.0133993
0.00152526
0.0117061
0.0473858
0.302253
0.0411108
0.00154038
0.00193675
0.00947296
0.0430842
0.152042
0.02404
0.00661868
0.0161458
0.0100053
0.00817201
0.14302
0.0823348
0.00992544
0.0857873
0.011143
0.00646032
0.010933
0.0194844
0.310255
0.229863
0.216917
0.00363628
0.109348
0.00259189
0.0474923
0.0112697
0.0260475
0.0249632
0.0294609
0.0192035
0.000590812
0.00532252
0.00197272
0.00679952
0.00361755
0.00333075
0.00330645
0.0161578
0.00789483
0.0326189
0.020574
0.00128946
0.00156421
0.167816
0.00201591
0.356376
0.155181
0.0682755
0.0120199
0.0232179
0.144199
0.00374815
0.0261252
0.00470971
0.0510633
0.00228848
0.00802329
0.000884444
0.0137654
0.0272028
0.0262176
0.0202752
0.00150085
0.0179778
0.0214908
0.00124412
0.0012128
0.0361599
0.0273657
0.00664113
0.0207249
0.0109618
0.011986
0.0235645
0.159298
0.014434
0.00506487
0.264882
0.0340231
0.0682714
0.0548982
0.00373602
0.0113917
0.0491616
0.051096
0.006043
0.000637393
0.14673
0.0102373
0.0916956
0.0338451
0.104129
0.00703805
0.137334
0.00595282
0.0469772
0.00841833
0.0122776
0.0426839
0.0421468
0.0181564
0.0160586
0.203494
0.186897
0.246653
0.0126094
0.00914942
0.00401414
0.082698
0.0266966
0.00783541
0.0399734
0.000536831
0.103849
0.201827
0.0102975
0.143679
0.30551
0.000823867
0.00945556
0.192805
0.00794682
0.0606334
0.00802743
0.0272891
0.0044015
0.00848461
0.00183803
0.240791
0.0343841
0.154924
0.20951
0.0146599
0.00432504
0.00226265
0.0692649
0.0513048
0.0293927
0.00777549
0.000642698
0.122904
0.00566744
0.147055
0.103408
0.0548504
0.0642231
0.00140276
0.00732714
0.00431096
0.00411665
0.0140888
0.0709533
0.0638376
0.153112
0.165676
0.0758845
0.0325226
0.00275406
0.00246471
0.0374707
0.00284785
0.00466733
0.0555086
0.023859
0.022996
0.0723569
0.00329306
0.0797916
0.00707512
0.0377261
0.000925464
0.00388914
0.0834469
0.135711
0.00703844
0.0249663
0.000570093
0.00532001
0.0597239
0.00264602
0.0877194
0.0612005
0.0632071
0.00233989
0.0354835
0.0579247
0.100393
0.0939526
0.00138386
0.00949037
0.100671
0.00288244
0.034218
0.0049093
0.000363449
0.057011
0.0103737
0.00983541
0.00381436
0.0132922
0.0665443
0.0157636
0.0084703
0.0217653
0.0294516
0.00106803
0.00539391
0.0116455
0.0145565
0.00211048
0.0061736
0.0114474
0.0895539
0.101455
0.0961939
0.0365259
0.00518644
0.0430999
0.00531158
0.00636092
0.00871058
0.0109023
0.0856098
0.0911174
0.00771184
0.00855541
0.0600492
0.0173293
0.102629
0.00457543
0.0119302
0.0737074
0.0375012
0.0476268
0.0379676
0.0109539
0.272583
0.0546193
0.0052945
0.0667181
0.00369567
0.0085145
0.00214622
0.00447182
0.00835735
0.0049272
0.00246424
0.00259415
0.0506158
0.0104347
0.0122279
0.0106714
0.0221231
0.0129814
0.00506517
0.0155125
0.00363631
0.0107735
0.0113925
0.00429073
0.0726683
0.0424076
0.00340168
0.00619771
0.0207365
0.0155651
0.00468227
0.0249968
0.142619
0.00777879
0.0458729
0.0137355
0.0254503
0.00863703
0.185769
0.00268278
0.0808672
0.000233617
0.0501035
0.00396224
0.0216264
0.0310477
0.0155427
0.0311065
0.00215828
0.0053215
0.00520067
0.00151396
0.0469047
0.0207593
0.0113004
0.139339
0.00961944
0.0887054
0.0968925
0.00214585
0.00376016
0.00525645
0.0363839
0.0204649
0.00358582
0.00479529
0.00876453
0.0104183
0.00804506
0.0266934
0.00607804
0.000680899
0.00487158
0.032494
0.143884
0.00255385
0.00190559
0.0051791
0.00244173
0.0472966
0.0421399
0.0112894
0.0148888
0.0158746
0.142117
0.190566
0.114855
0.00476404
0.0085397
0.0125442
0.026331
0.00399277
0.0285
0.0267326
0.00869812
0.0169589
0.0102923
0.0398734
0.00951438
0.0442114
0.00739841
0.0109197
0.00955897
0.0863795
0.026078
0.070073
0.222968
0.261195
0.00593549
0.0150306
0.00108677
0.0181456
0.0280702
0.00819869
0.23295
0.179297
0.00129183
0.0814548
0.00686109
0.0070191
0.00786562
0.0160025
0.0467814
0.0328311
0.0225673
0.00185756
0.116593
0.0115423
0.0107559
0.048352
0.0925975
0.00234082
0.00593018
0.0162729
0.00811061
0.00976784
0.0332918
0.0336845
0.0728677
0.00105324
0.0148292
0.00281965
0.00044511
0.00163172
0.00438956
0.0261532
0.0716919
0.00978178
0.0339199
0.133401
0.0329674
0.0123274
0.009267
0.0183902
0.00835957
0.00381911
0.00304865
0.0406401
0.00673436
0.00698005
0.0170677
0.0212092
0.0396098
0.00805401
0.00671685
0.00653412
0.0764593
0.0932127
0.00339943
0.101256
0.100247
0.00409923
0.0159901
0.0113821
0.00472717
0.00317651
0.00451422
0.0825491
0.00247016
0.00581053
0.120132
0.405665
0.0261441
0.0261962
0.0460571
0.0131615
0.0179138
0.0112863
0.0236494
0.019892
0.000526651
0.000329764
0.017996
0.0165189
0.00369852
0.113116
0.192401
0.270338
0.000883842
0.00522902
0.0173406
0.0128438
0.0235304
0.0138559
0.00153745
0.0452357
0.249648
0.00613166
0.115051
0.00989106
0.0106074
0.0160553
0.00204547
0.00697657
0.0323786
0.232612
0.198879
0.0763528
0.00929844
0.164329
0.00208817
0.0204228
0.00347499
0.0637527
0.0164974
0.0108749
0.00936604
0.00271436
0.00838149
0.00304886
0.0242448
0.00765578
0.0143467
0.013876
0.012307
0.0415608
0.0242475
0.0271865
0.0370197
0.0150146
0.002146
0.0139027
0.00574484
0.00128386
0.0419703
0.0362008
0.0618245
0.00393017
0.0211068
0.0128453
0.0016311
0.00618304
0.0040281
0.0116596
0.0835683
0.00177124
0.0181605
0.0179229
0.0222013
0.0145423
0.0196126
0.0461397
0.00669177
0.00911952
0.0217612
0.0760062
0.00427532
0.000879386
0.119699
0.00759658
0.0260372
0.186045
0.007388
0.00373294
0.0981621
0.187062
0.0687914
0.0833887
0.0616799
0.0196487
0.032339
0.0564099
0.0193432
0.0026842
0.180086
0.0234089
0.0678861
0.0713385
0.00604844
0.0441891
0.0331743
0.00257804
0.00966194
0.00107554
0.00686467
0.0279009
0.123314
0.0786676
0.00486172
0.0652033
0.00554465
0.0176166
0.00433476
0.00479914
0.0232738
0.0934663
0.028842
0.213972
0.00408897
0.121647
0.0097127
0.00707357
0.00477632
0.0263106
0.0278083
0.0762273
0.0100978
0.0242019
0.0262924
0.00223396
0.00368117
0.245983
0.00633325
0.0226705
0.00917877
0.0730014
0.195438
0.00290298
0.020049
0.0107754
0.0136006
0.0243208
0.00401246
0.0165048
0.000662855
0.0213303
0.020751
0.0152517
0.0305913
0.00853162
0.00941664
0.0012098
0.020173
0.00418969
0.00732774
0.0182956
0.00570017
0.0246408
0.0617795
0.00337296
0.00658571
0.00434505
0.00432099
0.0318982
0.0289341
0.0185695
0.00239289
0.121614
0.0665973
0.00832826
0.146553
0.0173889
0.00737406
0.00526405
0.00257202
0.00691732
0.0522337
0.0335102
0.034521
0.105212
0.00546094
0.00222744
0.00233165
0.013424
0.00801116
0.0284412
0.266777
0.21374
0.133796
0.0960803
0.176996
0.00111064
0.00485789
0.00208355
0.00153566
0.139518
0.00328954
0.00108157
0.00631427
0.0127391
0.0149893
0.0454351
0.0173161
0.00643318
0.0130447
0.0387955
0.00425998
0.0193669
0.00663143
0.00662373
0.0104984
0.0148822
0.0120802
0.00350291
0.0673101
0.0108838
0.0257742
0.0209489
0.0117811
0.00283409
0.00107175
0.00827665
0.0115526
0.0945289
0.00510367
0.00192312
0.0712459
0.0145144
0.181375
0.00850979
0.0314547
0.0224844
0.0502977
0.0426889
0.096325
0.0862483
0.0128854
0.0115002
0.00564619
0.00708038
0.0108814
0.000951105
0.0269073
0.032145
0.0148313
0.00341643
0.01927
0.398302
0.000847545
0.0032225
0.00463296
0.00896502
0.0138924
0.0755126
0.11701
0.00564446
0.0177176
0.0416153
0.00173732
0.0692488
0.0558092
0.00611702
0.198701
0.00781512
0.107223
0.0690971
0.00255101
0.0321074
0.0607707
0.116106
0.0492498
0.00946049
0.00796769
0.000449932
0.00407084
0.0117512
0.00496748
0.021366
0.049541
0.00685482
0.00627545
0.0199257
0.00179735
0.0168135
0.0116636
0.0179586
0.0379318
0.048116
0.0239014
0.00378525
0.00135019
0.00621208
0.0176887
0.068428
0.0294589
0.170961
0.142954
0.142539
0.127426
0.00514756
0.0241486
0.0504475
0.115254
0.0699549
0.00512308
0.0182639
0.00877975
0.0843734
0.0719733
0.00195157
0.0119507
0.0244628
0.0025849
0.125027
0.0426176
0.0070759
0.0399767
0.00307934
0.00167957
0.00902108
0.0478617
0.0238176
0.000723671
0.0323266
0.00574408
0.298918
0.0386169
0.0771755
0.0183368
0.0453304
0.0562654
0.0162568
0.0427749
0.00523928
0.0120834
0.0136501
0.01352
0.00411387
0.00689529
0.0112456
0.192323
0.153828
0.0668989
0.0128139
0.0330693
0.00146176
0.0336918
0.0205401
0.0435333
0.0662061
0.00180491
0.0365772
0.00278038
0.00410105
0.0904242
0.100546
0.00784085
0.00635134
0.0138231
0.0347142
0.0518163
0.00546325
0.0119464
0.0694634
0.00439341
0.00411992
0.249486
0.0145802
0.0155681
0.00552449
0.10743
0.0107862
0.0776354
0.0167292
0.0147893
0.00251464
0.12881
0.01851
0.0177002
0.0674159
0.0103926
0.0208896
0.00902562
0.0283409
0.169717
0.012292
0.00514814
0.182709
0.0130143
0.00653847
0.127762
0.0139844
0.0593977
0.0198334
0.0116638
0.05898
0.0144688
0.0128048
0.0144529
0.237635
0.00216746
0.002136
0.0734365
0.00955337
0.0597156
0.0120349
0.0124
0.00810684
0.00590099
0.289555
0.203578
0.030502
0.0671632
0.0229541
0.0564405
0.00149177
0.149494
0.0408317
0.0141178
0.0278417
0.374817
0.00428826
0.0150885
0.0346507
0.0656516
0.022693
0.00482984
0.0401947
0.00441494
0.0180166
0.000122165
0.00193553
0.0167479
0.00434947
0.0575735
0.0927484
0.0355201
0.0662568
0.00958558
0.00621431
0.468431
0.00458968
0.00479686
0.00267118
0.03102
0.10867
0.007241
0.0150899
0.0407671
0.0267128
0.00123976
0.0153498
0.0022671
0.000911449
0.0684501
0.0299703
0.0910209
0.048502
0.00327429
0.100579
0.00793658
0.00315572
0.0606862
0.151621
0.0136184
0.00613571
0.108694
0.0837445
0.139193
0.0770962
0.122112
0.137971
0.0020551
0.0378751
0.0242343
0.0125882
0.00554346
0.0445282
0.0279649
0.00478495
0.0325055
0.00105636
0.0254173
0.0187725
0.00247631
0.00963077
0.00776327
0.0124408
0.00335126
0.0190049
0.0301382
0.0186934
0.0963258
0.0375189
0.0642539
0.0560257
0.023555
0.0944715
0.151832
0.00820931
0.00925574
0.00213802
0.000689351
0.00449648
0.0275743
0.0275885
0.00137101
0.151319
0.0193432
0.0026597
0.00122828
0.0141349
0.00560735
0.0906704
0.29134
0.00547746
0.00453957
0.0544752
0.00313361
0.13402
0.149847
0.138988
0.0290629
0.0251115
0.00240078
0.00356006
0.0073943
0.00136468
0.0166783
0.0186884
0.00768009
0.00162911
0.0227695
0.291808
0.0830195
0.00411659
0.0144603
0.018382
0.121583
0.00666685
0.00541898
0.00220244
0.00532736
0.0468091
0.0059742
0.00881264
0.0153897
0.00117793
0.0259929
0.025845
0.0110832
0.0376919
0.00649235
0.0324455
0.117082
0.0212524
0.00052421
0.097563
0.137392
0.00444626
0.00192277
0.000687049
0.000942011
0.0556852
0.174131
0.00174493
0.00355911
0.266576
0.0183884
0.0130115
0.0651224
0.0358875
0.00569895
0.00333074
0.147877
0.094465
0.0247918
0.00833308
0.0386762
0.0173648
0.00537221
0.0187594
0.219856
0.349867
0.00663622
0.0116322
0.00375073
0.149848
0.00438232
0.0115825
0.0439257
0.247223
0.0417276
0.0593257
0.0540949
0.00231428
0.00337148
0.0746351
0.0576195
0.0872503
0.01208
0.0120594
0.0140078
0.0670118
0.0829012
0.0128831
0.281297
0.441831
0.00154469
0.00235135
0.00340529
0.0395196
0.0180493
0.0556503
0.010855
0.00820699
0.00543251
0.00679064
0.070138
0.0338652
0.00171177
0.0092885
0.0204493
0.0155592
0.0321221
0.0168904
0.00817047
0.0115329
0.0364192
0.085208
0.00454832
0.00467715
0.00572046
0.38561
0.0916132
0.0188952
0.117466
0.00490528
0.0395858
0.103355
0.0188636
0.0222123
0.00268182
0.00708713
0.121049
0.000952464
0.0359135
0.0744491
0.00641342
0.00608539
0.0963556
0.35895
0.37507
0.402305
0.388901
0.0100584
0.00949232
0.00739433
0.00437269
0.00644291
0.0320482
0.00107203
0.0381488
0.0102035
0.1126
0.035761
0.015488
0.0550307
0.0579775
0.0153217
0.00538019
0.0105631
0.00150145
0.0818317
0.00561996
0.00446825
0.0518837
0.00723588
0.0554979
0.00493549
0.0088372
0.0285344
0.00108524
0.033565
0.0172659
0.0594592
0.00076811
0.0111451
0.00422355
0.0568759
0.0166558
0.00563611
0.0103885
0.075086
0.0131199
0.000968698
0.00228962
0.00510521
0.117991
0.00919605
0.0075345
0.077404
0.0142371
0.00380518
0.107592
0.0685748
6.00937e-005
0.00984721
0.0379945
0.00564715
0.00333691
0.0190165
0.0100585
0.000454927
0.00415887
0.0254875
0.11652
0.0387672
0.00146993
0.336199
0.0040438
0.00344145
0.00637663
0.0507325
0.0273789
0.0398389
0.0365005
0.00154765
0.265911
0.0114305
0.0051292
0.00732409
0.0024281
0.00475221
0.00702876
0.0127302
0.0205121
0.0369238
0.00512312
0.0208613
0.0120329
0.000941499
0.0242524
0.00311154
0.292635
0.0270549
0.0115301
0.0223051
0.0682106
0.00708762
0.00830501
0.0847279
0.00645396
0.00167719
0.0174716
0.0030911
0.0195209
0.0173073
0.0115529
0.00241627
0.26036
0.13507
0.000641037
0.0255349
0.252507
0.0629784
0.00300385
0.0048739
0.00677676
0.00946756
0.00726011
0.0038221
0.0131919
0.0342123
0.0401935
0.275584
0.00816668
0.00505085
0.000396307
0.00603162
0.0190498
0.00433829
0.0193464
0.0116576
0.0107784
0.103043
0.0109887
0.00612573
0.0529817
0.358715
0.0671878
0.0261667
0.0572719
0.306411
0.00556667
0.113343
0.00659043
0.167756
0.0254438
0.0107392
0.00509732
0.000165605
0.0226448
0.00682578
0.296778
0.0396351
0.00969346
0.00357574
0.00189558
0.231148
0.0156354
0.0797268
0.0298182
0.111663
0.00133095
0.00863113
0.0939527
0.105391
0.0192954
0.023594
0.0140391
0.00189629
0.00849548
0.063126
0.00642238
0.0189367
0.00566557
0.0811954
0.0180061
0.0176373
0.00503261
0.00185267
0.162978
0.0937483
0.0512755
0.00979067
0.0999538
0.00404069
0.00968954
0.0012996
0.0836891
0.119204
0.00592487
0.0692047
0.00740958
0.142527
0.0295906
0.00728401
0.0140834
0.0483833
0.00206961
0.00204618
0.00483306
0.00580752
0.0634115
0.00916118
0.00652548
0.00684268
0.00547393
0.0117021
0.198962
0.190066
0.00929387
0.0217676
0.0305154
0.0241909
0.0325031
0.00648395
0.016548
0.0676716
0.0162964
0.00446532
0.0441885
0.0745037
0.240684
0.0103332
0.21024
0.00431813
0.19828
0.210356
0.00651605
0.00644962
0.179498
0.00580897
0.0192419
0.00335981
0.00102364
0.00521438
0.0197347
0.0964533
0.00536042
0.00141327
0.00455767
0.0223047
0.0209872
0.0158192
0.0376581
0.139549
0.004648
0.0578646
0.00754259
0.0035697
0.0366424
0.00246917
0.00754505
0.00360963
0.00475889
0.0220551
0.000897168
0.0194955
0.0144254
0.00429552
0.0148
0.0188268
0.00121896
0.00432852
0.00344568
0.00451048
0.003812
0.0250694
0.0747545
0.00254732
0.0123942
0.000577478
0.0546833
0.0162712
0.00556311
0.165384
0.0566937
0.00927002
0.0311427
0.0669444
0.0293644
0.0210716
0.010834
0.00180152
0.0621269
0.0427959
0.0104517
0.00650355
0.00281258
0.00954372
0.0153392
0.0296858
0.0081979
0.0110195
0.00657086
0.0509431
0.00795601
0.0103905
0.00661154
0.0340144
0.0839898
0.00477699
0.00481512
0.0159003
0.12742
0.144471
0.0166852
0.00256978
0.00959609
0.01149
0.00950095
0.0149832
0.00542384
0.347382
0.0312488
0.00466153
0.0696345
0.00125662
0.0299402
0.15281
0.00774426
0.0417131
0.0223155
0.0392767
0.00939709
0.0329467
0.00697395
0.0151045
0.000431514
0.118886
0.0155308
0.0203204
0.0356253
0.0034364
0.078341
0.0059028
0.00993747
0.0063576
0.119
0.00847886
0.00691755
0.00945315
0.0645289
0.00544418
0.00340006
0.0421284
0.0651882
0.0351578
0.211804
0.0194078
0.00190732
0.174913
0.00875917
0.00740046
0.00117905
0.0975488
0.023687
0.0191227
0.0941423
0.0459961
0.041816
0.00308977
0.00168623
0.00633635
0.0103787
0.0394752
0.119544
0.216057
0.0229179
0.0336807
0.00783481
0.0254924
0.0222822
0.011877
0.0351453
0.0101262
0.0514274
0.00824579
0.00406551
0.00181932
0.00557873
0.028523
0.186836
0.021071
0.135833
0.112926
0.0381903
0.00187891
0.00843683
0.0663485
0.0295614
0.0073849
0.00533196
0.0655755
0.00298746
0.0469834
0.00634528
0.193622
0.00103851
0.0064745
0.00592875
0.00331233
0.0132728
0.0685494
0.00420771
0.00139509
0.0244762
0.0104407
0.017341
0.019534
0.0420143
0.0187713
0.0379079
0.110618
0.0281353
0.0516345
0.00340345
0.0102506
0.0557101
0.0943262
0.0147999
0.13853
0.00660819
0.0122172
0.0148993
0.0408564
0.0053593
0.00184453
0.00504801
0.00382796
0.00628326
0.0906396
0.0138398
0.00216788
0.00524227
0.00375323
0.00540647
0.0421316
0.124392
0.00660257
0.00618356
0.0155039
0.00883313
0.0056262
0.0356266
0.00522043
0.254731
0.231025
0.00984442
0.00634611
0.030909
0.015175
0.000581734
0.224024
0.00612733
0.405954
0.0285823
0.00256074
0.00407196
0.00280473
0.0234536
0.0123486
0.290065
0.00699704
0.0159049
0.0100443
0.229579
0.0230073
0.0734129
0.0277955
0.0033104
0.165545
0.00769098
0.00565317
0.0016689
0.119038
0.0287595
0.0423192
0.0345449
0.000818589
0.292264
0.00323788
0.0174663
0.0293879
0.0237174
0.0107878
0.0249476
0.0258171
0.0283868
0.0131576
0.00737462
0.00171035
0.0104737
0.032324
0.0164218
0.00815699
0.240665
0.195101
0.033571
0.00153096
0.0109474
0.00872225
0.0116694
0.00940971
0.0942628
0.0139074
0.12048
0.0296179
0.00806075
0.000720038
0.0200989
0.0164806
0.0104781
0.00216122
0.0148364
0.133391
0.00226947
0.0122133
0.0122621
0.0111382
0.145439
0.0877978
0.169836
0.0735018
0.237025
0.00402694
0.0714688
0.0564125
0.00631096
0.0697424
0.00414936
0.211867
0.00279005
0.0101755
0.0606237
0.0880509
0.00211875
0.0286218
0.0119906
0.0838351
0.015369
0.0357714
0.0291471
0.0031443
0.0057342
0.0642414
0.0781287
0.00324451
0.101778
0.00578019
0.0190076
0.013344
0.000437149
0.101045
0.0260287
0.18847
0.0706635
0.0090953
0.00741601
0.153768
0.00238398
0.00188723
0.012883
0.0130046
0.00166141
0.129745
0.251541
0.0192625
0.080328
0.0801282
0.00672173
0.00386425
0.0166401
0.0519999
0.00334849
0.323041
0.0409402
0.02539
0.0224364
0.0433074
0.00220477
0.11155
0.00481165
0.032012
0.00401115
0.00480318
0.052997
0.0434839
0.0013409
0.000639564
0.0329673
0.0123697
0.0179918
0.0544157
0.132083
0.0311264
0.00253893
0.150023
0.351986
0.0550358
0.0934108
0.013038
0.00921818
0.202833
0.00172575
0.00570269
0.0108844
0.14456
0.0653124
0.0335139
0.163123
0.00740946
0.0456653
0.12727
0.0312797
0.0107389
0.00299057
0.0339621
0.00494516
0.264201
0.00503662
0.0455826
0.241419
0.0175492
0.0095186
0.0536567
0.0242603
0.0285819
0.40115
0.00209108
0.0167809
0.172594
0.144085
0.10927
0.0210752
0.019784
0.235212
0.166639
0.0522053
0.0666756
0.0132791
0.00319436
0.0256623
0.0926571
0.0131215
0.00131533
0.0242704
0.00330448
0.0275292
0.0364486
0.237913
0.159191
0.0131478
0.0106142
0.02572
0.0290629
0.28151
0.00392141
0.0109064
0.0194906
0.00121045
0.0202394
0.00814274
0.00678103
0.00813508
0.137127
0.0476414
0.00387706
0.00524037
0.0541357
0.0023447
0.0215392
0.0547118
0.00397743
0.00306703
0.00268559
0.00634571
0.00199158
0.0123278
0.0724893
0.0486993
0.0918001
0.125857
0.0670715
0.152356
0.131203
0.00422205
0.0445114
0.00392559
0.00641431
0.00534038
0.266804
0.226332
0.0101942
0.000504698
0.080241
0.000194083
0.00234844
0.0246221
0.00535452
0.00536466
0.0403912
0.270368
0.00633939
0.0804459
0.292833
0.0235929
0.00406392
0.214963
0.0278533
0.00825366
0.0495153
0.127102
0.00919375
0.144085
0.00610873
0.179654
0.0272285
0.0274902
0.0126527
0.0723336
0.0780825
0.00956852
0.0312919
0.00720154
0.00443821
0.0358953
0.0650118
0.00813367
0.0157844
0.00274765
0.0367708
0.0568908
0.00124914
0.00557528
0.19293
0.00565118
0.0608184
0.00755734
0.00083457
0.00583304
0.00190599
0.0129498
0.00520088
0.0072405
0.00327648
0.00432249
0.0316467
0.0094111
0.00531711
0.0126349
0.00384013
0.0475235
0.0100346
0.055357
0.00791478
0.0068351
0.00489024
0.0239928
0.00321409
0.240049
0.0124356
0.00682925
0.00603599
0.00588317
0.00600182
0.00216081
0.0681643
0.0043435
0.00592206
0.00340579
0.0173253
0.0104562
0.00339251
0.00383598
0.219049
0.116246
0.007147
0.155928
0.00943596
0.0142251
0.00246023
0.00959174
0.00121306
0.106976
0.00310354
0.0352228
0.0903379
0.0907735
0.0357996
0.0728002
0.034955
0.0525136
0.0146858
0.0631764
0.0345077
0.0027548
0.0102617
0.0482831
0.0547493
0.0590499
0.0446161
0.0780924
0.0042115
0.00492303
0.00950559
0.00573861
0.0365002
0.00942102
0.313793
0.0054724
0.0976647
0.283364
0.010392
0.0114006
0.00795365
0.00363691
0.271173
0.235937
0.108108
0.0344686
0.00143568
0.339367
0.0257524
0.0126311
0.00526829
0.00334078
0.105744
0.00658894
0.0500449
0.15202
0.100125
0.0177353
0.0588338
0.00832149
0.00234716
0.0227443
0.0337172
0.00445813
0.135836
0.0933554
0.00226496
0.00822429
0.0435935
0.00147076
0.202192
0.180558
0.333472
0.079152
0.151489
0.0053789
0.00992056
0.00709251
0.00793717
0.0507116
0.0120229
0.0174518
0.00448518
0.117611
0.00149755
0.00397906
0.00183709
0.00624374
0.0853775
0.00768715
0.0440598
0.00221753
0.0152417
0.0206608
0.00359409
0.00752894
0.00987305
0.0975313
0.198361
0.0154611
0.00634756
0.0233896
0.026374
0.114287
0.0908648
0.0641137
0.124854
0.134581
0.00830337
0.428543
0.193753
0.0113516
0.0267962
0.270159
0.0220036
0.0806881
0.0124551
0.0717635
0.00300194
0.00318232
0.00155785
0.0767182
0.00134206
0.00503576
0.00738646
0.00336277
0.00165802
0.0305653
0.00536159
0.0264894
0.00211031
0.233241
0.0119952
0.0476333
0.0813399
0.00965533
0.0025566
0.0364584
0.0938852
0.0840168
0.0119827
0.0161596
0.172316
0.0025383
0.00292448
0.00654853
0.00537385
0.0233573
0.0127756
0.00375204
0.00277069
0.0318898
0.111223
0.00378478
0.0102947
0.00498714
0.0117288
0.00329438
0.00403252
0.00141777
0.165694
0.129555
0.25101
0.0109186
0.00856749
0.00964659
0.00395502
0.155529
0.005811
0.0158036
0.0182079
0.0703608
0.0203902
0.00605396
0.0539763
0.0539016
0.0704096
0.000863909
0.289438
0.00201376
0.003108
0.0254684
0.0114673
0.00562144
0.00276835
0.0382787
0.0103731
0.00202521
0.092405
0.02051
0.0261398
0.056739
0.0787433
0.00139031
0.00527702
0.168787
0.00140168
0.00423718
0.0106077
0.234024
0.0246981
0.00291825
0.00116987
0.276123
0.0132752
0.00187573
0.0827047
0.103597
0.0044023
0.366099
0.0712401
0.0309908
0.0205904
0.0162078
0.0195166
0.0152189
0.00157035
0.00847913
0.0657058
0.0831935
0.00473264
0.00683143
0.246844
0.00721341
0.0679427
0.00774035
0.0464906
0.0851551
0.0048094
0.00255916
0.00849882
0.0184627
0.0013391
0.00818089
0.0263509
0.0672178
0.0468619
0.00574168
0.00259806
0.00466211
0.0826938
0.1651
0.0110243
0.0611719
0.00265568
0.00217861
0.0304338
0.0271112
0.0431343
0.0412972
0.0343621
0.0367162
0.0352712
0.0692139
0.0722908
0.0290637
0.0333914
0.0213169
0.00701336
0.00832876
0.0644492
0.123169
0.0245452
0.0160228
0.0535052
0.00378607
0.012208
0.0151411
0.00580474
0.228006
0.553939
0.0007583
0.0832273
0.0103101
0.00535451
0.00815965
0.00794125
0.0246534
0.146847
0.000968857
0.168958
0.0111547
0.00248205
0.00530934
0.000796089
0.00182317
0.00663458
0.0195738
0.00362492
0.0157653
0.0143725
0.0185586
0.0385123
0.0033602
0.00545564
0.0550187
0.044774
0.00506676
0.0028684
0.0101346
0.074586
0.00356343
0.0739908
0.0305474
0.177883
0.0196363
0.00931275
0.0146684
0.022086
0.0276335
0.0155524
0.00227593
0.00325449
0.00578153
0.00990148
0.0267281
0.0413256
0.0448032
0.019404
0.0635142
0.00583838
0.0014891
0.00699223
0.00368353
0.0391024
0.0203588
0.235137
0.234108
0.155345
0.200692
0.193103
0.0366809
0.00315348
0.00102324
0.197647
0.0023429
0.0139215
0.00689164
0.0472597
0.00198619
0.0613655
0.0495759
0.0083788
0.000335895
0.00216287
0.0750091
0.00180109
0.0027631
0.0634325
0.0309426
0.00120827
0.00708852
0.161597
0.072811
0.0136185
0.240427
0.111584
0.164416
0.00488364
0.00609476
0.0101932
0.00538564
0.0239712
0.0340493
0.210653
0.283684
0.0193204
0.0275884
0.0159356
0.0559161
0.00231009
0.0010364
0.153194
0.0851869
0.0147357
0.0873787
0.0077399
0.00149116
0.0167067
0.00336388
0.0625028
0.0634488
0.00842878
0.169768
0.00482319
0.0579117
0.0366711
0.00284487
0.13429
0.000726445
0.00411621
0.00164654
0.000800306
0.00960729
0.00581194
0.00560045
0.00274315
0.0936298
0.00860291
0.219476
0.000953065
0.00307941
0.0582706
0.0839331
0.0149315
0.222319
0.118682
0.0141623
0.0113645
0.0173455
0.00734392
0.01827
0.0146266
0.0504236
0.0412959
0.0412187
0.00066296
0.0697571
0.0592291
0.00370448
0.117078
0.0185095
0.279281
0.137111
0.00599228
0.114647
0.0313669
0.161001
0.204284
0.00450835
0.0801978
0.00302954
0.00981547
0.0397663
0.0582463
0.0266521
0.0153261
0.216109
0.00373867
0.0432779
0.00285166
0.0416695
0.0340567
0.0108097
0.145886
0.223035
0.002314
0.0203931
0.00103951
0.0641096
0.0345478
0.0495025
0.0172778
0.0189923
0.21404
0.199789
0.0211096
0.00130508
0.041401
0.0145884
0.0452121
0.00102457
0.00562778
0.0381684
0.107062
0.0134873
0.010358
0.0103521
0.0147518
0.00885684
0.0108611
0.0162808
0.0398529
0.00118068
0.0314603
0.0921328
0.00730511
0.00484538
0.00604241
0.00849688
0.0102128
0.0544172
0.074825
0.102314
0.00563124
0.00361554
0.109833
0.0660016
0.00166061
0.0638328
0.0623443
0.0176852
0.010834
0.00267512
0.199317
0.128547
0.00786304
0.00295848
0.0523437
0.0581537
0.00843637
0.0369372
0.00579592
0.0243074
0.13439
0.00101751
0.00588267
0.0200709
0.0283698
0.00276042
0.119917
0.115094
0.00561605
0.00189977
0.014629
0.00158489
0.00217499
0.00308276
0.013187
0.153347
0.00566093
0.0623297
0.028661
0.00347924
0.00719852
0.0660912
0.0182598
0.0813966
0.0440648
0.00536234
0.00539626
0.00651279
0.263041
0.123966
0.0173476
0.0250707
0.0787892
0.00336819
0.363717
0.101354
0.0830601
0.0682812
0.0197593
0.00399656
0.00688851
0.140781
0.0140228
0.00228534
0.305594
0.122286
0.122357
0.0165104
0.12824
0.0881465
0.0886379
0.026231
0.00302702
0.00300543
0.0124883
0.0381602
0.0183474
0.0738969
0.0652324
0.00453596
0.00834963
0.0048857
0.00948002
0.215814
0.160536
0.193396
0.0336095
0.0129803
0.00309987
0.000948584
0.0601785
0.0344808
0.0197872
0.0141861
0.177051
0.0023967
0.0975802
0.0498845
0.000660913
0.000652394
0.00858725
0.0131145
0.00754941
0.0183617
0.00369123
0.00267833
0.178759
0.0133539
0.0168758
0.132394
0.0763219
0.200275
0.11954
0.0181086
0.00659243
0.236298
0.00525014
0.00587371
0.005012
0.0578285
0.0364657
0.132143
0.122207
0.00109056
0.0102468
0.0117455
0.0756779
0.0019363
0.00524842
0.102747
0.0267576
0.223135
0.0108483
0.190888
0.00692287
0.100938
0.0835152
0.0656379
0.00616307
0.00264919
0.0260548
0.00860825
0.142708
0.202337
0.00759112
0.0139957
0.0137977
0.0834866
0.0685688
0.00160344
0.0266929
0.00322743
0.0822308
0.0291234
0.00379276
0.0660122
0.096263
0.0158466
0.0404587
0.00591658
0.00386411
0.0881095
0.00961649
0.0780119
0.036678
0.0833336
0.0844914
0.255961
0.296869
0.00480887
0.0968018
0.00252193
0.170199
0.191496
0.00589453
0.00333422
0.0108418
0.0024413
0.0116627
0.0240409
0.0135982
0.343228
0.0306927
0.03049
0.00922048
0.00760519
0.0479476
0.152809
0.00633396
0.0662664
0.0589024
0.0167544
0.254647
0.0103698
0.00793451
0.00106631
0.00292806
0.0629749
0.0282004
0.00349862
0.212437
0.181054
0.0342217
0.11248
0.0121831
0.104585
0.00748694
0.00378018
0.081837
0.00429171
0.0328088
0.000727078
0.028766
0.00247294
0.00529129
0.0100603
0.0115039
0.0360816
0.00502287
0.00136741
0.00648465
0.00309198
0.0128981
0.0203277
0.120351
0.141553
0.0331717
0.00224958
0.0125787
0.071807
0.00691512
0.0037472
0.0742191
0.0296308
0.00523145
0.00693589
0.136284
0.165794
0.00384466
0.00235916
0.0468777
0.00724671
0.2352
0.0164382
0.048551
0.00285937
0.13161
0.00975758
0.0817632
0.124814
0.0179237
0.0265038
0.000931611
0.00120501
0.0414418
0.0150541
0.188141
0.00906286
0.0346421
0.0506585
0.0646434
0.00828828
0.00214469
0.0354566
0.00570718
0.00643694
0.00126349
0.00536871
0.000784562
0.0621388
0.181682
0.00818354
0.00700512
0.00998768
0.0451353
0.00476337
0.00651198
0.0251889
0.00624048
0.00741795
0.00538245
0.316138
0.0015997
0.0140218
0.295837
0.0885751
0.00496939
0.00426127
0.0599861
0.0160974
0.00660276
0.0342845
0.0247442
0.00236155
0.0497821
0.00601907
0.00239844
0.00590096
0.00427698
0.0963583
0.00811672
0.00330591
0.228513
0.161655
0.00278196
0.00179217
0.0677299
0.0335177
0.0365708
0.0563249
0.00638979
0.16869
0.00562671
0.0502795
0.020486
0.00152502
0.0034053
0.00202788
0.00561213
0.0058139
0.110397
0.00289259
0.0043698
0.0375582
0.0351295
0.00205487
0.00498559
0.0914123
0.0800097
0.00690447
0.0393923
0.00391628
0.00957523
0.0704405
0.01142
0.00274502
0.144142
0.00184283
0.00150724
0.0301701
0.0620503
0.034156
0.172783
0.12232
0.154639
0.0104294
0.00920964
0.00471887
0.00245476
0.00632328
0.00339817
0.0174579
0.0167714
0.165711
0.131911
0.0844225
0.0166362
0.0140698
0.031309
0.0300664
0.0058383
0.0557059
0.0157324
0.009404
0.00937338
0.00458534
0.0179536
0.239844
0.00873869
0.237744
0.00679605
0.00925066
0.00313851
0.0117821
0.00515882
0.00414786
0.159059
0.00281334
0.0199767
0.0719384
0.00128489
0.183692
0.122101
0.135615
0.0510657
0.00543564
0.0308942
0.0275863
0.008889
0.0774541
0.00828144
0.182148
0.00711635
0.170482
0.0798365
0.138684
0.0403454
0.00273377
0.131576
0.0941239
0.00689342
0.013366
0.0017882
0.348667
0.0184783
0.0483967
0.0474672
0.0307242
0.0014692
0.0823989
0.10694
0.0283958
0.00712857
0.0092862
0.0332464
0.0124219
0.00710553
0.0222393
0.00308802
0.0539417
0.007912
0.107008
0.0883205
0.0615177
0.0132061
0.00285679
0.00219011
0.00544309
0.00763262
0.119228
0.0170392
0.12067
0.113529
0.0040875
0.00394415
0.0127595
0.0125322
0.255978
0.125591
0.0199123
0.0367439
0.00100532
0.0798291
0.131304
0.0234243
0.00430334
0.00349509
0.0948391
0.00479066
0.157157
0.0737734
0.0914254
0.09062
0.0355904
0.00643922
0.00201503
0.00345644
0.0113483
0.0517636
0.330775
0.00673005
0.00549484
0.269598
0.361333
0.0230539
0.0153658
0.00490038
0.0034726
0.00236957
0.00168503
0.00537079
0.11581
0.0197952
0.0955104
0.131672
0.0123488
0.0660827
0.186516
0.00496803
0.159951
0.00321504
0.035308
0.129882
0.153674
0.00749658
0.137733
0.00491775
0.0086707
0.0368444
0.238185
0.118487
0.0100961
0.0102589
0.00575969
0.0334317
0.0195265
0.273161
0.0126125
0.122493
0.123907
0.0189102
0.00120714
0.00982699
0.0123732
0.0117773
0.0465309
0.00584885
0.00672637
0.0187014
0.0484553
0.0674912
0.00298726
0.00539771
0.00706946
0.0867038
0.0040068
0.0547779
0.0822102
0.00320804
0.00793179
0.0135492
0.00762117
0.00408346
0.0073537
0.0228401
0.00646907
0.00563506
0.0707382
0.00566874
0.0184731
0.0613693
0.0203214
0.246091
0.0411066
0.00294633
0.00374249
0.00851074
0.0539709
0.0073993
0.0032897
0.0900995
0.0081373
0.00314288
0.00479908
0.0259865
0.236586
0.0150754
0.14731
0.00509088
0.251146
0.00493278
0.00332675
0.00914187
0.00538763
0.0230611
0.00842233
0.0461806
0.233076
0.144474
0.00295612
0.00135118
0.20417
0.187915
0.00533478
0.0117678
0.00697676
0.0873512
0.066555
0.03937
0.233616
0.0996212
0.00357219
0.238147
0.00182981
0.0244456
0.0116346
0.0104245
0.0183341
0.0718337
0.176058
0.046616
0.177562
0.0028793
0.0254922
0.0201101
0.025538
0.0686024
0.00585679
0.0209311
0.0315944
0.0257939
0.00358173
0.231781
0.00500026
0.0185288
0.00335439
0.0778111
0.0407937
0.385604
0.0678433
0.0622265
0.00412991
0.0121218
0.00884022
0.00631985
0.113146
0.0624694
0.0376723
0.0531764
0.0357126
0.0281411
0.0517203
0.0477933
0.0305911
0.0803349
0.283408
0.0176737
0.00249724
0.00439102
0.0469839
0.00276829
0.0183227
0.00530227
0.0074964
0.00269362
0.00912287
0.00311972
0.0115711
0.077703
0.0150515
0.117196
0.0281111
0.0868315
0.0198826
0.13386
0.0172913
0.00146386
0.00528286
0.00235469
0.17366
0.010178
0.293972
0.0628225
0.0407321
0.0179422
0.120868
0.129395
0.0426816
0.13332
0.0613538
0.016744
0.0134831
0.1374
0.128555
0.119685
0.101233
0.189429
0.143112
0.17867
0.00682253
0.0870086
0.00824205
0.00741989
0.0915665
0.0074392
0.211602
0.123686
0.00622769
0.0165417
0.0215351
0.230651
0.190081
0.00976117
0.0127958
0.0887494
0.31772
0.20758
0.149151
0.0241325
0.029561
0.192567
0.00954378
0.0134452
0.0030826
0.0134241
0.160981
0.00177116
0.0598134
0.0511881
0.00897812
0.0399545
0.0824227
0.00206333
0.00450366
0.0461895
0.0013677
0.123483
0.0755471
0.0051749
0.0113928
0.156674
0.0213093
0.167818
0.0216748
0.172302
0.0635158
0.185336
0.00828085
0.0984645
0.123146
0.0109081
0.00541108
0.0285489
0.0547768
0.0105238
0.00525987
0.0512997
0.00840246
0.0886787
0.0719552
0.00046239
0.0141571
0.00266363
0.00805072
0.00133116
0.268115
0.0046399
0.0470131
0.00553905
0.0308524
0.0223132
0.0293538
0.139763
0.00272908
0.110992
0.0272785
0.01417
0.00615737
0.0518707
0.0386212
0.049409
0.0549782
0.0613395
0.0791533
0.0284732
0.0322482
0.0222344
0.111199
0.0608352
0.0950461
0.109369
0.113616
0.0608016
0.0019339
0.0648175
0.212464
0.00892921
0.0585176
0.0839522
0.0120369
0.111736
0.00819498
0.0831035
0.0337365
0.13434
0.175234
0.190776
0.0487229
0.0773705
0.00260506
0.0283471
0.30159
0.00841306
0.00234081
0.310425
0.0159254
0.00347441
0.233257
0.0805335
0.174348
0.00593803
0.00564397
0.0206394
0.00270137
0.0096627
0.392654
0.0963137
0.0705564
0.081042
0.0157594
0.0372502
0.0332949
0.290182
0.321524
0.132576
0.272862
0.0201569
0.0287173
0.20583
0.0412537
0.0843189
0.0109719
0.0143964
0.100168
0.0703176
0.00590096
0.072936
0.00215642
0.0927466
0.0101303
0.0307795
0.030331
0.0203293
0.236573
0.161881
0.00403677
0.0259517
0.069922
0.104474
0.0958777
0.0583646
0.0228554
0.218898
0.0143524
0.0251536
0.023134
0.0459549
0.0648353
0.0206526
0.16344
0.076523
0.0723004
0.0600961
0.184878
0.0187053
0.0573964
0.00480156
0.26904
0.0361157
0.0809627
0.254015
0.107201
0.00281113
0.00258292
0.00371756
0.0120145
0.0363135
0.0166957
0.00788838
0.0185446
0.00988907
0.0143825
0.0944247
0.0181454
0.0898983
0.00186453
0.0769527
0.245588
0.0304248
0.0792481
0.0223347
0.0946141
0.167333
0.00587242
0.0134462
0.0897287
0.246571
0.133166
0.00662181
0.0202417
0.0269595
0.0934724
0.0270361
0.10891
0.0808762
0.051526
0.00816134
0.0446808
0.00639735
0.223601
0.00505203
0.0384406
0.0154706
0.0286849
0.148722
0.0720068
0.0801778
0.166008
0.108325
0.0033766
0.0242636
0.0159639
0.0518732
0.0585109
0.026956
0.0877949
0.0501793
0.0534032
0.0429295
0.0431538
0.00536879
0.343826
0.26338
0.309307
0.00912659
0.0941199
0.0629109
0.0547001
0.0122553
0.142474
0.029301
0.0728704
0.240996
0.159202
0.142977
0.0419365
0.00671434
0.0746246
0.00982485
0.0229041
0.13179
0.0114111
0.190645
0.0980204
0.00317106
0.0582701
0.0653151
0.101986
0.00853765
0.095851
0.117939
0.215879
0.0107186
0.434478
0.236601
0.0607322
0.312231
0.0262207
0.120541
0.0490562
0.0114648
0.00506923
0.0565843
0.23742
0.364278
0.124967
0.171957
0.0755005
0.190919
0.139319
0.0624796
0.168089
0
0.199079
0
0.110377
0.150829
0.0454733
0.0138548
0.0143114
0.071335
0.0775826
0.00273083
0.00983511
0.00519128
0.00237246
0.0439541
0.014077
0.00366076
0.0141309
0.0282961
0.0695477
0.104736
