6903
0.00166009
0.00574673
0.0110568
0.00122766
0.00675575
0.00795035
0.00561032
0.00676509
0.00743859
0.00640641
0.00299416
0.00454266
0.0111262
0.0132727
0.00573369
0.00805803
0.003172
0.00487958
0.00359743
0.000916739
0.0127003
0.00329018
0.0028426
0.0207971
0.00918358
0.0154308
0.00481966
0.00604892
0.00776194
0.0144443
0.0255079
0.0115384
0.00685213
0.00520597
0.00574726
0.00526088
0.03722
0.0039599
0.0117291
0.00393462
0.00129081
0.00693649
0.0344395
0.00503924
0.0380615
0.00732558
0.0100718
0.0141629
0.00134548
0.0124114
0.0113857
0.01019
0.00459114
0.00889536
0.0170972
0.0602001
0.00517143
0.00566666
0.00966033
0.00232666
0.0791517
0.0132896
0.0147923
0.112767
0.00798826
0.00545169
0.00641992
0.0212871
0.000614608
0.0025451
0.00359869
0.018871
0.00627235
0.00423861
0.013124
0.0149949
0.00568366
0.00261179
0.00171454
0.00225323
0.00516666
0.00583619
0.15454
0.00354451
0.00895005
0.0100296
0.00216493
0.0673547
0.0615158
0.00104829
0.0147997
0.0264021
0.0131039
0.00142129
0.00757517
0.000552213
0.00600641
0.0175907
0.00382393
0.0138902
0.0108497
0.00677695
0.00824607
0.0479009
0.00775152
0.0220358
0.00360022
0.0042333
0.00537235
0.0379683
0.0030225
0.161302
0.00517297
0.018964
0.00784818
0.00145202
0.00214587
0.00745657
0.0457315
0.0108772
0.00139017
0.00811817
0.00857471
0.0057319
0.0021497
0.00835491
0.193708
0.255655
0.0716866
0.00613796
0.00741872
0.004584
0.00303561
0.00766257
0.00228476
0.00321797
0.00122791
0.00232722
0.00487518
0.000652328
0.00384963
0.00539416
0.0110696
0.0303826
0.0589743
0.00390174
0.0025696
0.0219987
0.00380132
0.00934924
0.0892168
0.00722878
0.00442635
0.00684221
0.00802671
0.0091668
0.00460257
0.00400571
0.0120286
0.00145623
0.00306925
0.00227707
0.00213044
0.00667047
0.0535121
0.0326204
0.00229042
0.0969819
0.00141879
0.0312957
0.00449904
0.0041394
0.00331904
0.209507
0.133395
0.00835154
0.0302277
0.00734313
0.00950264
0.109182
0.0053951
0.00326223
0.010643
0.0231975
0.00357249
0.0706285
0.0331406
0.042353
0.0103335
0.0250749
0.0057462
0.00812963
0.00914127
0.0104162
0.00506105
0.00492607
0.0302851
0.00916686
0.0119264
0.00548427
0.00322429
0.000155133
0.0272378
0.00641199
0.0078421
0.0583692
0.18624
0.00327943
0.00673848
0.00115843
0.00240306
0.00313588
0.0114576
0.00567749
0.0045643
0.00893425
0.00331156
0.00861156
0.0214502
0.00165966
0.00422861
0.0031927
0.00282617
0.226457
0.00066436
0.00517701
0.00356432
0.0111504
0.00202716
0.00155526
0.00282236
0.00360911
0.00350278
0.00310735
0.0090698
0.0911711
0.00470835
0.111944
0.00793107
0.00299129
0.00534535
0.00292856
0.00423705
0.00359451
0.060762
0.00321075
0.00384624
0.00570023
0.0133884
0.00604819
0.00625297
0.0764677
0.00574131
0.00691144
0.00766932
0.00674726
0.00806014
0.0234439
0.0227368
0.0231705
0.0107929
0.0118775
0.00501679
0.00908711
0.0118671
0.00118888
0.00189541
0.0156902
0.013151
0.0105979
0.0657853
0.00967956
0.0136726
0.00917454
0.0361337
0.0435165
0.0119187
0.00881088
0.000800097
0.0105121
0.0148752
0.0191642
0.00485472
0.00405849
0.00436088
0.115887
0.00364512
0.05721
0.00513665
0.0861545
0.00532209
0.048045
0.00644349
0.263871
0.00431424
0.00166524
0.00509629
0.0331405
0.0630629
0.00164505
0.00629754
0.00354726
0.11857
0.013871
0.00665374
0.0128792
0.00519488
0.00420911
0.0142767
0.00576996
0.00348255
0.0252775
0.0155335
0.0137044
0.00485828
0.000850339
0.0088379
0.00834407
0.00982213
0.0521225
0.0675493
0.0197322
0.00503718
0.0109152
0.0027482
0.0130885
0.00482313
0.028349
0.00137392
0.00373654
0.00426975
0.0194441
0.00629137
0.0210442
0.0164741
0.0250796
0.00725217
0.0133864
0.0198165
0.00146726
0.0019022
0.00539412
0.00109856
0.00693371
0.0369535
0.00441195
0.00493075
0.0377254
0.00115327
0.00330461
0.221529
0.00377598
0.0216635
0.00160064
0.0176129
0.0384367
0.00742278
0.156757
0.0102801
0.045005
0.00471903
0.008393
0.00636588
0.0257814
0.00511431
0.025424
0.0787446
0.0073614
0.00883047
0.0142336
0.0103552
0.0772718
0.00983126
0.0365095
0.00601804
0.0076621
0.0179929
0.0101911
0.0214416
0.0756804
0.00967969
0.225933
0.00204495
0.0245793
0.00672589
0.0209971
0.0063902
0.00545961
0.0110317
0.00821748
0.0040772
0.0204286
0.0514189
0.0298836
0.00725669
0.00773688
0.00608206
0.00288552
0.0247315
0.0162327
0.0262737
0.0951632
0.0059548
0.00147905
0.0073534
0.0109379
0.00249523
0.00735199
0.00511486
0.00404126
0.0028039
0.0325718
0.0102972
0.00124704
0.0512607
0.0178735
0.014934
0.061997
0.073738
0.0624379
0.00738223
0.0216046
0.0453945
0.0217069
0.00585687
0.0271859
0.119763
0.00257876
0.00146794
0.0165579
0.112102
0.00687048
0.0105097
0.00437489
0.121447
0.00400926
0.00171532
0.00894965
0.0554011
0.00435597
0.0210752
0.0252774
0.000682813
0.0113328
0.0117392
0.0182436
0.020336
0.0488922
0.00917749
0.00240437
0.00316507
0.0038867
0.0201812
0.00304007
0.00324253
0.0027652
0.172561
0.00360119
0.00992745
0.00298352
0.030649
0.0227767
0.199929
0.131023
0.00321101
0.00509706
0.00353093
0.00402094
0.0396983
0.00333493
0.00773855
0.0741935
0.0150773
0.0271068
0.0216831
0.0128791
0.0112574
0.0878885
0.00948496
0.0555152
0.00381615
0.00363659
0.0119467
0.0155585
0.162448
0.00964576
0.00651658
0.00508775
0.00147492
0.0049513
0.00939552
0.00774074
0.00555132
0.00538896
0.0643404
0.0490554
0.00420829
0.00482336
0.0468513
0.0085079
0.0706675
0.0100844
0.0277342
0.00307692
0.00185677
0.00518157
0.00321501
0.141854
0.00201951
0.156474
0.00190729
0.00472894
0.00295744
0.0109951
0.0285689
0.00872823
0.0108179
0.00383582
0.00405052
0.00687826
0.00353484
0.000760803
0.0353576
0.0150596
0.00692124
0.00173149
0.00578958
0.0304189
0.00984319
0.00537706
0.00434336
0.0129263
0.160342
0.00646372
0.0046616
0.0381994
0.106559
0.00478331
0.0072578
0.00232647
0.00166128
0.0105494
0.00267629
0.00876317
0.00377804
0.109791
0.00165476
0.0351947
0.012043
0.0322214
0.00636788
0.00320728
0.00548415
0.00386585
0.00500907
0.0074441
0.00459331
0.00465676
0.0124763
0.0155595
0.0772787
0.0147335
0.0101504
0.0230222
0.00630641
0.00109206
0.0130754
0.169142
0.00117299
0.0253666
0.00227539
0.0987877
0.0246474
0.00970745
0.00611034
0.00862756
0.00900671
0.0121527
0.0982716
0.00771069
0.00719733
0.0205925
0.00510854
0.0391079
0.0067443
0.00127369
0.0141845
0.00550849
0.00576936
0.0077829
0.0111272
0.0240162
0.213675
0.00609649
0.0120232
0.003233
0.00391921
0.031315
0.00669632
0.0598602
0.00102666
0.00387914
0.0143836
0.00464237
0.0142769
0.01987
0.0521557
0.0476445
0.00389955
0.153411
0.0147932
0.00750102
0.00875706
0.0906962
0.0275083
0.007229
0.0188063
0.00468131
0.00164588
0.0423419
0.00634265
0.00853046
0.00701954
0.0568516
0.0178603
0.0159929
0.00611469
0.00332366
0.0117136
0.00182975
0.0542552
0.0952239
0.00427985
0.00193509
0.0232686
0.00196396
0.0100602
0.0133827
0.000664527
0.00265921
0.00626492
0.00933124
0.0381523
0.00346803
0.0315336
0.0183809
0.0339913
0.0257487
0.00458204
0.0631131
0.212276
0.0747883
0.0175685
0.0947661
0.000716992
0.00508842
0.0150073
0.00160245
0.0177629
0.0228287
0.0156436
0.0834353
0.0588314
0.010394
0.00615668
0.0255698
0.0241897
0.0041656
0.121713
0.00477278
0.100034
0.0181759
0.025942
0.00668864
0.00251735
0.00733274
0.000228274
0.000228275
0.000511373
0.000837717
0.00758833
0.238978
0.00648164
0.00072067
0.0220997
0.00934084
0.00615101
0.0716781
0.068563
0.00582398
0.0128515
0.0160445
0.060462
0.00286703
0.0204584
0.00876037
0.0393674
0.00484484
0.00573763
0.00608507
0.00447675
0.008774
0.00903405
0.0237356
0.00445428
0.0421139
0.00894697
0.00607155
0.0473657
0.0267642
0.104399
0.00365192
0.0116212
0.0467149
0.000318236
0.000318241
0.0235658
0.0638758
0.00976118
0.0105898
0.00855351
0.0530009
0.0154378
0.00611764
0.00469525
0.00287817
0.096121
0.00190808
0.0108758
0.00194581
0.00974064
0.00290494
0.00417028
0.169976
0.00301059
0.0886065
0.0049009
0.00761997
0.00763106
0.104486
0.00679456
0.00315172
0.00637946
0.00143663
0.0103632
0.004192
0.0180965
0.00493972
0.0563348
0.00372101
0.0585684
0.0169392
0.0246301
0.0067128
0.0647057
0.00687053
0.00723765
0.00813987
0.0127229
0.00475715
0.025473
0.0197154
0.00942641
0.00596906
0.126398
0.251814
0.00458599
0.00687478
0.00757746
0.0370448
0.134086
0.19658
0.0521699
0.033477
0.00963957
0.00927952
0.00286161
0.02974
0.000912525
0.0045657
0.0272715
0.000592432
0.0316939
0.0250712
0.00903857
0.04364
0.00722883
0.0420794
0.00366006
0.00690707
0.00653091
0.0119076
0.0179632
0.0460688
0.00503926
0.110052
0.00580243
0.00655037
0.0247905
0.0170268
0.00374573
0.0155826
0.0114269
0.020849
0.014788
0.00323564
0.00925649
0.0018927
0.0466259
0.0161611
0.00180833
0.00690805
0.00739465
0.0139973
0.0236403
0.0211857
0.00706533
0.0295921
0.00940825
0.00271673
0.00248693
0.00133511
0.0445094
0.0123152
0.151776
0.00878196
0.00789202
0.0724988
0.0191363
0.00768984
0.0114839
0.107168
0.00711932
0.0248921
0.0117394
0.00383428
0.00872826
0.0103472
0.00774489
0.00282178
0.0348951
0.00980966
0.0295224
0.00628921
0.0416381
0.0111861
0.00724341
0.00225549
0.018341
0.00309347
0.00786031
0.010182
0.135005
0.00743811
0.0234466
0.061899
0.0113442
0.0233303
0.0038151
0.0118675
0.00825666
0.0802068
0.0120806
0.120618
0.00224213
0.00943632
0.0140001
0.0108887
0.0734682
0.0137135
0.0118646
0.130207
0.00578645
0.0136109
0.00498661
0.00410533
0.013136
0.0446765
0.0204813
0.0507722
0.00626295
0.00954564
0.012766
0.159084
0.0260883
0.215586
0.0554418
0.032654
0.0060136
0.185234
0.0170214
0.022988
0.0078808
0.114216
0.00311435
0.00362586
0.0981565
0.0164415
0.0143006
0.00908256
0.038725
0.00490567
0.00588585
0.00378282
0.000979752
0.00733146
0.00291068
0.0067814
0.00472033
0.0259392
0.0040549
0.0396581
0.0104059
0.0130352
0.0505732
0.0268794
0.0389744
0.00760365
0.000799418
0.00909965
0.0070186
0.0238792
0.0809398
0.00878952
0.000655301
0.0164045
0.00198092
0.00319165
0.0255285
0.0973598
0.011622
0.00364391
0.00800468
0.00406274
0.00768218
0.00619072
0.107926
0.00863272
0.015248
0.0192661
0.00360307
0.00237404
0.216015
0.00190159
0.00951645
0.00845157
0.00991394
0.0503502
0.00182713
0.0828184
0.00789849
0.0199337
0.00367959
0.00383607
0.0031264
0.137693
0.00965994
0.0985068
0.0272894
0.00319252
0.0107926
0.0992015
0.0107053
0.00134849
0.00299699
0.154604
0.0053599
0.00571115
0.00322923
0.147379
0.00456883
0.0257594
0.0294369
0.00521118
0.0228959
0.000622665
0.0446325
0.00542633
0.00715587
0.00597884
0.0499506
0.149233
0.00268747
0.00177204
0.0146327
0.00983206
0.191152
0.0289128
0.0146849
0.0571308
0.00716981
0.0035218
0.0858647
0.0249321
0.0321041
0.0254996
0.01992
0.00738849
0.00487158
0.00514359
0.0251257
0.00305194
0.00237228
0.0053276
0.0175785
0.108373
0.00742851
0.00739434
0.0033454
0.00609946
0.0105404
0.00321774
0.00906231
0.0430165
0.018301
0.0349476
0.0265295
0.0244547
0.1994
0.0174964
0.0100507
0.00377213
0.00539891
0.028901
0.00514038
0.0408852
0.00385994
0.00989654
0.0344147
0.0062354
0
0.00276161
0.00497262
0.00269811
0.0405957
0.00338992
0.00331855
1.33779e-005
0.00825838
0.0132277
0.0151275
0.0612004
0.0382872
0.0528437
0.0109736
0.0101279
0.000846137
0.00418113
0.00241093
0.0294152
0.00545013
0.00563527
0.00367722
0.0159117
0.00487362
0.0166713
0.0055868
0.0129298
0.00271951
0.00818816
0.00720563
0.205056
0.0023902
0.0112391
0.107548
0.00285816
0.0183521
0.0059405
0.0780312
0.00168992
0.0487468
0.0240804
0.000813599
0.00383364
0.00928092
0.00566641
0.11575
0.0543627
0.0264225
0.0146748
0.00642997
0.0112519
0.00407505
0.002708
0.00300978
0.0158002
0.00588426
0.00668095
0.004461
0.00109158
0.00672006
0.0137441
0.00518496
0.00624503
0.0552324
0.085352
0.00409397
0.0994544
0.00351281
0.0117559
0.0242625
0.0128714
0.15892
0.00252115
0.015531
0.0128238
0.0228872
0.00294108
0.0105042
0.002856
0.0120688
0.0062309
0.0366383
0.238208
0.0274885
0.136753
0.00764231
0.0165149
0.00435568
0.00936825
0.0155524
0.00232029
0.00772201
0.0141356
0.00171507
0.00352372
0.00262093
0.0258717
0.000354577
0.0122189
0.00331077
0.0153131
0.0196491
0.0202845
0.0683973
0.0675476
0.0262874
1.33779e-005
0.0148848
0.0602287
0.0614562
0.0451973
0.021125
0.0132273
0.00806802
0.00115045
0.00148127
0.0148635
0.0114562
0.0136459
0.0143321
0.00596322
0.0203354
0.0229613
0.00164703
0.0156608
0.00721276
0.0979607
0.0694808
0.00460782
0.00384077
0.0486524
0.059573
0.248101
0.00186419
0.00350162
0.01714
0.00593701
0.0190966
0.0539229
0.065994
0.189663
0.00234261
0.00679469
0.00794981
0.209696
0.00833217
0.0121237
0.0155495
0.00764079
0.00431925
0.145458
0.0965227
0.000286843
0.0556711
0.0369532
0.0202081
0.0261706
0.00535315
0.00471819
0.00820152
0.0049479
0.00563276
0.00263663
0.0349091
0.167506
0.00594919
0.0442126
0.00991358
0.00348138
0.00282336
0.0168051
0.0161786
0.00439953
0.133183
0.00906435
0.0133492
0.00302367
0.002728
0.00266681
0.0161747
0.032796
0.00795595
0.0217053
0.00731191
0.0175249
0.0408597
0.31031
0.00514852
0.0253646
0.0100471
0.0265482
0.00874632
0.109151
0.115375
0.0281449
0.00871581
0.00370899
0.00211284
0.0077507
0.0332763
0.00267618
0.193766
0.0123826
0.00402527
0.00630162
0.0128375
0.188139
0.0293254
0.12767
0.00228068
0.0107491
0.00308487
0.000725126
0.00905109
0.0223732
0.095713
0.00637018
0.00798586
0.0112662
0.00708908
0.0212942
0
0.0435439
0.0212826
0.0348127
0.00261867
0.149804
0.0147951
0.00622734
0.00316392
0.00364339
0.06044
0.0210849
0.0114501
0.0765938
0.233199
0.00872204
0.0216517
0.0762577
0.0106987
0.0147669
0.0430965
0.000784026
0.0104697
0.211916
0.0145961
0.0166107
0.00989522
0.00679719
0.0222116
0.00181687
0.0603046
0.0151243
0.0112938
0.0105934
0.00324919
0.0984633
0.00695447
0.00953015
0.00336869
0.00365344
0.00590208
0.0121966
0.00360786
0.0145092
0.00662315
0.068061
0.00303809
0.0252597
0.0894615
0.00315456
0.00312282
0.00601979
0.199502
0.0205264
0.0847262
0.00698286
0.0102238
0.0619394
0.0515994
0.000533163
0.0122122
0.00818065
0.00473989
0.00770601
0.00770595
0.031013
0.00622481
0.0257414
0.0409005
0.0171194
0.00829016
0
0.0262804
0.00257318
0.00988915
0.0199765
0.00874856
0.00440723
0.153572
0.02422
0.00623418
0.00517943
0.00883807
0.0309706
0.00747364
0.0131683
0.0105117
0.00589491
0.0786677
0.0022276
0.0097547
0.0111665
0.000426976
0.000380519
0.000345349
0.00263275
0.00752588
0.00253771
0.0725782
0.00369494
0.0448789
0.110196
0.16262
0
0.0118226
0.00342567
0.00696611
0.279484
0.0344775
0.0273084
0.0113939
0.0996026
0.214532
0.0346679
0.00497375
0.00621383
0.0215652
0.00399881
0.00283679
0.011402
0.0266217
0.002152
0.00427976
0.0286056
0.309722
0.00949189
0.00369118
0.00479515
0.00954909
0.00325379
0.0198714
0.022547
0.00871391
0.00195401
0.0401299
0.0737844
0.0270158
0.005051
0.0106588
0.0232944
0.0244512
0.0271048
0.00790904
0.00525894
0.0161384
0.0507353
0.0193478
0.00486054
0
0.00926358
0.0232471
0.0057507
0.0311975
0.000432149
0.00962714
0.00805369
0.00308626
0.00420033
0.0666684
0.0502295
0.00277754
0.00850009
0.00221381
0.00540828
0.00694071
0.151564
0.00473204
0.0300526
0.00903227
0.01098
0.0964954
0.0239104
0.0299711
0.00129943
0.0585502
0.0113872
0.00335027
0.0810549
0.0514497
0.0349498
0.0555132
0.00989901
0.0634905
0.00525948
0.389625
0.220598
0.0101112
0.0765838
0.0855757
0.119557
0.0436153
0.0872861
0.0293948
0.160612
0.00450386
0.00594592
0.0169475
0.00877929
0.0062345
0.0749691
0.00736547
0.05081
0.00836931
0.0554602
0.00638373
0.00220929
0.0838645
0.00508203
0.00759895
0.00861288
0.00377143
0.017975
0.17091
0.000392062
0.000376535
0.0226401
0.0555405
0.0104829
0.00418106
0.00644877
0.00317251
0.0373746
0.237813
0.00731177
0.00583204
0.0170423
0
0.00520739
0.00875457
0.0298766
0.00456503
0.00715439
0.0874046
0.00843308
0.0392805
0.0395412
0.0275951
0.0613507
0.0162601
0.00112629
0.0101723
0.00657608
0.0158575
0.0113977
0.0641368
0.015707
0.0246941
0.0203331
0.0570829
0.0343048
0.0224696
0.0278157
0.0132818
0.00376163
0.0162255
0.0196203
0.0894086
0.00574071
0.00787557
0.00524098
0.0238255
0.004753
0.00364849
0.0193615
0.00358632
0.117822
0.00543415
0.100914
0.106575
0.0041099
0.0882207
0.00502294
0.101126
0.00190704
0.00711713
0.441081
0.0301668
0.00787533
0.0126876
0.0472083
0.00827694
0.000636148
0.00176177
0.0338763
0.0484842
0.00778535
0.0246375
0.0296764
0.00289558
0.0124067
0.0639888
0.0090495
0.00813211
0.10989
0.0603454
0.0455618
0.0943302
0.147308
0.0141504
0.0112462
0.0369527
0.048081
0.0928577
0.00200739
0.337556
0.0146185
0.131487
0.00356645
0.00399861
0.0416175
0.155306
0.00469034
0.00206523
0.00703136
0.00405429
0.00466072
0.00405988
0.0410123
0.00331084
0.00313736
0.00548419
0.0321345
0.0229227
0.0226866
0.121309
0.0166071
0.0173569
0.461661
0.002434
0.00908721
0.00423321
0.0190001
0.0202062
0.0200931
0.23729
0.108116
0.18303
1.06149e-007
0.0590874
0.0290712
0.00229062
0.145048
0.0195723
0.0238408
0.0480455
0.0246255
0.0156799
0.0837781
0.00436442
0
0.000385365
0.00636297
0.00762182
0.0162295
0.00493324
0.00974413
0.022477
0.0161412
0.00418512
0.0252672
0.00784531
0.0119394
0.150333
0.0394451
0.00767436
0.0221665
0.0306741
0.0393375
0.0109739
0.00688545
0.00254867
0.0136183
0.0334689
0.226694
0.137166
0.0413705
0.00966037
0.00384959
0.00516101
0.0376603
0.0102474
0.027912
0.00336106
0.0169013
0.012771
0.00941197
0.00034483
0.0116313
0.179744
0.143687
0.00813988
0.00163151
0.00377189
0.21801
0.0135026
0.021377
0.00641432
0.00609449
0.0125432
0.019994
0.0066161
0.0465333
0.0250271
0.0151539
0.0521696
0.0042718
0.0374059
0.00621915
0.00312059
0.0422801
0.152379
0.0263081
0.00620914
0.0176685
0.0140523
0.00233452
0.0921398
0.00014136
0.00281931
0.00504246
0.00555532
0.00822894
0.0019922
0.00347261
0.00509558
0.00318614
0.0286484
0.0267917
0.0415507
0.00188523
0.00553719
0.0340286
0.00919524
0.036212
0.00951521
0.110173
0.022137
0.0132495
0.0942371
0.00306325
0.00358628
0.0360538
0.00399402
0.00316105
0.0115105
1.0615e-007
0.00386959
0.00223737
0.0115353
0.00484223
0.0638965
0.00677228
0.00314868
0.0648439
0.0122068
0.0108557
0.0278483
0.0169812
0.00510381
0.00331069
0.00326724
0.0112327
0.0124335
1.06149e-007
0.00614308
0.00635428
0.0128756
0.00762273
0.0133898
0.0608727
0.0027179
0.0113779
0.00477057
0.0614151
0.0128424
0.0910918
0.0185016
0.140449
0.00869804
0.157391
0.0103586
0.0243292
0.121332
0.0202941
0.0173515
0.014002
0.0027875
0.0495787
0.0555776
0.0636098
0.0361969
0.0354767
0.0888433
0.0952803
0.0165171
0.00185143
0.051132
0.116366
0.0306668
0.0251914
0.00230909
0.00800732
0.199221
0.00745403
0.00641201
0.00609713
0.0594219
0.0899247
0.117707
0.00426615
0.026997
0.0660035
0.00632659
0.0604651
0.0215435
0.00357999
0.0652975
0.00282854
0.0384254
0.164765
0.0125679
0.00664515
0.00320969
0.307524
0.00173102
0.00171357
0.112718
0.0101119
0.0136221
0.01818
0.0743203
0.00327396
0.169214
0.00346947
0.00776467
0.125451
0.00336719
0.0351417
0.00476427
0.00446115
0.0151779
0.0142684
0.00715183
0.141519
0.0518205
0.00255167
0.00218558
0.0124312
0.0159383
0.0254897
0.00418417
0.0345478
0.0475775
0.0254822
0.0153501
0.00279968
0.00888115
0.0146628
0.014743
0.0084501
0.0201782
0.00368643
0.013861
0.00998831
0.00382777
0.132971
0.00700301
0.0391487
0.00487842
0.0178003
0.00519809
0.0074034
0.00944437
0.0067452
0.0567051
0.090244
0.0205781
0.0246827
0.0315927
0.00964538
0.00052708
0.0685153
0.0485304
0.0399439
0.174803
0.0103677
0.00757525
0.0316904
0.00127709
0.00500225
0.036263
0.0230846
0.00230079
0.00582316
0.00150588
0.0163214
0.046399
0.0059288
0.003774
0.00772599
0.0394131
0.00601512
0.0327413
0.00165718
0.235324
0.019456
0.00774394
0.0959891
0.0652892
0.00833093
0.0183776
0.0389382
0.0126372
0.00253143
0.00302477
0.0174477
0.0253092
0.118018
0.181585
0.0121447
0.0127095
0.0411161
0.0285268
0.00810447
0.0112893
0.153055
0.0723624
0.0059696
0.00259487
0.00222326
0.0047032
0.00571723
0.0241635
0.00174751
0.0107581
0.00891565
0.0235802
0.00272627
0.0154608
0.00476197
0.0107255
0.0271011
0.0094856
0.0133184
0.192487
0.00115609
0.00422544
0.012621
0.00244734
0.00386
0.103324
0.00713308
0.0904931
0.0587201
0.00337674
0.0649326
0.233496
0.0569169
0.172647
0.00322214
0.0244737
0.00581837
0.00159953
0.0694859
0.00347568
0.00598934
0.00883414
0.0221465
0.00956354
0.0146737
0.0156407
0.0121392
0.0132676
0.0109317
0.0614311
0.00185329
0.00439766
0.00702439
0.000626362
0.00833892
0.0052086
0.0131834
0.00395334
0.00982836
0.0207121
0.0873312
0.0336954
0.0443534
0.0328768
0.0510141
0.0089729
0.0101656
0.279209
0.0124735
0.169447
0.0611939
0.03034
0.0154019
0.00544053
0.0230906
0.0301423
0.129834
0.0441418
0.00593632
0.0773854
0.0525443
0.0319018
0.0418632
0.00206507
0.0387258
0.0100501
0.00371021
0.00668474
0.0323065
0.00617749
0.10272
0.0648271
0.033774
0.012458
0.0518562
0.100477
0.119851
0.0027673
0.180825
0.0372125
0.225161
0.00310575
0.00152887
0.0113789
0.0331007
0.00438268
0.0334522
0.0826217
0.0156496
0.0466319
0.050437
0.0903743
0.0653056
0.0016281
0.00989004
0.00324409
0.00103555
0.0244667
0.0399301
0.0360377
0.00353886
0.00494171
0.0388831
0.00322417
0.0021407
0.11388
0.0614099
0.00380537
0.00639622
0.03928
0.00382038
0.0175872
0.0111533
0.0394614
0.0110405
0.0139591
0.00574729
0.00646346
0.0058514
0.00995212
0.0323749
0.00367298
0.00878748
0.00156424
0.136609
0.0176022
0.24678
0.00495138
0.00370482
0.251218
0.00394148
0.124403
0.00889091
0.00308324
0.00440103
0.00744419
0.12732
0.127348
0.00346816
0.00743641
0.0098388
0.0440823
0.0163296
0.00290603
0.00452434
0.0202839
0.00701184
0.0674589
0.00549114
0.0101555
0.00306882
0.24108
0.0213461
0.0233406
0.023418
0.0523567
0.0228453
0.078362
0.0177663
0.100641
0.00421652
0.0266595
0.00379788
0.0212689
0.0260627
0.0877067
0.0280998
0.0211227
0.0302445
0.0347252
0.00302101
0.0575294
0.0667857
0.0225895
0.00437267
0.0250976
0.223298
0.0333227
0.00152621
0.00899735
0.00770991
0.0131266
0.00797687
0.020123
0.0184307
0.0945948
0.00426661
0.00679809
0.0116851
0
0.00688603
0.0521205
0.0471337
0.0174984
0.0160536
0.246677
0.00928819
0.173122
0.0353492
0.0516139
0.0103434
0.00381931
0.0119733
0.0205984
0.00578102
0.209277
0.00603656
0.0129069
0.00554681
0.00674766
0.227266
0.00700531
0.00492105
0.131194
0.0312147
0.128382
0.00254578
0.0118391
0.0102655
0.0244838
0.144661
0.00289223
0.0156116
0.0451146
0.039164
0.0501123
0.00993253
0.0176029
0.0153787
0.0324832
0.00224418
0.00856957
0.0175396
0.0504541
0.0226096
0.00398097
0.0719633
0.00774462
0.0414057
0.0205325
0.0102745
0.0331295
0.009355
0.180483
0.00576608
0.00628211
0.00135444
0.00313566
0.0163402
0.00035655
0.0301508
0.0162226
0.010682
0.0275301
0.00562476
0.0418566
0.008722
0.00785867
0.0176814
0.00306036
0.00749575
0.0238952
0.00871736
0.0121773
0.0401236
0.00670803
0.00571992
0.00539688
0.00227851
0.0234365
0.0060347
0.0206853
0.424113
0.00473858
0.00205495
0.0377513
0.0608646
0.329862
0.0114794
0.0109712
0.421728
0.137539
0.0140009
0.0319988
0.0148824
0.00948919
0.00367889
0.0053092
0.0429093
0.0366201
0.014886
0.0131411
0.00197616
0.0144644
0.0769707
0.0074038
0.0347887
0.11649
0.117493
0.00750385
0.0168593
0.0102099
0.0213665
0.000496294
0.000474719
0.124498
0.00364301
0.00481384
0.00281106
0.0287888
0.0113727
0.0756462
0.00322573
0.0430802
0.0869678
0.0063789
0.062987
0.0605554
0.0172062
0.0163629
0.00258149
0.00487892
0.00546702
0.00447458
0.0085482
0.00553135
0.0265107
0.109178
0.0832874
0.00836582
0.0316363
0.0732009
0.0435916
0.0311078
0.00323347
0.230517
0.0185763
0.0386992
0.0814314
0.0842181
0.169841
0.288742
0.057656
0.00780641
0.03277
0.00664174
0.0585424
0.00442618
0.0178071
0.0123901
0.00355642
0.150443
0.00670652
0.0222164
0.0374396
0.228941
0.229947
0.0115645
0.0866001
0.00751341
0.00770066
0.0161278
0.0909745
0.00611854
0.0928487
0.183788
0.0881158
0.0270124
0.0560545
0.00765016
0.00827217
0.00949705
0.0460044
0.00847139
0.00283058
0.141692
0.0162262
0.00576018
0.0370901
0.202665
0.00931844
0.00220064
0.0255785
0.00343675
0.00685283
0.00500516
0.0027111
0.0102949
0.0051002
0.00906793
0.0395894
0.058241
0.0610033
0.110775
0.0145278
0.0233358
0.00313222
0
0.000542042
0.0274673
0.0205337
0.00492486
0.090993
0.0324544
0.0951731
0.00680627
0.00480144
0.0108076
0.103664
0.00687736
0.0237481
0.00791269
0.00884629
0.0900294
0.028832
0.0475396
0.0196676
0.00679692
0.037786
0.272681
0.0230787
0.014796
0.121744
0.00850286
0.0378975
0.0934245
0.0300983
0.00385989
0.0160526
0.01175
0.00714492
0.0171845
0.00784946
0.016732
0.0152315
0.00831087
0.0298245
0.0680733
0.147475
0.081882
0.112628
0.0717833
0.0256626
0.0216866
0.123552
0.235707
0.01019
0.0684652
0.0102387
0.00138029
0.00236219
0.082958
0.00838729
0.00351393
0.00652432
0.00293571
0.0908597
0.155983
0.0895984
0.0848768
0.00252077
0.00725326
0.0850022
0.00197764
0.00285866
0.247373
0.00230916
0.00811595
0.00468132
0.0558806
0.0112978
0.0579143
0.0600282
0.208646
0.00897499
0.0678254
0.0276853
0.0104393
0.0388238
0.0375697
0.00919082
0.0106967
0.0837365
0.00135286
0.0361864
0.00171563
0.0187723
0.310766
0.0236539
0.0798817
0.00448178
0.0083438
0.0171006
0.0271749
0.141833
0.0584146
0.0159259
0.0089059
0.0938504
0.00399273
0.00300632
0.0083885
0.0163362
0.0111922
0.0227155
0.0691637
0.00301886
0.00247547
0.00565665
0.00986236
0.159268
0.0455894
0.1117
0.0736402
0.00727972
0.0218924
0
0.170957
0.00124968
0.106406
0.08926
0.0222614
0.00148754
0.0995786
0.00899755
0.0091482
0.0027818
0.00928023
0.253703
0.0199788
0.010695
0.00471127
0.00253253
0.037889
0.0299051
0.205035
0.0329356
0.118576
0.00398765
0.0136567
0.0208084
0.0420963
0.0138786
0.00272626
0.176247
0.0989996
0.000610397
0.145804
0.0107403
0.034389
0.0103811
0.00772846
0.03888
0.030872
0.0101936
0.00200322
0.0143648
0.0130909
0.0107363
0.0039232
0.00456089
0.00529734
0.0229303
0.0451633
0.0776886
0.127252
0.0302627
0.00287942
0.00837572
0.00633811
0.0173762
0.010596
0.00295364
0.00567981
0.00725072
0.0303183
0.00450289
0.0982712
0.0611031
0.00451695
0.124777
0.0192147
0.0678355
0.0534798
0.0154155
0.000850339
0.0097185
0.049605
0.272366
0.0173306
0.00467282
0.00471395
0.00391146
0.0161197
0.0157425
0.0109709
0.0060456
0.0052291
0.0846174
0.122147
0.259424
0.0067166
0.246292
0.0160659
0.0146567
0.0841337
0.131113
0.010292
0.00537889
0.00446457
0.0861288
0.0498807
0.0041981
0.0633148
0.0235608
0.00837104
0.0183894
0.00434544
0.00666115
0.00917076
0.0241175
0.0285484
0.00344761
0.00533766
0.0288681
0.118869
0.0341542
0.0134777
0.051093
0.0657222
0.00822403
0.0156998
0.0260616
0.0561852
0.00577675
0.143136
0.00936374
0.0304468
0.00610665
0.0365705
0.00684138
0.00191186
0.00834493
0.00585638
0.0660205
0.0539974
0.0932912
0.1295
0.0188755
0.0115034
0.0042061
0.0082564
0.02819
0.00369862
0.017649
0.00662342
0.00435046
0.0188786
0.00567669
0.0070873
0.13899
0.122005
0.0157377
0.00597122
0.00270787
0.0154386
0.047517
0.0190562
0.00014136
0.00225942
0.0129842
0.00817799
0.0330311
0.120381
0.0284453
0.0354903
0.00882092
0.0548625
0.00566076
0.0916421
0.0020594
0.157142
0.0047727
0.0127002
0.12618
0.0271733
0.0365625
0.00531772
0.00451104
0.140736
0.036119
0.0958856
0.0976403
0.289
0.269605
0.0268329
0.192148
0.0313977
0.00329607
0.00272395
0.00346582
0.00601166
0.0170503
0.00902707
0.149139
0.00713314
0.0370067
0.0652058
0.0132613
0.00469196
0.00478023
0.00198092
0.0044332
0.00214534
0.0618815
0.0637169
0.0126766
0.00669488
0.00337817
0.00391856
0.00557413
0.372653
0.0144296
0.125687
0.0149758
0.0712476
0.0596782
0.18358
0.026997
0.0252212
0.178783
0.187598
0.117456
0.00198153
0.103351
0.00488437
0.008785
0.00976142
0.0210231
0.00201165
0.00237247
0.0037308
0.0245069
0.00737169
0.00479788
0.0273371
0.00870531
0.00463215
0.00153558
0.0261556
0.024352
0.0105391
0.00801466
0.00847854
0.47507
0.0931982
0.00458557
0.00256188
0.0132206
0.0202393
0.00450849
0.0105198
0.0536654
0.0131427
0.0102799
0.00879175
0.0103369
0.0271037
0.0290317
0.140569
0.0161205
0.00772972
0.163315
0.233745
0.0190951
0.0355835
0.0123269
0.0079889
0.00860885
0.043973
0.02825
0.0294294
0.010366
0.00367611
0.00538889
0.0038269
0.0293055
0.0561624
0.0453129
0.002927
0.035258
0.00375767
0.00492122
0.0106765
0.0390948
0.189274
0.0282057
0.0174203
0.00705621
0.00386088
0.017135
0.0957038
0.0459545
0.0102411
0.00821491
0.0346727
0.0217961
0.017255
0.0423005
0.0024473
0.0148521
0.236175
0.00593016
0.0035522
0.0508668
0.0880513
0.00500681
0.0530659
0.000831752
0.00378406
0.0205
0.00550547
0.0846462
0.0268823
0.00262782
0.00594557
0.00438038
0.0227029
0.0409888
0.248038
0.0079159
0.00749923
0.0168769
0.00796782
0.0253081
0.000942231
0.00688346
0.00693012
0.143237
0.018214
0.160452
0.00604206
0.00213485
0.00264881
0.00658755
0.00835385
0.00415222
0.076217
0.0432888
0.00790599
0.0579117
0.0137286
0.0240057
0.381126
0.0136434
0.0367788
0.0216678
0.0234227
0.0250316
0.0510712
0.0327427
0.137328
0.101222
0.00747653
0.00495949
0.00531231
0.117918
0.0112638
0.00339579
0.0300749
0.0249335
0.0158959
0.0121258
0.00888892
0.0205168
0.00900952
0.00515926
0.0900764
0.0359507
0.188201
0.346635
0.0413163
0.0541141
0.199217
0.00780786
0.00435581
0.00756505
0.0318859
0.0744681
0.0110169
0.0392386
0.0273559
0.00893011
0.00833757
0.0015595
0.0146015
0.0518573
0.0107252
0.00820756
0.0528728
0.00872947
0.00192026
0.00268572
0.0187421
0.0310181
0.00329404
0.0140756
0.0635502
0.0322258
0.00439804
0.0097483
0.00426483
0.291784
0.0391927
0.00544638
0.00296489
0.0318802
0.0170965
0.0420383
0.00459162
0.00714093
0.0096293
0.0114787
0.0206154
0.279637
0.00330959
0.00570318
0.00586664
0.0313757
0.0176824
0.0071184
0.00502497
0.0921418
0.00436449
0.104584
0.0125478
0.0103201
0.0109628
0.00146505
0.155333
0.0567485
0.0402991
0.0252893
0.028219
0.0196529
0.0187107
0.0960962
0.0890841
0.00425312
0.0221403
0.111686
0.220893
0.00972424
0.00209956
0.0125963
0.0241959
0.0328726
0.0577904
0.00512639
0.103514
0.220328
0.00442903
0.0228197
0.00711683
0.00488766
0.0433748
0.116911
0.0104706
0.0641868
0.00231043
0.016375
0.00615197
0.0160442
0.00950846
0.00150124
0.0593358
0.00868665
0.0626198
0.0075791
0.00605889
0.0344285
0.00642815
0.00327449
0.0142269
0.00543035
0.0050383
0.00819961
0.000257237
0.00250364
0.00608323
0.00302197
0.0843264
0.0611715
0.121695
0.0109895
0.00267839
0.0464194
0.0149573
0.0199663
0.0747931
0.0123989
0.0195883
0.0049556
0.0956247
0.0131386
0.0639244
0.0257456
0.00774112
0.0109644
0.0122276
0.0256884
0.00670253
0.00344793
0.133583
0.0378637
0.0156934
0.00402092
0.00177813
0.00464448
0.0362722
0.0679838
0.0488253
0.0111822
0.0424445
0.00966098
0.00764696
0.00417644
0.00260502
0.0811959
0.0453171
0.0550906
0.0615153
0.0043713
0.0234618
0.00396909
0.00944153
0.00407607
0.00901975
0.00681059
0.002152
0.00186736
0.0439227
0.0293038
0.00702188
0.0649265
0.00616998
0.00687117
0.027079
0.0813342
0.0218629
0.00362571
0.129521
0.00395639
0.00928512
0.0746951
0.0306872
0.148547
0.197657
0.00253562
0.0486025
0.0391911
0.0432687
0.0658469
0.0487154
0.0750149
0.0387324
0.0337182
0.101123
0.123734
0.00814961
0.151382
0.127888
0.0700359
0.0377147
0
0.00100381
0.00920181
0.0216321
0.0051335
0.0329171
0.00358343
0.00560795
0.0148207
0.0220156
0.0316186
0.157709
0.00234327
0.0453172
0.0124495
0.133583
0.0460716
0.0361054
0.255214
0.0829435
0.0761338
0
0.0116914
0.0227411
0.0152324
0.00661968
0.0620423
0.106757
0.00969703
0.000927167
0.131311
0.0448201
0.145109
0.0019741
0.0026204
0.0207254
0.00484393
0.00177684
0.00366942
0.0124752
0.00963858
0.00932668
0.00299758
0.00829489
0.00312832
0.00243543
0.00477382
0.00208327
0.0974373
0.260629
0.00814095
0.0508292
0.0056421
0.0028249
0.00916376
0.0115368
0.0184101
0.0321772
0.00898106
0.0402509
0.0553158
0.00258394
0.0022803
0.0136844
0.0103236
0.0134916
0.0299305
0.0118751
0.0067551
0.00378638
0.00808551
0.0237736
0.0182139
0.0486146
0.00149412
0.00544207
0.00480473
0.0077009
0.0661868
0.0334794
0.000562311
0.0106805
0.0251178
0.0187627
0.0216452
0.092552
0.0608118
0.0622129
0.00697528
0.00185329
0.0153256
0.0594262
0.0633459
0.00205639
0.0022228
0.0137839
0.016805
0.0489054
0.00340449
0.0031787
0.0308897
0.0115685
0.0395356
0.0279242
0.00787262
0.00672767
0.00436014
0.029422
0.00148144
0.0579294
0.0218486
0.0608673
0.00297365
0.036801
0.141594
0.185125
0.193276
0.0066395
0.0147406
0.00584032
0.0102684
0.0106289
0.0109129
0.139242
0.0348791
0.00706818
0.0107033
0.0103096
0.00816611
0.0109432
0.00458911
0.0162715
0.0110919
0.00360809
0.000716995
0.0254354
0.000604575
0.000587162
0.0415911
0.0153252
0.208171
0.00648974
0.00219106
0.0155863
0.00704326
0.0239542
0.0060512
0.00377793
0.0136618
0.00318654
0.0555689
0.108577
0.0241445
0.0170514
0.0349961
0.00245789
0.0189665
0.0381475
0.00768356
0.0566414
0.0853098
0.0122699
0.0114002
0.0807902
0.0256723
0.0247528
0.0115388
0.0112085
0.0122043
0.000372078
0.000256735
0.000219672
0.000220483
0.234922
0.0351807
0.00353335
0.00316191
0.103732
0.0252459
0.00375998
0.00929152
0.0404766
0.0404029
0.0637034
0.0181789
0.00821757
0.0156219
0.0424435
0.00295016
0.011498
0.0102064
0.0111474
0.0546227
0.0418359
0.00415499
0.00560727
0.00611028
0.0856124
0.27078
0.0269912
0.0777412
0.00492029
0.0271562
0.0176787
0.0543821
0.00652021
0.00859797
0.00282748
0.0504391
0.00479524
0.0764441
0.00047643
0.0146204
0.042645
0.054804
0.00607136
0.128418
0.0770689
0.0034601
0.0359194
0.0321798
0.0310089
0.0294232
0.0208742
0.0187451
0.00335777
0.00572604
0.0216711
0.0330565
0.00916003
0.0173593
0.0248477
0.136293
0.0425148
0.0125238
0.00527631
0.0371018
0.00328641
0.0103464
0.0100303
0.00306947
0.00216434
0.00534212
0.00392199
0.0171079
0.00677856
0.0302825
0.00483773
0.00719723
0.0265534
0.00274233
0.00828615
0.00406616
0.0341466
0.180476
0.174942
0.0198169
0.038239
0.00507299
0.00670911
0.0369738
0.0669336
0.0228423
0.0668129
0.0555984
0.06681
0.0298512
0.00445793
0.0514451
0.0041662
0.00178663
0.0290577
0.0251142
0.00924157
0.0171725
0.0458174
0.110279
0.0243181
0.00547503
0.061386
0.00908457
0.0736364
0.00246079
0.0164743
0.00136192
0.00314446
0.0123794
0.0155737
0.00927919
0.11171
0.043375
0.0291508
0.0298331
0.04227
0.0296903
0.00394806
0.00973779
0.0270315
0.0147152
0.00131386
0.00566993
0.0101932
0.107041
0.00785199
0.01899
0.00284268
0.00865148
0.00907611
0.0180573
0.00588667
0.189261
0.00282461
0.00691525
0.136941
0.0275042
0.281076
0.00713141
0.0243804
0.00670472
0.00917054
0.000972005
0.015148
0.120368
0.00603021
0.00489473
0.389776
0.00303987
0.0207693
0.0196244
0.00798576
0.00731235
0.00377358
0.0114279
0.00128899
0.0053071
0.0084357
0.0491956
0.210477
0.0979283
0.0153355
0.00210468
0.0116949
0.0302423
0.0024435
0.0256385
0.00497935
0.0170777
0.0539565
0.0498958
0.0287721
0.019043
0.0323938
0.0183553
0.047076
0.0415036
0.0566432
0.00574704
0.0734836
0.0635462
0.0165932
0.000422647
0.154841
0.00226148
0.0107592
0.214657
0.0273666
0.023925
0.0791453
0.176454
0.00952993
0.107706
0.00345889
0.0210189
0.00246455
0.0705557
0.00289227
0.00757203
0.135028
0.0245051
0.00398259
0.0225697
0.00612584
0.00357201
0.0762484
0.00350335
0.0203702
0.00721339
0.00657248
0.0121734
0.0275989
0.0518578
0.00276784
0.00826398
0.00392729
0.0985691
0.0277455
0.0436309
0.00346731
0.0799219
0.0815381
0.0073913
0.00257432
0
0.212993
0.00357024
0.0344099
0.0473729
0.092373
0.0164345
0.0118214
0.0387981
0.0126671
0.14733
0.0203103
0.135212
0.0324231
0.0572014
0.0307187
0.0542822
0.00536161
0.0119942
0.0286954
0.0177947
0.00908037
0.00496807
0.00683412
0.00354105
0.0216916
0.0728495
0.0394586
0.0021276
0.0265198
0.171324
0.00155814
0.0491643
0.0169781
0.115149
0.0004558
0.011327
0.00382992
0.0283525
0.0029067
0.0265209
0.0135453
0.00489783
0.0316196
0.0395213
0.00534682
0.00668178
0.257859
0.00525226
0.0118022
0.0138346
0.00365671
0.00363098
0.00538215
0.0604579
0.00306545
0.00811571
0.00273225
0.0391172
0.00749515
0.18453
0.0208488
0.00757162
0.00467481
0.0224082
0.0143866
0.0323851
0.0601902
0.244669
0.0137321
0.0179929
0.0118534
0.056035
0.00606996
0.0133499
0.00954112
0.00301522
0.00665227
0.0975287
0.00643604
0.000913051
0.0305816
0.0058469
0.0396679
0.00176068
0.0613532
0.0565126
0.00769498
0.0399219
0.041869
0.00481751
0.00462047
0.0328146
0.00535252
0.0195748
0.00712366
0.00530232
0.0486298
0.0786734
0.00820579
0.00634267
0.0344213
0.00566688
0.0010074
0.0490934
0.000683644
0.0870761
0.0201142
0.0127834
0.0102324
0.045923
0.00870212
0.0161382
0.031332
0.00471201
0.0155676
0.0185316
0.00859031
0.00303167
0.00506288
0.00823692
0.00384475
0.0426824
0.0578808
0.0102334
0.0115806
0.0124918
0.0123743
0.267517
0.00994363
0.0241255
0.0303629
0.0301588
0.0630617
0.0696837
0.0243528
0.07161
0.0544231
0.00029688
0.168559
0.00256342
0.0481314
0.0118643
0.00854233
0.0406689
0.0236283
0.0163748
0.0200909
0.014745
0.00809823
0.00451587
0.00797115
0.00482081
0.037711
0.00434972
0.00510333
0.137525
0.0549219
0.0172262
0.00700205
0.0374994
0.0027216
0.0138876
0.0894668
0.0483905
0.119559
0.0607012
0
0.150606
0.0425035
0.0114164
0.0354531
0.041199
0.0244606
0.00532783
0.00438749
0.00508775
0.00373156
0.00846626
0.0847255
0.00855217
0.0102956
0.000936263
0.016342
0.0127508
0.0212449
0.0221875
0.00947083
0.00244348
0.221434
0.118227
0.00868607
0.0302809
0.0394311
0.0136951
0.149753
0.019581
0.0106049
0.0101529
0.163562
0.0127055
0.004053
0
0.0736385
0.00445234
0.00568443
0.0149411
0.0775403
0.0122233
0.0358074
0.015498
0.0855092
0.204714
0.048371
0.0143826
0.0368169
0.0841746
0.0150778
0.00898686
0.0364214
0.0416989
0.00915023
0.0582416
0.0013234
0.00410961
0.0468956
0.334044
0.0106292
0.0249626
0.042276
0.00629678
0.243178
0.0288029
0.0129862
0.0515096
0.0211863
0.0167351
0.164052
0.0331538
0.0216071
0.00715835
0.00793087
0.0312803
0.0113829
0.0223172
0.0422611
0
0.0334593
0.0522977
0.0534252
0.0101737
0.00264551
0.01809
0.046619
0.011138
0.113501
0.0996497
0.00964574
0.0895968
0.117462
0.010902
0.0128595
0.170819
0.157259
0.00306297
0.156719
0.0646229
0.0133482
0.0516842
0.133151
0.019196
0.00688526
0.00330944
0.0118956
0.111343
0.0172067
0.0361172
0.00170864
0.0547491
0.154221
0.0423285
0.0854316
0.140203
0.12821
0.0285636
0.011427
0.0550931
0.00411681
0.0197531
0.0274985
0.00400386
0.0660465
0.103251
0.0031116
0.000838549
0.00521101
0.00902613
0.105268
0.0334236
0.0609441
0.0122594
0.00703657
0.0319904
0.0130074
0.0229125
0.0375608
0.0167699
0.0174404
0.0772776
0.00283863
0.0325091
0.0303765
0.00327632
0.0558782
0.0141482
0.0388282
0.0803688
0.107218
0.00806407
0.0157371
0.0276212
0.00849153
0.00212194
0.00516794
0.0781573
0.0452125
0.113298
0.0359426
0.0494615
0.000315336
0.00275738
0.00545262
0.185103
0.014292
0.0402778
0.0453166
0.00576078
0.00371881
0.0087254
0.0267552
0.0126587
0.0254053
0.00143879
0.0082886
0.00683687
0.0258806
0.0303765
0.0455123
0.0860921
0.0420744
0.00736506
0.154032
0.0830066
0.00651929
0.00145178
0.00782751
0.243675
0.197991
0.011922
0.00472419
0.00541773
0.0408787
0.0323585
0.0043387
0.00242363
0.0378803
0.00321562
0.00961084
0.0098588
0.0147155
0.0243807
0.00467164
0.00318241
0.0283007
0.0452567
0.0926963
0.0284738
0.0359939
0.0735581
0.0696125
0.0106806
0.00597819
0.111246
0.00617165
0.00975085
0.079952
0.0150222
0.062266
0.0235192
0.0411674
0.0068475
0.00192056
0.281078
0.00283237
0.00805575
0.0133704
0.0105041
0.00616735
0.0344403
0.0288413
0.008892
0.128456
0.00701068
0.0234113
0.0022285
0.00261337
0.0453286
0.0425735
0.00286215
0.0148357
0.0128163
0.0294022
0.00681422
0.0206727
0.0118471
0.0137607
0.0071419
0.00920875
0.027917
0.0457967
0.0223845
0.00864062
0.00596422
0.209588
0.0285128
0.0290782
0.00316312
0.00730131
0.00754414
0.00724002
0.0473404
0.0236385
0.155355
0.00416581
0.00284095
0.00214041
0.00629635
0.160936
0.0886888
0.0635811
0.0112444
0.0013224
0.00936902
0.00310524
0.00355468
0.0572516
0.00134
0.00932723
0.00295023
0.00956616
0.00972984
0.0116467
0.010281
0.0324477
0.0158815
0.122204
0.0643904
0.00452915
0.00649976
0.022089
0.000856864
0.0727308
0.131502
0.00965245
0.0133792
0.0132226
0.0557517
0.0059312
0.16397
0.0115335
0.0823859
0.306589
0.0111282
0.0341585
0.00545894
0.00622038
0.0450611
0.128326
0.0446542
0.0167054
0.0445955
0.00227955
0.0248278
0.0180192
0.0187954
0.0218929
0.017585
0.012281
0.00729479
0.0242427
0.0447589
0.0827315
0.0161408
0.00808105
0.0462457
0.00703949
0.0108128
0.0205909
0.0232817
0.0190158
0.0561685
0.0326124
0.04269
0.0839648
0.0456898
0.00249812
0.0522515
0.0151416
0.0296004
0.0118551
0.00652894
0.00635278
0.193694
0.00941805
0.0028241
0.00664918
0.0107677
0.00267855
0.143417
0
0.102586
0.00754225
0.0102998
0.0451554
0.0160948
0.0408166
0.0110146
0.00373905
0.0280368
0.0104336
0.00710073
0.0326491
0.00176654
0.00490506
0.0156674
0.162832
0.0253861
0.00652997
0.0375231
0.0737789
0.0393747
0.071941
0.256788
0.00331326
0.0233405
0.020273
0.010514
0.00140537
0.0551239
0.0513369
0.0264952
0.022958
0.00214722
0.259592
0.0935074
0.113858
0.00550155
0.0872732
0.00665068
0.00747239
0.0918569
0.0985189
0.106795
0.0673128
0.0635827
0.123944
0.126262
0.00907639
0.0111379
0.170727
0.00470249
0.0101229
0.000341783
0.0117951
0.0300474
0.0650694
0.00240886
0.0292748
0.0100475
0.0113176
0.0208974
0.00510802
0.0352823
0.0122782
0.018887
0.0100852
0.010779
0.113222
0.00687291
0.0374815
0.0197834
0.136226
0.00580506
0.0276907
0.0911018
0.0841044
0.00350529
0.00604474
0.0599248
0.0767147
0.00584461
0.00364265
0.00301428
0.0247453
0.0105587
0.103994
0.00392311
0.01311
0.313129
0.306967
0.00480615
0.00107637
0.000943949
0.00067612
0.0906494
0.00263127
0.0216782
0.0307272
0.0544944
0.00949954
0.00388516
0.0168339
0.151347
0.0309333
0.0289684
0.00326141
0.0775725
0.012105
0.0463668
0.00434455
0.117863
0.144029
0.00985615
0.0133418
0.0930908
0.0699767
0.0103977
0.265478
0.179139
0.0280336
0.0134087
0.00111908
0.00689577
0.00627237
0.0141607
0.00345139
0.0888481
0.0545929
0.00606252
0.0711447
0.0271786
0.0836308
0.0044133
0.0213965
0.0672482
0.0466122
0.0959963
0.13315
0.128994
0.00733591
0.00153052
0.00445611
0.00781862
0.00232407
0.0257935
0.0755465
0.0674775
0.00260012
0.0276155
0.0429456
0.254475
0.146687
0.0445764
0.00363672
0.0853601
0.0096998
0.00327779
0.038772
0.00234862
0.0173866
0.0190055
0.0585898
0.00495432
0.00370217
0.0828233
0.0528106
0.01642
0.0051999
0.0122333
0.00380614
0.0637746
0.00533309
0.0326114
0.149219
0.0779266
0.0258783
0.0610936
0.0775841
0.0509433
0.00579636
0.0123373
0.0033661
0.00471029
0.0269979
0.00841938
0.00756657
0.254644
0.00919568
0.0281832
0.0255083
0.0248808
0.0421524
0.0143458
0.00836717
0.168263
0.0278666
0.00649965
0.0264992
0.236993
0.0159661
0.021657
0.0411911
0.0464698
0.0400445
0.00152613
0.0841925
0.0270134
0.000854634
0.000920299
0.00878444
0.223117
0.0623247
0.0228395
0.00382261
0.0419379
0.00294579
0.00482843
0
0.00590912
0.00635197
0.0791295
0.00181973
0.00550293
0.0819138
0.0773814
0.0036759
0.0379287
0.0377064
0.0114958
0.00787525
0.059518
0.00610538
0.00426502
0.00922084
0.0357574
0.0600344
0.120004
0.0856425
0.00484698
0.0107722
0.0315439
0.00407135
0.000941
0.00139381
0.00318828
0.0440649
0.0025261
0.00102109
0.0858652
0.0668161
0.00217373
0.0257405
0.00390611
0.0102056
0.00715806
0.0146289
0.012124
0.0111176
0.0177694
0.0295274
0.0492311
0.0690905
0.0462891
0.0499538
0.0360199
0.180536
0.04088
0.0165805
0.0237443
0.245435
0.0114979
0.00294358
0.00295823
0.00731224
0.0346737
0.0019541
0.00170093
0.0338188
0.0630711
0.0103512
0.108621
0.0149431
0.0217103
0.00569568
0.00374414
0.0594921
0.0363746
0.0193459
0.0172693
0.00359946
0.245529
0.165035
0.170454
0.0030889
0.0431361
0.0466892
0.00931095
0.00972981
0.0603617
0.0859757
0.042225
0.0739826
0.0325849
0.0939589
0.00237132
0.0981971
0.0842456
0.0881264
0.020192
0.0395889
0.201546
0.0411842
0.0434182
0.0288931
0.0174092
0.00148459
0.00737566
0.0137663
0.103562
0.00297994
0.00388016
0.0312611
0.0506934
0.00761615
0.0168768
0.0561894
0.0102227
0.0294729
0.0142713
0.00168233
0.0950354
0.0150367
0.00282795
0.141322
0.120206
0.00525086
0.008726
0.00182243
0.00478172
0.033911
0.00820388
0.024861
0.0298073
0.0536088
0.0258183
0.00922936
0.0208096
0.00577968
0.0219282
0.0353339
0.00498541
0.0045792
0.00315975
0.0121504
0.00685869
0.0578956
0.04165
0.0307603
0.00270405
0.0131077
0.0237246
0.0686394
0.0146091
0.0434302
0.0389184
0.0450845
0.0326322
0.00522766
0.0186356
0.0165954
0.0305304
0.00925196
0.00969145
0.00141074
0.0044174
0.00161337
0.0296024
0.0507407
0.0438163
0.0096372
0.072139
0.0437789
0.0551614
0.0132218
0.00165586
0.0044427
0.0138782
0.0099441
0.0449522
0.0237675
0.00607838
0.00368306
0.091085
0.0704423
0.022383
0.0871859
0.00688085
0.0800915
0.06365
0.0104992
0.0620892
0.0464952
0.186806
0.0090045
0.0664994
0.196504
0.00626973
0.0510541
0.0194162
0.0499488
0.0150926
0.00435203
0.00921937
0.046992
0.00422221
0.078296
0.0134883
0.0104339
0.0131501
0.00434905
0.0313812
0.0220515
0.00772108
0.0116541
0.0114221
0.00697814
0.291125
0.101
0.0582746
0.0312085
0.176418
0.141456
0.0133116
0.0540308
0.0401
0.187892
0.050651
0.0647902
0.121934
0.00911667
0.0104458
0.00700205
0.00149217
0.00589752
0.07985
0.111728
0.0524094
0.0119027
0.058472
0.00561986
0.0318165
0.00300344
0.0331826
0.0458757
0.107146
0.113158
0.01263
0.011949
0.00761902
0.0269274
0.00943024
0.0321084
0.0217176
0.0513503
0.0447634
0.0632255
0.0263279
0.00671647
0.0176473
0.0147283
0.0210142
0.00937101
0.0887511
0.305562
0.0363852
0.00867494
0.0422801
0.00742551
0.0080229
0.0250721
0.0203309
0.0509703
0.00434654
0.0205613
0.0120009
0.0132747
0.0388845
0.00649965
0.00397293
0.00862632
0.0221579
0.0175772
0.00244202
0.0139285
0.00470893
0.00864465
0.0373521
0.0302418
0.00991123
0.00767225
0.0309772
0.0141253
0.0125883
0.0281704
0.00187024
0.00211403
0.0202872
0.012691
0.00289406
0.00128813
0.00128813
0.204976
0.0467339
0.00321105
0.00386833
0.00662084
0.00637169
0.00624022
0.0103835
0.120363
0.027852
0.00707895
0.0260979
0.00910356
0.0274603
0.0211491
0.0441875
0.0780633
0.0302754
0.0033145
0.00360056
0.0309374
0.0364065
0.0132194
0.0175245
0.013052
0.045799
0.00319551
0.00394376
0.00713306
0.0320924
0.0093917
0.00157874
0.185224
0.0593047
0.00447317
0.0454595
0.0158142
0.0267096
0.00354119
0.00129017
0.00822979
0.00697067
0.0814177
0.203062
0.0325433
0.0150476
0.0053793
0.0302996
0.0283471
0.0180283
0.0044812
0.0370434
0.0694417
0.0107246
0.0267459
0.00379054
0.0478413
0.00545717
0.0745504
0.00766568
0.00919507
0.0173644
0.000690179
0.0101633
0.00824216
0.0107377
0.0402489
0.0231943
0.0546626
0.0337182
0.0249406
0.0213126
0.0898032
0.110373
0.0411128
0.00608666
0.00849528
0.00373644
0.0888007
0.00653348
0.00493755
0.147023
0.0095219
0.0626197
0.0157167
0.036146
0.00279213
0.0180059
0.0231134
0.0108011
0.0371818
0.0725293
0.0154485
0.104948
0.0278938
0.0111258
0.0149857
0.0157288
0.0363543
0.0304356
0.0145465
0.0130666
0.0597114
0.0178251
0.0164729
0.0458842
0.073876
0.00694915
0.0306073
0.0258657
0.00295793
0.0134536
0.0224971
0.0127675
0.0152722
0.03127
0.167882
0.0123816
0.0055744
0.0155411
0.0212998
0.0313023
0.0267593
0.0105115
0.000851277
0.0419423
0.0401144
0.00150974
0.00139195
0.00178888
0.00562306
0.0218091
0.0238363
0.0133086
0.0716405
0.0047934
0.0257505
0.00517801
0.00922927
0.0031945
0.024037
0.0137841
0.00481199
0.103218
0.00479022
0.0163093
0.151799
0.177725
0.164455
0.161262
0.107606
0.0290597
0.0716747
0.0876255
0.00839706
0.0450892
0.0105
0.063498
0.342309
0.00883046
0.0152297
0.00528402
0.0593644
0.0444391
0.0131047
0.0967708
0.00585995
0.128021
0.00830737
0.00871595
0.0555583
0.0909733
0.00505438
0.00440994
0.0077201
0.0115611
0.0316817
0.0515565
0.0106095
0.145864
0.00200378
0.00214092
0.00188702
0.00223027
0.0237956
0.0100031
0.0101941
0.01788
0.132497
0.0351364
0.0010046
0.0133891
0.016155
0.0710554
0.00655398
0.05232
0.00450272
0.0256925
0.0244384
0.044423
0.0874799
0.0456689
0.00468244
0.0982364
0.176108
0.000358672
0.00218507
0.00364265
0.00842747
0.062882
0.0850338
0.0736237
0.208285
0.0159491
0.0212754
0.00903617
0.0334596
0.00556716
0.0461357
0.00425223
0.00297005
0.00731346
0.0393893
0.0255416
0.00601325
0.123304
0.0842462
0.0210512
0.014159
0.00807064
0.00863832
0.00995765
0.00417362
0.0238611
0.220489
0.123698
0.00138145
0.00587982
0.0113008
0.0776459
0.0605798
0.0288095
0.0545503
0.157828
0.00897739
0.0691056
0.0979738
0.0161511
0.000934636
0.0266433
0.0605802
0.105773
0.0646132
0.0445899
0.303664
0.0109129
0.0016308
0.00446446
0.148159
0.0105545
0.0117599
0.0132141
0.0792112
0.0055927
0.0429498
0.0389765
0.0168338
0.0141196
0.00759975
0.0283718
0.0195348
0.0779244
0.00474615
0.00394806
0.0580104
0.111395
0.198233
0.00403036
0.113417
0.00157829
0.00138205
0.00110186
0.053427
0.179347
0.00491258
0.236186
0.00729162
0.065684
0.00932434
0.0053093
0.00237982
0.00579549
0.0395699
0.0358375
0.0185612
0.0121654
0.0143854
0.0125679
0.146143
0.00564851
0.00524747
0.00500437
0.0189368
0.0119862
0.0311943
0.0559858
0.0100569
0.0574386
0.0932293
0.0756669
0.0148207
0.00600842
0.00889471
0.00317753
0.00647316
0.0800913
0.00915698
0.0048417
0.00686067
0.0142574
0.0325923
0.170928
0.0368508
0.0545806
0.0167617
0.00372915
0.0306784
0.0270221
0.0494489
0.120092
0.0241173
0.0328408
0.129318
0.00686552
0.13103
0.00559319
0.0267407
0.368668
0.00582663
0.0572621
0.0389691
0.028945
0.00097401
0.0260675
0.0210008
0.0218095
0.0255475
0.00996862
0.406376
0.00958737
0.00360076
0.00957247
0.00462173
0.013196
0.00528311
0.104611
0.0658257
0.00398388
0.0836688
0.0176007
0.0465066
0.0048147
0.0529376
0.0422881
0.0454979
0.128952
0.00460154
0.0118803
0.106772
0.0535395
0.0109257
0.141316
0.133732
0.00574607
0.00138476
0.385399
0.166617
0.21237
0.0143431
0.0200064
0.00117531
0.0585346
0.00378103
0.0100129
0.00312962
0.136781
0.0354761
0.0621249
0.0692332
0.0650447
0.00127981
0.0835676
0.0775311
0.00202683
0.0190805
0.0190803
0.0183992
0.0473717
0.0441418
0.0378674
0.00450272
0.0873578
0.0146518
0.083479
0.0131221
0.0109554
0.00489682
0.0103297
0.00869729
0.0102793
0.0184392
0.0266803
0.285403
0.0338833
0.00909683
0.0147563
0.0173311
0.0191389
0.264675
0.100011
0.0442678
0.0553162
0.0105858
0.0739637
0.196128
0.0246895
0.131262
0.0249336
0.0269432
0.0217567
0.184867
0.10257
0.121172
0.0546017
0.140767
0.0353473
0.0816307
0.0101362
0.0220506
0.0310666
0.0977597
0.00441002
0.0135714
0.0216308
0.00256293
0.129051
0.134343
0.134342
0.0255597
0.00649896
0.0289861
0.0280093
0.0162
0.0132351
0.0285632
0.0324318
0.124524
0.0352645
0.00881732
0.0027269
0.127785
0.00542474
0.0174879
0.0134944
0.0347691
0.00766393
0.0530813
0.017158
0.0106464
0.0979645
0.0738433
0.0735658
0.0145735
0.0545117
0.00302556
0.0400177
0.00473517
0.036107
0.00552767
0.0298042
0.0249444
0.011381
0.0518686
0.0142871
0.0195256
0.0395372
0.0369418
0.0149708
0.0147394
0.0156301
0.0103349
0.0426562
0.0109346
0.00308217
0.0768407
0.136068
0.00882932
0.0546996
0.00769921
0.015085
0.0421451
0.00623937
0.0060018
0.0529671
0.0163184
0.0221193
0.0117986
0.0474745
0.190918
0.22204
0.00227838
0.0553719
0.380599
0.0136052
0.00455977
0.300657
0.070356
0.071544
0.00988291
0.146779
0.0848987
0.0234759
0.0113005
0.0507386
0.00719733
0.151741
0.00833737
0.0118544
0.0398745
0.0220647
0.0207142
0.0393277
0.0310125
0.0553789
0.00721732
0.014495
0.0907985
0.0498076
0.0127395
0.141392
0.0879343
0.017075
0.00662847
0.225161
0.0226079
0.0342267
0.0704832
0.00651451
0.01316
0.0504534
0.0121999
0.0120092
0.00944437
0.0564129
0.0603712
0.0597188
0.0192513
0.171924
0.00598534
0.0130748
0.0100729
0.00925207
0.062969
0.0387067
0.0573867
0.00445959
0.00739538
0.00837673
0.00408392
0.0104446
0.00989392
0.0956006
2.74568e-008
0.0986087
0.287825
0.00806846
0.0223277
0.00218361
0.00766895
0.00860051
0.00700809
0.000948645
0.000914718
0.0204086
0.0608174
0.0271489
0.0193818
0.0411876
0.012762
0.1885
0.00430394
0.0129188
0.155243
0.348199
0.0315539
0.309786
0.30687
0.155504
0.00407135
0.013308
0.0348713
0.0103424
0.114379
0.0197915
0.00754125
0.00206192
0.108302
0.0280171
0.000604574
0.01039
0.00326869
0.0446314
0.0382165
0.00568746
0.00452444
0.122126
0.0200132
0.0552885
0.0309475
0.0907543
0.00594608
0.140078
0.00623704
0.0189753
0.0412658
0.0331035
0.00351653
0.00691118
0.135549
0.0251675
0.0364457
0.0106521
0.0180282
0.0378797
0.223759
0.0820325
0.0768424
0.00635887
0.0214385
0.0292025
0.00537497
0.0247423
0.0780921
0.00907784
0.0591707
0.0978884
0.022788
0.0246134
0.0820606
0.0232689
0.00500776
0.006339
0.19943
0.0154141
0.0265041
0.0131203
0.00574761
0.0237529
0.0322122
0.0207533
0.114853
0.038513
0.0120526
0.0252708
0.201405
0.0234247
0.00736302
0.014181
0.0285923
0.0580201
0.0507578
0.0472849
0.0167271
0.353079
0.135266
0.337744
0.068388
0.0462489
0.0499069
0.0724418
0.0180837
0.00330715
0.105971
0.271803
0.0313888
0.00429721
0.00574665
0.012568
0.160907
0.0344747
0.00552711
0.00947479
0.114647
0.0445032
0.0268976
0.0402013
0.0381848
0.00900852
0.00572952
0.0360891
0.00766557
0.0409081
0.0214979
0.0202414
0.00108418
0.0165882
0.0189895
0.0377307
0.0374542
0.0080699
0.0544871
0.130568
0.141081
0.410089
0.0829025
0.00579722
0.0598144
0.0140551
0.0458614
0.00772488
0.0670607
0.00589081
0.0267997
0.120012
0.016017
0.0156862
0.0169496
0.0139452
0.00709729
0.0188309
0.0228261
0.00479148
0.111659
0.0245271
0.00610665
0.0261215
0.0497521
0.0158238
0.0143856
0.0125172
0.039281
0.00552786
0.00610947
0.00610948
0.00928261
0.0207969
0.11559
0.237813
0.011893
0.025576
0.0254804
0.016982
0.0140341
0.0108679
0.00960899
0.0129597
0.149265
0.00123444
0.0978785
0.0335271
0.108469
0.00924604
0.00318878
0.320925
0.0132225
0.0118085
0.0611037
0.00573824
0.0067154
0.0284651
0.0146853
0.114837
0.0153131
0.0263501
0.0113826
0.00381945
0.0731484
0.105957
0.00512388
0.115201
0.128481
0.00540966
0.199096
0.188977
0.0960324
0.00497604
0.014532
0.00405288
0.0641078
0.184002
0.00988389
0.0041872
0.0140925
0.0144367
0.00943946
0.0995481
0.105617
0.0165423
0.0108997
0.108089
0.0753068
0.00295317
0.00330576
0.0023805
0.00391611
0.160022
0.00924604
0.247122
0.173081
0.121948
0.0422574
0.0200294
0.0522469
0.0157711
0.0134284
0.00694359
0.187631
0.0057463
0.0143322
0.0885681
0.0106099
0.00436111
0.142641
0.0243105
0.0472317
0.00984845
0.0162007
0.0210793
0.0210009
0.00549734
0.0109313
0.066331
0.0679028
0.0289853
0.0160665
0.00770916
0.0939338
0.131544
0.131976
0.0227803
0.00631529
0.116657
0.00519588
0.0111626
0.0215042
0.0163212
0.028423
0.175014
0.0480805
0.016428
0.00928486
0.0332893
0.101058
0.0109595
0.0827765
0.0270313
0.0036801
0.0108684
0.0112063
0.133486
0.0821857
0.0089409
0.00208118
0.0248704
0.0229371
0.0087855
0.0055272
0.00347506
0.0332765
0.0108074
0.0978289
0.0699926
0.0170541
0.00150216
0.0105229
0.0211691
0.0116841
0.0287311
0.00420968
0.0996238
0.0804957
0.0261734
0.0267495
0.0323807
0.0146536
0.0112584
0.118888
0.111102
0.0197123
0.0090456
0.0296888
0.00610118
0.0193872
0.0130687
0.0400824
0.0378661
0.0383307
0.0342119
0.00388739
0.00188279
0.0139394
0.0109901
0.0149867
0.0108391
0.0158528
0.187323
0.00867174
0.132491
0.0363077
0.0593222
2.74586e-008
0.0457571
0.184452
0.137116
0.0393681
0.0287853
0.0341956
0.00987139
0.0418322
0.0102414
0.010988
0.0381645
0.1483
0.0142957
0.00919477
0.0149871
0.058726
0.0334408
0.054745
0.00333555
0.00666946
0.00370756
0.0135362
0.0790793
0.00842883
0.00967692
0.00732226
0.00193197
0.00178997
0.0135879
0.0161741
0.0056248
0.0839652
0.0860614
0.0316431
0.0180525
0.218727
0.0162491
0.0167602
0.00748368
0.0198919
0.00696914
0.0171301
0.00599255
0.0300548
0.0153669
0.0263954
0.0107183
0.00970335
0.0024994
0.0572766
0.134943
0.166905
0.00729085
0.00181973
0.00308004
0.0323701
0.00704804
0.0371901
0.0120387
0.00690982
0.0155761
0.00706058
0.0111318
0.0167118
0.040523
0.0177268
0.00906602
0.010662
0.0129754
0.0191393
0.0256246
0.0244578
0.0168876
0.0269618
0.0040043
0.00186661
0.0104517
0.00307933
0.00799473
0.00829923
0.216107
0.00942369
0.0421183
0.0237692
0.139776
0.011527
0.26624
0.0423384
0.0120667
0.010195
0.0746469
0.195848
0.0033192
0.0863693
0.0319061
0.0170763
0.171887
0.046009
0.0375843
0.0464306
0.069355
0.0233843
0.0218058
0.0302317
0.0281137
0.0139809
0.0116713
0.12011
0.00304648
0.0195027
0.0164051
0.0141898
0.129456
0.0528679
0.0148241
0.0315201
0.0279552
0.0104071
0.0203188
0.0376866
0.0225493
0.158035
0.0232724
0.016913
0.0274531
0.0432229
0.0366448
0.0386252
0.0112784
0.0288349
0.00436119
0.10925
0.0893031
0.0393222
0.0123424
0.00157473
0
0.0376708
0.131679
0.0669531
0.0147259
0.0145224
0.248034
0.0870526
0.00517484
0.0323554
0.0316854
0.0479643
0.00478933
0.042892
0.0329912
0.00412625
0.0166948
0.018141
0.0177618
0.0296405
0.0387921
0.206771
0.0847237
0.167559
0.0204667
0.0268368
0.0055507
0.0499798
0.0311342
0.111047
0.0190207
0.104067
0.00421271
0.00424525
0.0169004
0.0344883
0.0280313
0.0145652
0.0357115
0.00374233
0.0490071
0.0460622
0.0411068
0.0549058
0.0334446
0.0392712
0.00305761
0.0103994
0.00364408
0.0147114
0.0127103
0.007434
0.424332
0.029984
0.00868029
0.0030904
0.0542438
0.00893425
0.0510375
0.00895003
0.00394331
0.0110601
0.0126358
0.0182592
0.0620906
0.0825418
0.0192481
0.00563306
2.74575e-008
0.0489151
0.110909
0.141802
0.0211696
0.0144914
0.0144914
0.102009
0.177938
0.0399403
0.00762397
0.0201423
0.0124182
0.0124157
0.0210655
0.0223688
0.0226891
0.0142279
0.0130141
0.201252
0.00432612
0.00744799
0.01668
0.00763315
0.024522
0.0172965
0.0159806
0.00321941
0.00626021
0.0172571
0.101481
0.00818647
0.00191361
0.126676
0.0350257
0.0319381
0.140289
0.00722596
0.0112669
0.0091476
0.0336903
0.088656
0.094935
0.0129659
0.00882992
0.00914618
0.097882
0.33266
0.268212
0.0316715
0.023374
0.0211046
0.00931163
0.0268364
0.014613
0.0184833
0.0141331
0.022487
0.105763
0.00234022
0.00220549
0.012504
0.00975252
0.0153482
0.0233102
0.0464451
0.0722977
0.00928429
0.081508
0.0250942
0.0133939
0.0469444
0.0489147
0.0379582
0.0291695
0.0250597
0.0426385
0.10919
0.0363251
0.0171827
0.0544422
0.0514153
0.0117857
0.174739
0.0209664
0.0116206
0.00680513
0.0264486
0.0147395
0.0144256
0.0127693
0.019607
0.092139
0.0372036
0.0122934
0.0383612
0.0861277
0.0261978
0.0319677
0.0344622
0.00859515
0.00193201
0.0122632
0.00384915
0.0067546
0.0376666
0.0405583
0.013963
0.00954844
0.0340188
0.0339639
0.0230969
0.0382544
0.014783
0.0183007
0.012719
0.0116369
0.00444903
0.0705564
0.0072119
0.0238366
0.128671
0.0670931
0.0339124
0.00557461
0.00535321
0.00663188
0.00785914
0.0128956
0.0180954
0.0920049
0.045341
0.0317738
0.131817
0.00699158
0.02477
0.0269272
0.0281508
0.032073
0.061933
0.0032759
0.00948672
0.0318341
0.026295
0.0695079
0.0113727
0.0167524
0.590315
0.0317807
0.000707127
0.0115506
0.0503258
0.0691364
0.0435746
0.0400412
0.0206821
0.0445967
0.0401987
0.063317
0.0703973
0.0573988
0.0520396
0.00485691
0.0402161
0.00176301
0.0227269
0.0595073
0.0217133
0.0290185
0.0260172
0.0177335
0.0595319
0.0332355
0.0112929
0.0563415
0.0430767
0.0329315
0.108569
0.0159448
0.00107729
0.0167129
0.0249347
0.00823803
0.0406485
0.113476
0.0158022
0.0109268
0.00757097
0.096101
0.292718
0.0939486
0.00804663
0.00564964
0.028055
0.00424441
0.0314487
0.0469052
0.0410305
0.0365258
0.0263041
0.0299214
0.0399214
0.0519079
0.0288299
0.0225106
0.0157668
0.0435213
0.0155491
0.000703228
0.012658
0.0707699
0.0465568
0.0618781
0.0681108
0.096423
0.0183899
0.0250956
0.0425303
0.036412
0.0112002
0.138326
0.026363
0.0381958
0.00961704
0.0161483
0.00299189
0.0104549
0.0695709
0.00504858
0.0658776
0.00804399
0.0491831
0.0448964
0.0272353
0.0319402
0.00927681
0.0120903
0.00605292
0.0317165
0.0348849
0.0364322
0.04345
0.0182966
0.00622175
0.0278359
0.0165032
0.00987346
0.224295
0.0155191
0.00536784
0.00452693
0.0468202
0.0802533
0.0238648
0.0580384
0.00141814
0.0463263
0.00543863
0.0975103
0.0070755
0.0329707
0.0140969
0.144738
0.0299093
0.0117605
0.00161188
0.00420858
0.194792
0.00961197
0.0210633
0.00998578
0.0118872
0.0132094
0.00801305
0.00432267
0.118516
0.050162
0.106901
0.0673373
0.0420574
0.0182925
0.0106817
0.0178986
0.0327927
0.0105908
0.00328322
0.00904882
0.00716607
0.0331338
0.0207801
0.0632276
0.0524924
0.0631129
0.163203
0.110855
0.045009
0.00963079
0.0624321
0.0268007
0.00540191
0.0256573
0.0423604
0.00483468
0.00212167
0.113259
0.00523762
0.0541604
0.0271361
0.0293196
0.0262744
0.0112963
0.0374212
0.0178269
0.00850711
0.0377159
0.0129707
0.0597038
0.0161522
0.0183171
0.0387934
0.0571035
0.0598969
0.0219776
0.0163344
0.0180742
0.0235832
0.0615928
0.0281077
0.0175195
0.0510743
0.0782559
0.0674664
0.0196093
0.0205983
0.0907107
0.0187907
0.00627041
0.150184
0.161006
0.00618081
0.00217722
0.00345275
0.0092926
0.0370566
0.0117135
0.00764827
0.0074451
0.00822697
0.0405108
0.0713105
0.0646776
0.0442493
0.0227525
0.0119358
0.012736
0.0765565
0.0665848
0.0786304
0.0154157
0.0387666
0.00407893
0.0192443
0.0295855
0.00683112
0.00930266
0.046288
0.0500004
0.133276
0.00616788
0.0489943
0.0906637
0.0991412
0.0306059
0.00370359
0.0728748
0.011973
0.214663
0.0950927
0.0146107
0.0635735
0.040956
0.0785106
0.0270737
0.0145957
0.0492335
0.0780179
0.0137931
0.017836
0.0160147
0.0640778
0.0100856
0.00653447
0.102177
0.0469673
0.0411615
0.00461768
0.0739498
0.00977181
0.0468738
0.0429292
0.00660848
0.0019538
0.047214
0.0516418
0.107336
0.12818
0.0222279
0.048689
0.0283647
0.0239531
0.00287803
0.300622
0.0172843
0.0158735
0.0572121
0.00258845
0.071025
0.0442684
0.0147256
0.100639
0.0134487
0.122542
0.0900179
0.0227604
0.0607645
0.0121506
0.0247307
0.0272408
0.0349336
0.0354073
0.00762196
0.0173245
0.0162273
0.0123076
0.0385293
0.0206656
0.146198
0.00372363
0.0025399
0.0108587
0.0559284
0.0104007
0.0306341
0.0260436
0.12299
0.0101764
0.0474459
0.0550398
0.0134677
0.00204327
0.0120886
0.0236201
0.045319
0.15921
0.230219
0.0148796
0.00773179
0.0113086
0.00193892
0.0112212
0.0207054
0.0162259
0.0436476
0.0122648
0.00511936
0.00926386
0.0693604
0.0215185
0.0247523
0.0431915
0.30478
0.285447
0.0179069
0.0319543
0.0242944
0.0372846
0.0164375
0.148724
0.0101951
0.0114972
0.0392522
0.0581755
0.0431886
0.0778998
0.0662365
0.0544912
0.0544863
0.0590095
0.0466304
0.0110761
0.00610238
0.0153041
0.0124843
0.0345101
0.0621481
0.02445
0.0530839
0.154709
0.11253
0.0361476
0.00344444
0.0126199
0.00931029
0.0245903
0.00398447
0.0127011
0.048173
0.0057419
0.0191624
0.0079627
0.0158272
0.0207008
0.00983266
0.0203509
0.00153296
0.0322261
0.00435644
0.0066373
0.0128849
0.0108544
0.0305242
0.0302012
0.0200992
0.0266953
0.0270316
0.0091494
0.0182645
0.00831658
0.0739412
0.0855346
0.0968321
0.0465744
0.0296192
0.0155339
0.0217697
0.0034037
0.00789291
0.0104562
0.0477787
0.118821
0.0576746
0.0553057
0.0500914
0.0402551
0.0138515
0.0187806
0.0156027
0.00942036
0.019607
0.212602
0.1653
0.200107
0.0339177
0.00585696
0.0930842
0.0273995
0.0337479
0.00899101
0.115307
0.0604652
0.00571405
0.0621614
0.0283897
0.0158877
0.0467684
0.0347833
0.024706
0.0467259
0.0273159
0.0161341
0.00652524
0.00762377
0.0630549
0.0361301
0.0418065
0.0414755
0.0296724
0.0443787
0.0225666
0.150853
0.0204207
0.0485653
0.0121929
0.0330901
0.00845112
0.0137585
0.033777
0.0403181
0.0482635
0.0488313
0.044331
0.00402025
0.00228845
0.0669761
0.0147081
0.0167791
0.0820148
0.0680866
0.0481876
0.0113258
0.0137755
0.0774084
0.0284923
0.0148878
0.0888033
0.0194377
0.0463022
0.065941
0.126304
0.0467639
0.00155846
0.0132844
0.00268951
0.0600001
0.0227843
0.00833709
0.0115793
0.0213432
0.00469626
0.0118019
0.0447242
0.0379401
0.0273022
0.0273022
0.0246015
0.0384021
0.0422769
0.0361108
0.00768151
0.0137617
0.0278185
0.0334254
0.0105135
0.00893588
0.100679
0.00667995
0.0115827
0.0142179
0.00103366
0.0259321
0.0188525
0.0552882
0.263957
0.0276849
0.00474615
0.117631
0.0903691
0.0199626
0.029709
0.000585945
0.0232797
0.00631955
0.00637912
0.20064
0.0533974
0.025062
0.00555291
0.0601759
0.0992701
0.0259209
0.00766031
0.0587727
0.00382406
0.0430052
0.0281854
0.0359532
0.0361141
0.135686
0.0196376
0.0625296
0.00544148
0.21087
0.0286986
0.00280484
0.100449
0.00844782
0.0608926
0.00590084
0.0843042
0.0335076
0.0365709
0.156336
0.0715944
0.0597653
0.0103227
0.0116294
0.0156531
0.0130585
0.0885086
0.0971533
0.0263333
0.00361568
0.0142273
0.00278224
0.0603005
0.0041069
0.00660757
0.0682371
0.0710119
0.0355586
0.0479083
0.0612439
0.0622091
0.024574
0.133404
0.0559101
0.0777175
0.0280069
0.0170253
0.0184814
0.0184815
0.0753379
0.0237066
0.0256801
0.0279313
0.04998
0.0553435
0.0747153
0.00841916
0.00907623
0.00570031
0.0226715
0.017882
0.0173338
0.141965
0.16488
0.0473312
0.0407045
0.0227101
0.0113175
0.00558351
0.0058962
0.160549
0.0272837
0.0924904
0.120019
0.0349089
0.00544735
0.025766
0.0129522
0.00795664
0.00222075
0.00817042
0.0147168
0.0163571
0.00846912
0.0126831
0.0103771
0.0656715
0.021476
0.0913444
0.102201
0.0445354
0.0684993
0.0621476
0.153309
0.0230725
0.00864485
0.0348331
0.00749574
0.0133589
0.0643364
0.0167432
0.0141493
0.00322634
0.0240993
0.0232601
0.00327563
0.00389653
0.00319998
0.194553
0.0782466
0.053981
0.0464487
0.0193475
0.130061
0.160674
0.114503
0.0398826
0.0148518
0.0114528
0.0102548
0.0018657
0.00164658
0.00218071
0.00175006
0.0594684
0.00652955
0.0140132
0.016125
0.0272714
0.0359445
0.0291541
0.0144759
0.00995484
0.0130912
0.0399213
0.0252234
0.0561043
0.0460093
0.0500354
0.0129619
0.0147312
0.0504019
0.0401427
0.00584165
0.0134981
0.229058
0.0061084
0.0216721
0.0271021
0.00485077
0.0118478
0.00260918
0.0256619
0.0134683
0.00382829
0.00411427
0.101981
0.0159623
0.238831
0.0573626
0.00129706
0.261781
0.00242519
0.0521009
0.0693969
0.0734849
0.0164346
0.0252584
0.0390179
0.00822864
0.0222918
0.0149412
0.0193061
0.00347242
0.00314481
0.0316293
0.0183966
0.00419152
0.0293205
0.00305387
0.0298326
0.0149266
0.024763
0.0249962
0.112526
0.0178249
0.0344394
0.0181224
0.207762
0.147311
0.0188881
0.0463134
0.0469247
0.0918006
0.0343869
0.0299741
0.00610301
0.0691447
0.0790406
0.0371465
0.0259176
0.0675701
0.0410805
0.00453523
0.0589077
0.0351188
0.0042211
0.00488455
0.00945318
0.0252674
0.0393714
0.229512
0.00925923
0.0211088
0.0325521
0.0154868
0.00138841
0.0624046
0.0963694
0.0481408
0.0290532
0.191929
0.0928233
0.10888
0.0982576
0.0218651
0.331186
0.293447
0.00373723
0.0126311
0.00919347
0.0103375
0.0171901
0.00588787
0.0201874
0.0356315
0.025424
0.0113265
0.054216
0.00297654
0.00132933
0.0012218
0.00135794
0.00135076
0.0383769
0.0095484
0.0187049
0.0175544
0.0121406
0.0355404
0.0414139
0.0472694
0.00579799
0.00497994
0.00456145
0.0961428
0.0191102
0.0310763
0.00494965
0.0494311
0.0528372
0.0323087
0.00188285
0.0247562
0.113863
0.031103
0.00367844
0.0227991
0.00956932
0.0039755
0.0192222
0.0399565
0.0313304
0.0224362
0.0457489
0.00410641
0.00283679
0.00667893
0.0317744
0.115671
0.0187273
0.0314404
0.030478
0.000437906
0.0372666
0.0224242
0.00518724
0.151504
0.0260271
0.0222639
0.100637
0.00759852
0.0128476
0.0104256
0.0301812
0.0194233
0.0935463
0.0149988
0.0169361
0.0189423
0.0173547
0.0254671
0.0182208
0.00281568
0.00414451
0.0663161
0.0170758
0.0150223
0.0540884
0.0470128
0.017422
0.0483013
0.189306
0.106383
0.0345822
0.105478
0.0116932
0.0198483
0.0139311
0.0194429
0.0315798
0.0464871
0.00902993
0.00803909
0.0389453
0.0137715
0.0197419
0.0272296
0.0153374
0.0598201
0.00572442
0.0062049
0.0312911
0.0122132
0.0113173
0.0264851
0.02732
0.0175893
0.0407086
0.0667284
0.0667286
0.105018
0.0895908
0.0078047
0.00832858
0.00917513
0.00405018
0.0714224
0.0127053
0.0114174
0.112115
0.0169209
0.0328097
0.0584693
0.0345271
0.0370569
0.0698346
0.164317
0.0126011
0.00636699
0.0194203
0.0280212
0.00150647
0.0304907
0.019793
0.136195
0.0291044
0.0384155
0.0096064
0.154114
0.0120535
0.0252939
0.109977
0.00976132
0.0568681
0.0243958
0.0343232
0.0205143
0.010166
0.0254096
0.0492011
0.0428536
0.0323028
0.0383508
0.0199003
0.0832245
0.0770549
0.0274753
0.3059
0.14085
0.180937
0.0878352
0.0461589
0.00331186
0.0221075
0.037318
0.0474226
0.18625
0.026298
0.0476154
0.133208
0.0717995
0.0562546
0.0417746
0.0145096
0.0103321
0.097625
0.00710288
0.0577181
0.0461533
0.00514618
0.0427881
0.0374516
0.017866
0.0355275
0.0326453
0.0286137
0.0277926
0.00766093
0.00761431
0.00761428
0.0395051
0.0374086
0.00158993
0.0111553
0.00706604
0.0235406
0.0107748
0.0123065
0.000381011
0.0190805
0.0162254
0.00733807
0.0272266
0.076989
0.00856367
0.368194
0.143215
0.0270573
0.0427643
0.00104706
0.167486
0.0349075
0.0460126
0.122069
0.0143901
0.0372872
0.0393167
0.0153863
0.0365616
0.0350524
0.0246034
0.0285807
0.147301
0.00842731
0.0411961
0.0300711
0.0108957
0.088997
0.0176885
0.0307612
0.0231192
0.138454
0.049154
0.00834593
0.0676235
0.0621787
0.0171117
0.0521593
0.0268567
0.025711
0.0368956
0.0161446
0.117768
0.0261749
0.0508819
0.00543953
0.0337355
0.00847834
0.270019
0.00268042
0.00488802
0.0156367
0.00670539
0.0202274
0.0364549
0.0308857
0.00572628
0.0201438
0.00542273
0.0256085
0.0240552
0.194235
0.0298125
0.177446
0.0156527
0.0164423
0.0112089
0.0435737
0.0474725
0.0859093
0.101425
0.020917
0.00710751
0.0194673
0.0154249
0.0738137
0.0340023
0.00148101
0.00594276
0.0132893
0.0472116
0.0669008
0.097442
0.00575915
0.0481733
0.0547921
0.292772
0.00963043
0.0106014
0.00641631
0.0234239
0.00588437
0.0427843
0.165661
0.113395
0.00456228
0.03564
0.0335237
0.0113583
0.00497538
0.0217338
0.00785422
0.00691692
0.0169132
0.0218992
0.0167167
0.0500368
0.00724961
0.00540149
0.00807285
0.087726
0.0282435
0.0343565
0.0390085
0.237744
0.0503206
0.00706431
0.0313897
0.0364771
0.113476
0.0196057
0.00372778
0.0343541
0.00687996
0.0385532
0.0143043
0.0177485
0.00513656
0.0177355
0.0184503
0.0878253
0.172773
0.046015
0.0297139
0.0805301
0.0948307
0.0162404
0.0347039
0.0323524
0.0627454
0.0641722
0.247362
0.0719299
0.00778146
0.00653568
0.0590928
0.0139457
0.0610022
0.0214987
0.040437
0.0396361
0.0277708
0.107996
0.0752217
0.00367327
0.0112576
0.0151865
0.00789016
0.0119546
0.228584
0.0538154
0.0185988
0.0300159
0.00866171
0.0139305
0.0114862
0.0138997
0.0569156
0.00933141
0.0165505
0.0507947
0.00370309
0.0425644
0.065551
0.273259
0.0436361
0.0493805
0.0638039
0.084969
0.145858
0.0167364
0.007076
0.062447
0.0125698
0.075459
0.0422391
0.128049
0.00305553
0.128434
0.0236419
0.0676468
0.0699796
0.00910093
0.0168307
0.0175783
0.0723692
0.0155279
0.00662092
0.235201
0.235158
0.00149143
0.0862472
0.00466002
0.226417
0.00155073
0.0130615
0.00390427
0.00672196
0.0459808
0.090455
0.0273217
0.177749
0.00184871
0.106108
0.064245
0.236205
0.108131
0.19345
0.059841
0.00903925
0.248192
0
0.0238387
0.186054
0.0206728
0
0.126489
0.217986
0.143807
0.111176
0
0.119508
0.0115047
0.193564
0
0.0076871
0.0967012
0
0.25
0.168923
0.163131
0.118173
0
0.00603614
0.151058
0.0407044
0
0.0561313
0.0151241
0
0.109967
0.00857001
0
0.217954
0.24229
0.127426
0.173587
0.203824
0
0
0.110475
0
0
0
0
0
0
0.00317318
0.00200483
2.74584e-008
0.00200555
0.00240749
0.0921654
0.0506106
0.000435356
0.000560917
0.000971655
0.00105699
0.0231548
0.00140541
0.00148862
0.0753754
0.00988912
0.02254
0.168664
0.349223
0.0709244
0.0974577
0.378358
0.487677
0.00238552
