6903
1.70884e-006
6.65536e-006
1.83408e-005
8.89758e-007
8.7237e-006
1.56381e-005
9.532e-006
1.39333e-005
6.20671e-006
1.04828e-005
4.79718e-006
5.31367e-006
2.35154e-005
9.91074e-005
2.04392e-006
8.44107e-006
1.56316e-006
8.59261e-006
7.01679e-006
5.09345e-007
1.58751e-005
7.71532e-006
4.15587e-006
0.000213257
1.98652e-005
2.80446e-005
6.27879e-006
4.6698e-006
1.23677e-005
0.000117255
0.000123836
2.01263e-005
3.24567e-005
2.12644e-005
9.67018e-006
6.09878e-006
3.20133e-005
1.7525e-006
2.66411e-005
4.94054e-006
3.25077e-007
6.44438e-006
0.000168706
4.64592e-007
0.000566451
9.259e-006
5.90302e-005
8.93207e-006
1.31028e-007
3.47009e-005
3.43131e-005
2.048e-005
1.79611e-006
4.2999e-005
8.88815e-005
0.00217748
1.44943e-005
2.52926e-005
2.38238e-005
1.95898e-006
0.00506762
8.36127e-005
0.000166814
0.00421024
1.79144e-005
1.3404e-005
1.62524e-005
0.000100752
6.94598e-008
2.35335e-006
9.79813e-007
0.000234538
1.05965e-005
1.0236e-005
2.34287e-005
0.000132539
2.67936e-005
5.62445e-007
1.25344e-006
4.30816e-006
1.06762e-005
1.34807e-005
0.000786739
8.64717e-006
1.77392e-005
3.18516e-005
2.62749e-006
0.002769
0.00148721
1.75177e-007
8.10383e-006
0.00011013
4.87112e-005
3.05844e-007
1.78541e-005
2.37804e-007
1.26256e-005
2.77624e-005
1.15543e-005
1.23812e-005
5.5871e-005
2.35797e-005
1.13298e-005
0.000225569
1.01308e-007
0.000207873
1.00249e-006
8.21619e-006
4.10376e-006
0.000584716
2.61888e-006
0.0014095
2.31745e-006
0.00013873
2.3118e-006
6.55154e-007
2.87945e-006
2.04119e-005
2.98976e-005
3.38532e-005
1.10813e-006
2.31046e-005
3.70847e-006
1.26424e-005
2.43032e-006
1.46221e-005
0.00266111
0.00479908
0.0020837
8.58596e-006
1.42465e-005
1.46306e-005
5.65182e-006
7.6336e-006
1.32755e-006
4.07758e-006
5.80391e-007
2.32788e-008
1.60155e-005
2.51257e-007
1.32193e-006
6.27974e-006
3.75092e-005
0.00020194
0.0013566
4.6438e-006
1.09333e-006
0.000300279
4.29811e-006
1.465e-005
0.000219056
9.56759e-006
1.12236e-005
3.43706e-006
1.68722e-005
2.95354e-005
1.55675e-005
5.73638e-006
3.00841e-005
1.04096e-006
3.4312e-006
2.26175e-006
2.58201e-006
7.44812e-006
0.000569706
0.000188852
4.62545e-007
0.000811373
6.68168e-007
2.30641e-005
3.04351e-006
5.47962e-006
3.74813e-006
0.00184072
0.00126227
9.6137e-006
0.000222894
1.27872e-005
2.08476e-005
0
1.09363e-005
5.66416e-006
2.22481e-005
0.000257983
5.18512e-006
0.000583189
0.000489848
0.00106232
7.13637e-005
0.000243961
7.8696e-006
2.77601e-005
6.73298e-005
1.87471e-005
4.57557e-006
3.01966e-006
0.000285965
2.95357e-005
0.000112512
4.59598e-006
1.62547e-006
5.75004e-009
0.000447308
1.06433e-005
1.32919e-005
0.000271806
0.00198393
2.77492e-006
9.54301e-006
3.33102e-007
1.46587e-006
1.38801e-006
2.1126e-005
7.12796e-006
5.02781e-006
2.65798e-005
5.10039e-006
2.52987e-005
0.000128318
1.41981e-006
2.84643e-006
5.55705e-006
3.4102e-006
0.00250931
7.20577e-008
1.37936e-005
1.35724e-006
2.71136e-005
2.35121e-006
1.34334e-006
4.49475e-006
5.26938e-006
5.07437e-006
2.44908e-006
3.41318e-005
0.000504422
1.27727e-005
0.00843575
1.6889e-005
4.76741e-007
6.96102e-006
3.84364e-006
1.37219e-005
6.09942e-006
0.000514146
3.30836e-006
2.30578e-006
6.21574e-006
9.16256e-005
7.63189e-006
2.101e-005
0.000272739
5.61917e-006
4.56949e-005
4.30977e-005
9.24521e-006
4.14265e-005
0.000140008
4.91186e-005
6.21106e-005
4.50832e-005
2.02139e-005
1.33864e-005
1.00441e-005
2.21137e-005
5.51841e-007
2.68693e-006
7.04336e-005
8.54822e-005
2.81654e-005
0.00187933
2.15636e-005
3.55982e-005
3.67698e-005
0.000128198
0.000150325
3.19262e-005
9.06486e-007
1.83041e-007
7.56782e-005
5.62915e-005
0.000302031
1.61701e-005
9.92218e-006
8.69415e-006
0.00844805
6.53056e-007
0.00037916
1.2112e-005
7.055e-005
1.36081e-006
0.000355563
1.36164e-005
0.00140657
1.42176e-006
1.02548e-006
3.48758e-006
0.000489845
0.000941655
7.50629e-008
7.72602e-006
9.26407e-006
0.00494397
5.8876e-005
1.8278e-005
7.10996e-005
1.08002e-005
8.85521e-006
0.000127098
7.07203e-006
3.02564e-006
0.000175018
0.000116936
3.36024e-005
2.4915e-006
5.18292e-007
2.83157e-005
3.41942e-005
4.19372e-005
0.00102122
0.000304371
0.000140092
6.26459e-006
4.57064e-005
2.42778e-006
8.75773e-006
1.20784e-005
0.000153691
3.53881e-007
1.92006e-006
4.19905e-006
1.06135e-005
1.23495e-005
0.000126713
4.39135e-005
0.000190639
2.01389e-005
7.88745e-005
0.000201881
1.57569e-006
1.74315e-006
2.68061e-006
1.25657e-007
1.99794e-005
0.000746903
7.17377e-006
9.49748e-006
0.000923028
5.54948e-007
3.29486e-006
0.00240793
3.16641e-006
4.51494e-005
1.03949e-006
2.24824e-005
0.000822947
2.48905e-005
0.00205281
1.5792e-005
0.000312678
1.749e-005
1.97431e-005
1.01453e-005
0.000480965
1.53377e-005
3.44632e-005
0.000703265
1.24383e-005
7.0168e-006
0.000156186
1.63316e-005
3.19254e-005
2.49962e-005
0.000160462
1.88136e-005
4.01069e-005
1.94632e-005
6.18599e-005
1.77828e-005
0.00098865
1.40799e-005
0.00430642
4.09984e-007
5.13026e-005
2.29354e-005
2.9688e-005
9.564e-006
6.5735e-006
1.69348e-005
3.58295e-005
8.18285e-006
5.93497e-005
0.000164471
0.000177741
2.61338e-005
6.29411e-006
1.11919e-005
2.99916e-006
1.9059e-005
6.97312e-005
8.53171e-005
0.000908322
7.4065e-006
1.37826e-006
4.03685e-006
6.4757e-006
3.63936e-006
5.74767e-006
9.45043e-006
3.2128e-006
5.68933e-007
0.000119026
3.3382e-005
6.81628e-007
0.000511123
1.1624e-005
9.56822e-006
0.000411097
0.000279725
0.000408027
6.97569e-006
0.000154874
0.000256693
0.000161125
2.03163e-005
9.58491e-005
0.0029543
7.64789e-007
4.97715e-007
4.94516e-005
0.00705655
2.52648e-005
1.88155e-005
9.13416e-006
0.00134916
4.75139e-006
2.18544e-006
1.13657e-005
0.0021515
7.21993e-006
0.000162515
0.000175018
2.37606e-007
6.87758e-005
7.06972e-005
0.00023547
2.54463e-005
0.00163083
3.14315e-005
3.70937e-006
2.67969e-006
9.31461e-007
0.00016417
2.0991e-006
1.04627e-006
1.34957e-006
0.000995715
4.43748e-006
3.01743e-005
5.6622e-006
9.49511e-005
5.49391e-005
0.0122214
0.00937165
7.92499e-006
5.25858e-006
5.74018e-006
1.31129e-006
0.00018919
6.42471e-006
2.25575e-005
0.00111019
9.31184e-005
0.000304251
0.000202234
7.10993e-005
3.15858e-005
0.00662307
3.52443e-005
0.000471447
6.13879e-006
4.25214e-006
7.0902e-005
8.62327e-005
0.00173523
1.18892e-005
9.46024e-006
5.70001e-006
1.70132e-007
8.82978e-006
5.44991e-005
1.10545e-005
6.19123e-006
1.27247e-005
0.000159005
0.00195675
8.43636e-006
5.38589e-006
0.00019574
1.08644e-005
8.7451e-005
2.09522e-005
5.52697e-005
6.21604e-007
4.53877e-007
6.41324e-006
4.33325e-006
0.00120721
9.07485e-007
0.00171852
1.69535e-006
8.11436e-006
1.42997e-006
6.47858e-005
0.0002165
2.06833e-005
4.14699e-005
5.83369e-006
2.89379e-006
1.99726e-005
4.59734e-006
2.87949e-008
0.000265811
8.56505e-005
3.17372e-005
1.21624e-006
6.28842e-006
0.00012731
3.59513e-005
4.85403e-006
1.2913e-005
1.22036e-005
0.00808114
1.12441e-005
6.52115e-007
0.000667623
0.000810495
9.80404e-007
3.62983e-005
1.98468e-006
1.28047e-006
9.81579e-006
3.49065e-006
1.68421e-005
9.10011e-006
0.000503039
5.77302e-007
0.000108363
6.57922e-005
0.000129773
2.02083e-005
2.00059e-006
2.22942e-005
7.90424e-006
7.27122e-006
4.4102e-006
5.05755e-006
6.92919e-006
6.54095e-005
6.51745e-005
0.00443798
8.5318e-005
2.76042e-005
5.11398e-005
1.53704e-005
7.33002e-007
4.2582e-005
0.00190311
9.3034e-007
8.21052e-005
3.0523e-006
0.00481018
0.000310638
7.84008e-006
9.7861e-006
4.3873e-005
7.6053e-006
1.53106e-005
0.00034389
7.66717e-006
6.98055e-006
0.000120513
4.96595e-006
0.00035288
7.276e-006
3.0254e-007
2.88555e-005
6.67328e-006
3.13349e-006
1.7442e-005
1.37882e-005
8.14746e-005
0.00343499
5.33983e-006
7.88535e-005
3.73794e-006
5.72593e-006
0.000149616
9.10552e-006
0.000234389
2.30902e-007
5.17308e-007
2.30806e-005
7.22436e-006
3.49861e-005
2.15612e-005
0.00172897
0.00193399
5.31568e-006
0.00196216
2.14574e-005
9.90289e-006
2.90467e-006
0.000308874
5.40316e-005
3.93679e-005
9.99851e-005
1.91438e-006
6.36092e-007
0.000415087
5.58262e-006
5.17018e-005
9.01783e-006
0.00014327
0.00012524
0.000100564
1.77019e-005
5.161e-007
5.55283e-005
8.43674e-007
0.000394463
0.000514582
1.10224e-006
9.71783e-007
1.96225e-005
4.19663e-007
1.59191e-005
4.97053e-005
1.82548e-007
3.82781e-006
1.27354e-005
4.67132e-005
0.000688619
7.84727e-006
0.000127682
0.000123552
0.000513059
0.000244461
3.15675e-006
0.000672119
0.0033169
0.00138201
0.000176116
0.000316654
7.75796e-013
4.12733e-006
8.3504e-005
7.80307e-007
9.84956e-005
3.00677e-005
2.18475e-006
0.00334059
0.000851335
2.34524e-005
1.93254e-005
0.000332245
0.000171646
4.83643e-006
0.00414145
4.17543e-006
0.00151306
0.0001097
0.000420888
2.55379e-005
1.98134e-006
7.51365e-006
2.14028e-008
2.14028e-008
3.79259e-008
3.11875e-007
1.3834e-005
0.0081273
1.13041e-005
4.97257e-007
0.000143017
1.1013e-005
2.23914e-005
0.00148875
0.0013255
1.78212e-005
2.96622e-005
3.33821e-005
0.000986492
3.04135e-006
8.6679e-005
2.70812e-005
0.000810107
6.6972e-006
9.17012e-006
1.36762e-005
8.97361e-006
1.98519e-005
3.04463e-005
2.62315e-005
4.79018e-006
0.000246416
1.9742e-006
1.26661e-005
0.000311027
3.26958e-005
0.00189946
1.82364e-006
7.89163e-005
0.00016698
2.97911e-008
2.97915e-008
0.000110113
0.00101832
2.02548e-005
7.47387e-006
1.25938e-005
0.00173283
7.0054e-005
9.93427e-006
4.8865e-006
3.48593e-006
0.00402896
1.60839e-006
1.81768e-005
2.45792e-006
4.31304e-005
2.47271e-006
7.28531e-006
0.00175487
5.21048e-006
0.00297253
7.3472e-006
7.74144e-007
8.30343e-006
0.000869347
3.22094e-005
3.80854e-006
8.59839e-006
5.98338e-007
6.6842e-005
1.14372e-005
1.71607e-005
1.12821e-005
0.000149334
3.94873e-006
0.000320511
6.56874e-005
0.000310218
1.62746e-005
0.000736685
4.51134e-005
1.11543e-005
2.93991e-005
2.41071e-005
8.60026e-006
8.80674e-005
9.22604e-005
2.08315e-005
8.76657e-006
0.00151604
0.00120596
8.60605e-007
1.87516e-005
7.00536e-006
7.26296e-005
0.000615095
0.0131135
0.000396313
4.04415e-005
4.70787e-005
3.1188e-006
6.14883e-006
0.000125909
3.58013e-008
4.10229e-006
0.00031308
1.53471e-007
6.632e-005
4.92889e-005
1.21552e-005
0.000153683
4.29174e-006
0.000108276
9.38271e-006
6.09531e-006
3.88473e-005
2.5845e-005
3.44671e-005
0.000624584
4.64594e-007
0.00352389
1.48324e-005
1.87037e-005
0.000282947
3.11296e-005
5.74285e-006
0.000101636
1.19619e-005
5.59136e-005
8.44718e-005
6.52665e-006
2.28943e-005
6.67425e-007
0.000330899
4.10083e-005
1.99842e-006
8.69547e-006
1.33125e-005
4.08664e-005
0.000178894
8.29039e-005
1.53008e-005
0.000137802
6.13708e-005
2.11678e-006
1.7872e-006
7.02408e-007
0.000173672
4.15133e-005
0.00377849
1.15492e-005
1.04305e-005
0.0015804
3.60459e-005
2.25511e-005
7.13876e-006
0.00481422
1.54441e-005
3.64622e-005
4.38539e-005
2.65917e-006
7.82368e-006
8.31918e-006
3.09833e-006
1.1176e-006
0.000702795
6.80234e-006
0.000151615
1.75791e-005
0.000310542
6.99161e-005
9.18328e-006
1.13436e-006
2.15826e-005
5.69963e-006
8.21148e-006
5.56851e-006
0.000266753
1.24349e-005
0.000318682
0.000954662
1.67134e-005
7.72291e-005
5.08892e-006
2.75079e-005
3.46778e-005
2.35985e-010
6.47679e-005
0.00981223
1.25668e-006
1.6415e-005
1.86227e-005
7.75802e-006
0.00165239
7.05706e-005
4.85842e-005
0.00405432
2.4784e-006
2.44327e-005
5.50659e-006
3.71303e-006
1.21643e-005
0.000310219
0.000104106
0.000201259
1.81897e-006
1.66258e-005
1.52891e-005
6.25923e-005
0.000378674
0.0120031
6.79051e-005
0.000702245
1.97908e-005
3.21181e-005
3.43404e-005
0.000108139
2.3499e-005
0.00166805
1.72134e-006
1.02697e-005
0.000106931
1.02689e-005
1.79098e-005
3.87483e-005
0.000823106
4.54312e-006
9.9884e-006
6.49601e-006
2.11091e-007
5.27642e-006
3.93378e-006
5.04101e-006
3.69246e-006
0.000127061
9.37515e-006
0.000198398
3.00966e-005
5.0189e-005
0.000517444
0.000100004
0.000383341
1.52305e-005
5.23861e-008
5.49221e-005
7.42846e-006
0.00011238
0.00246446
1.1121e-005
3.1372e-007
4.81483e-005
9.40269e-007
1.13018e-006
0.000164711
0.00129427
4.52552e-005
6.76257e-006
7.74713e-006
6.94883e-006
1.80318e-005
9.66962e-006
0.0007467
4.00529e-005
8.11306e-005
3.60545e-005
6.49378e-006
2.638e-006
0.00213168
2.64364e-006
2.79182e-005
2.08008e-006
5.1658e-006
9.399e-005
3.71968e-008
0.00320509
9.8574e-006
0.000131514
2.59468e-007
4.48248e-006
1.2478e-006
0.00388369
3.05276e-005
0.00478987
0.000109823
3.55506e-006
3.20405e-006
0.00192173
1.63155e-005
5.60332e-007
4.78045e-006
0.00245377
6.82779e-006
1.1944e-005
1.96158e-006
0.0122734
7.7409e-006
3.03003e-005
0.000234125
1.77737e-006
8.48195e-005
2.28852e-008
0.000113817
7.8134e-006
1.09067e-005
4.67359e-006
0.00036619
0.0041997
3.4e-006
2.72214e-006
7.95897e-005
1.43407e-006
0.000133208
7.20719e-005
0.000137904
0.000181455
5.42073e-006
7.71013e-006
0.00130866
0.000228321
3.17422e-005
0.000193864
3.41258e-005
2.71804e-005
1.39606e-005
2.53959e-006
7.8675e-005
4.68296e-006
3.20535e-006
1.97734e-006
7.60375e-005
0.000341489
1.29102e-005
1.62165e-005
1.15649e-006
1.30038e-005
1.49409e-005
4.588e-006
3.25493e-005
0.000163049
3.20768e-005
0.000298306
0.000142191
4.45689e-005
0
9.51097e-005
5.66214e-005
4.14555e-006
1.15045e-005
7.43694e-005
5.99706e-006
0.000165947
6.81089e-007
6.77539e-006
0.000207202
2.20487e-006
0
3.23631e-006
7.56695e-006
2.00794e-006
1.08756e-005
4.34642e-006
3.03253e-006
0
3.36097e-005
8.6056e-006
4.36119e-005
0.00109732
0.000202566
0.000201537
1.15058e-005
1.3716e-005
1.01684e-007
6.33182e-006
3.96112e-008
2.58228e-005
1.25064e-005
4.66747e-006
1.47575e-006
2.7908e-005
4.29843e-006
0.000163982
6.20436e-006
2.74628e-005
4.63135e-006
2.30792e-005
4.39327e-005
0.00255051
2.72091e-006
5.08133e-006
0.000814711
3.05473e-006
5.53946e-005
3.79626e-006
0.000777672
2.67796e-008
0.00120231
0.000178546
1.30302e-007
6.63008e-006
4.82152e-005
3.7592e-006
0.00223435
0.000114542
0.000224735
8.33924e-005
6.76837e-006
1.37311e-005
4.07106e-006
4.07913e-006
3.98857e-006
5.69889e-005
2.22633e-005
1.35221e-005
2.12865e-006
3.30443e-010
9.33294e-006
8.72113e-006
1.59703e-005
1.44408e-005
0.000159768
0.000600506
7.12742e-006
0.000251225
2.61313e-006
2.48184e-005
7.04857e-005
3.81484e-005
9.27645e-010
4.38762e-007
1.12487e-007
0.00013705
0.000185748
1.95639e-006
1.89147e-005
2.39488e-006
2.0336e-005
3.70562e-006
0.000469628
0
0.000353434
0.00066999
3.33783e-006
7.73287e-005
7.0202e-006
2.13513e-005
0.000184518
1.48719e-006
1.26483e-006
0.0001016
4.64916e-007
6.03919e-006
1.07004e-006
4.3636e-005
1.7945e-008
2.75995e-005
3.16719e-006
3.29858e-005
0.000112223
0.000123583
0.000314743
0.000301241
6.0583e-005
0
3.99386e-005
0.000924045
0.000273239
0.00031274
4.848e-005
1.59837e-005
9.10188e-006
4.31765e-008
3.62912e-008
0.000129517
2.50183e-005
7.46897e-006
0.0001165
5.88518e-006
0.000153222
5.15537e-005
1.60291e-006
0.000164059
1.92118e-005
0.000890686
0.00175066
3.56989e-006
4.91077e-006
0.000265758
0.00147065
0
2.6979e-006
1.6964e-006
0.000107626
1.3894e-005
2.35656e-005
0.00118976
0.00157648
1.36721e-009
2.73301e-006
2.28879e-005
5.18762e-006
-1.35565e-009
6.99386e-006
3.42725e-005
9.11346e-005
3.5988e-006
1.12136e-005
0.0083175
0.000478026
3.79345e-009
0.000371786
0.000640598
6.84762e-005
6.99247e-005
7.63283e-006
1.41059e-005
5.73099e-005
1.8552e-005
2.19775e-005
3.36941e-006
0.000509809
0.00200855
9.62447e-006
0.000473022
7.50817e-005
1.16125e-006
2.88274e-007
6.57659e-005
5.20843e-005
9.90162e-006
0.000227306
3.52592e-006
2.94107e-005
6.39362e-006
1.35067e-006
1.43202e-006
3.13244e-005
3.67002e-005
3.11407e-005
0.000194647
2.76169e-005
0.000127647
0.000641143
0.0047595
1.82118e-005
0.000304013
3.57833e-005
0.000314125
2.20685e-005
0.00389374
0.000597437
5.81952e-005
5.93981e-006
1.01492e-005
1.3327e-006
8.45753e-007
2.49671e-005
1.79686e-006
0
5.9763e-005
1.40968e-007
4.38583e-006
1.60162e-005
0.00977968
0.000152274
0.000572554
2.84966e-006
1.61859e-005
1.08026e-006
2.1246e-014
2.92007e-005
0.000117414
0.000166872
2.82314e-006
1.73421e-005
7.31489e-005
4.63211e-006
3.27162e-005
0
7.64479e-005
0.000131239
0.000305343
1.25716e-006
0.000426178
7.26074e-006
5.44395e-006
1.56711e-006
2.11109e-006
5.99006e-005
1.54249e-005
7.69805e-005
0.00166851
0
8.93727e-006
6.27075e-005
0.00148437
2.62976e-005
2.0757e-005
0.00044275
1.25239e-007
6.58517e-006
0.0190965
7.53756e-005
2.30017e-005
6.03304e-005
7.32839e-006
4.45651e-005
2.03142e-006
0.00179814
1.45381e-005
7.92679e-006
3.47324e-005
3.49414e-006
0.000243542
1.28997e-005
1.91993e-005
6.64571e-006
6.35974e-006
8.95067e-006
3.28869e-005
3.10483e-006
7.26767e-005
4.69668e-006
0.00241997
1.99197e-006
9.42276e-005
0.00135682
1.04072e-006
3.87657e-006
1.0283e-006
-1.86629e-009
0.000228139
0.000395583
2.8215e-006
7.47797e-006
0.000965972
0.00164789
2.80518e-008
3.23167e-005
5.81912e-007
9.81706e-006
1.04446e-005
1.04445e-005
0.000438162
1.4615e-005
0.000103085
0.000182451
0.000106503
8.56516e-006
0
4.22254e-005
3.09889e-006
7.18393e-005
5.18395e-006
1.2926e-005
5.04505e-006
1.46837e-009
2.29148e-005
3.29952e-006
2.05798e-006
5.09911e-006
6.88736e-005
6.14713e-006
3.16784e-005
2.65351e-005
2.18095e-005
0.000276641
2.44052e-006
1.41351e-005
3.76116e-005
5.14356e-008
3.9749e-008
3.50451e-008
4.32873e-006
2.7333e-005
1.86397e-006
0.000574162
6.23717e-006
0.000436353
0.00809486
0.013937
0
8.02382e-006
8.6337e-006
8.06558e-006
0.000708315
0.000242248
0.000202514
5.99595e-005
0.0044157
0.0233458
8.74263e-005
1.52623e-006
4.41182e-006
3.6154e-005
5.84696e-006
5.25855e-006
2.39182e-005
0.000430068
5.31094e-008
6.74529e-006
0.0002046
0.00578914
1.76335e-005
9.44434e-006
3.27255e-006
2.09442e-005
3.8969e-006
0.000214667
4.13048e-005
3.77987e-006
4.71507e-007
0.0003474
0.000273185
3.90639e-005
1.49714e-005
7.88004e-005
0.000463835
0.000303513
0.000224666
1.95122e-005
1.18609e-005
2.74422e-005
0.000257754
4.3735e-005
3.03127e-006
0
3.15378e-005
8.06955e-005
6.98051e-006
7.42865e-005
0
5.65696e-006
2.08279e-005
3.79342e-006
3.22812e-006
0.000295395
0.000359866
7.07349e-007
2.8411e-005
5.19629e-007
2.54554e-006
1.41224e-005
6.59548e-005
6.05382e-006
0.000338194
2.31781e-005
6.13563e-005
0.00171913
7.26224e-005
3.04568e-005
5.35618e-007
0.000850377
5.73841e-005
5.29894e-007
0.000161001
2.55867e-005
0.000199093
0.000430058
5.31387e-006
0.00101228
5.66964e-007
0.0172736
0
1.7588e-005
0.0045306
0.00221111
0.00516679
0.00057397
0.000984526
0.000125282
0.0123053
2.39085e-006
2.4167e-005
5.0973e-006
2.18374e-005
3.96759e-006
0.000318792
4.34788e-006
4.73504e-005
2.40647e-006
0.000104958
3.48333e-006
3.84833e-007
0.0025535
4.85616e-006
1.27713e-005
4.91532e-005
4.03895e-006
3.16304e-005
0.00264007
3.99953e-008
1.96573e-008
0.000289016
0.000413765
1.97228e-005
2.37959e-006
5.68585e-006
7.613e-006
0.00026378
0
1.89307e-005
5.54149e-006
1.43543e-005
0
1.65277e-006
1.80597e-005
0.000232493
1.31773e-005
6.78043e-006
0.00106374
4.0056e-005
0.000780853
0.000210541
0.000559762
0.000435267
0.000115602
3.71842e-007
5.25052e-005
4.11476e-006
2.19879e-005
2.98774e-005
0.000436561
0.000116642
0.000169725
2.34468e-005
5.5351e-005
0.000139916
9.74291e-006
0.000101593
0.000102107
4.48978e-006
6.52547e-005
0.000131246
0.000798145
1.85045e-006
8.36113e-006
3.87245e-006
4.92646e-005
8.27849e-007
4.87133e-006
5.17821e-005
3.12047e-006
0.00794145
3.96625e-006
0.00125958
0.00138752
8.04303e-006
0.000200576
5.63195e-006
0.00181314
2.2491e-006
5.27134e-006
0.0143943
0.000118591
1.34951e-005
1.07567e-005
4.4396e-005
4.04335e-005
1.04203e-008
7.75834e-007
0.000537045
0.000114895
1.33389e-005
0.000310412
0.000446005
1.28201e-006
4.69526e-005
0.000336171
4.8771e-005
2.33766e-005
0.0002576
6.79019e-005
0.000109667
0.000218824
0.000585645
3.51307e-005
6.20809e-005
3.87237e-005
0.000783741
0.00552628
6.02807e-008
0.00443324
5.82231e-005
0.00285064
1.1599e-005
8.01222e-006
0.000933846
0
1.33231e-006
4.12543e-007
1.70063e-005
3.66829e-006
4.13139e-006
3.87056e-007
8.69244e-005
7.48726e-006
6.20668e-006
1.61481e-005
0.000144976
7.71952e-006
6.89197e-005
0.00299775
6.34387e-005
6.96561e-005
6.08981e-005
7.53373e-007
3.43526e-005
6.9099e-006
3.47159e-005
0.000263484
7.0089e-005
2.39403e-009
0
0
3.15822e-016
0.00013125
2.63771e-005
1.53566e-006
0.000808589
0.00018021
4.58014e-005
0.00019701
0.000139479
9.90438e-005
0.0028243
1.37786e-007
0
3.79767e-008
1.02555e-005
1.28556e-005
0.000149659
1.37559e-006
1.73611e-005
0.00013886
5.48203e-005
9.46788e-007
3.93642e-005
1.81906e-006
2.61505e-005
0.0151214
8.77654e-006
1.21148e-005
1.83739e-005
8.30186e-005
0.000240419
1.38537e-006
3.98719e-006
3.9073e-007
4.95953e-005
7.09804e-005
0.00375976
0.00435418
0.00057582
3.59988e-005
8.3509e-006
4.36833e-006
0.000237947
2.99109e-005
0.000210184
1.54563e-006
3.45629e-005
1.27546e-006
3.26986e-005
3.14026e-009
4.65538e-005
0.00879142
0.0151077
2.93992e-005
1.49249e-006
2.10071e-006
0
5.11787e-005
0.000358961
6.07286e-006
2.92127e-005
5.45928e-005
4.90338e-005
8.60018e-006
0.000397867
3.51087e-005
8.7232e-006
0.00039631
2.66244e-006
0.000327488
4.07012e-008
9.00522e-007
0.00059223
0.00819166
8.36606e-005
2.52582e-006
0.000155525
5.885e-006
4.36388e-006
0.00127142
0
1.98745e-006
6.62687e-006
5.51723e-009
3.11117e-005
1.63357e-006
2.94014e-006
2.04054e-006
2.2427e-006
0.00014352
0.000463158
0.000593944
3.65615e-008
1.55402e-005
0.000162024
4.02159e-005
0.000389968
2.95328e-005
0.000171968
0.000316996
1.13672e-005
3.34571e-005
6.84071e-007
6.65147e-006
0.000155996
4.90626e-006
6.42895e-006
7.02683e-005
3.15839e-016
5.98839e-006
2.48025e-006
7.56207e-006
1.02863e-005
0.00049663
1.93864e-005
6.91124e-006
0.000240984
3.61821e-005
2.68724e-005
0.000134936
1.79569e-006
6.90872e-006
2.01643e-006
5.31427e-006
4.7807e-005
2.49531e-005
3.15885e-016
3.17583e-006
4.48663e-006
2.05648e-005
1.09886e-005
2.61597e-005
0.000518462
3.39298e-006
5.69964e-005
1.24463e-006
0.000819219
9.33778e-006
0.00310636
8.97186e-005
0.00141992
3.79717e-005
0.000290753
2.97097e-005
5.40347e-005
0.000660315
9.46956e-006
3.68593e-005
6.18784e-005
6.03505e-006
0.000222477
0.000546659
0.000452937
0.000285745
0.000368302
0.000768579
0.000706287
8.71681e-005
2.19966e-006
0.000521643
0
0.000240751
4.86925e-005
1.13671e-006
2.32146e-005
1.4797e-009
8.72115e-006
1.11865e-005
2.0076e-006
0.000128042
0.000613348
0.000685251
1.29551e-005
0.000161185
0.000571421
8.43583e-006
0.000605223
7.30172e-006
6.25088e-006
0.000942397
4.70424e-006
0.000120254
0
2.05236e-005
1.05526e-005
2.18526e-006
0.0148885
4.63091e-007
3.63905e-007
0.00493971
2.77974e-006
2.56416e-005
0.000171324
0.00139646
1.71284e-006
0
5.76539e-006
1.86764e-006
0.00408873
7.17181e-006
0.000154391
7.17497e-006
1.07636e-005
3.14142e-005
3.3493e-005
8.43162e-006
9.3074e-010
0.000378421
1.29057e-006
9.56635e-007
3.04808e-005
3.88179e-005
0.000194397
1.20312e-005
7.55319e-005
0.000508953
0.000141535
2.08481e-005
3.01679e-006
1.67765e-006
2.12848e-006
1.79602e-005
9.88046e-006
0.000111329
6.51942e-006
1.9174e-005
5.03919e-006
2.09445e-006
-1.12102e-009
2.65279e-005
8.88563e-005
1.26205e-005
8.26369e-005
8.46865e-006
2.22026e-005
1.91276e-005
8.06036e-006
0.000212147
0.000166484
0.000388303
0.000347221
0.000232305
4.67352e-006
1.8728e-007
0.00025488
0.000233929
0.00116902
0.00226424
4.38403e-006
5.41136e-006
0.000502732
1.75902e-007
5.03852e-006
0.000258515
0.000109003
2.99631e-006
1.38658e-006
6.50632e-007
5.16706e-005
0.000163088
5.06857e-006
5.16167e-006
4.40101e-006
0.000357806
1.47711e-006
4.8678e-005
1.40046e-007
0
2.04928e-005
1.23572e-005
0.00823982
0.00046643
1.04926e-005
5.42209e-005
0.0002474
7.6273e-005
4.53538e-006
7.37902e-006
0.000164481
6.1124e-005
0.000857926
0.00032124
3.61351e-005
7.4109e-005
0.000571184
0.000250216
2.7216e-005
3.34352e-005
0.0115011
1.72033e-005
1.70642e-005
4.34649e-006
1.41633e-006
2.71998e-006
5.00445e-006
5.44048e-005
7.8051e-007
8.71549e-006
2.89163e-005
9.39071e-005
5.17741e-010
8.03437e-005
5.01611e-006
4.10181e-005
0.00020661
6.17061e-005
3.09578e-005
0.0146348
9.77077e-007
1.814e-006
2.43587e-005
6.28063e-007
0
0
3.19028e-005
0.00312638
0.00018782
3.57825e-006
0
0.00306333
0.00204952
0.000131195
8.47759e-007
2.35011e-005
2.50502e-005
2.019e-006
0.00369621
9.94327e-007
1.77366e-005
2.22668e-005
5.26046e-005
8.22346e-006
2.37452e-006
1.38184e-005
1.91518e-006
6.6033e-005
1.64237e-005
0.00184432
0
3.70766e-006
4.13443e-006
1.82836e-007
2.50547e-005
1.3204e-005
8.12932e-005
5.44332e-006
1.67504e-006
8.8378e-005
0.00091353
0.000576998
0.000407301
0.000283829
0.000337627
1.82274e-005
6.0151e-005
0.0470564
3.27177e-005
0.0179032
0.00055526
1.56118e-005
0.000112279
3.75643e-006
9.6008e-005
0.000157316
0.00281345
0.000229534
9.32869e-006
0.000580936
0.000201409
2.25495e-005
0.00035811
1.61045e-006
0.000615994
5.74612e-005
8.1776e-006
1.23035e-005
6.18055e-005
7.14587e-006
0.00050793
0.00180471
0.000467993
5.235e-005
0.000165973
0.00192996
0.00210485
1.5773e-007
0.000226125
5.01749e-005
0.00156655
3.23999e-006
9.01677e-007
8.03544e-006
4.7778e-005
1.339e-005
0.000111588
0.00022906
0.000137577
0.000106094
0.000208597
0.000771036
0.00178392
8.29098e-007
7.04897e-006
6.06248e-007
2.3819e-008
5.29423e-005
9.99113e-005
7.80935e-005
3.03133e-006
1.93147e-006
0.000137108
3.04866e-006
2.66484e-006
0.000250951
0.000128893
4.06763e-006
1.04855e-005
0.000879081
2.74994e-006
0.000198503
3.50721e-005
0.000226507
1.83242e-005
3.80966e-005
2.40125e-005
3.79457e-006
8.1823e-006
2.88424e-005
1.59186e-005
2.83859e-006
7.09483e-006
6.58459e-008
2.80461e-005
8.40914e-005
0
4.71961e-006
6.44614e-006
0.0172545
6.65543e-006
0.00100829
2.10087e-005
1.47307e-006
6.39144e-009
2.88598e-007
0.00248085
5.24579e-010
2.6429e-006
4.09912e-005
2.23034e-005
0.00111485
6.14985e-005
5.80879e-006
1.27398e-005
0.000110806
3.2981e-005
0.000126768
7.43e-006
3.81562e-005
2.06674e-006
0
0.000397607
0.000138262
0.000271346
0.000594052
0.000144293
0.000410076
0.000122001
0.000728584
1.67838e-006
0.000108102
3.62139e-006
0.000143882
1.69683e-005
0.000109599
2.86562e-005
0.000187301
0.000154533
0.000175496
9.28774e-007
0.000433834
0.000382429
0.000223679
4.36496e-006
5.57626e-005
-1.62092e-009
0.000631491
2.41481e-007
2.85191e-006
6.03652e-006
7.06369e-006
1.5027e-005
0.000103922
5.03657e-005
0.00372242
6.87936e-006
1.69845e-005
1.03701e-005
0
1.42649e-005
0.0010212
0.0007226
0.000198694
2.51642e-005
-2.52859e-009
1.2761e-005
0.00993057
0.000240199
6.04664e-005
1.24276e-005
5.21865e-006
6.24909e-005
3.69342e-005
3.137e-006
0.000748164
1.09585e-005
6.87336e-005
1.46699e-005
1.53673e-005
0.0014844
3.06218e-005
7.68805e-006
0.00412413
0.000168566
0.00034653
2.19366e-006
1.90851e-005
4.51013e-006
1.16904e-005
0.00949396
1.06916e-006
8.23498e-006
0.000106837
0.000147305
0.00131576
6.70835e-006
7.45974e-005
5.72503e-005
0.00010256
1.90081e-006
3.03677e-005
2.51185e-005
0.000583763
0.000136824
6.79579e-006
0.000174462
3.77655e-006
0.000725047
3.9553e-005
4.14669e-005
0.000168498
1.77597e-005
0.00243926
6.95844e-006
3.16012e-006
7.04698e-007
1.77492e-006
1.61733e-005
3.67295e-009
0.000227892
1.39356e-005
1.56273e-005
0.000152691
1.03493e-005
0.00045993
6.50805e-006
2.01099e-005
0.000125524
2.6861e-006
5.56946e-006
0.000148062
2.70724e-005
2.91143e-005
0.000205137
1.4812e-005
2.43705e-006
9.37793e-006
4.21993e-006
0.000117251
2.33966e-006
5.98127e-005
0.000557767
7.01423e-007
1.19406e-006
0.000413587
1.57639e-005
0.00249939
1.35428e-005
3.75879e-006
0.0156889
0.00513893
3.56768e-005
7.95737e-005
2.35904e-005
9.67506e-006
9.07719e-006
5.46782e-006
7.53333e-005
4.31954e-005
2.65966e-005
0.000142172
5.07208e-007
4.65719e-005
0.00183092
8.72331e-006
3.25643e-005
0.00147949
0.00315883
3.2852e-005
5.16067e-005
7.79073e-006
0.000100452
7.31836e-008
5.65043e-008
0.00116055
1.0179e-005
2.19213e-006
1.23139e-006
0.000117072
4.05351e-005
0.000783064
3.07896e-006
0.000357023
0.000417408
1.114e-005
0.00035005
0.000870457
5.21785e-005
2.23275e-005
5.28345e-006
1.95169e-005
8.99862e-006
5.05152e-006
2.05974e-006
2.26607e-005
4.68141e-005
0.000749897
0.00020117
7.50709e-006
0.000128562
0.00031032
0.00120016
0.000133987
8.42433e-007
0.00998763
5.74709e-005
0.000112855
0.00520841
0.00282942
0.00621338
0.0123364
0.000241026
1.21827e-005
0.000321194
3.29678e-005
0.00104941
1.33034e-005
2.81749e-005
6.50781e-005
9.56392e-007
0
7.1156e-006
9.14045e-005
0.000501263
0.0151216
0.0182129
6.27147e-005
0.00230884
8.61267e-006
8.32324e-006
0.000124283
0.00607822
1.81728e-005
2.843e-010
0
0.0038551
0.00020064
0.000500201
9.11249e-007
3.05809e-006
1.8765e-005
0.000190648
4.90128e-006
2.75716e-006
0.00595717
6.5256e-005
1.35247e-005
6.40218e-005
0.000308131
4.11619e-006
2.41882e-006
0.000314619
1.59712e-006
1.19919e-005
1.68379e-005
5.56089e-006
1.43149e-005
3.13929e-006
2.40333e-005
0.000314215
0.00079645
0.000185719
0.000549426
7.93099e-006
1.72145e-005
1.13517e-006
0
8.50392e-008
0.000122786
5.63951e-005
5.83909e-006
0.00178877
0.000276135
0.000664065
7.20801e-007
4.47548e-006
1.77396e-005
0.000480554
2.70762e-006
7.22739e-005
1.36356e-005
7.4779e-006
0.000878679
0.000500476
4.48805e-005
5.95088e-005
3.10412e-007
0.000310465
0.000894869
9.65656e-005
0.000109238
0
1.87236e-005
0.000141566
0.00249744
0.000195125
8.9649e-013
0
2.22941e-005
1.02399e-005
0.000154403
1.35162e-005
9.86667e-005
1.07863e-005
2.00206e-005
0.000424925
0.00296718
0.00750684
0.00167845
0.00608038
0.000453107
0.000496046
0.000112164
0.000654779
0.000627462
2.04801e-005
0.000584811
7.77826e-006
7.68959e-007
3.51209e-009
0.00269401
2.55701e-005
8.41921e-006
1.06371e-005
2.64873e-006
0.00135152
0.00107649
0.000711017
0.00190394
3.67212e-006
6.6232e-006
0.000356442
1.82146e-007
4.611e-006
0.00453697
4.22116e-007
1.79808e-006
1.91438e-006
0.000786717
1.695e-005
6.76974e-005
0.00220468
0.000171412
2.48733e-005
9.59413e-005
0.000409131
3.36227e-005
7.02067e-005
5.62915e-005
7.66117e-006
1.74568e-005
0.00093093
6.01234e-008
0.00013782
1.31947e-006
0.000153691
0.00124581
0.000266083
0.0030121
3.28919e-006
2.27049e-005
6.73891e-005
5.8706e-005
0.00414841
2.0459e-005
6.27249e-006
2.73784e-005
0.000134056
3.58974e-006
4.77876e-006
5.25802e-005
0.000116496
7.44435e-005
8.50766e-005
3.8261e-005
2.28109e-006
1.70264e-006
1.1388e-005
3.11789e-005
0.0114471
7.83141e-005
0.00442473
0.000703118
1.08431e-005
1.70432e-005
0
6.70473e-005
1.03231e-006
0.00136187
0.000477336
3.2346e-005
4.68103e-007
0.0032047
1.34431e-005
2.41279e-005
1.822e-006
4.61886e-005
0.00638289
1.95036e-005
3.97438e-005
2.53362e-006
3.17062e-006
0.000354657
0.000112332
0
0.0003758
0.000357257
5.05776e-006
1.12167e-005
0.000154149
0.000400337
5.65949e-005
5.17705e-010
0.000333466
0.0017926
1.81816e-007
0.00291773
3.34282e-005
0.000245356
6.16588e-005
4.40715e-006
0.000489448
0.000609956
3.0215e-006
2.91552e-006
6.06958e-005
2.8288e-005
1.54613e-005
1.1057e-005
4.09901e-006
5.04574e-006
2.98028e-005
0.000834519
0.00228073
0.00336996
2.47785e-005
2.2179e-006
4.12018e-005
3.00111e-005
3.43976e-005
1.81658e-005
2.88366e-006
3.73444e-006
1.52737e-005
9.27168e-005
8.47232e-006
0.000414733
0.000890268
9.27015e-006
0.00574808
0.00015255
0.00126576
0.000824411
2.55372e-005
5.18292e-007
8.58141e-006
0.00019292
0.0120038
4.58289e-005
2.66642e-006
6.47423e-006
5.9592e-006
1.70054e-005
4.86427e-006
1.97176e-005
4.32365e-006
1.62805e-005
0.00229205
0.00204023
0.00207024
2.43351e-005
0
6.20714e-005
0.000154264
0.000235644
0.00657821
1.40108e-005
7.31151e-006
5.22321e-006
0.000510684
0.000195165
4.44755e-006
0.000477656
2.07628e-005
1.07427e-005
0.000149602
7.96202e-006
1.29098e-005
1.29457e-005
0.000145326
0.000102934
3.42037e-006
2.67916e-006
7.24242e-005
0.00350631
0.000354757
2.18552e-005
0.000335922
0.000341221
2.32638e-005
2.33495e-005
0.000263386
0.000478543
9.04862e-006
9.60289e-005
1.1849e-005
7.09287e-005
1.43102e-005
0.000665203
2.08059e-005
1.05403e-006
6.13392e-006
3.73397e-006
0.000980317
0.000575052
0.000226838
0.000296753
4.67785e-005
1.53183e-005
1.84606e-006
8.75905e-006
0.000138719
6.54328e-008
1.48664e-005
6.10725e-006
4.08639e-006
0.000101908
6.35227e-006
1.57465e-005
0.000362013
0.00602571
4.44486e-005
1.35257e-005
8.64947e-007
4.20655e-005
0.000555266
0.000142363
0
1.34418e-006
4.901e-005
3.33559e-005
0.000543539
0.00137366
0.000542237
6.74109e-005
1.52738e-005
0.000990631
1.10824e-005
0.00631026
1.0757e-006
0.00276208
8.44934e-006
0.000118777
0.000353791
9.71081e-005
0.00038767
2.13312e-005
1.08056e-005
0.0079054
0.000454523
0.000427168
0.000542799
0.0171613
0.00213892
0.000202206
1.46655e-005
0.000175502
9.20506e-006
1.10575e-006
3.41564e-006
1.66296e-005
0.000141988
1.06099e-005
0.000669425
2.56952e-005
0.000313442
0.000388362
9.7768e-005
3.95641e-006
4.85308e-006
9.4027e-007
3.83549e-006
2.55535e-006
0.000220945
0.000104785
7.05508e-005
3.25807e-006
2.34298e-006
5.37083e-007
9.80319e-006
0.0122212
4.41077e-005
0.00180556
5.80674e-005
0.00034979
0.000709677
0.000742425
0.000161186
9.4496e-005
0.00940796
0.00796256
0
2.28891e-006
0.00344801
1.06653e-007
9.36269e-006
1.92211e-005
0.000153617
1.6202e-006
1.889e-006
7.92765e-006
0.000383183
6.08134e-006
1.23151e-005
0.000173031
5.49745e-006
1.23303e-005
1.40964e-006
2.90047e-005
3.20548e-005
3.65548e-005
4.16256e-006
1.8735e-005
0.0140527
0.00073508
4.06937e-006
4.43636e-006
1.01187e-005
1.70444e-005
6.52418e-006
1.0286e-005
0.00052744
1.23949e-006
4.015e-005
2.94369e-006
4.09799e-006
0.000224656
9.01093e-005
0.00740718
5.86264e-005
2.09591e-005
0.00396193
0.00278573
2.97827e-005
8.93272e-005
8.75805e-006
1.30371e-005
1.71166e-005
0.00045795
3.89263e-005
0.000104526
3.5031e-005
1.92115e-007
1.60156e-005
6.66906e-006
9.53241e-005
0.000395293
0.000772965
7.79155e-007
0.000153926
5.33462e-006
2.08433e-006
2.49111e-005
6.57261e-005
0.0170751
5.58598e-005
7.81006e-005
5.87593e-006
6.20022e-006
4.68207e-005
0.000298587
0.000144758
2.04377e-005
1.10587e-005
4.77631e-005
8.21494e-005
0.000135782
0.00107449
3.44022e-006
9.26612e-005
0.00744901
1.10096e-005
3.99542e-006
0.000544064
0.000636352
8.43732e-006
0.000393145
1.45422e-007
1.87037e-006
0.000189813
5.83689e-006
0.000491285
6.82128e-005
1.148e-006
1.71411e-005
2.39477e-006
7.17226e-005
3.52169e-005
0
1.33996e-005
1.46644e-005
2.30129e-005
1.04771e-005
3.96081e-005
3.25739e-007
1.36882e-005
1.92785e-005
0.00598676
6.7406e-005
0.00808802
8.47033e-006
6.7162e-008
4.61636e-006
5.17867e-006
1.52484e-005
5.67128e-006
0.00303829
0.000387963
1.06487e-005
0.000109071
6.61943e-006
0.000231441
0.00727685
7.36331e-005
3.18806e-005
0.000223927
8.5418e-005
0.000161178
0.000143044
0.000267021
0.000642468
0.00160044
1.08481e-005
6.51871e-006
1.04378e-005
0.0104348
7.21443e-006
3.89972e-006
6.00742e-005
2.17631e-005
1.02433e-005
5.06792e-006
2.28741e-005
9.62578e-005
3.05067e-005
1.54745e-005
0.000930262
0.000459058
0
0.00128042
0.000549994
0.00106499
0.00570704
1.07166e-005
2.11892e-006
3.09325e-005
0.000170157
0
1.04873e-005
0.000176038
0.000149825
2.39486e-005
1.78181e-005
8.59872e-008
7.74331e-005
0.000165974
1.09079e-005
3.07519e-005
0.00113184
1.09811e-005
2.11617e-006
6.31158e-008
9.59835e-005
0.000319815
4.18779e-013
7.63946e-005
9.36466e-005
0.000156076
1.86244e-006
1.53066e-005
3.70023e-006
0.0144202
4.37458e-005
2.38756e-006
8.50346e-007
0.00045748
4.32668e-005
0.000587811
4.60986e-006
4.20689e-006
5.3544e-005
4.77369e-005
1.87367e-005
0.00759213
7.92602e-007
4.40089e-006
5.26465e-006
7.21752e-006
0.000161251
2.1177e-005
6.13117e-006
0.00163607
4.12979e-006
0.00185578
1.97149e-006
4.37831e-005
4.11515e-005
1.48213e-006
0.00166131
9.41315e-005
0.00022283
0.000115213
0.000429561
4.13672e-005
3.46648e-005
0.00253018
0
1.18442e-006
7.31562e-005
0.00246694
0.00145083
1.57473e-005
1.61384e-006
3.36814e-005
0.000108006
0.000130132
0.000678637
1.31751e-005
0.00491109
0
3.27858e-006
0.0001448
2.57483e-005
1.74458e-005
0.000469476
0.00469533
1.5281e-005
3.11117e-005
7.58996e-007
9.48801e-005
3.57962e-006
2.18262e-005
1.07219e-005
1.30998e-006
0.000314461
2.37899e-005
0.0014919
2.56631e-005
1.62148e-005
0.000366071
2.26678e-006
4.09869e-006
0.00012358
5.80674e-006
1.415e-006
5.27148e-005
7.64346e-009
4.95379e-006
1.81471e-005
2.66669e-006
0.000293194
9.56134e-005
0
1.85211e-005
2.74532e-006
0.000313389
6.75998e-005
0.000230302
0.000423666
5.11514e-005
0.000154167
8.47173e-006
0.0058779
3.27396e-005
0.000710753
0.000280168
2.37341e-005
1.48293e-005
2.30099e-005
0.000154203
7.64991e-006
3.10329e-006
0.00848854
0.00110428
2.53295e-005
9.5613e-006
5.58802e-007
1.01886e-005
0.000485981
0.00430661
0.0011598
2.07389e-007
1.46159e-005
5.836e-005
2.57278e-005
3.24766e-006
4.0767e-006
0.000655003
0.000694495
0.000213646
0.000593097
1.16374e-005
0.000419466
7.76047e-006
2.40398e-005
9.09919e-006
3.38917e-005
1.6354e-005
5.311e-008
1.53749e-006
0.00134592
9.03252e-005
7.20762e-006
0.000807762
2.07792e-006
1.2714e-005
0.000134346
0.00152613
0.000108654
1.13949e-005
0.00326598
6.11541e-006
2.88369e-005
0.000195789
0.000312949
5.28853e-005
0.0132567
2.97019e-006
0.000146105
0.000348298
0.00168666
0.00120352
0.000564457
0.00122838
0.0010912
0.00036207
0.00666462
0.00891975
1.78738e-005
0.0126887
0.0103939
0.00188256
0.00021336
0
3.92924e-007
4.93017e-005
9.41284e-005
1.7852e-005
0.000163935
4.20311e-006
5.63929e-006
7.62041e-005
0.000227984
0.000706842
0.000327766
1.80306e-006
0.000368181
3.4367e-005
0.00848854
0.000142553
0.000348391
0.000998078
0.000115587
0.000186841
0
7.17496e-005
0.00020588
6.86866e-005
2.02478e-005
0.000134718
0.000120402
7.06411e-006
1.99887e-008
0.000300859
0.000333658
0.00344012
4.33411e-007
9.31541e-007
0.000115025
3.17865e-006
4.32645e-008
1.21629e-006
1.21938e-005
7.30811e-005
6.92581e-005
1.10265e-006
2.16478e-005
3.31236e-006
1.04583e-006
4.10398e-006
1.45713e-006
0.0040928
0.0079259
4.42941e-006
0.000513441
1.09403e-005
1.4358e-006
6.07425e-005
3.9377e-005
0.000201235
9.33066e-005
2.94648e-005
0.000229004
0.000290322
1.11401e-006
3.5554e-007
0.000101297
3.61682e-005
6.67361e-005
4.61305e-005
8.50945e-006
6.02833e-006
9.54472e-007
1.90587e-005
0.000151937
6.13488e-005
0.00127299
4.15742e-007
8.92412e-006
6.28677e-006
1.03649e-005
0.000582484
0.000435221
7.27298e-008
1.92801e-005
7.56052e-005
0.000210288
4.12298e-005
0.000403905
0.00186059
0.000654489
2.07371e-005
0
0.000130295
3.9586e-005
0.000326513
8.92242e-007
1.59902e-006
6.41636e-005
5.12881e-005
0.000980526
8.78851e-006
7.28487e-006
0.000222439
4.08452e-005
0.00035497
0.000126343
1.80921e-005
2.2157e-005
6.47593e-006
0.000415895
9.71428e-007
0.000201019
3.62752e-005
0.00231657
4.62792e-007
0.000231837
0.000273033
0
0.000930157
7.05358e-006
6.90296e-005
7.35681e-006
1.82459e-005
3.11319e-005
3.41794e-005
0.00236054
2.90769e-005
1.30362e-005
1.73504e-005
9.43179e-006
1.98582e-005
4.53388e-005
6.48336e-006
1.48766e-005
4.99085e-005
5.97092e-006
7.55919e-013
0.000238161
2.45924e-008
3.74462e-008
0.000740682
2.27515e-005
0.014449
1.20609e-005
2.68011e-006
3.45213e-007
1.90472e-006
8.93326e-005
3.32027e-006
1.74024e-006
3.21644e-005
4.37664e-006
0.000655327
0.00471152
0.000352722
4.4111e-005
0.000181747
6.57809e-007
2.4961e-005
0.000210805
1.43209e-005
0.000186336
0.00233669
6.73227e-005
1.99083e-005
0.000255383
9.22879e-005
7.27261e-005
3.29645e-005
2.05868e-005
1.8265e-005
4.35409e-008
2.49892e-008
1.56512e-008
2.21773e-008
-2.05102e-009
0.000130861
8.6599e-007
3.73768e-006
0.00060348
0.000421034
4.79352e-006
1.11552e-005
0.000376271
0.000399626
0.000297076
3.75876e-005
7.59794e-006
8.73373e-005
0.000360685
1.09525e-006
2.57627e-005
1.4122e-005
1.47264e-005
0.000209032
0.000240926
5.24994e-006
4.55151e-006
1.0839e-005
0.00020416
0.0084664
9.10172e-005
0.00233023
6.35116e-006
6.48149e-005
3.79437e-005
0.000264727
2.25209e-005
1.66532e-005
4.07463e-006
0.000285193
2.29421e-006
0.00044355
5.60905e-008
7.36341e-005
0.00012186
5.6944e-005
3.47147e-006
0.000379907
0.00153859
1.57555e-006
0.000365649
0.00036474
0.000157187
3.62913e-005
4.1022e-005
9.91813e-005
2.55829e-006
1.71214e-005
0.000113859
0.000175977
3.63752e-005
0.00010146
0.000236498
0.000180725
0.000185558
2.48768e-005
4.04288e-006
0.000294515
2.51849e-006
1.68517e-005
1.25339e-005
2.41128e-006
1.78357e-006
7.12661e-006
3.86823e-006
0.000118945
2.10605e-005
0.000293138
1.45635e-005
3.04785e-005
0.000196433
2.66387e-007
1.27939e-005
8.7197e-006
9.16184e-005
0.00628594
3.97234e-005
4.44757e-005
0.000296148
5.7394e-006
9.03688e-006
0.000497286
0.000903946
2.04579e-005
0.00167541
0.00182063
0.00167535
2.72619e-005
8.03542e-006
0.001815
1.04276e-005
7.84889e-007
0.000310166
0.000159734
1.05922e-005
1.01442e-005
0.000483394
0
0.000111331
7.41895e-006
0.000902625
3.36436e-005
0.000339478
2.99988e-006
0.000101792
5.49452e-007
5.00583e-006
7.23332e-005
1.23973e-005
4.10566e-005
0.000688814
0.000469476
2.75956e-005
0.000175328
0.000144681
5.95476e-006
9.45553e-006
1.60215e-005
2.28835e-005
7.43793e-005
9.6792e-007
9.94653e-007
3.23044e-005
0.00441896
4.49313e-006
4.40297e-005
4.5393e-006
1.47972e-005
1.09978e-005
5.32089e-005
5.60104e-007
0.00205996
1.97783e-006
2.0268e-005
0.000468452
0.000419937
0.000245239
2.8996e-005
7.52135e-005
3.87487e-005
1.12421e-005
1.59899e-007
4.62354e-005
0.00197603
6.02505e-006
4.59625e-006
0.00589992
6.13904e-006
5.87692e-005
9.00084e-005
3.03824e-005
2.58287e-005
6.78649e-006
4.01992e-005
2.40759e-007
3.76721e-006
3.33941e-005
0.000156274
0.00394751
0.000459218
5.62461e-005
4.02006e-006
3.84303e-005
3.61767e-005
3.31525e-007
0.000198424
1.41753e-005
9.30731e-005
0.000857447
9.05833e-005
3.17844e-005
5.84707e-005
0.000120706
7.70057e-005
0.00165866
0.00042073
0.000628542
1.24433e-005
0.000363106
0.000222096
1.01556e-005
6.11507e-008
0.000853745
2.92902e-007
1.2152e-005
0.0233545
0.000562596
3.29902e-005
0.00244006
0.0170902
5.09496e-005
0.00303759
3.39203e-006
0
5.29169e-006
0.000551195
1.0692e-006
1.46462e-005
0.00114047
0.000550352
3.4457e-006
0.000183764
1.11125e-006
6.50534e-006
0.00235053
4.96237e-007
2.44179e-005
9.08237e-006
1.35478e-005
6.94791e-005
0.000229297
0.000165977
2.15898e-006
1.60446e-005
3.2934e-006
0.00138993
9.28388e-005
0.000485838
9.09185e-006
0.000270951
0.00429821
6.14606e-006
1.92092e-006
0
0
8.91661e-007
0.000755051
0.000118191
0.000490961
4.42226e-005
5.5342e-005
0.00010668
1.83216e-005
0.00590901
7.26001e-005
0.00121563
0.000117331
0.000230377
0.000185632
0.000951649
1.99452e-005
8.09417e-005
9.22406e-005
0.000157585
1.12141e-005
4.50633e-006
5.07826e-006
4.27028e-006
9.48323e-005
0.000503299
7.49053e-005
2.227e-006
0.000179373
0.00245148
6.18128e-007
0.000574561
0.000165196
0.000224568
3.19787e-008
4.97538e-005
2.97124e-006
0.000264954
3.35327e-006
0.000254081
5.12113e-006
1.05308e-005
0.000521746
0.000163452
3.3377e-006
1.41519e-006
0.00075783
1.24612e-005
2.98649e-005
8.44769e-005
5.60937e-006
1.17417e-005
1.43451e-006
0.000588327
2.50214e-006
1.06062e-005
5.13538e-006
0.000699378
5.75531e-006
0.01319
2.94068e-005
3.07339e-006
5.72469e-006
0.000131173
2.56225e-005
0.000230839
0.00071344
0
2.4553e-005
1.94632e-005
1.82103e-005
0.000779866
1.12467e-005
0.000135024
5.98707e-006
1.44498e-006
2.24279e-005
0.00196219
1.7107e-005
1.93727e-007
0.000323416
1.3603e-005
0.000444924
2.31161e-006
0.000658587
0.000662769
3.13227e-006
0.000581086
0.00049188
6.2165e-006
6.5791e-006
0.000178022
3.28169e-006
4.72772e-005
2.09862e-005
2.2801e-006
0.000132381
0.000629047
3.85394e-005
5.7959e-006
6.74599e-005
2.85554e-005
5.57023e-008
0.000349082
1.11151e-007
0.00266761
0.000206205
3.01014e-005
1.55174e-005
7.73056e-005
4.58496e-005
3.55213e-005
0.00034506
1.13672e-005
8.43972e-005
3.38871e-005
1.42666e-005
2.64847e-006
9.79709e-006
8.21648e-006
3.67375e-006
0.000365875
1.2671e-010
4.3764e-005
2.57899e-006
5.09765e-005
3.95106e-005
0.00453556
1.35468e-005
0.000183777
7.20921e-005
7.6854e-005
0.00176158
0.000265341
9.34915e-005
0.00073105
0.000287959
6.58575e-014
0
4.4194e-006
0.00134889
5.1794e-005
3.27374e-005
2.77219e-005
4.63925e-005
4.02936e-005
0.000161352
5.36182e-005
1.1688e-005
4.41852e-006
2.07937e-005
7.97559e-006
0.000167951
7.86493e-006
1.71058e-005
0.00780862
0.000119738
0.00016615
1.47972e-005
0.000127889
1.62449e-006
3.02929e-005
0.000766995
0.000311994
0.00203044
0.000745161
0
1.86096e-005
9.68706e-006
5.76694e-005
0.000137017
0.000501243
5.42638e-005
6.54438e-007
6.89475e-006
5.70001e-006
8.77241e-006
3.63813e-005
0.00514226
3.52513e-005
7.64434e-005
2.73415e-007
0.000112778
4.81399e-005
3.45778e-005
7.33329e-005
3.4957e-005
3.31525e-007
0.00247793
0.00261429
2.29852e-005
0.000109549
0.000447093
4.85495e-005
0.000162567
0.000214719
2.50954e-005
2.89905e-005
0.0175286
0.000108438
4.00659e-006
0
0.00320323
3.90479e-006
2.9969e-006
2.98952e-005
0.000564334
8.49543e-005
0.000423352
9.82164e-006
0.000554006
0.00993774
0.00149965
1.58345e-005
0.000271503
0.000416982
0.00016284
5.76328e-005
0.000310331
0.000387274
7.034e-006
0.000856499
1.09506e-006
5.17144e-006
0.000130055
0.00749942
4.09178e-005
0.00050236
0.00120797
4.61584e-006
0
0.000142171
2.21493e-005
0.000600347
1.92357e-005
0.000149137
0.00274576
0.00028075
7.30855e-005
2.86492e-005
1.80637e-005
2.21553e-006
3.90262e-005
0.000156599
0.000150399
0
0.000259596
0.0015132
7.51407e-005
2.34024e-005
7.63252e-007
0.0002128
0.000297744
3.99933e-005
0
0.00437016
2.38599e-005
0.000711003
0.00211094
3.82008e-005
5.85711e-005
0.0101507
0.00425717
7.64801e-006
0.00757686
0.000333543
1.19648e-005
0.000459972
0.000150549
2.59188e-005
8.64568e-006
7.62451e-006
0.000113327
0.00303016
3.06268e-005
0.000102857
1.90785e-007
0.000862552
0.0056757
0.000120315
0.000168054
0.000836484
6.06314e-005
0.000242076
5.18492e-005
0.000325939
9.35868e-006
7.34923e-005
0.00031076
2.34023e-006
0.00112288
0.00848254
5.06526e-006
2.28097e-007
5.16352e-006
1.71181e-005
8.24351e-005
5.34278e-005
0.000336273
6.80897e-005
1.79388e-005
0.000192459
5.18753e-005
8.42458e-005
0.000146005
0.000141455
7.25805e-005
0.0044382
4.6452e-006
2.52329e-005
-3.16235e-011
1.02561e-006
8.61028e-005
1.27753e-005
0.000116852
0.000728609
0.000620594
5.37703e-005
4.44465e-005
3.13215e-005
1.74518e-005
1.49095e-006
3.85278e-006
0.000541735
0.000417082
0.00288224
7.52246e-005
0.000389734
2.85313e-008
5.62013e-007
2.33991e-005
0.001293
7.31882e-005
1.07413e-005
0.000193592
1.25489e-005
7.16526e-006
3.88151e-005
0.000108628
4.88454e-005
0.000308862
1.16551e-007
1.90186e-005
2.60861e-006
1.75375e-005
4.49148e-011
0.000477628
0.000708264
0.000213198
1.87276e-005
0.014262
0.0042727
1.14839e-005
1.38857e-006
1.45987e-005
0.025185
0.0158468
2.87842e-005
2.63363e-006
9.4455e-006
0.000636988
0.000237153
4.02426e-006
2.41852e-006
9.54721e-005
4.67222e-006
2.30041e-005
1.13172e-005
0.000123497
0.000134009
7.87298e-006
4.60193e-007
9.53568e-005
0.000927687
0.000887816
0.000214689
0.000129333
0.000999042
0.000929582
1.14326e-005
8.24512e-006
0.00500985
2.95286e-006
1.63785e-005
0.000553924
9.09286e-005
0.000919833
0.000484715
0.000453273
2.42295e-005
4.51055e-007
0.0115461
4.24489e-006
1.97115e-005
3.79259e-005
2.46883e-005
6.56942e-006
0.000168712
0.000121059
4.62364e-006
0.00593616
1.6337e-005
9.32822e-005
5.43041e-007
3.32407e-006
4.87396e-005
0.000251238
6.86099e-006
1.42e-005
8.35919e-005
8.71655e-005
3.24827e-005
0.000148635
3.77004e-005
9.01398e-005
1.4036e-005
3.72691e-006
0.000146631
0.000199911
3.08731e-006
3.52609e-005
3.72602e-006
-1.71384e-009
0.000134134
0.000106599
4.11177e-006
8.96563e-006
1.07181e-005
9.96508e-006
0.000316294
0.000240559
0.00265816
3.70227e-006
3.06298e-006
6.84956e-007
7.29217e-006
0.0159955
0.00167514
0.00143763
7.07436e-005
2.08503e-007
5.50081e-005
2.26165e-006
2.94339e-006
0.000495428
3.65732e-007
2.54809e-005
2.3773e-006
2.69822e-005
5.64885e-005
7.18098e-005
1.89881e-005
0.000213746
6.467e-005
0.00609835
0.00279618
2.00464e-006
2.28418e-005
2.66355e-005
7.93251e-009
0.00295763
0.00218017
1.05644e-005
1.69374e-005
9.77827e-006
0.00130992
1.43239e-005
0.00775667
1.07375e-005
0.00164182
0.00350372
4.07711e-005
0.000124672
8.75757e-006
2.25739e-005
0.000616771
0.0035005
0.000614798
9.59182e-005
0.000821555
2.11923e-006
0.000279199
6.81875e-005
4.09418e-005
0.000218301
0.000182739
3.87886e-005
2.95646e-005
0.00015508
0.000118179
0.000555717
1.94826e-005
9.80222e-006
0.000474996
1.04532e-005
6.50664e-005
0.000235794
0.000282887
3.43637e-005
8.53634e-005
0.000672828
0.000462927
0.00138261
0.000698851
1.10546e-008
7.05637e-005
5.0375e-005
0.000210444
2.77923e-005
1.52235e-005
1.28058e-005
0.018838
6.03095e-006
3.24106e-006
1.97271e-005
2.47243e-005
8.15377e-007
0.00712794
0
0.00505708
1.55017e-005
2.00193e-005
0.000100754
9.28582e-005
0.000732302
7.52353e-006
1.90557e-008
0.000199691
2.48098e-005
8.3677e-006
5.72626e-005
8.26804e-007
6.40471e-006
1.75202e-005
0.00123624
0.00038683
3.43038e-006
4.80574e-005
0.00036247
0.000288654
0.00137063
0.00392653
2.49628e-006
0.000138262
4.73756e-005
1.99418e-005
3.7511e-007
0.000227674
0.000398535
8.03776e-005
0.000261258
2.24838e-006
0.00652125
0.000589
0.000637753
6.31261e-006
0.000186709
2.63396e-005
1.45378e-005
0.00495175
0.00590057
0.000488269
0.000442439
0.00271388
0.00243065
0.00292422
4.96714e-005
3.76033e-005
0.0162536
6.03671e-006
2.6126e-005
3.90834e-008
7.03975e-005
0.000126131
0.000184485
5.03524e-006
0.000221804
2.11888e-005
7.03583e-006
9.93205e-005
7.01514e-006
0.000527619
1.47426e-005
7.85338e-005
1.32254e-005
1.4494e-005
0.00124723
4.20178e-006
0.00112951
1.19569e-005
0.00998107
6.14675e-006
4.0755e-005
0.000389095
0.000301427
3.94209e-006
1.10491e-005
0.000181033
0.000401766
1.33223e-005
3.57768e-006
3.49739e-006
0.000266932
3.78599e-005
0.00216169
1.04854e-005
4.0577e-005
0.0128698
0.0109051
3.36289e-006
1.35907e-007
1.19822e-007
6.48181e-008
0.00042444
3.29069e-006
0.000100627
0.000338399
0.000503317
4.70228e-005
5.09187e-006
8.57987e-005
0.00531588
8.23893e-005
0.000166712
7.3246e-006
0.00107227
3.76321e-005
0.000136018
1.526e-005
0.000861717
0.0004753
1.86712e-005
7.31312e-005
0.00298809
0.00193226
2.72432e-005
0.00233454
0.00121413
0.000247976
7.50954e-005
1.6358e-007
2.35279e-005
2.34248e-005
0.00013382
2.33847e-006
0.00393771
0.000472372
9.27814e-006
0.00209846
0.000217813
0.00131304
1.27065e-006
4.26217e-005
0.000467215
9.80229e-005
0.000830159
0.00137473
0.00141888
1.2324e-005
1.08683e-006
1.35888e-005
2.42917e-005
3.03226e-006
5.48687e-005
0.00125171
0.000694328
2.76972e-006
0.000269329
0.000948724
0.0201366
0.00828439
0.000857637
5.75204e-006
0.000330408
3.82796e-005
5.72179e-006
0.000276065
3.98658e-006
6.8768e-005
0.0001795
0.000229444
8.61554e-006
2.2843e-006
0.000572353
0.00166715
2.30604e-005
2.15238e-005
5.72007e-005
1.50551e-006
0.000995623
6.68223e-006
1.17263e-005
0.00778877
0.000590915
6.75824e-005
0.000368964
0.000331256
0.000346178
9.31001e-006
9.55618e-005
6.2553e-006
6.69222e-006
0.000337389
4.44609e-006
1.52821e-005
0.00662485
2.71552e-005
0.000237156
4.9336e-005
4.8167e-005
3.01359e-005
1.75861e-005
3.14546e-005
0.0048889
9.40676e-005
3.84816e-006
9.9594e-005
0.00901491
3.63136e-005
0.000286685
0.000208222
0.000265221
7.6403e-005
1.50844e-006
0.00376951
0.000604454
3.95839e-007
4.72403e-007
4.76876e-005
0.00828978
0.000216336
0.000386293
7.53642e-006
0.00142119
4.4767e-006
1.0835e-005
0
3.04975e-005
7.76582e-006
0.00130691
6.9361e-007
2.68504e-006
0.00514405
9.46031e-005
4.21444e-006
0.000118998
0.000100273
2.75337e-005
2.27843e-005
0.00145873
5.82383e-006
3.53203e-007
2.40151e-005
0.000206578
0.000473274
0.00362381
0.000154013
8.12522e-006
5.30616e-006
0.000104098
7.03878e-006
3.33618e-007
8.07866e-007
4.97019e-006
0.000194577
2.21711e-006
8.24999e-007
0.00130867
0.00254447
2.82119e-008
0.000279233
3.96306e-006
2.10858e-005
1.22528e-005
5.34474e-005
3.20957e-005
6.03365e-006
3.52873e-005
0.000127016
0.000643642
0.00077343
0.000299136
0.000128832
0.000286417
0.00721891
0.000296662
0.000162854
0.000122067
0.00110619
4.2036e-005
1.53214e-006
4.87838e-006
2.50758e-005
0.000864462
3.90485e-007
2.25897e-006
0.000130255
0.000244551
1.85846e-005
0.000416599
2.51471e-005
6.76393e-005
1.29779e-005
3.98648e-006
0.000226428
0.00027205
7.35854e-005
6.86446e-005
1.10207e-006
0.0196839
0.0207913
0.00999324
4.69121e-006
0.000520555
0.000734752
1.56325e-005
6.06575e-006
0.00131597
0.00152522
0.00058401
0.000623431
0.00024674
0.000966317
3.32721e-006
0.00688036
0.00598266
7.13085e-005
1.61388e-005
7.41611e-005
0.0149594
0.000795879
0.00113859
8.6695e-005
9.80139e-005
4.92513e-007
1.45239e-005
3.74021e-005
0.00111829
2.56824e-006
4.28402e-006
4.54994e-005
0.000262307
2.37092e-006
5.91677e-005
0.00119507
7.35383e-005
2.6365e-005
2.28507e-005
6.07408e-007
0.00115686
6.76394e-006
1.49224e-006
0.0127623
0.00642385
1.21555e-005
3.21694e-007
5.65701e-007
9.70332e-007
0.000456541
5.42716e-005
7.58825e-005
8.11962e-005
0.000710128
0.000127895
6.80291e-005
0.000249273
9.28954e-006
0.000106058
0.000371179
5.11235e-006
1.1881e-005
3.5228e-006
1.25606e-005
4.17104e-006
0.000235972
0.000586057
0.000176787
3.13492e-006
4.20082e-005
6.70935e-005
0.00280667
6.33194e-005
0.00123599
0.000980424
0.000500783
0.000257377
2.05734e-005
1.68069e-005
2.50838e-005
0.000136918
7.57337e-006
6.277e-006
2.17896e-007
6.43428e-006
1.91601e-006
4.13262e-005
0.000571526
0.000139087
6.94478e-005
0.00019507
0.000111138
0.000248924
5.28511e-005
3.65127e-008
4.76563e-006
1.30006e-005
3.34235e-005
8.01873e-005
1.49766e-005
1.68821e-005
1.11038e-005
0.00220641
0.000472443
0.000170775
0.000233924
1.12754e-005
0.00185899
0.00124813
2.16646e-005
0.000291878
0.00109919
0.00545679
5.56274e-005
0.000394498
0.0170902
5.36579e-006
7.24378e-005
0.000349542
0.000210655
1.138e-005
3.08847e-006
8.90466e-006
0.000144116
5.43678e-006
0.00439234
6.99116e-005
4.01762e-005
3.12138e-005
4.28571e-006
0.000207334
0.000133887
1.87439e-006
5.84416e-005
3.8432e-005
2.05313e-005
0.0090793
0.00116184
0.00154286
0.000168383
0.00887588
0.00523318
2.16471e-005
0.00163769
0.000161138
0.00808086
0.000253804
0.000994769
0.00183936
1.95293e-005
4.52355e-005
1.47972e-005
1.92476e-007
5.13339e-006
0.00206735
0.00929129
0.000278375
6.8237e-006
0.000695157
1.04341e-005
3.25111e-005
5.11346e-006
0.000111642
0.0006636
0.00438078
0.00567005
8.3891e-005
1.86276e-005
3.38918e-006
0.000168486
1.57413e-005
0.000560317
0.000232334
0.000933641
0.000372123
0.00202252
0.000182951
1.16007e-005
6.64076e-005
3.55067e-005
0.000255465
5.28369e-005
0.00263258
0.0048296
8.54666e-005
1.83365e-005
0.000399836
9.50424e-006
4.56598e-006
0.000187109
0.000159203
0.000981065
4.96809e-006
0.000134176
8.76497e-005
0.000134971
0.000399939
3.84817e-006
7.64246e-006
5.12194e-005
0
2.73159e-005
9.86521e-007
1.87031e-005
5.80369e-006
2.2875e-005
0.000667581
0.000112859
3.32022e-005
9.32361e-006
0.00011233
3.92677e-005
3.57542e-005
7.29962e-005
9.71616e-007
4.31819e-007
0.000128894
6.52136e-005
1.15785e-006
5.07283e-007
5.07284e-007
0.00232379
0.000643771
5.75725e-006
4.6681e-006
1.05208e-005
1.40223e-005
4.7327e-006
1.8178e-005
0.00532961
0.000227241
2.61879e-005
0.000159052
1.22434e-005
0.000103083
0.000151792
0.000493715
0.00126007
0.00013985
6.28453e-006
1.05648e-005
0.000205291
0.000225912
3.87452e-005
5.20348e-005
6.01192e-005
0.00185161
2.87357e-006
3.77016e-006
4.2197e-005
3.42757e-005
2.0417e-005
1.89701e-007
0.00175302
0.000112556
1.43414e-005
0.000826245
9.6045e-006
2.46262e-005
8.8343e-006
6.00033e-007
1.1018e-005
4.2023e-006
0.000224476
0.00893295
9.24632e-005
4.79998e-005
2.32006e-005
0.000144467
0.0001062
0.000165484
1.18582e-005
0.000398872
0.000943752
3.77063e-005
3.71904e-005
3.98308e-006
0.000154984
1.06421e-005
0.000255585
7.89128e-006
1.46749e-005
3.71778e-005
1.38911e-007
2.24863e-005
2.0351e-005
3.83117e-006
0.00067801
0.000305085
0.000637787
0.000699111
0.000100286
9.94353e-005
0.000288558
0.00108565
0.000807334
7.03677e-006
2.06049e-005
6.8922e-006
0.00333734
5.57909e-006
3.27954e-006
0.00448106
3.3155e-005
0.00133985
9.5247e-005
0.000611771
4.49634e-006
0.000251198
0.000171121
2.71433e-005
4.47067e-005
0.00292597
7.53904e-005
0.00377089
0.000206449
7.18657e-005
2.35904e-005
3.81126e-005
0.000329421
0.000614754
0.000111619
4.98702e-005
0.00146254
7.98224e-005
0.000101783
6.19256e-005
0.000417691
2.59787e-006
5.28704e-005
7.09803e-005
2.99806e-006
8.90277e-005
2.53329e-005
2.11296e-005
3.06451e-005
8.43812e-005
0.00861583
6.82051e-005
1.93863e-005
0.00015744
3.31923e-006
0.000433265
0.000231889
1.06837e-005
2.33161e-007
0.000952466
0.000236816
6.47298e-007
7.86596e-007
8.30684e-007
2.38497e-006
0.000245293
2.64461e-005
5.4602e-005
0.00443853
1.06816e-005
7.59556e-005
1.36627e-005
2.53739e-005
7.24314e-006
0.000201063
2.06124e-005
4.89476e-006
0.00236702
2.89799e-006
8.72053e-005
0.00212305
0.00339057
0.00171371
0.00536225
0.0006844
0.000299471
0.00222948
0.00164847
4.12777e-005
0.00146941
1.16819e-005
0.000723193
0.0133306
4.16761e-005
5.81154e-005
1.24466e-005
0.000571321
0.000419646
2.027e-005
0.00074363
1.33129e-005
0.00403281
2.88925e-005
3.67788e-005
0.00035965
0.00556019
1.27793e-005
1.38875e-005
1.335e-005
5.70951e-005
0.000444476
0.000860592
1.64245e-005
0.000858694
1.41217e-006
1.51661e-006
1.02758e-006
1.58706e-006
8.15478e-005
2.11788e-005
4.2648e-005
1.76842e-005
0.00308056
0.00038223
3.34403e-007
1.47548e-005
8.02664e-005
0.00210164
5.72722e-006
0.00059755
1.20866e-005
5.78984e-005
0.000272304
6.66987e-005
0.000622073
0.00133703
1.63072e-005
3.40453e-010
0.0058833
3.36914e-008
2.07323e-006
3.57768e-006
5.35601e-005
0.000175432
0.000357052
0.00263548
0.0029749
1.82847e-005
7.37968e-005
2.36976e-005
0.000600228
4.29803e-006
0.00045073
1.24567e-005
4.91625e-007
9.57539e-006
0.000383452
0.000363412
1.47688e-005
0.00140331
0.00062815
0.000167547
0.000117583
1.68914e-005
3.38127e-006
4.36748e-005
0
3.33385e-005
0.00969581
0.00662001
2.6438e-007
2.5096e-006
2.36407e-005
0.0010465
0.000779692
7.62692e-005
0.000228995
0.00133794
4.88694e-005
0.000998027
0.000545342
1.05543e-005
4.0652e-007
0.000211838
0.000779581
0.00280846
0.000264183
0.000296359
0.00946577
5.17126e-005
3.21625e-008
1.20986e-005
0.0125876
3.90964e-005
2.77888e-005
3.01525e-005
0.000387716
1.68887e-005
0.000415702
9.07355e-005
2.31253e-005
1.25693e-005
2.71283e-005
0.00018184
0.000272965
0.00189352
5.16476e-006
9.45553e-006
0.000609236
0.0022774
0.0176428
3.27987e-006
0.000658856
4.69121e-007
1.07572e-006
8.4539e-007
0.00080176
0.00442849
2.09131e-007
0.00313004
1.12033e-007
0.000309081
1.64636e-005
1.37381e-005
3.70412e-006
1.46429e-005
0.000528803
0.000379366
0.000150193
3.64245e-005
2.33254e-005
3.05352e-005
0.0100078
1.2753e-005
1.08719e-005
1.00415e-005
6.14245e-005
2.09106e-005
9.87863e-005
0.00198166
5.12637e-005
0.000542111
0.00138693
0.00154322
7.62045e-005
4.48154e-006
4.11515e-005
2.05652e-006
2.72283e-005
0.00185889
5.52954e-005
1.04388e-005
8.04434e-006
0.000118182
0.000339304
0.00220115
0.000748091
0.000159007
7.29426e-005
1.49325e-006
0.000128275
0.000149736
0.000185244
0.00283305
2.87944e-005
0.000604395
0.00112678
1.19621e-005
0.00232886
7.25227e-006
7.54226e-005
0.0560812
1.98067e-005
0.00210233
0.000181584
0.000108258
1.62759e-008
0.000258633
0.000374186
0.000258256
0.000337401
3.22221e-005
0.0226736
9.30965e-006
6.76529e-006
3.95912e-005
1.72179e-005
3.85065e-005
1.64958e-005
0.00230793
0.000809782
3.92837e-007
0.000162757
2.30631e-005
0.000231067
1.11239e-005
0.000780414
0.000611856
0.000170671
0.000364419
6.06068e-006
7.1457e-005
0.00154928
7.89313e-005
2.22209e-005
0.01276
0.000933814
1.63304e-005
8.53604e-007
0.00869224
0.0045277
0.00445619
2.93535e-005
0.000187168
3.25683e-007
5.21238e-005
4.57507e-006
3.52176e-005
1.52503e-006
0.00310197
0.00017119
6.99453e-005
8.65604e-005
7.63829e-005
1.15869e-006
0.000334871
0.00167698
7.80511e-007
5.43421e-006
5.4341e-006
2.00678e-006
7.97886e-005
0.000603004
0.000427198
1.20866e-005
0.0074729
3.87929e-005
0.00111921
6.89018e-005
2.61376e-005
3.01932e-006
4.77638e-005
2.90594e-005
8.02026e-006
0.000123996
4.07549e-005
0.047425
0.000297139
2.97572e-005
9.00139e-005
7.21775e-006
0.00010692
0.00382901
0.00137425
0.000173705
0.000557267
4.0854e-006
0.000495892
0.00601881
0.000205069
0.00436367
2.1763e-005
0.000606826
0.00040567
0.00944549
0.00060783
0.000841014
0.00111643
0.000345169
4.84814e-005
0.00417732
4.43245e-005
0.000170095
5.08838e-005
0.00625844
1.75236e-005
4.21444e-005
0.00016638
1.84003e-006
0.00217739
0.00213028
0.00213026
0.000391842
8.81582e-006
0.000307633
0.000214974
1.87971e-005
1.6478e-005
0.000235131
0.000286174
0.00529383
0.000134003
1.13528e-005
8.20545e-007
0.000625244
2.59773e-006
0.000143906
8.84234e-006
0.000321692
8.37086e-006
0.000253256
6.31196e-005
6.84312e-005
0.0011471
0.000529433
0.000489708
7.20081e-005
0.00199999
4.9459e-006
0.000473321
5.73525e-006
9.8924e-005
1.94892e-005
8.7203e-005
0.00011676
8.06983e-005
9.95295e-005
5.93782e-005
0.000161303
0.000354987
0.00101353
0.00011178
4.44417e-005
9.11952e-005
2.27457e-005
0.000834873
2.85244e-005
4.23459e-006
0.0038567
0.0145773
2.51613e-005
0.000123901
7.98355e-006
6.243e-005
0.000199505
6.48962e-006
1.22941e-005
0.000176249
7.56081e-005
0.000158496
7.69745e-005
0.00173313
0.00613743
0.00881136
1.22416e-006
0.000661579
0.0227096
0.000150054
8.11441e-006
0.0348143
0.0008483
0.00390303
3.8069e-005
0.00352487
0.000797105
0.000230507
9.0486e-006
0.000459983
6.98061e-006
0.000771527
2.26095e-005
2.2172e-005
0.000398397
0.000352314
6.52133e-005
0.000940848
0.000238599
0.000264695
2.27643e-005
2.03039e-005
0.000187663
0.000108424
7.93049e-005
0.0113342
0.000475824
2.98545e-005
2.71216e-005
0.00156657
0.000105019
0.000309498
0.00334836
1.75527e-006
2.30625e-005
0.00178932
8.88129e-005
6.15114e-005
1.91276e-005
0.000766152
0.000168836
0.000212237
0.000144356
0.00401397
1.31108e-005
8.80612e-005
1.39897e-005
4.6662e-005
0.000924714
0.000297
0.000530571
3.35182e-006
2.18634e-005
1.53638e-005
1.00873e-005
2.72811e-005
3.90079e-006
0.00729993
1.99692e-016
0.00268589
0.00351754
5.0198e-005
0.00010024
8.51848e-007
-3.80696e-012
3.46175e-005
2.49866e-005
4.60964e-007
4.85742e-007
8.17315e-005
0.000231933
0.000158757
9.63559e-005
0.000516534
2.88887e-005
0.0163876
8.19311e-006
1.73572e-005
0.0033145
0.033164
7.56462e-005
0.036264
0.0461015
0.00449393
3.98496e-006
3.81177e-005
0.000611558
2.70553e-005
0.000259432
2.50238e-005
1.72687e-005
2.92325e-007
0.00309953
0.000227836
2.45923e-008
2.38682e-005
7.94587e-007
0.000504103
0.000230331
4.61857e-006
5.6004e-006
0.000501152
4.76744e-005
0.000428839
0.000191818
0.00314926
3.93541e-006
0.00551453
1.15951e-005
6.70034e-005
0.000126056
4.8223e-005
1.27323e-007
2.9721e-005
0.0129004
0.000341743
0.000462778
5.69237e-005
0.000138118
4.16034e-005
0.000781064
0.0005902
0.00385681
7.79116e-006
0.000105328
0.000229367
1.6479e-005
4.07802e-005
0.000678313
1.93427e-005
0.000550076
0.00139634
0.000196752
0.000184332
0.000626298
0.000256285
8.51271e-006
2.29913e-005
0.0028677
1.87212e-005
7.67877e-005
9.67885e-005
1.24343e-005
0.000110291
0.00016812
8.7709e-005
0.00664089
0.000370661
7.1927e-006
0.000254193
0.00445337
8.82121e-005
3.39735e-005
2.59747e-005
8.57685e-005
0.00158981
0.000269691
0.000277937
3.69393e-006
0.0204381
0.0103176
0.0342613
0.00161293
0.000139398
0.000613336
0.000580476
4.64274e-005
3.64409e-006
0.00207099
0.0045734
0.000951159
6.06044e-006
1.7436e-005
2.05235e-005
0.0159924
0.000194875
9.57563e-006
3.36808e-005
0.00412846
0.000968013
0.000175047
0.000363581
0.000417364
2.98635e-005
2.58434e-005
0.000185
3.23109e-005
0.000727972
0.000141586
0.000120044
1.04168e-006
7.61718e-005
6.72847e-005
0.000129508
0.000122224
2.06242e-005
0.00114059
0.00086619
0.000762124
0.00912107
0.000658647
2.22906e-005
0.000423944
1.71187e-005
0.000514099
1.47933e-005
0.00182524
2.68664e-005
8.84091e-005
0.00500081
0.000114601
8.29542e-005
4.57228e-005
3.18072e-005
1.91402e-005
4.91839e-005
5.5666e-005
8.07382e-006
0.00054376
9.06982e-005
1.07546e-005
0.000105894
0.000963969
3.75625e-005
2.33256e-005
4.94601e-005
0.000780861
1.78604e-005
8.39108e-006
8.39106e-006
2.29187e-005
0.000189302
0.00163166
0.00283025
7.19424e-005
0.000105552
0.000253719
9.15005e-005
0.000112488
6.5934e-005
2.00982e-005
1.55675e-005
0.00752291
2.8802e-007
0.00323308
9.09508e-005
0.00143618
3.62655e-005
2.20817e-007
0.0123013
2.21258e-005
2.43557e-005
0.000419828
1.16141e-005
1.52475e-005
0.000116176
8.92272e-005
0.00195994
3.29858e-005
2.69455e-005
7.66486e-005
1.10674e-005
0.000833736
0.00337992
1.23678e-005
0.00151963
0.00593652
1.41079e-005
0.00755887
0.0105272
0.00551536
6.38309e-006
1.3118e-005
4.25077e-006
0.000299693
0.00742377
3.0878e-005
6.259e-006
4.488e-005
5.08038e-005
4.59488e-005
0.000552704
0.00257652
0
3.61013e-005
0.0067808
0.00123261
2.09182e-006
2.42147e-006
6.51146e-007
4.58472e-006
0.001611
3.62655e-005
0.00354141
0.00859193
0.00171619
0.000771294
0.000314676
0.00157263
5.62674e-005
2.15699e-005
1.61942e-005
0.0100327
2.00369e-005
1.16579e-005
0.000560384
6.45506e-006
6.88822e-006
0.00799535
0.000284246
0.000236242
2.93776e-005
1.39392e-005
9.83819e-005
9.42135e-005
2.10819e-005
1.07828e-005
0.000242623
0.000336169
0.000592488
2.15655e-005
3.06018e-005
0.0029582
0.00868951
0.000961475
0.000117487
8.10638e-006
0.00514452
4.85752e-006
8.50151e-005
7.25528e-005
5.38568e-005
0.000110191
0.00266513
0.000593656
0.000108476
1.0075e-005
9.1035e-005
0.000252545
3.74343e-006
0.000647587
0.000104855
4.27465e-006
5.53522e-005
5.60091e-005
0.00593847
0.00253157
4.71223e-005
1.29646e-006
0.00012607
0.000172954
3.86944e-005
8.23298e-006
2.98713e-006
0.000974655
2.97154e-005
0.00168099
0.00232606
6.09231e-005
5.22907e-007
4.58851e-005
0.000105826
7.22367e-005
0.000148073
5.35337e-006
0.00133157
0.000485196
9.38988e-005
0.000146055
0.000295158
0.000113105
3.66414e-005
0.00158879
0.00110739
5.10578e-005
3.73458e-005
0.000514959
1.75735e-005
2.72284e-005
4.36647e-005
5.98587e-005
0.000328526
0.000259655
4.62628e-005
6.14533e-006
2.83701e-006
7.06739e-005
1.68469e-005
2.09857e-005
6.68326e-006
0.000186406
0.0021179
6.52618e-006
0.00266609
0.000138888
0.000516287
1.99708e-016
0.000138031
0.00209665
0.00381443
0.000509418
5.63535e-005
0.000185161
6.07065e-005
0.000563074
1.1779e-005
6.35664e-006
0.000738706
0.00571039
1.23422e-005
5.25215e-006
9.59982e-005
0.00221635
0.000515927
0.000649925
1.60549e-006
9.32468e-007
9.19556e-006
1.93078e-005
0.00106535
3.59287e-005
3.55626e-005
2.79316e-005
2.11422e-006
4.54515e-007
7.98577e-005
0.000184231
6.4121e-006
0.0044204
0.000768528
0.000215097
0.000100921
4.11318e-007
8.57625e-005
0.000134277
2.25031e-005
0.000317056
1.62876e-005
3.63162e-005
1.29162e-005
0.000225897
0.000114318
0.000222502
2.29442e-005
3.34951e-005
3.84681e-006
0.000222648
0.000939775
0.00583659
9.00224e-006
6.93611e-007
2.82078e-006
0.000287834
8.04364e-006
0.000304608
1.77781e-005
1.13261e-005
5.59913e-005
2.06275e-005
1.89571e-005
6.91279e-005
0.00050137
1.92376e-005
8.90964e-006
4.81756e-005
6.9881e-005
0.000100448
0.000144803
0.000100727
6.76938e-005
0.000105493
1.15138e-005
2.6504e-006
3.85934e-005
1.17938e-006
2.521e-005
4.18246e-005
0.00888545
3.0516e-005
0.000803158
0.000177962
0.00072444
4.35793e-005
0.00887121
0.000129945
3.66163e-005
3.39393e-005
0.00150482
0.00725027
8.89903e-007
0.000241466
0.00048377
2.30231e-005
0.00116376
0.000697023
0.000257902
0.00062394
0.000777054
9.24957e-005
4.52714e-005
0.000102353
8.84309e-005
4.69238e-005
3.33682e-005
0.00824065
7.09038e-006
1.84069e-005
0.00011304
5.58011e-005
0.012578
0.000182192
4.61499e-005
0.00020807
0.000247003
2.08519e-005
0.000138818
0.000837694
0.000282316
0.00997143
0.000139952
9.33347e-005
0.000128977
0.000176562
6.12929e-005
0.000273039
8.15355e-005
4.45109e-005
1.27126e-005
0.00314144
0.00105026
0.000580039
7.24207e-005
1.73308e-007
0
0.000187767
0.00130348
0.000184749
4.4773e-005
4.14196e-005
0.0170162
0.00106682
9.73316e-006
0.000265392
0.000342989
0.000424394
3.92273e-006
0.000264281
0.00025992
6.19765e-006
1.39144e-005
0.000146477
0.000126708
5.72234e-005
0.000186046
0.0155707
0.00153183
0.0136688
0.000134809
0.000158262
9.41398e-006
0.00230796
0.000120467
0.000427079
0.000162336
0.00445999
5.34355e-006
2.22311e-006
0.000119148
0.000454667
0.000270877
0.000121069
0.000404517
1.90032e-006
0.0006131
0.00121839
0.000321943
0.0017334
0.00013514
0.000811291
5.45736e-007
3.68449e-005
5.05365e-006
5.122e-005
7.91282e-005
1.62973e-005
0.00760881
0.000213164
1.04832e-005
3.9185e-006
0.00110457
2.65797e-005
0.000922736
1.60609e-005
8.93808e-006
6.10493e-005
1.76048e-005
0.000238001
0.0004723
0.00278106
0.000111815
8.87177e-007
1.99717e-016
0.000100046
0.00403952
0.00354172
0.000185234
4.39729e-005
4.39728e-005
0.000705084
0.0118968
0.000477995
1.22063e-005
0.000244649
5.051e-005
5.96151e-005
0.000162039
0.000178414
0.00045548
8.5295e-005
5.27069e-005
0.00533104
7.58112e-006
7.20947e-006
0.000102264
3.94036e-005
2.51661e-005
4.21929e-005
5.31292e-005
8.45355e-007
1.43653e-005
7.85105e-005
0.000591134
5.3429e-005
6.34401e-007
0.000756345
0.000859616
0.000408305
0.00116773
2.77925e-005
4.80469e-005
3.97512e-005
0.000354168
0.00101109
0.00047798
4.75975e-005
3.42488e-005
2.91809e-005
0.00699026
0.0567443
0.0299224
0.000169582
0.000174612
6.54331e-005
2.70741e-005
1.23505e-005
0.00018125
0.000144232
3.02201e-005
9.0563e-005
0.00513734
2.75717e-006
9.95107e-007
6.25679e-005
1.605e-005
2.30941e-005
6.08989e-005
0.00190811
0.00260577
3.47461e-005
0.00174813
0.000138834
1.08802e-005
0.000464865
0.000673847
0.000703004
0.000147575
4.51003e-005
0.000434889
0.00173602
0.000652933
4.09685e-005
0.000356625
0.000511594
2.89664e-005
0.00671576
4.64468e-005
1.74411e-005
3.44052e-005
4.08033e-005
8.33516e-005
9.58868e-005
3.5188e-005
5.14575e-005
0.00027127
0.000282839
8.11985e-005
0.000264135
0.001614
0.000498904
0.000457125
0.000516786
5.36786e-006
4.12719e-007
7.7249e-005
7.96885e-006
2.72477e-005
0.00064418
0.000410344
9.19551e-005
3.45389e-005
0.000519654
0.000763166
0.000394142
9.12894e-005
0.000151921
1.93144e-005
1.26196e-005
3.09951e-005
6.84845e-006
0.00101425
1.92618e-005
0.000175115
0.00314234
0.00147728
0.00018233
2.41996e-006
6.46173e-006
3.80872e-005
7.6263e-006
7.38787e-005
6.25003e-005
0.00359533
0.000354205
0.00012056
0.00132501
2.82367e-005
9.3407e-005
9.78183e-005
0.000306531
0.000135493
0.000126393
4.33169e-006
8.57872e-008
0.000293396
0.00023123
0.00142729
9.49953e-005
3.97479e-005
0.0174866
0.000241346
4.38658e-007
8.9028e-005
0.00129464
0.000689454
0.000651331
0.000440741
8.8164e-005
0.000295319
0.000672738
0.000143664
0.00171367
0.000750872
0.000419625
6.90488e-006
0.00106505
2.32366e-006
9.08824e-005
0.000346096
9.00746e-005
0.000599745
0.000412146
3.06515e-005
0.000155239
0.000442076
4.50218e-005
0.000602209
0.00026752
0.000156434
0.00424137
8.90485e-005
9.24559e-007
3.79231e-005
2.1764e-005
1.30783e-005
0.000377224
0.000869726
0.000118948
6.21456e-005
1.96682e-005
0.00168122
0.00966519
0.00346009
2.63388e-005
1.24162e-005
0.000510809
6.65341e-006
0.000139511
0.000287741
0.000428442
0.000879033
0.000316926
0.000186681
4.42847e-005
0.000274367
0.000470882
0.000210664
8.07901e-005
0.00121029
1.46678e-005
1.03179e-007
4.379e-005
0.000198103
0.000244221
0.000265546
0.00231848
0.00370053
5.30324e-005
0.000143955
0.00029259
0.000322736
2.61601e-005
0.0020845
0.000126641
0.000826122
3.0069e-005
0.000124036
1.90476e-006
1.68637e-005
0.000832483
7.32432e-006
0.00114662
2.88504e-005
0.000403693
0.000345658
0.000189524
0.000122034
1.28867e-005
3.95966e-005
1.45128e-005
0.000401972
0.0001225
0.000295532
0.000363697
0.000141985
1.49121e-005
9.86599e-005
2.97905e-005
1.62956e-005
0.00829486
2.23662e-005
3.05774e-006
4.74877e-006
0.000622459
0.00177461
9.24787e-005
0.00212623
6.20695e-007
0.000681859
4.2138e-006
0.00243692
2.92094e-005
0.00013419
3.84932e-005
0.0104468
8.83909e-005
2.0177e-005
2.22156e-006
2.38361e-006
0.0104163
7.25783e-006
0.000114219
2.67881e-005
2.70804e-005
5.81492e-005
1.08734e-005
8.01459e-006
0.000317506
0.000352574
0.00185719
0.000572067
0.000178144
6.51743e-005
4.73038e-005
9.44239e-005
0.000354026
2.13134e-005
2.00995e-006
5.55219e-005
4.45915e-005
0.000105256
7.08839e-005
0.00107778
0.00108575
0.00129821
0.00678528
0.00393065
7.03519e-005
4.35432e-005
0.000644885
8.51381e-005
8.53177e-006
0.000242449
0.000453744
4.11122e-006
1.6924e-006
0.0027929
2.33454e-006
0.000682495
0.000291398
0.00031081
0.00020676
1.97962e-005
0.000341654
7.98314e-005
3.68263e-005
9.38333e-005
4.56595e-005
0.000558657
5.05192e-005
0.000162902
0.000107403
0.00054259
0.000134867
0.000138448
7.72656e-005
4.08145e-005
1.64909e-005
0.000559991
0.000357957
0.000229035
0.000694081
0.000538311
0.00199292
9.34489e-005
6.33662e-005
0.00107733
0.000105788
1.07029e-005
0.00403073
0.00373561
6.87846e-006
7.46062e-007
8.78131e-007
3.49338e-005
0.000338502
6.17083e-005
8.59868e-006
2.17627e-005
1.81286e-005
0.000232443
0.00190471
0.000442236
0.000834477
0.000149028
2.43289e-005
4.37195e-005
0.00326804
0.00126029
0.00054111
2.75425e-005
0.00023335
1.17788e-005
2.47487e-005
8.36608e-005
7.23329e-006
3.92789e-005
0.000685395
6.58835e-005
0.00568921
1.03067e-005
0.000816651
0.000807126
0.000507746
0.000234597
6.25703e-006
0.0011006
6.75514e-005
0.00835269
0.000340033
0.000201043
0.000756228
0.000358601
0.000362903
0.000168152
3.11223e-005
9.06452e-005
0.0033695
0.00013877
0.000232447
7.28074e-005
0.000358026
3.50314e-005
1.16747e-005
0.000465109
0.000132922
0.000444179
3.84405e-006
0.000797226
1.65096e-005
0.00106823
9.50533e-005
6.78526e-006
5.86541e-007
0.000135637
0.000548933
0.000916176
0.0042192
0.000117312
0.00116881
0.000268204
8.90212e-005
4.96419e-006
0.0220839
0.000131616
0.000127592
0.00173234
2.27179e-006
0.00114562
0.000495646
0.000153295
0.00296972
1.27903e-005
0.00810172
0.00535294
3.15518e-005
0.000343337
2.7779e-005
0.000146757
0.000320593
0.000360192
0.000279935
1.08335e-005
0.000152195
8.56397e-005
8.86332e-005
0.00062952
6.00836e-005
0.00394583
8.23641e-007
1.9944e-006
4.11593e-005
0.000598042
8.05467e-006
0.000118713
7.02581e-005
0.00116501
1.5239e-005
0.00052169
0.000372702
8.18094e-006
2.08216e-006
1.52344e-005
0.000172634
0.000314288
0.00327952
0.00823828
0.000113516
7.05613e-006
4.42482e-006
2.94401e-006
1.3317e-005
0.000103189
0.000173371
0.000214929
4.07844e-005
1.40282e-005
6.89028e-005
0.000211894
9.40897e-005
0.000128856
0.000212176
0.023687
0.0352181
0.000212261
0.000137618
0.000153501
0.000250404
6.82232e-006
0.00301107
9.87089e-006
1.44136e-005
0.000498095
0.000643691
0.000299256
0.000286999
0.00073079
8.20261e-005
8.20065e-005
0.000176193
0.000118872
1.65951e-005
2.1731e-005
0.000112913
7.86578e-005
0.000851747
0.000534342
8.4568e-005
0.000594812
0.0020879
0.0016237
8.71216e-005
8.19678e-006
3.76387e-005
3.46472e-005
4.44731e-005
5.75425e-006
1.58764e-005
0.000329398
2.57504e-006
0.000234938
1.37314e-005
7.96786e-005
6.02256e-005
2.90492e-005
0.000166348
1.61316e-006
0.00031366
2.21645e-006
1.0702e-006
3.12984e-005
5.49565e-005
0.000401102
0.000265964
3.85919e-005
0.000261925
0.000376523
3.03111e-005
8.10661e-005
4.82805e-005
0.00219631
0.00227035
0.00271029
5.29875e-005
0.000545151
1.76695e-005
0.00015071
3.52066e-006
2.13512e-005
4.29328e-005
0.000727785
0.00507037
0.00142713
0.000672606
0.0019965
9.06568e-005
0.000135014
4.21039e-005
1.22731e-005
5.45292e-005
5.14572e-005
0.00687996
0.00423247
0.000854305
0.000728912
4.85785e-006
0.0027043
7.28819e-005
0.00025853
8.50002e-006
0.001636
0.00060522
2.11106e-005
0.00127576
0.000430733
2.79366e-005
0.000295358
0.000213173
0.000146869
0.000250161
0.000148548
0.000154163
2.84213e-005
1.90876e-006
0.000767113
0.000251114
0.000685678
0.000933612
0.000692688
0.00118983
0.000245217
0.00445411
4.03549e-005
6.28685e-005
8.00438e-005
0.000229198
4.15966e-005
5.26833e-005
0.000134263
0.000146982
0.00128063
0.00115177
0.000289614
6.65742e-006
2.42941e-006
0.00116131
3.21901e-005
8.40714e-005
0.00028431
0.00175242
0.000912285
4.77367e-005
2.41733e-005
0.0010543
8.19427e-005
0.000139091
0.00333736
7.34375e-005
0.000109041
0.00159724
0.00323136
0.000367857
4.23564e-007
1.18373e-005
3.17058e-006
0.000415625
0.000201894
4.00903e-005
2.71365e-005
7.78559e-005
1.02881e-005
9.0002e-006
0.000132714
0.000404195
6.29591e-005
6.29591e-005
8.93122e-005
0.000369529
0.000450138
0.000111878
2.59291e-005
5.87385e-005
0.000313063
0.000284609
6.01237e-005
3.42339e-005
0.0043741
7.18894e-006
0.000104995
5.30127e-005
6.59279e-007
0.000449166
0.000150039
0.000688114
0.011034
0.000385952
5.16475e-006
0.000420154
0.000652538
0.00021903
0.000377004
1.19496e-007
0.000148557
8.13503e-006
2.40307e-005
0.00294764
0.000181782
7.73857e-005
1.67405e-005
0.000588363
0.00386975
1.79618e-005
1.58654e-005
0.0014351
1.49156e-006
0.000134621
0.000448269
0.000174506
0.000139855
0.0155492
8.70055e-005
0.000526601
1.09446e-005
0.00612495
1.58475e-005
2.07404e-006
0.00343771
4.7268e-005
0.00108048
1.09536e-005
0.000354632
0.000757846
0.000409646
0.00725098
0.000573281
0.00130701
5.49495e-005
2.05544e-005
0.000129384
3.24863e-005
0.00310378
0.00228486
0.000229936
4.71064e-006
6.82111e-005
2.55202e-009
0.00132886
6.84525e-006
2.02669e-005
0.0023195
0.000682065
0.000277012
0.00030792
0.00107144
0.000925592
0.000133185
0.0020956
0.0005631
0.000401277
0.000125551
1.75394e-005
0.000199178
0.00019918
0.000187178
0.000133619
0.000105468
4.97614e-005
0.00127861
0.000630114
0.00122771
8.2112e-006
1.05062e-005
1.53859e-005
0.000307062
0.000134767
1.16958e-005
0.0112713
0.00158108
0.000332576
9.56498e-005
0.000118433
1.66988e-005
4.38186e-006
9.42198e-006
0.0183734
0.000107935
0.000687743
0.00132607
0.000111816
1.13458e-005
0.000119843
3.02775e-005
2.48015e-005
1.89753e-006
4.56334e-005
4.70639e-005
5.4678e-005
2.15047e-005
1.04494e-006
3.13655e-005
0.00170323
2.39463e-005
0.000720154
0.00591204
0.000901411
0.000381629
0.0003266
0.00148207
0.000169011
3.32559e-006
0.000899854
2.33836e-005
0.000150933
0.000441901
0.000127323
2.98221e-005
3.21446e-006
0.000198356
0.000186908
2.45787e-006
8.68548e-006
2.03632e-006
0.0213189
0.000487268
0.000369397
0.000355189
1.86355e-005
0.00823367
0.00644983
0.00601526
0.000206624
1.44472e-005
6.32076e-005
5.99745e-005
7.16458e-007
6.86581e-007
1.0871e-006
7.88542e-007
0.000880848
4.2504e-006
4.15478e-005
3.4684e-005
9.79173e-005
0.000130137
0.000294015
1.70404e-005
2.38661e-005
3.4888e-005
4.42854e-005
2.28053e-005
0.000594768
0.000631444
0.00160899
4.13898e-005
7.41706e-006
0.0002255
0.00119179
1.46459e-005
5.72242e-005
0.0240134
2.79732e-005
8.55642e-005
0.000115572
1.84863e-006
2.28308e-005
2.77316e-006
0.000233809
0.000161375
1.42802e-006
1.27615e-005
0.000814873
0.000111514
0.03729
0.000838741
1.33987e-007
0.0154192
3.58989e-006
0.000477573
0.000913855
0.000833191
7.73321e-005
0.000243226
0.000108937
5.8874e-006
0.000206041
4.76951e-005
2.98054e-005
1.01669e-005
4.13336e-006
7.49981e-005
3.20046e-005
4.3626e-006
4.20733e-005
5.37897e-006
0.000182279
6.1892e-005
8.30879e-006
0.000175755
0.00162368
0.000143658
0.000344122
1.20103e-005
0.0104342
0.0110171
3.44962e-005
0.000262633
0.000693291
0.00365529
0.000430608
0.000218014
1.19773e-005
0.00134879
0.00418603
0.000899348
0.000501189
0.0027085
0.000467527
2.7912e-006
0.000305455
0.000166606
1.52967e-005
1.78954e-005
2.7677e-005
0.000133228
0.000192494
0.00745797
5.01571e-005
7.25634e-005
5.58453e-005
1.63406e-005
1.04152e-006
0.000947534
0.00607164
0.00134163
0.000250192
0.0243156
0.00244198
0.000483523
0.00136414
0.000140617
0.0276818
0.0316024
2.69486e-006
9.93086e-005
9.923e-007
1.59611e-005
0.000106424
7.17867e-006
1.75379e-005
0.000829985
0.000484611
5.08493e-005
0.000765417
1.02972e-006
6.03577e-007
1.28467e-006
4.74657e-007
9.03854e-007
0.000275605
3.45391e-005
0.000208504
0.000130206
1.89669e-005
0.000259659
0.000273445
0.000757012
2.06695e-005
1.02604e-005
4.04123e-006
0.0027343
4.7897e-005
0.000396033
1.40201e-005
4.3152e-005
0.00165029
0.000783045
3.89958e-007
0.000178776
0.00105788
0.00046048
4.9441e-006
8.85849e-005
1.65337e-005
7.58357e-006
0.00012727
0.000245873
0.000427006
0.000204076
0.000245134
1.46014e-006
3.62993e-007
8.84435e-007
0.000125413
0.00455833
0.000104782
0.000377779
0.000140712
3.26434e-008
0.00019092
0.000338079
1.06177e-005
0.00744045
4.58516e-006
8.3345e-006
0.00205462
3.37785e-005
1.39719e-005
2.21654e-005
5.53351e-005
7.60825e-005
0.00634667
4.78547e-005
6.10097e-005
0.000100483
0.000127002
0.000114432
1.49473e-005
1.85129e-006
2.7336e-006
0.0016715
3.46863e-005
9.82056e-005
0.00065548
0.000150427
8.32286e-005
0.00013799
0.00340368
0.00101035
7.31874e-005
0.00273872
4.5576e-005
2.20948e-005
9.02733e-005
3.72603e-005
0.000106247
0.000151397
1.47236e-005
3.78961e-005
0.000165238
1.39404e-005
6.66414e-005
0.000137571
0.000121382
0.000613012
6.88461e-006
1.43392e-005
0.0002369
1.78445e-005
1.55983e-005
0.000159198
0.000109879
4.14547e-005
0.000678877
0.00153028
0.00153036
0.00103482
0.00262055
1.40973e-005
1.18819e-005
1.67359e-005
4.42389e-006
0.00134882
7.37893e-005
5.09716e-005
0.00213248
6.29188e-005
0.000383315
0.00036516
0.00014672
0.000481843
0.000161467
0.0111722
2.23146e-005
2.40929e-005
0.000125735
0.000152045
2.57646e-007
0.000301801
0.00016172
0.00367187
0.000157939
0.000633263
1.14187e-005
0.00253987
5.90175e-005
0.00011882
0.00518276
3.14515e-006
0.000281658
0.000323231
0.000513086
5.96797e-005
1.84259e-005
4.68049e-005
0.000294572
0.000330649
0.000201393
0.000187055
7.70945e-005
0.00186818
0.000234735
6.42606e-005
0.00697868
0.00263623
0.0123808
0.00133504
0.000728626
9.13131e-007
0.000130765
0.000382302
0.000206686
0.00370658
0.000351507
0.000281223
0.00368738
0.000764571
0.0010688
0.000296227
9.36228e-005
2.68618e-005
0.00187145
6.51616e-006
0.00216176
0.000234272
4.34699e-006
0.00129845
0.000418585
0.000115809
0.000267298
0.000277583
0.000284211
3.82083e-005
5.04741e-006
4.73161e-006
4.73159e-006
0.000158055
8.82156e-006
5.7213e-007
3.54974e-005
3.06318e-006
0.00026208
6.64929e-005
9.20995e-005
7.6832e-009
5.43428e-006
3.97749e-006
1.33744e-005
0.00016038
0.00274743
8.11157e-006
0.0466833
0.00289051
8.67229e-005
0.000374498
3.99866e-009
0.00239359
0.0002908
0.000386144
0.00774483
8.01341e-005
0.000468308
0.000578552
0.000118929
0.00029673
0.000337717
4.21827e-005
0.000391191
0.00508464
0
0.000481897
0.000657833
5.11985e-005
0.00128955
7.79353e-005
0.00030374
0.00042508
0.00324946
0.00069973
1.84226e-005
0.000804417
0.000465982
2.11234e-005
0.000511836
0.000368862
0.00021683
0.000458252
2.5278e-005
0.00223773
1.47705e-007
0.00184216
1.51297e-005
0.000722316
3.78441e-005
0.0243314
2.81626e-007
8.48893e-007
0.000146869
8.55136e-006
2.59072e-005
0.0001695
0.000149895
4.71354e-006
5.8737e-005
9.2732e-006
0.000178938
0.000116805
0.00279907
0.000258779
0.010825
1.89716e-005
9.00145e-005
1.01727e-005
0.00158789
0.000387502
0.000751233
0.00275353
5.44322e-005
2.84768e-005
0.000187817
1.93482e-005
0.0027491
0.000334272
5.64987e-008
7.20488e-007
6.15809e-005
0.000165296
0.000669639
0.00149553
1.35801e-005
0.00111867
0.000989967
0.00526337
4.35421e-005
1.84781e-005
4.18146e-006
0.000233248
1.09569e-005
0.000289677
0.0128447
0.000923064
1.11756e-005
4.4511e-011
0.000314619
1.43414e-005
3.99915e-006
4.46501e-005
1.7489e-005
1.93331e-005
6.06553e-005
8.85291e-005
7.45796e-005
0.00160894
8.78737e-007
4.6035e-006
1.50573e-005
0.000129465
7.05041e-005
0.00106606
0.00104251
0
0.000152154
2.85738e-006
0.000144939
0.000341516
0.00408811
9.29226e-005
5.65866e-006
0.000122012
3.62789e-005
0.000907885
3.35099e-006
0.000122598
1.07901e-005
0.000132183
6.90495e-005
0.000994232
0.00118326
0.000401411
0.000637688
0.000733678
0.000442381
2.23732e-005
0.000583267
9.55381e-005
0.00210859
6.14e-005
0
0.00200213
3.6036e-007
1.22145e-005
0.000640153
6.46297e-005
0.000399935
0.000106134
0.000410512
0.000120626
8.5298e-005
0.00202465
0.000375497
1.91745e-006
6.16285e-005
5.84371e-005
5.33144e-006
9.09003e-005
1.91346e-009
0.000579788
0.000200865
0.000202392
2.7097e-005
1.29178e-005
2.66337e-005
6.18083e-005
0.0010761
5.88776e-006
0.000145672
0.000604653
3.50349e-007
0.00102271
0.000606904
0.00659731
0.000497658
0.00137149
0.00174017
0.000452277
0.000954851
8.18393e-005
4.81921e-007
0.00104032
5.75528e-005
4.13109e-006
0.000375143
0
2.55645e-008
0.000601658
0.000133539
0.00189233
0.000754299
6.35078e-005
0.000100618
9.54248e-005
0.000229088
8.24325e-007
1.26242e-005
0.0069512
0.00694994
1.18612e-007
0.00519026
1.26785e-005
0
3.51059e-007
5.36589e-005
2.02838e-007
2.85742e-005
0.000939538
0.000281918
6.23115e-005
0.0112277
3.18434e-006
0.00667769
1.47043e-010
0
0.00513331
2.24869e-005
5.86749e-006
2.73043e-005
0
0
0.000288962
0
0.000117275
0
0.000402556
0
0.00539899
0.00156338
0
0.00113442
1.12453e-006
5.21087e-005
0
7.11278e-006
5.23864e-006
0
2.26324e-009
0.0133372
1.48517e-009
0.000359667
0
1.20721e-005
0.00181096
0.000340027
0
3.45558e-005
8.48646e-006
0
0.00117446
2.50472e-005
0
0
0
0.000762601
0
1.25317e-009
0
0
0
0
0
0
0
0
0
1.01059e-006
1.70921e-007
1.99701e-016
3.14271e-007
1.98272e-007
0.000122183
1.13728e-005
9.51862e-008
1.15127e-007
2.86882e-007
1.02505e-007
0.000123144
7.07286e-008
4.76544e-008
0
7.18391e-005
0.000189331
0.0055272
0.0292837
0.000353628
0.00211526
0.00938356
0.0693335
2.39458e-006
