7400
0.0521479
0.00114823
0.00580766
0.0317535
0.044981
0.0419643
0
0.0692173
0.0127266
0.00629653
0.050863
0.0250527
0.00920574
0.0340935
0.200161
0.42866
0.0103099
0.000235922
0.00752589
0.0307885
0.0404916
0.0276652
0.0120963
0.0139116
0.098806
0.156207
0.0505177
0.00621087
0.0227411
0
0.0324711
0.117393
0.00033962
0.0175519
0.238704
0.00289576
0.0179137
0.113859
0
0.0495751
0.00373879
0.158292
0
0
0.032394
0.0224691
0.0157527
0.00303306
0
0
2.49333e-005
0.0121954
8.89138e-005
0.026604
0.200505
0.415012
0.00673277
0.00335395
0.0210181
0.00286259
0.000321916
0.0404043
0.23495
0.228769
0.0270064
0.0258079
0.00236369
0.0828149
0.04597
0.0422939
0
0.0863539
0.0058682
0.000898624
0.0210181
0.0139579
0.0109065
0.240633
0.0129186
0
0
0.000686463
0.00425582
0.00591235
0.0360334
0
0.0099785
0.00160609
0.166987
0.0340935
0.00264169
0.0176276
0.22222
0.00314835
0.17024
0.00156926
0.191419
0.0909286
0.000346967
0.00438125
0.00399152
0.00183188
0.00172439
0.0252367
0.0457804
0.229172
0.0415429
0
0.00648095
0.24808
0.000604624
0.00860774
0.000952677
0.00387554
0.00144477
0.000231347
0.1885
0.02996
0.00566453
0.00728621
0.00801901
0.185884
0.0157527
0.00238912
0
0.197778
0
0
0.0089009
0.0367664
0.0260155
0.0048693
0.00377317
0.0720506
0
0.0105218
0.00613709
0.249431
0.232766
0.00423694
0.214855
0.0163312
0.017686
0.00438412
0.0459203
0.172734
0.246727
0.0441667
0.0973328
0.141499
0.0279541
0.00783736
0.0210522
0.00176064
0.00948245
0.0344999
0.0250359
0
0.0112381
0.00857463
0.155648
0.0254587
0.00904437
0.00473283
0.014231
0.0113225
0.0355037
0.012459
0.00849668
0.016177
0.00747763
0.235956
0.00216927
0.217173
0.00838382
0
0
0.0298776
0
0.00584729
0
0.00873439
0.0114946
0
0.00644939
0.0534157
0.0544342
0.164127
0.00946227
0.00446222
0.00131917
0.0728756
0.0113624
0.0162138
0
0.0159128
0.197534
0.208885
0
0.0112333
0.153632
0.036036
0.217129
0.000420005
0.0236079
0
0.0305971
0.00727029
0.0219261
0.00585296
0.0387851
0.008196
0.0068281
0.0603513
0.0268782
0.0288822
0.000827916
0.00383641
0.029488
0.176111
0.243673
0.00722633
0.0108467
0.00130974
0
0.138507
0.15575
0.00736288
0.155575
0.0168887
0.0123412
0.00737122
0.0112333
0.00150653
0.0355349
0.000420006
0.0313886
0.00206678
0.00201768
0.0360334
0.0184544
0.0397008
0.0155258
0.0414401
0.00344569
0.000634171
0.202514
0.156609
0.183382
0.000312332
0.0172218
0.00736079
0.0158774
0.0472914
0.0436514
0.0343241
0.0259454
0.009593
0.22473
0.0107026
0.100556
0.00661248
0.00341031
0
0.228793
0.0136484
0.158223
0.00895834
0.053653
0.0156537
0.00128843
0.0254847
0.00433676
0.000690539
0.00122336
0.047299
0.00733231
0.000940967
0.012445
0.0183415
0.00181192
0.01219
0.00520049
0.00191774
0.0173414
0.0439408
0.00591354
0.134188
0.0419901
0.0104745
0.00280711
0.136392
0.0336686
0.0164146
0.239608
0.105361
2.44473e-005
0
0
0.0225802
0
0.00593067
0.00302444
0.02867
0.00685424
0.014465
0.232644
0.0403578
0.0030668
0.034978
0.00807324
0.0374997
0.200248
0.00213403
0.162833
0.25
0.022883
0.0153057
0.172395
0
0.0223314
0.0358227
0.00234905
0.00179299
0.156557
0.0155306
0.0287805
0.0170715
0.0328801
0.0348237
0.0227723
0.0320201
0.0222244
0.000153274
0.0139152
0.01279
0.0132921
0.00728543
0.00631927
0.0190119
0.533469
0.00431153
0.00307256
0.0102722
0
0.18397
0.0372972
0
0.0070669
0.192278
0.000772899
0.0054719
0.00217953
0.0202177
0.0159287
0.143816
0.0204608
0.0396284
0.000153274
0.0501874
0.0115836
0
0.00398351
0.000312332
0.0022513
0.086146
0.109113
0.00617927
0.160589
0.00880263
0.0132535
0.00267775
0.00454411
0.0400145
0
0.000917797
0.0232654
0.00289972
0.210595
0.00241209
0.0973328
0.0264416
0.00762215
0.00715677
0.0351044
0.00540644
0.0896055
0.0128751
0.448389
0.206854
0.0183775
0.00585597
0.0845475
0.00754849
0.023112
0.0198636
0.0118627
0.277819
0.00674017
0.00270416
0.00805704
0.18789
0.0293555
0
0.213813
0.141098
0.00709031
0.0303121
0.00130974
0.0191351
0.00711804
0.0211153
0.0321354
0.00371873
0.0445562
0.0819545
0.00441972
0.201237
0.0053515
0.00897217
0.015401
0.0203423
0.00585808
0.0137861
0.0309211
0.00593926
0
0.249446
0.0857377
0.00644015
0.00534737
0.00775773
0.00254329
0.00284447
0
0.00254216
0.0598574
0.210982
0.0707161
0.0279486
0
0.0016457
1.89958e-005
0.0478405
0.00293777
0.00574145
0.00822582
0.0191105
0.016362
0.0625603
0.0656063
0.177187
0.0026673
0.00805393
0.0140307
0.0552498
0.00450343
0.00661111
0.011372
0.22003
0.00558063
0.0172941
0.0924286
0.203717
0.00337796
0.000883924
0.00277525
0.00916916
0.0194368
0.0663036
0.172498
0.00190658
0.193746
0.021446
0.00293704
0.0308018
0.0304189
0.0370142
0.000500426
0.058466
0.00689121
0.043254
0.145078
0
0.123716
0.12371
0.239988
0.00247159
0.0139983
0.0274231
0.0048901
0.0288971
0.017881
0.00498627
0.0084488
0.00247409
0.0117286
0.00515352
1.45089e-006
0.0172216
0.484326
0.135248
0.0615328
0.0327408
0.00700792
0
0.0101019
0.0170241
0.0712893
0.00357218
0.01073
0.24629
0.0372388
0.187648
0.00162094
0.00459111
0.0209889
0.213082
0.00823611
0.0429493
0.0159842
0.1635
0.00426394
0.00132023
0.247818
0.0179023
0.134476
0.146201
0.00131147
0.026209
0.0775275
0.270594
0.180432
0.0669897
0.00210054
0.00807181
0.0127225
0.00862622
0.0101018
0.0310718
0.00295692
0
0.0150896
0.000761229
0.0010908
0.00614153
0.00691131
0.00907492
0.00576274
0.283692
0.249818
0.0602219
0.0533103
0
0.0020206
0.0108641
0.00649647
0.184276
0.0817137
0.0142717
0.0191286
0.0480558
0.0400994
0.00559374
0.237004
0
0.0151965
0.0283566
0.00729882
0.0119217
0.0074469
0.00359111
0.0125325
0.0010557
0.0335568
0.0119772
0.0302037
0.0151759
0.0183656
0.00430308
0
0.0189606
0.00110088
0.202447
0.00787719
0.198446
0.218571
0.00197675
0.0117225
0.185884
0.00382346
0.00593132
0.0077785
0.0360295
0.0173778
2.44473e-005
0.005737
0.00287328
0.137027
0.00914323
0.0126972
0.0044025
0.009695
0.0341386
0.0042259
0.2404
0.245007
0
0.0113611
0.0652304
0.246399
0.00194377
0.0246913
0.437292
0.246313
0.0149919
0.00168484
0
0.0213966
0.0450068
0.200059
0.185575
0.205391
0.0123899
0.228322
0.00646739
0.00617921
0.00394168
0.0724933
0.0102807
0.0592886
0.00347189
0.00315785
0.000741225
0.0167854
0
0.0733116
0.078644
0.0793548
0
0
0.0163908
0.0451975
0.0698947
0.0649535
0.00427995
0.00733271
0.249007
0.00266834
0.233055
0.0256926
0.00405169
0.0488877
0.00562057
0.00671852
0.00510772
0.00380702
0.0328282
0.0127541
0.072461
0.000206171
0.0574873
0.0337274
0.00366468
0.17054
0.00798723
0.00140876
0.000326064
0.00700339
0.0693924
0.0862894
0.00229122
0.0423648
0.0355359
0.0116325
0.00299128
0
0.00530226
0.00533435
0.0098259
0.0231755
0.236934
0.00376316
0.00330477
0.00540155
0.0400716
0.0269297
0.00976578
0.00208806
0.00703995
0.0667658
0.0225327
0.008663
0.00719039
0.00638248
0.0222307
0.00983201
0.012233
0.00960132
0.0240032
0.00487501
0.0118438
0.00782529
0.0100017
0.116242
0.249783
0.0108636
0.0339413
0.0225825
0.0302839
0.00880815
0.03165
0.0202037
0.0126051
0.0189315
0.0109061
0.0157037
0.0119802
0.0171127
0.00560768
0.00884344
0.0376573
0.00531141
0.0105023
7.36582e-005
0.0273137
0.0103774
0.0135681
0.0146221
0.00363529
0.14511
0.00607869
0.0379485
0.0418876
0.00805599
0.0171901
0.175238
0.031339
0.00495022
0.249575
0.226023
0.0793307
0.0929428
0.00327744
0.0373462
0.010163
0.201268
0.0116451
0.128796
0.0105924
0.00592296
0.00557032
0.00853396
0.085888
0.247626
0.228541
0.0116239
0.031855
0.00112185
0.00617421
0.00862821
0.36564
0.00267638
0.198112
0.0048949
0.00972971
0.0167604
0.00595633
0.249319
0.0130409
0.188347
0
0.00168333
0.0043095
0
0.0119979
0
0.228968
0.00433346
0.0050787
0.0145607
0.00412916
0.0700209
0.162884
0.00263443
0
0
0
0.00701749
0.0142009
0.0151165
0.124044
0.00663718
0.0821956
0.00207003
0.00447422
0.0890432
0.00198957
0.02195
0.00985092
0.00658668
0.0311433
0.192117
0.00672632
0.0561486
0.00067799
0.00409338
0.0533184
0.0147376
0.14867
0.00269151
0.000312607
0.00342977
0.00829366
0.0183118
0.00186715
0.0360845
0.0243556
0.00287457
0.0122621
0.0630857
0.00112618
0.0126008
0.00144733
0.180287
0.00916757
0.0215898
0.0322041
0.0048405
0.00107277
0.00284939
0.181753
0
0.0304143
0.167761
0.0103127
0.117626
0.00907767
0.0327917
0.0171111
0.0036457
0.0128644
0.0128194
0.00688482
0.00537867
0.00521858
0.00125048
0.0567343
0.234514
0
0.0114028
0.0216229
0.0821504
0.00821563
0.0129668
0.0193475
0.0573209
0
0.0332015
0.00602637
0.02057
0
0.271285
0.00222499
0.249354
0.00914323
0.257023
0.297214
0.0237799
0.0239858
0.0130323
0.00916378
0.0309278
0.0126299
0.0263205
0.0102902
0.0137226
0.0042403
0.0458695
0.00644539
0.00747688
0.192052
0
0.127794
0.00759886
0.118089
0.0350294
0.0475703
0
0.000112604
0.0319216
0.0344276
0.160676
0.158927
0.0116887
0.214137
0.0975741
0.409806
0.00866508
0.126195
0.139741
0.00771242
0.00352442
0.00179979
0.0187459
0.00195176
0.00136681
0.00518599
0.00392879
0.0224888
0.202404
0.00261543
0.00453106
0.00291516
0.00232503
0.0267131
0.0390168
0.0575517
0.0042771
0.0428567
0.115471
0.0144944
0.0141434
0.0207304
0
1.45089e-006
0.0342637
0.000302897
0.00513105
0.0332512
0.0408886
0.249226
0.0471727
0.0187992
0.00159407
0.0382056
0.00238267
0.0159475
0.0366016
0
0.00853414
0.0322152
0.00526226
0.00189992
0.0140906
0.030423
0.0641522
0.00463273
0
0.00291928
0.00263443
0.0093841
0.00423741
0.00893476
0.0160282
0.0238548
0.127124
0.00331095
0.00767902
0.0238715
0.060551
0
0
0.00672695
0.00614157
0.00948738
0.00868864
0.00820992
0.00685699
0.0224238
0.0537797
0.0162548
0.06097
0.23925
0.00643373
0.0527754
0.0414174
0.00506788
0.049737
0.00560688
0.00182555
0.106595
0.0246273
0.00413998
0.0121108
0.210255
0.0663036
0.214214
0.0445856
0.00858435
0.00807222
0.0158789
0.235251
0.00519456
0.225394
0.0692677
0.0165182
0.00592739
0.0120246
0.0112682
0.0280673
0.069167
0.159557
0.00854704
0.0247631
0.204655
0.221962
0.0156201
0.109729
0.00263406
0.00653647
0.000914952
0.0347865
0.017044
0.0298521
0.0124003
0.242018
0.0712377
0
0.201732
0.00598155
0.0930207
0.00413388
0.00375007
0.0405251
0.233622
0.0389595
0.00893688
0.00461454
0.272899
0.016357
0.00451282
0.0955939
0.0473862
0.00194955
0.0806925
0.194748
0.0236825
0.0289432
0.019568
0.0314333
0
0.0143498
0.0517327
0.0302577
0.0385626
0.022291
0.0309147
0.136755
0.0133511
0.135713
0
0.0288901
0.0038214
0.23806
0.00580777
0
0.249458
0.0116239
0.0110656
0.248879
0.00557739
0.0310905
0.000378018
0.0246091
0.010671
0.00419674
0.171471
0.00329962
0.126801
0.0515579
0.00781156
0.0190676
0.211775
0.10287
0.00844883
0.0274319
0.0144987
0.194655
0.00115129
0.0111496
0.119139
0.00632986
0.00903017
0
0.00754226
0.0249116
0.0301269
0.0535837
0.00304351
0.00642122
0.0171558
0.00730387
0.245244
0.268165
0.00894166
0.244437
0.00558036
0.00983243
0.0548416
0.00972976
0.0285622
0.26243
0.00106434
0.150502
0.0530992
0.00234
0.057853
0.0173304
0.00853087
0.00941657
0.00304688
0.0146201
0.00952202
0.011842
0.017937
0.226842
0.0464798
0.173035
0.0293597
0.0263542
0.0304438
0.00815209
0.00616548
0.0180929
0.0155164
6.44564e-005
0.0101157
0.0132228
0.00982299
0
0.344018
0.0177198
0.132466
0.0326537
0.0157311
0.000438415
0.00186715
0.0260969
0.0373231
0.0506981
0.012319
0.00460573
0.00135346
0.0207709
0.0559793
0.000195138
0.00106434
0
0.105071
0.129085
0.0891471
0.00798895
0.0512507
0.158533
0.0011627
0.00313158
0.00617223
0
0.0125562
0.167336
0.23915
0.0111415
0.0184337
0.0549935
0.0579532
0.221288
0.277553
0.0458569
0.00446051
0.00885105
0.0509359
0.00856778
0.0295244
0.00596113
0.186689
0.0128897
0.00159607
0.0183313
0.258286
0.00653665
0.100838
0.00112618
0
0.00151785
0.00540719
0
0
0.0312005
0.123505
0.000764871
0.118841
0.0994614
0.105161
0.147691
0.0594099
0.0394567
0.0575517
0.0362233
0.0239265
0.239554
0.0296132
0.0153551
0.184394
0.0652712
0.0983952
0.0164287
0.055444
0.00665712
0.135852
0
0.00889133
0.0122526
0.225773
0.0138188
0.000477128
0.135237
0.171173
0.0524775
0.00239368
0.00115363
0.000324819
0.221844
0.0937672
0.189019
0.0162314
0.177929
0.174695
0.00931852
0.0113573
0.0125521
0.238487
0.0157592
0.02138
0.00417807
0.00476269
0.00347424
0.0460029
0.0692173
0.00479603
0.0147823
0.0213624
0.00401914
0.0570459
0.226309
0.0579718
0.00618402
0.0408768
0.0528772
0.00125048
0.0373393
0.0147541
0.0115692
0.0127327
0.00540269
0.0029255
0.010999
0.000107598
0.0461148
0.0707116
0.0197975
0.0318601
0.00139474
0.404195
0.00631828
0.0853237
0.146218
0.188946
0.0967264
0.0145607
0.00503602
0.0105774
0.00433471
0.176476
0
0.0115018
0.0064141
0.0154959
0.0144944
0.0299416
0.0470749
0.105478
0.136151
0
0.0251536
0.117916
0.214893
0.0144817
0.000112604
0.00652314
0.009233
0.0033658
0.0241932
0.00917336
0.248704
0.203554
0.0335352
0.194884
0.0353262
0.0447196
0.0157045
0.0381428
0.0337431
0.0172791
0.130762
0.0138013
0.0594099
0.0889655
0.0214454
0.194065
0.0642568
0.0587555
0.208612
0.00250507
0
0.00109967
0.0175215
0.00837352
0.0077685
0.0610465
0.0113097
0
0.00998453
0.0145314
0.0482883
0.106603
0
0.000424393
0.00685184
0
0.00841485
0.248931
0.00953928
0.00884959
0
0.0169666
0.244796
0.0394529
0.0185024
0.0136335
0.0097209
0.00360751
0.0236439
0.0132772
0.0513009
0.00474837
0.0316443
0.00169641
0.0422404
0.00477588
0.174881
0.121756
0.105954
0.00336106
0.0302889
0.0117446
0.00364835
0.0104704
0.00522263
0.0556025
0.00494369
0.00392919
0.130175
0.186398
0.0284755
0.120092
0.013606
0.0125515
0.0012837
0.0225839
0.0982042
0.000981986
0
0.0321598
0.0244866
0.0475698
0.000489928
0.0398408
0.227182
0.0121871
0.0114019
0
0.222113
0.0104611
0.0343526
0.022847
0.00901401
0.257729
0.23367
0.0584224
0.135335
0.016536
0.0151218
0.105244
0.0088054
0.0314202
0.0260195
0.22575
0.0299504
0.0183867
0.204188
0.0260625
0.0560659
0.00516149
0.0631714
0.129899
0.0675234
0.0485485
0.0439673
0
0.0354364
0.00620209
0.0538133
0.00275012
0.00794943
0.0066006
0.0949747
0.0195371
0.0469953
0.190608
0.0580559
0.00115686
0.0107013
0.0111776
0.00431831
0.141776
0.0492635
0.195812
0.00187856
0.150931
0.00384692
0.005149
0.0751549
0.00111826
0.0308647
0.00561439
0.0081894
0.0182625
0.00565378
0
0.0876349
0.0273277
0.00914359
0.0478758
0.00371726
0.215092
0.237977
0.0280699
0.00573536
0.0682875
0.014141
0.0500322
0.0322303
0.0382834
0.00603793
0.0178362
0.00239747
0.0406788
0.0197674
0.0094192
0.00207747
0.0335859
0.0532809
0.0191412
0.175718
0.0704801
0.0108857
0.0231146
0.168379
0.0188565
0.0582941
0.000662705
0.0386214
0.203494
0.0194648
0.217467
0.0112626
0.0165544
0.0207493
0.000794031
0.0906783
0.0144737
0.0133138
0.00265275
0.0106538
0.0190171
0.02948
0.0287204
0
0.000750562
0.00813006
0.00998583
0.0477909
0.00154157
0.0879092
0.0298565
0.0030918
0.0246085
0.0124014
0.0158833
0.00297274
0.0395756
0.0218248
0.00830996
0.162634
0
0.166545
0.0456126
0.0587513
0.00827792
0.0289068
0.0574415
0.006364
0.0673364
0.0110411
0.20659
0.0186572
0.0244708
0.0107658
0.0127665
0.00487345
0.0511843
0.0615782
0.0263928
0.00526793
0.070011
0.0215694
0.0164362
0.0170403
0.00584493
0.0475879
0.0866994
0.0388256
0.0586214
0.0739082
0.0560428
0.0183242
0.00300266
0.00285979
0.0462563
0.000896042
0.133125
0.0335352
0.0106157
0.0237356
0.00292089
0.00249723
0.205787
0.00155789
0.0109452
0.00901671
0.0361721
0.0692273
0.0449077
0.196066
0.00158063
0.00062317
0.0098288
0.0035032
0.028232
0.0105404
0.053984
0.0223721
0.260941
0.0122176
0.00119095
0.0906615
7.74541e-005
0.00413087
0.0370273
0.0469773
0.0113419
0.226022
0.0451165
0.0173773
0.00432629
0.0356694
0.00566194
0.109914
0.0573667
0.0278186
0.0024489
0.0220819
0.191515
0.0371733
0.00330034
0.00286352
0.0332288
0.0033513
0.0115536
0.0230387
0.185191
0.0227063
0.000771298
0.000515158
0.00416251
0.0154491
0.0931873
0.057579
0.233963
0.0128025
0.00594798
0.198227
0.021376
0.028269
9.56986e-005
0.00187426
0.00383677
0.167368
0.0100011
0.0564858
0.0134369
0.131339
0.111026
0.0872946
0.00216073
0.012073
0.00843762
0.149131
0.0171254
0.00327561
0.000537606
0.0046309
0.003386
0.123087
0.140857
0.00130687
0.213864
0
0.217022
0.17919
0.0493608
0.0909068
0.0747721
0.102088
0.127894
0.0210289
0.0144452
0.0325704
0.0781249
0.00111373
0.00434644
0.00182097
0.00188312
0.00330087
0.0138852
0.00821499
0.0106366
0.0340344
0.00161929
0.0744933
0.0267707
0
0.0280323
0.00676959
0.00249772
0
0.221355
0.246435
0.00281112
0.026273
0.00159581
0.127488
0.00475122
0.0174273
0.0121056
0.00851784
0.0483864
0.21653
0.00771658
0.304293
0.00708168
0.0451182
0.00695194
0.00565643
0.0832854
0.0747721
0.007947
0.0918333
0.0506281
0.00362275
0.00609904
0.0203731
0.00533838
0.00189942
0.0019178
0.00202931
0.150038
0.00808932
0.237581
0.0417667
0.0144748
0.0950508
0.0360637
9.56986e-005
0.028042
0.123825
0.0108604
0.249873
0.0139414
0.00365245
0.197244
0.00252015
0.00838017
0.0188694
0.00163366
0.000888159
0.0020457
0.211395
0.00821945
0.00132796
0
0.00235906
0.00162865
0.0319373
0.0158292
7.74541e-005
0.0467024
0.0223501
0.00581981
0.0706275
0.0524174
0.000809265
0.00100709
0.00239381
0.159785
0.0162148
0.157959
0.0925789
0.138505
0.00181917
2.60274e-005
0.00791236
0.0194212
0.00449137
0.020046
0.239608
0.0562532
0.158525
0.220956
0.00522993
0.129193
0.247481
0.0161275
0.0100785
0.00895903
0.127801
0.00710249
0.0199054
0.0313209
0.00514839
0.0266032
0.0536229
0.053803
0.14734
0.00543934
0.106995
0.00455535
0.0372069
0.206829
0.00338177
0.191481
0.135425
0.0010457
0.00386902
0
0.0179469
0.0133259
0.0437882
0.00103807
0.0530482
0.100785
0.00378617
0.227826
0.00266498
0.0326616
8.00857e-005
0.00404749
0.248854
0.373591
0.114167
0.0196586
0.0105164
0.0312016
0.00364388
0
0.00482511
0.00649093
0.00202512
0.0159483
0.0445225
0.207715
0.125793
0.0258013
0.028059
0.00362371
0.00666962
0.0248867
0.0387502
0.00869968
0.0821291
0.00799463
0.0134411
0
0.0199918
0.142994
0.00776743
0.206815
0
0.00643289
0.00456292
0
0.0247133
0.000324817
0.0102195
0.0148893
0.00295519
0.00643361
0.00346475
0.248745
0
0.389223
0.0136445
0.00234024
0.00515753
0.00571056
0.148612
0
0.011665
0.0129942
0.0216687
0.341688
0.0629016
0.0307273
0.00130861
0.000909367
0.0295468
0.00151588
0.00308845
0.00551713
0.0121738
0.0275021
0.0100173
0.0576908
0.00166816
0.0446516
0.00798947
0.108146
0.0754272
0.06681
0.219668
0.171255
0.00332199
0.114877
0.144855
0.00334665
0.0309811
0.0358858
0.0028057
0.0176085
0.000991449
0.0013779
0.00351629
0.0132108
0.00774748
0.0154551
0.288169
0.00388522
0.0165202
0.00082328
0.0211988
0.0428371
0.0145668
0.028193
0.0081476
0.00281375
0.0119058
0.001506
0
0.014815
0.0520716
0.142897
0
0.183552
0.0107241
0.12555
0.162083
0.0339741
0.00254978
0.0030215
0.151189
0.0666589
0.106777
0.018521
0.00201691
0.249613
0.0137341
0.0147355
0.0148977
0.00139516
0.00866693
0.00236248
0.103365
0.0257348
0.0724865
0.000216229
0.0120418
0.00021623
0.00472797
0.0261692
0.010677
0.00202393
0.000230535
0.00109505
0.00347835
0.023577
0.00190304
0.103544
0.012194
0.0113745
0.124437
0.0517582
0.0690619
0
0.0277793
0.288394
0.169196
0.0053516
0.00171655
0.0011197
0.00685027
0.00105699
0.156041
0.00880687
0.0135781
0.00277773
0.0241314
0.0876296
0.0132975
0.000176667
0.227598
0.10217
0.00327529
0.00440514
0.191194
0.00362239
0.0288253
0.0705161
0
0.0116548
0.0295565
0.0107041
0.00334645
0.14579
0.0177434
0.109085
0.000214746
0.0257165
0.00582815
0.0182169
0.25829
0.00784496
0.00457572
0.0822795
0.0539307
0.0929403
0.00148638
0
0.237958
0
0.0278075
0.0083144
0.00264393
0.138528
0
0.00715748
0.199703
0.0208137
0.0151992
0.00466449
0.0304159
0.0301715
0.00946539
0.00895305
0.17367
0.224853
0.000778962
0.00397753
0.0450387
0.00642314
0.00451071
0.0033888
0.00817242
0.0143687
0
0.0297453
0.00541191
0.0133038
0.0301446
0.0464772
0.00536895
0.00095605
0.0118418
0.138366
0.00645073
0.012477
0.00689594
0
0.00373761
0.118945
0.059357
0.0373069
0.00606235
0.0412806
0.16015
0.0523374
0.0322633
0.00346475
0.0185651
0.246056
0.0172412
0.0391308
0.00592578
0.029268
0.015416
0.0684873
0.00155011
0.00794556
0.127523
0.0212482
0.022911
0.00326803
0.0574851
0.0316748
0.00462081
0.193377
0.237113
0.0106246
0.0492842
0.0171875
0.000176789
0.013844
0.000130388
0.0401457
0.118033
0.00936316
0.243136
0.0138381
0.0140525
0.00792774
0.00805363
0.0244056
0.00196083
0.00604368
0.0756562
0.179343
0.00297055
0.026893
0.0121188
0.00807706
0.00950475
0.00224465
0.172732
0.0297043
0.0312783
0.177739
0.00235208
0.0596087
0.0565577
0.0030916
0.0413262
0.00668119
0.010739
0.0176764
0.211337
0.0419345
0.167982
0
0.0261109
0.0201174
0.217256
0.0086186
0
0.00554895
0.0219581
0.00563241
0.191392
0.029656
0.0121548
0.197788
0.00379688
0.222803
0.200833
0.0104835
0.00700791
0.00784587
0.0048784
0.00293335
0.00438577
0.00444835
0.00112349
0.0401355
0.00145388
0.143833
0.137454
0.00479457
0.00159377
0.15793
0.00162128
0.10922
0.00225859
0.00991991
0.00999609
0.00805586
0.053227
0.0229348
0.00716379
0.0231507
0.0069909
0.0636376
0.0518045
0.0913389
0.0287447
0.0196922
0.00420909
0.249308
0.013356
0.0100478
0.0219913
0.227157
0.0186081
0.0349021
0.00943443
0.0135231
0.0185578
0.000674767
0.109704
0.00563825
0.0812716
0.0905314
0.0206546
0.0409172
0.00194709
0.0233274
0.0750031
0.238132
0.220708
0.00479056
0.00190646
0.00924271
0.0046475
0.0521266
0.0339225
0.000664885
0
0.0442073
0.0306536
0.00247041
0.0242623
0.120972
0.0139284
0.0201177
0.000322424
0.0148467
0.035301
0.00276285
0.228577
0.0074982
0.0146903
0.0390703
0.00471563
0.00109505
0.00806808
0.0201751
0.00463879
0.0381767
0.0127718
0.122465
0.0161055
0.19678
0.0469144
0.0307804
0.00121767
0.000807845
0.0616555
0.0131219
0.00980292
0.000107598
0.0374848
0.0297414
0.0041685
0.221763
0.0182789
0.00727072
0.241603
0.144639
0.00729364
0.0119755
0.00410819
9.17793e-005
0.000319121
0.000462907
0.0426801
0.0103968
0
0.00308845
0.12342
0.00778262
0.00216073
0.00682335
0.112763
0.20193
0.172941
0.0055069
0.183365
0.0341757
0.0459855
0.216827
0.0240718
0.000429047
0.0530562
0.0268131
0.0285914
0
0.129894
0.0427795
0.235778
0.0175977
0.00554636
0.0403697
0.00143219
0.0205543
0.00222343
0.00400157
0.00212527
0.0111524
0.00184435
0.00662832
0.119415
0.0497924
0.0019341
0.00801203
0.00154546
0.173244
0.00072086
0.198748
0.0192292
0.00101314
0.215805
0.0810026
8.37385e-007
0.0301953
0.220986
0.00249874
0.230228
0.0667254
0.00922032
0
0.00220744
0.17253
0.0605702
0.0119813
0.00296578
0.0381525
0.101003
0.00820423
0.000767026
0.0316045
0.16258
0.0113017
0.0593197
0.235155
0.0086643
0.0290923
0.112488
0
0.00443976
0.199382
0.18083
0.0105593
0.0149222
0.245927
0.00119045
0.208612
0.0118589
0.236568
0.00769899
0.0181868
0.00223794
0.034615
0.00328719
0.00257201
0.0227149
0.0312076
0.0631109
0.243422
0.041069
0.0280244
0.000405689
0.0768904
0.00339432
0.0543014
0.0540551
0.00438757
0.00227482
0.213468
0.00156501
0.00567465
0.0194927
0.00555241
0.0216707
0.0147482
0.0585073
0.015777
0.0230287
0.0232542
0.00107215
0.0299047
0
0.0226807
0.102319
0.178938
0
0.042896
0.00278902
0.0224567
0.00512704
0.00279604
0.0734395
0
0.00507706
0.0456442
0.00269345
0
0.0378898
0.039142
0.127908
0.0153614
0.00398923
0.0132088
0.00246293
0.164955
0.163333
0.0391206
0.00649403
0.122214
0.00916209
0.00152756
0.0028264
0.0117704
0.00709753
0.00983829
0.130494
0.0919874
0.00553135
0.020333
0.0158065
0.148718
0.0275416
0.127776
0.0739154
0.184275
0.209339
0.000389359
0.00772405
0.118484
0.00308825
0.00361253
0.00546414
0.018361
0.00671766
0.241853
0.053343
0.000890589
0.0133447
0.00669901
0.207683
0.0663434
0.061013
0.0247536
0.00211
0.083005
0.17691
0.00967601
0.303032
0.0916592
0.00692165
0.0332233
0.153962
0.0103703
0
0.134323
0.0107984
0.00171037
0.0177582
0.0515937
0.112673
0.00826261
0.00534917
0.206462
0.0166557
0.174389
0.157811
0.000892995
0.101196
0.0476545
0.129155
0.0120575
0.00493904
0.0425255
0.135298
0.145549
0.229545
0.00123915
0.0155762
0.171651
0.0190351
0.0931926
0.00590389
0.00483839
0.123854
0.131497
0.00977626
0.0397659
0.00322645
0.00401601
0.143551
0
0.212879
0.00109529
0.0166213
0.190972
0.000874946
0.0933941
0.0372142
0.00820627
0.0382038
0.0185268
0.00326277
0.0360384
0.0195743
0.00287231
0.171336
0.0170159
0.0213119
0.00982197
0.0248895
0.00055618
0.0380889
0.0175399
0.000205967
0.0212779
0.00864337
0.164141
0.00584597
0.152214
0.00551952
0.00468745
0.0124405
0.0429112
0.0145095
0.0560893
0.00225333
0.0127359
0.00891752
0
0.231293
0.0129922
0
0.0120216
0.0020199
0.000760345
0.246867
0.00599173
0.224502
0
0.0342719
0.0479321
0.245913
0.121116
0.00418738
0.00190412
0.0422361
0.169594
0.0108205
0.00271146
0.00411189
0.0246868
0.0111188
0.0109066
0.0569021
0.031111
0.00460378
0.00546358
0.001933
0.0532686
0.00460023
0.0526378
0.0126768
0.00242341
0.0107856
0
8.62669e-005
0.00890406
0.0161668
0.0222328
0.00638739
0.0106271
0.00379275
0.0306124
0.00670825
0.00587146
0.092864
0.230931
0.149251
0.0199138
0.0565577
0.0204441
0.0230036
0.0531044
0.13298
0.00773945
0
0.0029552
0.0311034
0.0143521
0.0414706
0.0133306
0.0101405
0.0637856
0.25
0.0225167
0.0131636
0.130208
0.00117646
0.00914019
0.23935
0.0179706
0.0106318
0.0260912
0.202668
0.0212771
2.91015e-005
0.0089491
0.0072064
0.222262
0.0460083
0.0404108
0.0111329
0.207995
0.00621218
0.0291337
0.00358975
0.00454185
0.00384882
0.245868
0
0.210314
0.0227
0.0168587
0.0264682
0.114151
0.00731724
0.0060954
0.142675
0.0837018
0.0414991
0.0203708
0.0776244
0.00414315
0.00264997
0.0311863
0.027669
0.193091
0.047599
0.167372
0.0230514
0.10205
0.0111305
0.167464
0.00938785
0.00606395
0.0170156
0.00857342
0.0730424
0.240335
0.0496665
0.0464617
0.00378026
0.0418167
0.00512388
0.0487093
0.00570533
0.0225796
0.00220614
0.24918
0.0404643
0.00702403
0.187592
0.0210449
0.00966631
0.0428018
0.0918686
0.00317878
0.0072391
0.00382426
0.024733
0.138561
0.019144
0.0059002
0.0164388
0.00286634
0.0471439
0.0514483
0.200231
0.011216
0.00266381
0.0126769
0.0636334
0.0204822
0.0168149
0.0409223
0.0123083
0.0175891
0.076814
0.00872207
0.0039721
0.0538867
0.195193
0.0166177
0.20496
0.00280124
0.00178135
8.62667e-005
0.00922051
0.0573883
0.104681
0.0805584
0.00388817
0
0.00179415
0.0648086
0
0.00493496
0.0597651
0.217758
0.196536
0.00882016
0.0273109
0.0334988
0.0452868
0.00614558
0.165528
0.0532755
0.00946359
0.00173662
0.0387738
0.239609
0.155458
0.0998907
4.23985e-005
0.000824707
0.002293
0.0114219
0.0695387
0.00382205
0.0863374
0.151108
0.00910792
0.132039
0.00108138
0.0951251
0
0.020439
0.0051778
0.0191469
0.0027372
4.23986e-005
8.37389e-007
0.0905159
0.00908896
0.115229
0.122247
0.030011
0.0439028
0.0545476
0.00585567
0.0044734
0.00375352
0.0017451
0.00261474
0
0.109501
0.0235763
0.022624
0
0.01861
0.191658
0.0247114
0.0391663
0.0115661
0.0076592
0.0019118
0.000723435
0.00735792
0.0049672
0.0977341
0.125445
0.0076661
0.00293351
0.247535
0.0286871
0.00040868
0.0120712
0.0794933
0.0856053
0.0326249
0.134055
0.0343978
0.000921326
0
0.0186851
0.0829794
0.00401673
0.0304598
0.00248812
0.0864531
0.0496623
0.00274704
0.215844
0.00682617
0.00138
0.0103852
0
0.004799
0.0630987
0.0019716
0.045482
0.007343
0.0128179
0.00510419
0.00556573
0.237433
0.000561687
0.00155262
0.21666
0.00328443
0.00430012
0.0161536
0.0478021
0.00541171
0.00406943
0.0224811
0.106145
0.000751951
0.00275614
0.000531749
0.164677
0.0975573
0.238156
0.0728722
0.0129045
0.000995187
0.0165148
0.0190624
0.0230663
0.0188255
0.170696
0.0026412
0.0385741
0.0114538
0.00191551
0.082549
0.0339288
0.244966
0
0.00877965
0.000802037
0.021822
0.106667
0.0866647
0.0382505
0.000698775
0.00243271
0.00510316
0.0119793
0.00750413
0.00893367
0.0179246
0.0532934
0.0124799
0.0351086
0.0730801
0.00529533
0.124879
0.11937
0.0753508
0.0262208
0.0610738
0.0217204
0
0.0551623
0.056462
0.248371
0
0.0597497
0.0121212
0.0250158
0.0106015
0.00127449
0.0157374
0.233142
0.149978
0.00890462
0.0053868
0.0473159
0.019582
0.00731971
0.0208582
0.03224
0.219158
0.0600405
0.0543993
0.0262905
0.0251202
0.00203183
0.00532093
0.00633472
0.00280966
0.24869
0.0132332
0.244535
0
0.114043
0.226691
0.00934241
0.0385842
0.16594
0.0210407
0.169898
0.194282
0.000632631
0.107854
0.0067775
0.102074
0.00235198
0.00754552
0.0010138
0.180634
0.00210121
0.0011936
0.231083
0.111931
0.0136401
0.00360361
0.0414809
0.0488545
0.00389321
0.136956
0.117737
0.0176654
0.0140949
0.0125047
0.00629736
0.103847
0.00272991
0
0.104543
0.192865
0.0715951
0.0189235
0.0525004
0.0160777
0.116232
0.002331
0.0515653
0.0173645
0.000365298
0.108367
0.000824701
0.197181
0.00790126
0.00648428
0.168959
0.00920346
0.156712
0.0448222
0.0565485
0.0117477
0.148609
0.0867447
0.0173632
0.0111476
0.0223744
0.205642
0.0788929
0.0299047
0.0415885
0.00813374
0.0507079
0.215093
0.102143
0.0149514
0.0154367
0.00595608
0.00355481
0.0185691
0.0446099
0.0204479
0.00974968
0.248101
0.00610353
5.73819e-008
0.0663322
0.0716907
0.000545658
0.000338699
0.0368935
0.124125
0.112246
0.00127669
0.00261662
0.0301911
0.0130033
0.0103936
0.115091
0.0983023
0.00756732
0.225283
0.0946929
0.0327856
0.0166777
0.000185102
0.0217509
0.000901613
0.00384735
0.0207031
0.205043
0.00696581
0.0172676
0.00365989
0.194749
0.0431037
0.0521315
0
0.000434149
0.00874939
0.0304557
0.0901574
0.00553182
0.0490846
0.0288175
0.182676
0.0322992
0.00187355
0.0314854
0
0.00357161
0.00727657
0.0683428
0.0118801
0.105213
0
0.00875155
0.0629017
0.145104
0.0332592
0.00950398
0.137391
0.00161143
0.00224465
0.215232
0.153985
0.158267
0.0894743
0.0359894
0.00113499
0.0335218
0
0.0239078
0.0356935
0.00427644
0.0259569
0.0381118
0.0155289
0.00961456
0.0639674
0.0029447
0.167201
0.141663
0.110306
0.0200696
0.156427
0.217295
0.0657609
0.0324817
0.0509269
0.0145957
0.198534
0.0276528
0.00728851
0.0180731
0.221412
0.00161327
0.0404223
0.0164987
0.0288671
0.00527206
0.0609398
0.12726
0.246803
0.042847
0.0203876
0.043761
0.0207611
0.00609567
0.123118
0.016822
0.0786715
0.118393
0.0863374
0.00478449
0.0927059
0.0121934
0.0055023
0.00383789
0.00405556
0.0492436
0.019297
0.139756
0.174004
0.229163
0.0193443
0.00280899
0.0252836
0.00189604
0.00271102
0.00284009
0.0201181
0.00785381
0.0188374
0.012337
0.00359965
0.045661
0.0482481
0.0106786
0.00434913
0.249032
0
0.0190213
0.00528257
0.0441958
0.00878154
0.033939
0.0033294
0.0115322
0.000800941
0.0320217
0.143502
0.16043
0.013414
0.00469863
0.00277965
0.0283088
0.00124832
0.010497
0.056543
0.0439028
0.000831545
0.00605091
0.00381491
0.000338697
0.00974075
0.0698541
0.0938973
0.0423025
0.00460262
0.0940742
0.00477042
0.0835823
0.00275101
0.0289817
0.00523091
0.0202283
0.015353
0.00142024
0.00115054
0.00268796
0.0101423
0.0208038
0.00921839
0.170255
0.0838348
0.00936139
0.060655
0.00574758
0.0010852
0.182688
0.0183683
0.167013
0.0455172
0
0.0091423
0.0136354
0.0574951
0.0542721
0.115445
0.242261
0.00371267
0.0365527
0.332815
0.00568448
0
0.0241335
0.0207439
0.00247855
0.0415889
0.0117947
0.0145973
0.140083
0.0997762
0.140397
0.00328044
0.0399679
0.0936718
0.0533135
0.0042405
0.000414416
0.0811526
0.018586
0.102436
0.0126458
0.238639
0.255087
0.00516563
0
0.0965695
0.0454066
0.23379
0.000882322
0.046035
0.0155154
0.00463383
0.027074
0.0180991
0.00365668
0.0100463
0.00475158
0.0627463
0.192757
0.00223347
0.0275131
0.0673006
0.00293555
0.00494902
0.000272281
0.096128
0.00437622
0.00203451
0.0126993
0.0157837
0.037477
0.0261782
0.0138467
0.0228329
0.0042354
0.0223663
0.000698775
0.00883377
0.00337166
0.0251293
0.00385012
0.0221534
0.00200685
0.0941293
0.33601
0.0779512
0.127966
0.0377381
0.015628
0.00560748
0
0
0.0763166
0.13152
0.00759744
0.012531
0.0216332
0.00563612
0.0927129
0.134097
0.0372757
0.0102494
0
0.0053785
0.00238613
0.281552
0.0531932
0.0492889
0.00427662
0.00270553
0.332532
0.155284
0.0065983
0.0325869
0.217473
0.0314486
0.00427103
0
0.182905
0.00463123
0.0156215
0.101015
0.229907
0.134754
0.0116164
0.0184213
0.00161958
0.0116786
0.00661547
0.0703559
0.41325
0.00230053
0.0181585
0.00759953
0.00123495
0.0292322
0.211925
0.00548216
0.0954098
0.00322871
0.0244682
0.000994407
0.0556774
0.10883
0.0960422
0.00334417
0.0256082
0.0011059
0
0.0131377
0.0524311
0.00646326
0.00763346
0.0189276
0.00172061
0.283185
0.0820567
0.00696872
0.0153423
0.220409
0.00136772
0.00677276
0.0287863
0.0650613
0.0637714
0.164875
0.130464
0.038805
0.00450777
0.012225
0.00977826
0.0326191
0.0143182
0.036545
0.00180177
0.22791
0.000165319
0.0869747
0.0235109
0.0231042
0.00806553
0.0276334
0.0078585
0.00179267
0.0141145
0.0465303
0.00665194
0.029194
0.247039
0.0791691
0.0139502
0.0329706
0.024749
0.000823914
0.170555
0.0503657
0.130521
0.00920505
0.0206702
0.137032
0.141017
0.117738
0.217543
0.00444278
0.104491
0.000341802
0.0417195
0.242725
0.0178743
0.0134548
0.00302052
0.026882
0.0162901
0.00176455
0.00373226
0.0598551
0.0205545
0.000889847
0.00301355
0.00447898
0.00138963
0.145745
0.00822497
0.0134633
0.0678789
0.00982484
0.0263731
0.0142009
0.0176687
0.0702979
0.0225944
0.00351202
0.0117931
0.0981079
0.00341143
0.111057
0.0127504
0
0.0243
0.0290099
0.00125988
0.067622
0.0225944
0.249607
0.0052373
0.0199523
0.00174964
0.0141017
0.00669072
0.0216315
0.0241992
0.00205526
0.000904593
0.000701861
0.0843465
0.001402
0.00363006
0.0212892
0.0139032
0.00453327
0.187213
0.139551
0.0430459
0.0481908
0.0616844
0.0108307
0.0194715
0.0753945
0.129482
0.0736108
0.101818
0.0104057
0.0316243
0.170437
0.0144314
0.0255622
0
0
0.0619221
0.000324865
0.124491
0.03128
0.433019
0.0622018
0.00123973
0.023284
0.221041
0.0114281
0.0233681
0.228387
0.0291373
0.00403992
0.00627397
0
0.237493
0.0219169
0.0114667
0.00258591
0.00739942
0.0441154
0.00408507
0.0166499
0.0805143
0.00763537
0.00406778
0.028469
0.0716114
0.0422939
0.102284
0
0.110244
0.050761
0.117984
0.147742
0.00679382
0.00433898
0.011958
0.0708238
0.0201406
0.0248528
0.0840428
0.0154596
0.0162578
0.0306961
0.0486575
0.0348517
0.000537028
0.0904418
0.0199859
0.0113496
0.0221616
0.0568513
0.0111518
0.249996
0.00518974
0.187998
0.000631926
0.0112757
0.0611063
0.0114301
0.00502557
0.00758423
0.123538
0
0.0156989
0.0131092
0.036332
0.0221839
0.00949088
0.0779638
0.00416313
0.08545
0.0178503
0.000577764
0.00218672
0.00540565
0.0134551
0.0529164
0.0191269
0.00153895
0.0121542
0.0787187
0.0208234
0.0144913
0.0224648
0.123413
0.0142303
0.0209983
0.00268108
0.00418736
0.0235233
8.47737e-005
0.0121414
0.0190712
0.0489876
0.233016
0.00206632
0.0276686
0.0564202
0.248602
0.0969289
0.00157193
0.0422046
0.0597567
0.0493726
0.0129343
0.164104
0.0266998
0.00152279
0.011709
0.0125188
0.0296277
0.0191651
0.185096
0.0769457
0.0176267
0.00758008
0.0376434
0.246769
0.122126
0.00935267
0.00155598
0.000338662
0.033506
0.0898819
0.00209122
0.0273649
0.00621176
0.186708
0.114929
0.00840045
0.185233
0.0272948
0.00104604
0.23663
0.0119716
0.00372846
0.0312222
0.0105127
0.0110278
0.01674
0.0269169
0.0246258
0.0694617
0.109743
0.0256033
0.00163706
0.0185782
0.0409324
0.214626
0.00746188
0.0116446
0.0742504
0.049071
0.156254
0.00286135
0.0249046
0.0311579
0.00929453
0.0541378
0.04586
0.025843
0.00231387
0.0999058
0.0820183
0.00845745
0.00630077
0.0721418
0.154758
0.00113504
0.0624933
0.00548192
0.00526382
0.00193055
0.203299
0.0891842
0.0561485
0.105529
0.0539208
0.00138107
0.248727
0.0165515
0.0320631
0.0268233
0.150088
0.187209
0.112511
0.00172593
0.0678429
0.116178
0.0201466
0.0439586
0.141725
0.170023
0.211481
0.0239216
0.00360415
0.0500865
0.166774
0.0172322
0.0385218
0.015853
0.182672
0.00251115
0.00344409
0.0310192
0.017118
0.00335525
0.0629017
0.0609042
0.153667
0.220396
0.00358512
0.00152279
0.00112217
0.0342322
0.011554
0
0.0220841
0.0226093
0.0221142
0.0319657
0.0118805
0
0.0266564
0.0987152
0.0291148
0.0656777
0.0188341
0.0666941
0.00134766
0.166005
0.0868078
0.0191938
0.015512
0.219176
0.00191557
0.141816
0.212869
0.00389365
0.0473748
0.0709051
0.0136869
0.0115712
0.00295088
0.0621412
0.0229698
0.00369333
0.0113639
0.125438
0.168162
0.0169749
0.00748904
0.0625411
0.0319674
0.0789164
0.0428595
0.240465
0
0.0337596
0.285981
0.0069275
0.0806497
0.0238652
0.0255149
0.000465876
0.0744353
0.12513
0.00730363
0.0161343
0
0.0147894
0.00877007
0.0091396
0.00194961
0.0487872
0.0477468
0.00216723
0.0182412
0.0107004
0.00159357
0.00296814
0.0639974
0.00150346
0.158669
0.00635424
0.0121985
0.159594
0.123788
0.000462278
0.126338
0.00223221
0.00768737
0.0131394
0.0348016
0.0164977
0.00453834
0.216662
0.000829489
0.210914
0.0122714
0.00364473
0.000521093
0.0435764
8.47738e-005
0.0455986
0.148303
0.0369229
0.00193023
0.000764521
0.00418518
0.0413087
0.000522573
0.0112855
0.00215015
0.00218185
0.1974
0.00407637
0.0959185
0.101695
0.00202177
0.0555699
0.0155432
0.00189942
0.015747
0.036677
0.0109341
0.00835041
0.0420654
0.0110377
0.0811981
0.0118105
0.0597618
0.0597092
0.164901
0.15477
0.129656
0.0131979
0.0128351
0.00153002
0
0.0107493
0.00515948
0.019525
0.0366042
0.152304
0.00369511
0.0221732
0.0223349
0.0146826
0.0311995
0.22701
0.0127369
0.0185393
0.0224214
0.0217685
0.0120296
0.0368092
0.0057865
0.0658622
0.184064
0.00366536
0.00214121
0.0183996
0.249875
0.120926
0.238447
0.249524
0.0292714
0.0045323
0.0765094
0
0.00801758
0.0195268
0.0067059
0.015145
0.249258
0.0126788
0.216747
0.203191
0.0068121
0.249875
0.242528
0.0365579
0.0333304
0.028223
0.0102383
0.217736
0.254464
0.0486018
0.000264083
0.00298499
0.131776
0.0485998
0.0152259
0.0527554
0.0163352
0.0290102
0.0154419
0.0323758
0.179253
0.149917
0.0778614
0.0521104
0.0474946
0.0428002
0.00842099
0.215763
0.00927231
0.00406129
0.0143599
0.0409603
0.241214
0.00126371
0.0398968
0.017308
0.112061
0.242948
0.196618
0.0405347
0.0139786
0.00436171
0.0339382
0.10646
0.132339
0.0436694
0.101015
0.00451986
0.173531
0.0312318
0.0545892
0.00947308
0.0397466
0.0152696
0.0180461
0.0104437
0.00672464
0.0132921
0.0296328
0.218086
0.226798
0.00630425
0.0748389
0.0124808
0.202096
0.0636704
0.00163127
0.13937
0.00390614
0.0276111
0.03427
0.0632398
0.134564
0.247224
0.00814277
0.150471
0.00284446
0.00253659
0.00824537
0.00382099
0.00037568
0.0647144
0.00348832
0.0640961
0.0471471
0.048561
0.0273552
0.0345445
0.00824423
0.00058854
0.0404877
0.131497
0.234533
0.013166
0.0730754
0.0639539
0.0395574
0.00640734
0.00246281
0.000814903
0.00761771
0.0313877
0.193469
0.112714
0
0.0383256
0.00099228
0.00287847
0.0289823
0.050465
0.0476276
0.0454931
0.00136328
0.0698187
0.135443
0
0.0579372
0.00935965
0.107015
0.257084
0.0283275
0.00706588
0.00207012
0.0350869
0.00517055
0.0425477
2.91015e-005
0.00689033
0.138001
0.0231546
0.00226715
0.0121034
0.172035
0.0343796
0.000807621
0.119627
0.0557366
0.0317729
0.0161436
0.111263
0.11149
0.0040296
0.012282
0.0670149
0.0657719
0.249982
0.0791571
0.00251281
0.07412
0.248243
0.0057286
0.00941162
0.0171906
0.00456234
0.102331
0.0632611
0.00772338
0.0274126
0.074589
0.0992075
0.126709
0.0220294
0.040697
0.0161167
0.00741936
0.131262
0.00789543
0.0521341
0.0596599
0.0804027
0.00241801
0.0149444
0.0127168
0.131281
0.00571569
0.224982
0.151418
0.00461891
0.203309
0.00332604
0.0165857
0.0046133
0.164374
0.00104464
0.240954
0.0396845
0.00479214
0.00451047
0.000458622
0.180442
0.01291
0.0131394
0.0510196
0.00414834
0.052222
0.00115622
0.00395051
0.0053601
0.00145828
0.0430673
0.00288327
0.0141741
0.0172253
0.00115214
0.0183766
0
0.00170598
0.00491605
0.130656
0.110382
0.00429452
0.088762
0.234781
0.0241194
0.0137177
0.00832771
0.00087046
0.133453
0.169213
0.00322675
0.00113878
0.00158312
0.0842265
0.0528901
0.0121995
0.0179073
0.0567474
0.0275258
0.0131555
0.000676359
0.0267799
0.0150498
0.160508
0.0756693
0.0750458
0.00110672
0.549448
0.13975
0.043606
0.186962
0.0303624
0.000365331
0.108476
0.0552695
0.197227
0.215501
0.0324286
0.0250759
0.00830679
0.00724463
0.00850175
0.12615
0.0503769
0.0115648
0.00942467
0.0396827
0.0361624
0.00144405
0.0430784
0.022171
0.0121082
0.0340275
0.14356
0.0133253
0.00536063
0.149205
0.134168
0.0281566
0.0121549
0.0398891
0.0923434
0.00235464
0.00845346
0.00465951
0.013574
0.010658
0.0927803
0.00693886
0.0046074
0
0.00150798
0.100486
0.0586517
0.0011403
0.0151752
0.0215408
0.029275
0.0362506
0.0151572
0.00256855
0.00306735
0.0276668
0.0111147
0.05061
0.00105419
0.068382
0.0152278
0.241083
0.0330457
0.0368566
0.000525774
0.00608434
0.0806105
0.129849
0.0777576
0.07531
0.0184177
0.0355323
0.0362584
0.0265923
0.000902171
0.157391
0.124378
0.0165903
0.233965
0.0905779
0.0489587
0.00244897
0.00227628
0.0845762
0.0754098
0.245754
0.00422029
5.73878e-008
0.031687
0.00111257
0.00127563
0.217776
0.225607
0.0150352
0.0375288
0.0382222
0.00450424
0.248371
0.0333805
0.0817521
0.000298833
0
0.00855704
0.080399
0.0345121
0.00727822
0.200217
0.0325426
0.0843281
0.00163751
0.00414524
0.000212815
0.0174876
0.0189511
0.00142129
0
0.0205127
0.00611641
0.0129931
0.171482
0.218684
0.0110573
0.0187038
0.0297176
0.0707308
0.152317
0.248276
0.00120174
0.0511032
0.123328
0.242276
0.00229433
0.00330965
0.00928362
0.101683
0.0317211
0.0139114
0.00179498
0.0107496
0.0155473
0.0210783
0.147898
0.147177
0.00260524
0.0388571
0.00821583
0.236535
0.00481273
0.0175177
0.0273848
0.0295808
0.000969181
0.0207694
0.0315224
0.0356836
0.0277115
0.101091
0.0637898
0.00542875
0.0111471
0.00281463
0.0232582
0.0198062
0.0037401
0.0394633
0.0136488
0.0171361
0.0103158
0.00151551
0.0301361
0.0378303
0
0.000892404
0.0507856
0.00855704
0
0.12335
0.0134239
0.054299
0.107878
0.0389549
0.0375872
0.0549777
0.0325175
0.0025854
0.00331367
0.0142178
0.020792
0.068056
0.0732993
0.00432616
0.00132824
0.176307
0.0947356
0.0367692
0.0229533
0.00331536
0.0193016
0.0379343
0.0189868
0.0439666
0.123672
0.0665728
0.0830447
0.106966
0.00669667
0.00072744
0.0521669
0.0189221
0.00411605
0.0191446
0.021291
0.0128114
0.0108466
0
0.00349945
0.123682
0.00984461
0.0669869
0.0476122
0.028591
0.0201873
0.00300594
0.0233223
0.00193053
0.0495899
0.0100101
0.00388271
0.00685454
0.000792275
0.0353654
0.0259632
0.00982372
4.59564e-005
5.52671e-005
0.00083859
0.208925
0.0372861
0.0655661
0.0731138
0.0134425
0.00359613
0.19002
0.00810975
0.257905
0.00385012
0.0111418
0.201552
0.275068
0.0274514
0.0571692
0.0704147
0.279155
0.00651359
0.00884749
0.0510443
0.0292375
0.0231682
0.0147595
0.000723515
0.00480257
0.0167842
0.0899515
0.108745
0.0904944
0.168502
0.170976
0
0.0317915
0.082781
0.0477075
0.0427264
0.00225499
0.00459696
0.00525775
0.0159296
0.0581391
0.0836337
0.0158198
0.00391665
0.0098701
0.0697573
0.0315648
0.102167
0.00266504
0.0128092
0.0128979
0.0124036
0.0478321
0.00551162
0.00467645
0.286809
0.00804147
0.00640088
0.0489026
0.228691
0.0254223
0.00309933
0.0126113
0.00810707
0.144167
0.0338746
0.0199299
0.0394936
0.0423276
0.150503
0.0506734
0.0609379
0.0311967
0.0439992
0.00193623
0.00227287
0.00325393
0.023353
0.0289807
0.090592
0.0963233
0.0862196
0.0987571
0.187985
0.0709115
0.00316799
0.0637086
0.00835195
0.0016118
0.0298208
0.0291888
0.061411
0.0548289
0.203264
0.0267753
0.00221343
0.00596236
0.118213
0.0140671
0.253858
0.0575884
0.0100048
0.0019302
0.00640069
0.0301169
0.191354
0.0263738
0.214786
0.010125
0.00885096
0.00836662
0.00433876
0.357055
0.0128958
0.0328901
0.036703
0.0854636
0.185773
0.319491
0.179658
0.126494
0.0303155
0.205061
0.0107136
0.0189584
0.0310361
0.00104373
0.0087619
0.00485839
0.0430423
0.00315757
0.027292
0.166662
0.0891628
0.106338
0.195205
0.240259
0.0089434
0.191728
0.227862
0.00880742
0.105949
0.00606256
0.0508427
0.0400189
0.0120514
0.0439722
0.286498
0.0994565
0.00280113
0.0296628
0.0286228
0.0144905
0.0895139
0.0230843
0.107179
0.0308586
0.0176079
0.0497212
0.0139688
0.0555599
0.0611037
0.246988
0.0177439
0.0162972
0.00211
0.00911312
0.0625874
0.0159516
0.0330487
0.0194318
0.00162492
0.000888482
0.278246
0.0875812
0.000257944
0.00648298
0.130213
0.00659867
0.00395338
0.0138425
0.082128
0.0191001
0.0337785
0.113942
0.110105
0.0955077
0.0695174
0.00268724
0.00201229
0.0659979
0.0705737
0.00389841
0.0207688
0.115408
0.136644
0.0017781
0.0580923
0.0791158
0.00278709
0.00964127
0.0323986
0.00092931
0.0192806
0.030651
0.184467
0.0751693
0.0172133
0.0126879
0.00465951
0.0701803
0.0341163
0.00975354
0.00573503
0.0727197
0.0403012
0.197755
0.0498892
0.00151455
0.0170654
0.127853
0.0461337
0.00198795
0.0276109
0.128191
0.16226
0.0917231
0.00333142
0.0166089
0.0156417
0.199549
0.03459
0.202175
0.000945784
0.00203261
0.0203684
0.0964904
0.040274
0.00141252
0.219651
0.0241882
0.0768573
0.00513887
0.128279
0.0317279
0.0318441
0.00799173
0.0484932
0.0243136
0.0211639
0.0432966
0.0272899
0.0343454
0.0783211
0.0456176
0.00198538
0.0160677
0.0205664
0.0975573
0.0140385
0.017898
0.183143
0.0186539
0.290767
0.0448722
0.0535438
0.0827659
0.00257428
0.207214
0.216789
0.00491956
0.0130133
0.0165716
0.00996895
0.0822653
0.0299528
0.0607433
0.0098197
0.0246021
0.0749755
0.148015
0.0729345
0.0561139
0.00245581
0.00889073
0.0426575
0.00157584
0.0264916
0.0184024
0.0120855
0.122056
0.0207904
0.116324
0.024429
0.145193
0.0102134
0.0029895
0.392977
0.0618216
0.0372751
0.000681313
0.00449013
0.119224
0.052175
0.0253618
0.00558109
0.00342263
0
0.0691682
0.00566477
0.0446267
0.0394274
0.0777433
0.00397786
0.00350671
0.00433908
0.0800828
0.0260311
0.0189757
0.0212991
0.022556
0.0458942
0
0.00426212
0.00555818
0.0170978
0.158143
0.0373295
0.018644
0.0361684
0.0616353
0.0210569
0.00560991
0.000980488
0.00665328
0.0720315
0.0130891
0.0131542
0.159345
0.0245303
0.054302
0.121353
0.104295
0.0291153
0.00657614
0.00352192
0.05309
0.081527
0.00259296
0.00446269
0.0162997
0.00566353
0.166477
0.0590935
0.132036
0.00702682
0.0315121
0.0101152
0.134263
0.115821
0.217896
0.00775022
0.0758915
0.0149734
0.216425
0.249619
0.0844737
0.0154967
0.131661
0.0732411
0.0280547
0.236906
0.291202
0.00489002
0.137018
0.0129317
0.0967487
0.00724665
0.00270801
0.00630294
0.00252657
0.0135821
0.0424925
0.00249834
0.225835
0.214366
0.081718
0.0047972
0.136875
0.101133
0.00215264
0.00335123
0.134103
0.0530212
0.240757
0.0043055
0.100814
0.0203205
0.00362778
0.00424067
0.232392
0.0514052
0.0357517
0.134459
0.245484
0.0722788
0.147782
0.0168468
0.138459
0.00597221
0.00757234
0.0486121
0.00636246
0.183466
0.0100164
0.00194959
0.0762229
0.0815873
0.0022713
0.205841
0.0471833
0.0778798
0.0739266
0.145985
0.0167215
0.110382
0.0678433
0.0111788
0.00905069
0.00968276
0.0158574
0.0761098
0.0170277
0.0235264
0.045254
0.00492213
0.01341
0.0494617
0.0927081
0.110213
0.0589704
0.000670689
0.0027185
0.00666323
0.0488553
0.0221791
0.117335
0.0726817
0.00162185
0.03752
0.00294158
0.0689149
0.346204
0.0363457
0.00711033
0.022714
0.0865708
0.0024129
0.0520167
0.114656
0.0164468
0.0142501
0.00285154
0.133788
0.0835857
0.251973
0.0100834
0.0369948
0.0285292
0.0388915
0.232884
0.207257
0.0122397
0.241213
0.246478
0.0194717
0.0880083
0.00261807
0.00823636
0.00488989
0.21747
0.0524951
0.154767
0.047233
0.15713
0.0980897
6.73761e-005
0.0812257
0.00304159
0.0400059
0.0176266
0.00878643
0.00204532
0
0.00341108
0.0209549
0.0450205
0.0594033
0.00392359
0.00326435
0.0125727
0.0150565
0.00956309
0.353015
0.0106854
0.007006
0.229715
0.00216564
0.0255706
0.122337
0.000606955
0.00891001
0.152292
0.0538239
0.00157972
0.00950018
0.00587174
0.0670272
0.011082
0.249841
0.225096
0.0718275
0.247608
0.000298833
0.0234458
0.000743168
0.230666
0.00218964
0.0430009
0.00046819
0.0167438
0.0374877
0.00610915
0.00183595
0.0124519
0.073823
0.0890237
0.159948
0.0488811
0.0370235
0.180605
0.0093184
0.0563606
0.00361101
0.00401019
0.243921
0.0619676
0.00846315
0.00160587
0.0381649
0.00347608
0.00532128
0.297014
0.0143293
0.186574
0.0855386
0.010418
0.127593
0.0482024
0.00233314
0.00776157
0.0204281
0.0782472
0.00204705
0.0410923
0.17034
0.286604
0.0175669
0.00436294
0.0664147
0.00678282
0.00213209
0.00653443
0.109391
0.0334641
0.0217676
0.20673
0.0658784
0.000468191
0.012883
0.0637522
0.000458249
0.119409
0.014418
0.00484747
0.0427004
0.0913089
0.0110112
0
0.0275827
0.100807
0.316667
0.107551
0.180324
0.196323
0.12255
0.00330372
0.202683
0.176326
0.0151757
0.0356269
0.0141251
0.0931198
0.00320798
0.00536994
0.0126733
0.0051368
0.0116509
0.0462522
0.0787828
0.212355
0.0165308
0.03864
0.0246578
0.246853
0.0930735
0.189113
0.00167091
0.0275565
0.00702976
0.0012364
0.00595997
0.00158239
0.293376
0.0579164
0.280546
0.0292156
0.0379822
0.018925
0.00405951
0.00298815
0.0376903
0.0486468
0.00276768
0.0514454
0.0019848
0.068407
0.0606038
0.00323306
0.0075891
0.0532941
0.0192659
0.00782637
0.00581912
0.227388
0.0113272
0.135064
0.0569075
0.0124405
0.000566361
0.0460054
0.074022
0.076727
0.0286714
0.0462127
0.0135662
0.17679
0.00320794
0.0162191
0.0168686
0.00962055
0.161204
0.0186253
0.0267775
0.0135246
0.205025
0.00864013
0.00454423
0.00878935
0.0322876
0.0263596
0.0534357
0.095358
0.0636164
0.0170497
0.0539543
0.00955079
0.0426178
0.00633769
0.108008
0.00814402
0.0233469
0.102107
0.020405
0.0249488
0.0833887
0.0694592
0.00807564
0.0182102
0.0064836
0.20789
0.00331557
0.0134643
0.246925
0.0213109
0.00378004
0.0123302
0.0198328
0.000763821
0.0501669
0.00140548
0.149409
0.00901866
0.00610843
0.159567
0.00486582
0.00240287
0.0589557
0.0128904
0.00996689
0.0860669
0.0609468
0.020746
0.054604
0.00982746
0.00385333
0.00817514
0.00266528
0.00180751
0.0731409
0.27691
0.0484177
0.175456
0.0527377
0.0756346
0.0332647
0.015448
0.0117853
0.00653717
0.10025
0.0123519
0.00673218
0.0121824
0.0670818
0.0339293
0.00442532
0.0961548
0.10604
0.0838408
0.138597
0.00382686
0.101229
0.00119466
0.214786
0.00259615
0.0102329
0.0164359
0.0226406
0.106644
0.00477027
0.00229992
0.00468805
0.00586572
0.0208496
0.27044
0.166492
0.0128412
0.0701528
0.00188225
0.118085
0.31154
0.0513897
0.143531
0.0502905
0.0184618
0.000658291
0.00599534
0.117833
0.247854
0.00791249
0.0253135
0
0.273803
0.0526676
0.0120249
0.0219662
0.0433183
0.00218579
0.0120246
0.00514164
0.00528881
0.00400508
0.0805873
0.0754779
0.0127788
0.00215634
0.0129635
0.0064342
0.00934001
0.17195
0.00700707
0.0185692
0.00546518
0.00489159
0.0920851
0.0292769
0.0661166
0.00109551
0.0110324
0.0167085
0.0180006
0.0521194
0.0117695
0.035149
0.148399
0.0220139
0.00757927
0.0109495
0.0564886
0.00187528
0.0251908
0.0632118
0.0570452
0.00279853
0.0449795
0.0329136
0.000654346
0.213092
0.0756414
0.0848474
0.00107374
0.00528912
0.00528897
0.00620402
0.0253298
0.0206605
0.0249617
0.0107483
0.00413767
0.00110343
0.192912
0.0789704
0.00838624
0.0532338
0.0454361
0.00698827
0.00958102
0.0404255
0.0552154
0.154956
0.00223626
0.0797732
0.0993929
0.0896095
0.0786584
0.0832593
0.00724199
0.0502065
0.017766
0.0425787
0.200471
0.0406318
0.00465428
0.0110069
0.00435961
0.0100039
0.108213
0.0142102
0.00328248
0.215627
0
0.0134483
0.0129138
0.0148567
0
0.0319533
0.00415213
0.199207
0.0780399
0.0917013
0.0183766
0.0506397
0.0536666
0.00585968
0.00378672
0.0145701
0.00729938
0.108795
0.0564936
0.096117
0.0268515
0.0100591
0.0243429
0.0781721
0.112052
0.000721237
0.102574
0.00945497
0
0.0718321
0.00222204
0.00087984
0.000913767
0
0.040772
0.0211578
0.226256
0.0105305
0.123724
0.0472928
0.0455568
0.0883611
0.0115799
0.00593171
0.16938
0.0243404
0.0326683
0.057321
0.102263
0.0264362
0.0217235
0.0258108
0.0112736
0.412187
0.00666904
0.0383885
0.0229902
0.00258466
0.209359
0.00825836
0.00935768
0.199479
0.186604
0.183178
0.082952
0.0605872
0.0811049
0.0474356
0.14452
0.143442
0.130795
0.0176609
0.0397371
0.0172016
0.0894593
0.0341235
0.0399111
0.0195653
0.0278197
0.0186194
0.100173
0.028661
0.0643068
0.113303
0.107828
0.022755
0.242435
0.00232478
0.0808719
0.0600594
0.116354
0.0533842
0.123826
0.0454225
0.174521
0.166725
0.163725
0.0656148
0.0369096
0.00046962
0.00343768
0.0104194
0.0381229
0.0101022
0.00706363
0.0780289
0.0394189
0.0688892
0.142053
0.0613856
0.0494617
0.0327749
0.0470355
0.119981
0.170656
0.0164234
0.0188578
0.0154709
0.018134
0.00270786
0.0129605
0.00105161
0.00283582
0.0322564
0.0830278
0.03676
0.0245447
0.00986269
0.0876218
0.213538
0.00253453
0.0446159
0.0909256
0.120372
0.177475
0.000433356
0.113944
0.0240186
0.157909
0.00474634
0.167371
0.190955
0.0353255
0.0105566
0.000458249
0.496055
0.0832968
0.022278
0.170746
0.0661383
0.0115937
0.0860623
0.0203127
0.0200173
0.155322
0.000257944
0.0079612
0.0315526
0.00881673
0.00806144
0.00889668
0.00596366
0.00232907
0.0946611
0.00581227
0.00585772
0.0178445
0.0991272
0.00267543
0.0519748
0.00375334
0.00316091
0.00654321
0.0627085
0.0115539
0.177875
0.0444059
0.0641993
0.00676376
0.0709181
0.0116018
0.0511841
0.00158356
0.0053229
0.0523355
0.0819611
0.0730468
0.157689
0.0352811
0.194544
0.116389
0.21309
0.025082
0.00904962
0.0879467
0.00895986
0.126723
0.0893678
0.00102359
0.00164979
0.0420156
0.0020611
0.0017017
0.102144
0.0897339
0.0232995
0.0988735
0.124849
0.040697
0.0084684
0.0272723
0.016678
0.014416
0.0257458
0.122958
0.0717786
0.0729375
0.0687908
0.007722
0.0185676
0.207671
0.0176349
0.0757216
0.00970451
0.180963
0.00373593
0
0.288257
0.208075
0.0372887
0.00913864
0.0148123
0.00748674
0.00253455
0.0207331
0.0588393
0.0358383
0.0805995
0.0121632
0.0382505
0.000974045
0.0226954
0.00404146
0.0043852
0.0561733
0.0710102
0.0389906
0.0975331
0.0435554
0.140695
0.0935887
0.032217
0.00241223
0.0911999
0.00881578
0.0807325
5.87676e-008
0.141823
0.029326
0.0310095
0.0194379
0.157261
0.15391
0.00426002
0.0289985
5.87679e-008
0.00577786
0.00360131
0.00456788
0.0422779
0.0284528
0.0528635
0.165217
0.114378
0.0547698
0.00263743
0.00333235
0.0338095
0.064775
0.128078
0.00207567
0.00381772
0.0274115
0.158646
0.0421121
0.00188589
0.0434969
0.271502
0.00548671
0.0235559
0.00354937
0.00516772
0.0022718
0.0154946
0.0665691
0.0251748
0.150386
0.00205565
0.195736
0.0829116
0.0156776
0.0219058
0.0112847
0.0200413
0.12241
0.0761133
0.0362258
0.17113
0.104645
0.0310031
0.15067
0.0307334
0.00444242
0.00305444
0.0773387
0.038018
0.219719
0.132454
0.111665
0.12455
0.0101741
0.147608
0.0206901
0.0284046
0.0256617
0.024589
0.187571
0.0056181
0.0654836
0.00336169
0.0516364
0.2586
0.236993
0.0972073
0.0164822
0.00420694
0.0189013
0.0109956
0.094269
0.0181287
0.0482703
0.00858299
0.0168887
0.138167
0.205333
0.0855751
0.0146952
0.0135659
0.00255776
0.0897929
0.0128173
0
0.00241154
0.0116936
0.00752368
0.0791433
0.0781793
0.151113
0.00864188
0.0184762
0.207939
0.0424643
0.0617991
0.083237
0.0485362
0.012562
0.34548
0.0637138
0.00602853
0.0533643
0.0562432
0.226096
0.261466
0.0252872
0.0250918
0.0111927
0.139493
0.0610406
0.0656221
0.0043179
0.00103232
0.0161046
0.0170876
0.016955
0.0237227
0.00867822
0.171696
0.0111082
0.0466463
0.0203879
0.0335982
0.234804
0.0111225
0.187771
0.0520418
0.0026465
0.0648123
0.07843
0.0476792
0.0120495
0.00680602
0.0141605
0.0250979
0.0515299
0.00162969
0.0175667
0.0161696
0.00416405
0.0345764
0.294793
0.0235055
0.193501
0.187097
0.0134691
0.157586
0.022301
0.0384006
0.00603003
0.0503187
0.0432314
0.119407
0.138814
0.0276812
0.0913827
0.122123
0.0378997
0.0639732
0.00921424
0.0114073
0.0101691
0.0888357
0.0125906
0.0260808
0.14202
0.0458882
0.0296072
0.0384468
0.0372139
0.0818903
0.010331
0.0688406
0.0845371
0.198971
0.0118911
0.0040336
0.045108
0.00219643
0.00127955
0.215246
0.0185408
0.0564063
0.0706015
0.00875579
0.139235
0.0130668
0.0125453
0.13434
0.00303479
0.00809244
0.0628496
0.134601
0.021103
0.0119774
0
0.247016
0.119631
0.0801668
0.00205445
0.00223688
0.0783653
0.0491366
0.00334575
0.00600155
0.0487062
0.102953
0.00872902
0.027767
0.0199492
0.0419227
0.0490058
0.00270174
0.154516
0.0064087
0.0599656
0.0360082
0.147114
0.00790798
0.0304064
0.0459933
0.0620304
0.00591466
0.154733
0.0106202
0.0960194
0.0299231
0.0176715
0.0194486
0.0275836
0.0248677
0.139833
0.000248745
0.0825119
0.0270824
0.000991003
0.00801125
0.014263
0.0791184
0.157877
0.0650553
0.00431561
0.021108
0.00158089
0.00226465
0.0566258
0.0541889
0.0100374
0.00341805
0.00296065
0.00479565
0.0125935
0.054377
0.00171882
0.280979
0.0437657
0.00171837
0.126421
0.0817215
0.0183418
0.00600164
0.0762331
0.211404
0.0715155
0.0141825
0.00126952
0.0115997
0.0559048
0.0212524
0.0103237
0.0387457
0.00533764
0.00700991
0.0174275
0.181352
0.0372782
0.0108898
0.0276633
0.00433677
0.0146248
0.0080399
0.0135733
0.0369911
0.0286158
0.00736715
0.17523
0.00236124
0.15256
0.0867962
0.259531
0.0411876
0.265371
0.0165356
0.0888557
0.0118995
0.0192739
0.197828
0.124774
0.0240643
0.00336715
0.003253
0.00778695
0.202352
0.0584687
0.0138642
0.0330436
0.000547205
0.0463583
0.00161127
0.0311693
0.00401497
0.0163946
0.0179929
0.0250572
0.321473
0.00893734
0.0472318
0.0679282
0.0502841
0.0314486
0.0187744
0.00738856
0.0120924
0.0164074
0.00121337
0.104563
0.0391351
0.00467133
0.00726128
0.0050106
0.0291511
0.000691411
0.0165562
0.0236646
0.000521331
0.0754657
0.0596198
0.0430425
0.00386109
0.0636371
0.0412978
0.0371899
0.0464779
0.00422023
0.0272011
0.0499639
0.0122399
0.0790036
0.00779631
0.0583932
0.0690598
0.00153688
0.00170358
0.0241099
0.031773
0.0271386
0.0118753
0.121354
0.0398061
0.00237965
0.00191777
0.0936916
0.00134339
0.0015357
0.0253229
0.0025037
0.00621352
0.00406829
0.00911042
0.00734856
0.00383581
0.176163
0.226618
0.00408
0.0317375
0.00391169
0.0079988
0.00342462
0.216881
0.00436303
0.35453
0.00626984
0.00185133
0.00208311
0.0567394
0.0438576
0.0908865
0.00115205
0.125251
0.0477162
0.0626994
0.0316901
0.00253004
0.0279525
0.153884
0.00171164
0.00373491
0.000754318
0.0429303
0.0366482
0.224897
0.00255692
0.0109354
0.201885
0.173562
0.00191786
0.0240087
0.0727894
0.00671531
0.103735
0.00179283
0.169395
0.00523324
0.0212827
0.115184
0.00186984
0.154752
0.00500845
0.00718784
0.00225294
0.0238
0.0397569
0.00508213
0.15686
0.0304706
0.0222014
0.0689449
0.0119168
0.00982714
0.117303
0.352465
0.00706031
0.0134931
0.0471101
0.0028132
0.0132581
0.00838854
0.179946
0.0728025
0.0149943
0.0276377
0.0501039
0.00127709
0.000113571
0.30275
0.0518134
0.117905
0.000106478
0.195337
0.0485701
0.103744
0.171459
0.00588237
0.00476333
0.0368714
0.0772786
0.156044
0.285642
0.00921172
0.00728201
0.0442886
0.00315681
0.0184967
0.0599254
0.0399515
0.0077239
0.0027845
0.00153295
0.0315631
0.0454862
0.0943246
0.0119688
0.0405485
0.00506534
0.00152133
0.00166801
0.064499
0.293323
0.164841
0.206324
0.019087
0.0116575
0.110228
0.000212815
0.00121501
0.0864204
0.0454165
0.00634577
0.0164601
0.00347126
0.0527912
0.0529772
0.177753
0.0761997
0.00165197
0.0448377
0.0873047
0.0401518
0.0916201
0.0101594
0.250981
0.195693
0.0034557
0.0247844
0.0276763
0.00448101
0.0303282
0.00622458
0.00999624
0.103909
0.00139532
0.00668502
0.00888692
0.0662808
0.000607327
0.0124948
0.0845805
0.0857971
0.122564
0.175082
0.0965335
0.0243035
0.0483544
0.0932127
0.142985
0.12463
0.0323296
0.0432724
0.0520842
0.0804688
0.00311144
0.0476438
0.0313903
0.121637
0.0431144
0.067762
0.0642454
0.0167023
0.122945
0.00719164
0.0515763
0.0379932
0.150744
0.0645042
0.134527
0.0272093
0.0180459
0.0280209
0.00254831
0.00172057
0.182664
0.112656
0.0298208
0.00168082
0.0488678
0.0156943
0.0397823
0.0717936
0.000645595
0.151425
0.050871
0.0851275
0.124146
0.00719754
0.0774913
0.0527447
0.00045084
0.0013586
0.272231
0.0156865
0.00323306
0.00195089
0.0462376
0.180186
0.00584932
0.00633308
0.0335378
0.0334537
0.00504382
0.292973
0.103685
0.00286357
0.00553072
0.0103788
0.0373104
0.0523273
0.219794
0.0656452
0.0161877
0.004779
0.00791152
0.00111234
0.0755302
0.00954846
0.0769662
0.104132
0.0714169
0.0557445
0.0545955
0.249961
0.00805139
0.0205914
0.00488827
0.000547205
0.0045378
0.0162228
0.0206119
0.101458
0.00236765
0.00636127
0.0032343
0.0622212
0.0301443
0.0984357
0.06726
0.338066
0.015955
0.07518
0.0107331
0.00121508
0.1153
0.17013
0.034894
0.0188037
0.0183194
0.0157285
0.0780761
0.0177351
0.0551397
0.00219101
0.00575815
0.0132677
0.0132637
0.0271156
0.0188792
0.010062
0.0602685
0.00903898
0.0059099
0.106581
0.00484073
0.00176436
0.186603
0.144792
0.0594475
0.0330015
0.00401121
0.0109791
0.158317
0.0161724
0.00354237
0.060337
0.0804177
0.373778
0.00688469
0.315027
0.0103126
0.00406424
0.0350183
0.0900564
0.0205829
0.013917
0.0319429
0.209196
0.0486267
0.012659
0.00424951
0.0566605
0.135854
0.0231433
0.0337111
0.0403746
0.0444591
0.19802
0.0453171
0.0250471
0.00777512
0.0198777
0.00936321
0.00549258
0.013703
0.0192651
0.0337341
0.0279771
0.00533189
0.0289391
0.0115249
0.017884
0.125271
0.000234151
0.00594077
0.0196334
0.00448022
0.00666413
0.0162522
0.049119
0.235495
0.00140403
0.00242753
0.0517263
0.0555857
0.013061
0.00118531
0.0110956
0.004528
0.0220749
0.019774
0.0014636
0.0106909
0.166038
0.0544775
0.00647266
0.0708592
0.203658
0.0981674
0.00615848
0.0178765
0.00185851
0.00980578
0.0182906
0.016444
0.0332666
0.0318059
0.00336827
0.00716724
0.185009
0.075758
0.114915
0.00176487
0.00751476
0.0929692
0.00500902
0.0184406
0.0148171
0.190407
0.00510995
0.0118621
0.00134087
0.0583114
0.00408295
0.0160494
0.0225339
0.101438
0.0106662
0.03874
0.0195527
0.107325
0.00200261
0.00333877
0.00098374
0.126763
0.105279
0.0897835
0.0230377
0.00328736
0.06777
0.192791
0.00225393
0.000235318
0.0219115
0.0139281
0.0680414
0.0480043
0.00652303
0.249772
0.0111292
0.244011
0.0365497
0.0632494
0.055618
0.00854263
0.0130151
0.0284708
0.00641957
0.00437467
0.243897
0.127867
0.0542794
0.0133177
0.179235
0.00123702
0.174235
0.0119857
0.0212924
0.0123302
0.0472144
0.0476624
0.0141726
0.0129376
0.118205
0.188031
0.033459
0.0278334
0.0177744
0.00508213
0.000668754
0.00319806
0.00514158
0.0264483
0.00200947
0.00312355
0.0124691
0.00666941
0.289812
0.326476
0.00140142
0.326678
0.0713364
0.0055838
0.0336704
0.213564
0.00339778
0.0473817
0.00591466
0.017987
0.101087
0.00810719
0.011316
0.00365592
0.0727023
0.00635091
0.0676902
0.0648831
0.0116745
0.300681
0.0261115
0.0430205
0.0202041
0.00619869
0.00892826
0.000142012
0.0291959
0.0224232
0.0379379
0.090821
0.0373328
0.116494
0.110853
0.0982389
0.00543633
0.0295869
0.00356744
0.0207252
0.000826509
0.00567645
0.0324111
0.16904
0.00891601
0.00347949
0.00500219
0.00227166
0.00729093
0.004228
0.016606
0.0227551
0.0127797
0.0118121
0.00594002
0.000751485
0.24895
0.0659157
0.0323196
0.0471148
0.0530281
0.257401
0.152301
0.0860056
0.0933039
0.110696
0.292099
0.0220044
0.292254
0.0272211
0.081372
0.0347885
0.00241474
0.015063
0.010062
0.00783122
0.00972099
0.00245594
0.0856215
0.00701738
0.0364303
0.00118411
0.00247921
0.0244221
0.163126
0.0482182
0.0206945
0.0538684
0.0514612
0.00360542
0.0333457
0.00138503
0.00612028
0.00246546
0.196946
0.0331503
0.0064754
0.00101278
0.0158681
0.243877
0.25277
0.000879322
0.0765102
0.0124801
0.0937041
0.221393
0.00179483
0.00285009
0.011408
0.0136308
0.0666989
0.0446322
0.000840717
0.00125879
0.0032567
0.0303037
0.00348473
0.176523
0.0622234
0.0747599
0.00258972
0.00241306
0.00145231
0.00138319
0.0157051
0.00863766
0.0194189
0.0539599
0.189502
0.000670891
0.306652
0.00629339
0.000801714
0.0159464
0.0332148
0.000508648
0.25902
0.0556772
0.00255851
0.00682938
0.0398822
0.0248557
0.0698803
0.0389235
0.117634
0.0459523
0.0933814
0.072293
0.0491954
0.015511
0.0230691
0.00111781
0.00203817
0.00328138
0.331679
0.00635457
0.0327682
0.0293807
0.00439871
0.12315
0.00672339
0.0113657
0.0188878
0.030393
0.000544872
0.00224827
0.00394114
0.00373066
0.0755564
0.116322
0.158754
0.0717779
0.0230525
0.0300745
0.0200166
0.0434052
0.0500731
0.0287759
0.101952
0.0100142
0.105265
0.13978
0.00170376
0.0265756
0.0258739
0.0273276
0.00338706
0.110915
0.00812079
0.00455591
0.00280421
0.00154983
0.0633393
0.00937628
0.00010701
0.13178
0.00532828
0.0757704
0.307326
0.0432557
0.00523735
0.0491118
0.0265859
0.000557301
0.0291137
0.0053715
0.000941513
0.0298123
0.00318292
0.00843237
0.00978757
0.0584785
0.00880584
0.0353692
0.00297886
0.0305022
0.0176061
0.0862613
0.00596668
0.00159654
0.038808
0.0423106
0.0451203
0.0103718
0.0531935
0.0784376
0.13098
0.0452459
0.0495277
0.009228
0.0128982
0.089089
0.0666851
0.00328269
0.34224
0.298078
0.00897787
0.0511877
0.0661416
0.038324
0.00154022
0.0150287
0.0211341
0.0152212
0.0173485
0.00313817
0.00366614
0.0112564
0.00281225
0.00139024
0.0612528
0.269183
0.00815533
0.00629081
0.0525632
0.00606454
0.182568
0.226957
0.0429303
0.00146983
0.0267494
0.0455261
0.0694305
0.0523321
0.0306606
0.0288933
0.0353721
0.0250979
0.00125348
0.00679861
0.00768188
0.0323432
0.0281702
0.0497337
0.0263955
0.13368
0.00428212
0.125609
0.000921613
0.0143406
0.00168619
0.0118844
0.00869359
0.000670891
0.0218993
0.0165715
0.0570454
0.345785
0.211825
0.0493849
0.0294884
0.00122158
0.00110248
0.00463661
0.00176362
0.000800134
0.00503774
0.0570966
0.0330596
0.0038791
0.0171636
0.003313
0.0203301
0.00424973
0.00167118
0.22911
0.0104146
0.256253
0.0122364
0.0492005
0.268267
0.00224951
0.0190811
0.000803959
0.014336
0.127259
0.00751476
0.181627
0.0307314
0.0337908
0.00201188
0.00429491
0.20498
0.122809
0.115613
0.00315248
0.0350823
0.00249092
0.0495615
0.0911148
0.00674027
0.404769
0.0157719
0.0602473
0.0535714
0.0119454
0.0114022
0.0183312
0.00562832
0.00284957
0.0757743
0.00965006
0.00569147
0.00843426
0.0224076
0.0491771
0.0234457
0.0505193
0.0982385
0.00537151
0.0127174
0.0605732
0.0348381
0.0111416
0.00527932
0.00685007
0.00606718
0.00507698
0.0320046
0.0864173
0.0888929
0.178945
0.0492949
0.0829381
0.101074
0.00546755
0.00339716
0.0101312
0.0107411
0.0471941
0.0141973
0.00195006
0.0152859
0.00970266
0.0183477
0.00229108
0.0117849
0.0300514
0.0185176
0.115948
0.00200487
0.00883007
0.0033516
0.00662417
0.00103203
0.00534206
0.0455456
0.0498086
0.00982073
0.0645599
0.0118358
0.0952644
0.0946253
0.125074
0.158305
0.00148816
0.00359144
0.00661354
0.0688089
0.0566071
0.0925911
0.10436
0.1629
0.0340942
0.0185268
0.0392517
0.0371323
0.0282765
0.0864799
0.0247246
0.00465039
0.00722506
0.155089
0.195318
0.00964994
0.00262575
0.0802507
0.00950163
0.0129385
0.0900514
0.000458122
0.0821199
0.250158
0.145009
0.06198
0.00233363
0.0759577
0.037279
0.148763
0.122549
0.00885208
0.00331191
0.031544
0.0384607
0.0209907
0.183229
0.0334036
0.00193964
0.0275466
0.0139157
0.00742547
0.0100503
0.000505321
0.101702
0.102014
0.0144878
0.00372443
0.014122
0.00142843
0.00249954
0.014867
0.00730532
0.0804031
0.0206835
0.0721668
0.0706967
0.117616
0.00843548
0.00595846
0.018248
0.0196149
0.0196148
0.0159651
0.00739183
0.0511525
0.100544
0.00657953
0.0414678
0.00359225
0.310086
0.161468
0.00700576
0.015473
0.0155455
0.00113209
0.0113295
0.0537442
0.106188
0.0947795
0.0633377
0.0186653
0.0112794
0.00739989
0.0914234
0.0319813
0.0742705
0.0749038
0.00398738
0.00359588
0.00207763
0.104594
0.00605844
0.0236673
0.00426871
0.0690923
0.187672
0.0183231
0.0800973
0.00310716
0.0767685
0.015811
0.0191655
0.00535319
0.00391228
0.0015471
0.0591015
0.247516
0.260975
0.133124
0.14399
0.132536
0.0362058
0.168763
0.00603246
0.257672
0.00252658
0.0478813
0.00242621
0.0696094
0.103801
0.00117496
0.0115733
0.00347834
0.0467782
0.0256713
0.0990392
0.000609311
0.00150174
0.0563303
0.00465606
0.00538811
0.0416112
0.00913822
0.0525044
0.0263765
0.00759018
0.00555151
0.0589409
0.0440211
0.0639522
0.141164
0.120079
0.0480577
0.0388349
0.0488682
0.0547087
0.0565695
0.0443573
0.0123323
0.0810976
0.00706612
0.00772926
0.05186
0.0013894
0.0498355
0.0709443
0.00311192
0.0562223
0.0485675
0.034562
0.25519
0.000697787
0.00460033
0.0034503
0.0050888
0.00636605
0.254232
0.050564
0.0107129
0.00467983
0.0553191
0.052973
0.0481866
0.0593938
0.00279705
0.000417005
0.165584
0.000516321
0.00383966
0.055365
0.0505958
0.0107514
0.0859742
0.0151177
0.149913
0.204939
0.282726
0.256129
0.00625046
0.441498
0.408566
0.00396271
0.257654
0.0727343
0.231236
0.0375929
0.0170898
0.0106859
0.0169901
0.057866
0.0711624
0.0712912
0.100381
0.00199555
0.00350904
0.0156208
0.00364706
0.00254076
0.0642143
0.132912
0.0078306
0.00125879
0.19402
0.0156712
0.0284829
0.0276071
0.0204161
0.0876513
0.00226576
0.0312863
0.0737192
0.0731266
0.0141046
0.00818371
0.0139172
0.0452267
0.00642026
0.00798584
0.00606184
0.00164105
0.128438
0.00120255
0.028633
0.0860353
0.00522251
0.0337261
0.0106102
0.0042391
0.0171465
0.00385695
0.00309994
0.0159092
0.0313289
0.0330558
0.00563899
0.0059993
0.00454219
0.0955778
0.028439
0.00720583
0.00862686
0.00546461
0.00727231
0.0223846
0.102502
0.0733448
0.0513965
0.031496
0.0268386
0.0756337
0.0682185
0.0135332
0.124535
0.152474
0.0695929
0.0713341
0.0105422
0.00515058
0.00958256
0.0106833
0.0382172
0.00905715
0.00286166
0.000903262
0.0302354
0.00612846
0.00564681
0.00392036
0.00507018
0.0994867
0.0356405
0.200406
0.0349042
0.0326724
0.0281606
0.130806
0.0246855
0.0611672
0.0920578
0.0646409
0.00244059
0.00325572
0.00173122
0.0062994
0.0154661
0.00368036
0.00950358
0.0316049
0.0263845
0.00213301
0.0400455
0.0184655
0.0880011
0.00444036
0.0351221
0.00288149
0.199589
0.143688
0.178743
0.0216775
0.0237688
0.29729
0.122806
0.00576202
0.129632
0.0478759
0.00232319
0.0242473
0.0244075
0.00518502
0.0121368
0.0125665
0.0177407
0.111779
0.181321
0.130722
0.0840077
0.0198668
0.00718616
0.0150283
0.019957
0.0329186
0.222313
0.0184583
0.00627249
0.00337625
0.00145924
0.0683804
0.279784
0.000357663
0.00311732
0.104341
0.0860915
0.186578
0.00196667
0.00240654
0.00269752
0.000840593
0.313462
0.258208
0.0305859
0.00274208
0.230235
0.00119944
0.000438484
0.271558
0.00559432
0.00173248
0.0023478
0.00470051
0.0016151
0.0767168
0.0207124
0.341217
0.00365248
0.204292
0.0809902
0.00761557
0.117746
0.0225517
0.124369
0.267814
0.148937
0.0678294
0.143784
0.0745058
0.0471634
0.0237198
0.144656
0.0633399
0.0160203
0.0124695
0.00320911
0.512779
0.0348265
0.00677015
0.0582435
0.0617661
0.0645663
0.29912
0.0124849
0.129001
0.0535473
0.0364533
0.158681
0.126862
0.00202981
0.00886853
0.00418798
0.00343019
0.00406774
0.00388385
0.0270332
0.00287772
0.0204499
0.0216948
0.0546713
0.0671982
0.0291592
0.0386736
0.00837238
0.00235583
0.00660802
0.00692559
0.0247515
0.0030109
0.0292395
0.0523187
0.00915404
0.110671
0.0340952
0.00309506
0.260852
0.0246572
0.0777564
0.00232235
0.00454691
0.188901
0.360519
0.0373631
0.00677491
0.108215
0.0243586
0.00223745
0.0377919
0.0482521
0.0637375
0.0616725
0.0553362
0.00402478
0.0392255
0.181375
0.0643036
0.097952
0.0190735
0.0474339
0.0371407
0.0242744
0.0015435
0.0830782
0.23791
0.0373727
0.0194676
0.0142899
0.017218
0.163271
0.011526
0.00221019
0.0357567
0.000951825
0.0148987
0.010972
0.0170631
0.0766916
0.0198413
0.120672
0.0327958
0.0349113
0.149809
0.0097828
0.0129921
0.0305043
0.0221376
0.118984
0.0108452
0.0398283
0.0612006
0.0634912
0.0845445
0.097555
0.0631541
0.0158486
0.0173402
0.194537
0.0489763
0.19628
0.142199
0.0028332
0.0401617
0.32877
0.0900009
0.0897009
0.0827866
0.124011
0.0399836
0.00407689
0.00265841
0.011358
0.14477
0.0150394
0.05462
0.00690595
0.0039634
0.00874212
0.000985443
0.0115345
0.00260122
0.000664066
0.0165225
0.0741184
0.088306
0.160064
0.0118211
0.0492446
0.00608613
0.0937633
0.00439246
0.00583525
0.00973811
0.00730257
0.00327925
0.00412991
0.00192154
0.0308659
0.0606914
0.00613774
0.0334132
0.0186209
0.124399
0.10965
0.240866
0.0519128
0.0157782
0.00430013
0.00376642
0.0634735
0.0153392
0.0639057
0.188134
0.172853
0.0549357
0.155666
0.167781
0.219765
0.103741
0.0221137
0.132523
0.0452154
0.0135082
0.0643826
0.157061
0.136979
0.124584
0.0980042
0.0158984
0.354674
0.00308303
0.337817
0.292972
0.281422
0.00297554
0.0733109
0.140016
0.128883
0.0340982
0.00735323
0.0195033
0.028925
0.00215845
0.0668589
0.057524
0.0242154
0.0118698
0.177316
0.00341734
0.105649
0.0527979
0.0540395
0.00392348
0.00296034
0.00518019
0.00317445
0.0033136
0.0166073
0.0454091
0.0302336
0.0210434
0.0704578
0.0545083
0.00245732
0.0673655
0.00254364
0.18011
0.00365188
0.000778009
0.000862403
0.0103873
0.00286167
0.00364365
0.063026
0.155327
0.00189688
0.0246116
0.0218761
0.00237965
0.0273681
0.265856
0.00210702
0.0294078
0.00689002
0.316233
0.0804608
0.0306134
0.0479908
0.0740829
0.117124
0.0951677
0.124819
0.0249349
0.0382131
0.0462057
0.0434007
0.00368608
0.0206737
0.0157886
0.314312
0.0290044
0.422004
0.0910831
0.245159
0.0496831
0.00766452
0.00186062
0.0135379
0.00093905
0.00213779
0.0040736
0.00326012
0.00376673
0.113818
0.00440167
0.00217228
0.00265086
0.00358187
0.020561
0.00427717
0.0331503
0.00987458
0.0447671
0.0268613
0.00817976
0.0142513
0.0173215
0.087157
0.0146576
0.013821
0.0830174
0.0147126
0.0241609
0.0297691
0.104039
0.205977
0.0233147
0.077381
0.42169
0.00541936
0.0112115
0.0716221
0.18333
0.122386
0.00880878
0.00974144
0.038333
0.00998139
0.103002
0.105615
0.0840113
0.0182991
0.000785011
0.138892
0.015144
0.00477581
0.00711084
0.0223291
0.00330072
0.0229386
0.015855
0.0111527
0.285234
0.123709
0.00511739
0.0712779
0.0076616
0.0119117
0.0502438
0.0614381
0.00500069
0.164363
0.164674
0.0449341
0.048021
0.207187
0.157164
0.0332231
0.00171762
0.015585
0.121613
0.0610543
0.00303447
0.139569
0.0429361
0.0165543
0.00203581
0.0272608
0.189534
0.049537
0.0465619
0.0633358
0.0236206
0.0195942
0.101931
0.0377626
0.0167639
0.219784
0.0246557
0.0273711
0.037886
0.0450953
0.012093
0.141977
0.136328
0.278299
0.0941116
0.0020329
0.418478
0.0162111
0.0136054
0.0578181
0.0140183
0.0394609
0.0273711
0.0423387
0.120791
0.313675
0.045069
0.01359
0.00359794
0.00680738
0.00385125
0.0126044
0.0789773
0.0602851
0.0562285
0.0151385
0.0213315
0.341716
0.0393407
0.238147
0.08105
0.351103
0.0066753
0.108908
0.0379783
0.0909786
0.199006
0.039124
0.0152249
0.0301624
0.00743315
0.0799631
0.0930107
0.0219075
0.0666507
0.0343073
0.0275583
0.0675627
0.00339955
0.0183023
0.180616
0.249981
0
0
0.218832
0
0.202343
0.0101684
0
0.0600627
0
0.207689
0
0
0
0.198021
0
0
0.0823164
0.060728
0.0147145
0.0383879
0.00883035
0.0367464
0.0379426
0.232931
0.0302116
0.00139087
0.0168855
0.108503
0.00400504
0.1321
0.0961047
0.0142076
0.0137353
0.00205352
0.0545769
0.0376499
0.0127845
0.0432536
0.0422452
0.0173733
0.00510447
0.0463625
0.0686316
0.0426495
0.0253966
0.0051045
0.0410781
0.0325774
0.0376016
0.0714181
0.00864184
0.157361
0.0389468
0.0423677
0.039193
0.0223894
0.020758
0.0213581
0.250046
0.230221
0.153093
0.153092
0.242604
0.635277
0.0326913
0.0374271
