7447
0.0225054
0.00520674
0.010363
0.0188421
0.00379884
0.00141945
0.0906225
0.00142107
0.00871773
0.00969561
0.0369407
0.0794458
0.0341802
0.00102569
0.0968118
0.00562723
0.000518394
0.110009
0.0133584
0.000715798
0.00456637
0.00264899
0.0437607
0.0152333
0.0174466
0.018486
0.130801
0
0.00970435
0.0190889
0.0345456
0.119267
0.0216323
0.0372963
0.0481535
0.031306
0.0197584
0.00732949
0.015112
0.00479755
0
0
0.0107983
0.00416901
0.0133412
0.00915845
0.16391
0.00054036
0.010678
0.0100408
0.0166805
0.108013
0.00694318
0.0087823
0.000979556
0.00306192
0.0811053
0.00707411
0.00718901
0.0185625
0.0383521
0.000379376
0
0.0275105
0.0213772
0.0682008
0.00536258
0.0999486
0.0142248
0.0277031
0.075582
0.0466846
0.0684422
0.00767894
0.00646443
0.0144829
0.0321921
0.00813776
0.0462997
0.0334189
0.0192437
0.000392458
0.000914977
0.00939114
0.0604661
0.066593
0.216886
0.00356623
0.00402017
9.37937e-005
0
0.0121503
0.112048
0.0330806
0.0515019
0
8.28569e-006
0.0227387
8.2857e-006
0.0384132
0.116702
0.124912
0
0.060179
0.00865533
0.0173335
0.0913692
0.0020509
0.165749
0.00529112
0.0273688
0.106732
0.0110268
0
0.106012
0.0452444
0.0297349
0.0173767
0.0624582
0.00475454
5.53968e-005
0
0.0758241
0.124603
0.0551662
0.0221364
0.0760102
0
0.00030761
0.00134355
0.00557614
0.0125537
0.140193
0.000399968
0.00812786
0.0171852
0.105382
0.0223868
0.0470863
0.022083
0.0220312
0.0443488
0.204542
0.0436606
0.0540661
0.00587335
0.241276
0.000270993
0.290943
0.0374343
0.131154
0.0862676
0.000386896
0
0.0013949
0.151588
0.0354637
0.000443962
0.0411953
0.0192112
0.147108
0.110629
0
0.000693351
0.0239722
0.103872
0.00695093
0.00286352
0.0140127
0.0132164
0.00735608
0.0771605
0.0521432
0.00349011
0.0791308
0.178406
0.0958767
0
0.0429275
0.0457364
0.00773696
0.00177657
0.0608554
0.0282649
0.10241
0.0794443
0.0335707
0
0.0101879
0.00398608
0.14769
0.026752
0.0418748
0.00117743
0.0239628
0.0255741
0.111495
0.0125559
0.00349976
0.12444
0.0440697
0.00419892
0.00385919
0.0298342
0.0631975
0.0586384
0.00654455
0.00779115
0
0.123753
0.125277
0.0906137
8.48346e-005
0.00161382
0.00170394
0.0702997
0.00935424
0.00305022
0.021994
0.0088916
0.00627499
0.0339502
0.00581629
0.000988965
0.00679935
0.0061147
0.0155949
0.000915906
0.0273799
0.0477824
0.0119188
0.0627022
0.024325
0.00184004
0.0723321
3.82289e-005
0.00111117
0.0372081
0.00781894
0.00901445
0.00464888
0.0134925
0.0025154
0.114094
0.00065415
9.61387e-005
0.0697056
0.121844
0.123769
0
0.119995
0.0192837
0.121442
0.0949931
0.119163
0.026829
0.012151
0.109464
0.0700158
0.00207234
0
0.000285914
0.0565689
0.0168177
0.0722075
0.00434414
0.071447
0.0313326
0.00253528
0.0313212
0.0321702
0.0783199
0.0876333
0.0846386
0
0
0.000882118
0.0136104
0.043699
0.00332766
0.00302369
0.00601718
0.00526798
0.0170005
2.93816e-005
0.00622486
0.113344
0.00626966
0.121854
0
0.00609435
0.0132107
0.00175904
0.0011112
0
0.106828
0
0.0819009
0.0789133
0.0269774
0.0708052
0.0573334
0.0524933
0.000742292
0.0112621
0.0443711
0.126414
0.150379
0.040508
0.0457104
0.0470863
0
0.000677065
0.000718348
0.0455978
0.010824
0.00850484
0.00668513
0.0112633
0.00459192
0.104452
0.0964883
0.119905
0.118772
0.0309821
0.0835071
0.0464518
0.0896803
0.083946
0.122998
0.000436019
0.006545
0.0350038
0.00564218
0.000185979
0.106753
0.00351614
0.00690581
0
0.10017
0.105589
0.31839
0.0599487
0.10368
0.0130814
0.0734397
0.00526798
0.00224262
0.0112628
0.0286242
0.00339909
0.111225
0
0.00223122
0.00698735
0.134862
0.0348922
0.0533752
0.000845518
0.00675994
0.00218523
0.0621297
0.100248
0.0792681
0.105982
0.0124156
0.00909785
0
0.000134213
0.0436239
0.106744
0.0734708
0.0395523
0.108769
0.0545755
0.0423934
0.000506605
0.0418708
0.0774309
0
0
0.00144321
0.00210029
0.120749
0.0123907
0.0531799
0.0562726
0.0243012
0.0499421
0.00246425
0.114558
0.034734
0.0463878
0.0138685
0.000437541
0.00103775
0
0.0742002
0.198373
0.00215652
0.0329333
0.0932454
0.00987831
0.00553164
0.0229233
0.00102261
0.0114932
0.00386644
0.0721787
0.124689
0.00805655
0.124065
0.00732949
5.53968e-005
0.00228218
0.0112031
0.0869559
0.00475454
0.00169868
0.000685944
0.197239
0.0125865
0.0195118
0.0274787
0.0077706
0.0753653
0.0183956
0.00583854
0.00213562
0.0410835
0.0205168
0.0358603
0.00100359
0.000378533
0.0157775
0.00715671
0.0146501
0.0346485
0.0109602
0.0538268
0.00425699
0.0947276
0.0623974
0.00910625
0.0227717
0.0751906
0
0
0.00272159
0.0381817
0.00686549
0.028924
0.0501804
0.0945513
0.00743599
0.075717
0.003447
0.0885019
0.0179929
0.115433
0.00592523
0.0327193
0.0257627
0
0.00511139
0.00413327
0.0392782
0.00105522
0.054319
0.0223342
0.103695
0.00329446
0.0451418
0.0164493
0.0725204
0.027507
0
0.0254019
0.0374393
0.000995082
0.00138581
0.000195526
0
0.0331485
0.00300718
0.184107
0
0.0798408
0.000374251
0.0860539
0.140189
0.0953127
0.124191
0.00287068
0.00530537
0.097115
0.0279545
0.0616471
0.100026
0.00721027
0.0577528
0.00224273
0.012647
0.000640386
0.12467
0.0487736
0.0488193
0.0029295
0.0789937
0.0103635
0
0.0068112
0.0150655
0.00797751
0.124755
0.0184999
0.016642
0.0368436
0.0034794
0.00142412
0.00692342
0.083946
0.136033
0.0016094
0.0904728
0.00186561
0.00695559
0.120749
0.0256797
0.0810703
0.16376
0.168623
0.0974037
0.003818
0.00023771
0.00184934
0.0115677
0.00021459
0.000498827
0.012329
0.0193319
0.000242885
0.0717814
0.0315021
0.0497717
0.00349441
0.065073
0.0228777
0.0112885
0.050927
0.00167884
0.0564733
0.101711
0.0173733
0.000138135
0
0.0748125
0.0190654
0.118244
0.0637254
0.0458121
0.00166419
0.0719864
0.124143
0.0264254
0.086071
0.00412871
0.00458808
0.00154606
0.00868107
0.0106158
0.0434002
0.0910034
0.00586155
0.106356
0.0157461
0.00954849
0.120341
0.00652258
0.0567999
0.0106158
0.122934
0.0349394
0.0977928
0.00131058
0.00292717
0.0781887
0.0143367
0.0549425
0.00476042
0.00362908
0.118165
0.0973391
0.00170556
0.124446
0.106207
0.0413383
0.000561775
0
0.00788964
0.122587
0.000189413
0.123035
0
0.012591
0.0116675
0.0346959
0.00788547
0.129056
0.0133059
0.0081272
0.00682192
0.00923332
0.00983857
0.00484474
0
0.00857972
0.000762993
0
0.0415217
0.0588233
0.00900892
0.0671553
0.0615868
0.0567054
0.0501818
0.0348682
0.0338446
0
0.0102743
0.0122646
0.0607548
0.0227109
0.0369462
0.0568002
0
0.0150716
0.0179297
0.0929188
0
0.069924
0.0384555
0.0303679
0.00574988
0.0103596
0.0103769
0.0535792
0.145692
0.0098554
0.00409815
0.128829
0.00912883
0.0348226
0.0202581
0.0706562
0.0518649
0.136306
2.32247e-005
0.16356
0.000960847
0.105568
0
0
0.00065415
0.04597
0.0024867
0.00210214
0.233861
0.0131912
0.0172143
0.0487898
0.0034004
0.0131125
0.068803
0.0479851
0.0618113
0.074499
0.208083
0.016258
0.0590077
0.21668
0.15955
0
0.0232998
0.0281303
0.00452136
0.00431106
0.0986497
0.108568
0.0994728
0.00207118
0.0523754
0.0133601
0.0130283
0.112255
0
0.000845518
0.036571
0.00228374
0.00193494
0.0389018
0.00259017
0.122963
0.0889331
0.0570818
0.0765687
0.0550742
0.0419006
0.0173664
0.120528
0.0553505
5.65129e-005
0.040104
0.00670907
0.0221926
0.00342497
0.0477929
0.00139519
0
0.0477232
0.00441629
0.0349914
0.0343742
0.0100616
0.00939007
0.111861
0.0393596
0.00910979
0.00914899
0.0985502
0.000816766
0.000332942
0.0485196
0.0534215
0.00803765
0.0654939
0.00292281
0.0549675
0.0226884
0.0507089
0
0.000920948
0.0072959
0.00192194
0.00225697
0.00237699
0.00891302
0.0116072
0.00864171
0.018414
0.250011
0.03237
0.0425282
0.0103466
0.00858015
0.0113058
0.00167883
0.0076395
0.0360648
0.0401303
0.028812
0.008373
0.108444
0.00133952
0.00326966
0.00617542
0.00503307
0.00148097
0.0057333
0.0294804
0.000406028
0.000323907
0.113248
0.00815478
0.0397663
0.0183862
0.00364594
0.0206231
0.00137345
0.0316385
0.0632503
0.0010169
0.0024195
0.000789747
0.0123514
0.176789
0.000838081
0.0657413
0.0716262
0.00466661
0.0890038
0.00405142
0.0104611
0.00705894
0.007789
0.0486012
0.136668
0.0130014
0.00853879
0.0155668
0.0107984
0.0420342
0.0783771
0.000637549
0.00156249
0.00655042
0.0011631
0
0.00302271
0.00758012
0.00158322
0.0636436
0.0556717
0.0603746
0
0.0124234
0.00138299
0.121212
0.00361564
0.00852447
0.124998
0.0402954
0.000527239
0.0532293
0.0548164
0.0111587
0.115109
0.00145091
0.123212
0.0573802
0.00295911
0.000182235
0.15774
0.00343805
0.00832603
0
0.034751
0.00202062
0.0610043
0.00753045
0.00745803
0.00176998
0.12493
0.124345
0.0044806
0.00320728
0.117032
0.0922876
0.00448963
0.145511
0.000381559
0.0815984
0.11963
0.00837395
0.109079
0.0483623
0.0266041
0.00319481
0.127609
0.0120779
0.013447
0.0734376
0.00131261
0.0108754
0.00771888
0.0899852
0.0580779
0.114635
0.00154851
0.00198388
0.0569557
0.00831502
0.000491835
0.0465144
0
0.00541877
0.0243967
0.000918739
0.00344109
0.012364
0.00186214
0.0649274
0.00399383
0.0473699
0.113758
0.00205635
0.00233619
0.0263516
0.00103442
0.0204361
0.0233985
0.00702229
0.00166266
0.106219
0.00105786
0.0393963
0.0281667
0.00363448
0.0769144
0.00217217
0.00180049
0.0214528
0.0431334
0.120966
0.0115758
0.0186295
0.00683294
0.00380055
0.0316389
0.0551832
0.0239874
0.0277774
0.00430551
0.0812671
0.154486
0.122237
0.000708413
0.0038542
0.0934218
0.00554567
0.0173368
0.00278697
0.108509
0.049093
0.0102936
0.144554
0
0.0582543
0.00333506
0.0236016
0.0615603
0.0348109
0.0109472
0.023035
0.000363695
0.0447188
0.00127578
0.00139519
0
0.000408965
0.0103296
0.00502524
0.00349976
0.0189259
1.67529e-005
0.207913
0.0618021
0.0045981
0.00598662
0.000247014
0
0.17878
0.0233839
0.00616821
0.00781977
0.00588912
0.00831842
0.0278647
0.108407
0.00142303
0.0142333
0.00628842
0
0.0412457
0.000111086
0.00326473
0.00321588
0.11767
0.0295071
0.00652291
0.0795624
0.00422928
0.0198628
0.000218395
0.0766226
0.0295869
0.139502
0.0616825
0.00563534
0.00864899
0.0340081
0.210417
0.00803271
0.00801825
0.00315409
0.00577756
0.00696544
0.0581335
0.00574415
0.0468542
0.0349791
0.00689844
0.114521
0.0315211
0.0123181
0
0.00709569
0.0110739
0.000382031
0.0862812
0.00221041
0.0124149
0.00889905
0.123547
0.0734944
0.00327585
0.00365861
0.000697722
0.110904
0.00882218
0.0686163
0.0434271
0.00149899
0.00990728
0.00639631
0.01026
0.0568828
0.0653562
0.0694562
0.0218863
0.00133036
0.00997856
0.0157496
0.0101732
0.0186455
0.0585624
0.00186395
0.000250866
0.0224037
0.0160341
0.0860596
0.0515025
0.00109832
0.248129
0.00116938
0.0978488
0.0560252
0.110355
0.0250233
0.00393364
0.00622706
0.0142875
0.0236454
0.0229408
0.0883
0.0617731
0.0272293
0.0219764
0.000933571
0.00634096
0.00637548
0.0189446
0.124896
0.00755807
0.097042
0.124992
0.0180031
0.00215652
0.00211919
0.00809395
0.124345
0.0528414
0.113569
0.0605655
0.00241187
0.0240952
0.00858658
0.00309102
0.013743
0.00564742
0.00077286
0.00452136
0.00148504
0.0291834
0.000517642
0.0581143
0.05361
0.0154118
0.000111237
0.00874915
0.00357325
0.0181604
0.0897821
0.0221064
0.126628
0.004359
0.00905344
0.121072
0.00738797
0.0986339
0.111453
0.0713421
0.0261363
0.028145
0.0528239
0.00985137
0.0793956
0.0919115
0.0124351
0.00995226
0.00183653
0.00645805
0.0936969
0.114456
0.0077455
0.00134942
0.00134054
0.0648918
0.108708
0.00584487
0.0173279
0.0180705
0.0155438
0.0258549
0.0101513
0.0173046
0.0653189
0.000599553
0.124984
0.0108289
0.00475895
0.000888898
0.00119005
0.005171
0.0199714
0.0221558
0.0072233
0.00963386
0.0073892
0.00228384
0.0117421
0.00112319
0.00701264
0.0352883
0.0040581
0.0338353
0.000436133
0.00205579
0.078074
0.0017325
0.0685821
0.0532293
0.0740186
0.00439471
0.0916681
0.000793126
0.00787141
0.00670339
0.0206283
0.0228939
0.076512
0.00243586
0.0201918
0.00684686
0.0525501
0.00105239
0.0554088
0.00971785
0.00237985
0.25791
0.0111052
0.135726
0.00302426
0.00321739
0.000420215
0.0515912
0.0199235
0.0395784
0.00628138
0.00645141
0.0222992
0.0413921
0.0382842
0.0627199
0.0152074
0.0143687
0.124936
0.00701011
0.00561623
0.00799347
0.00295367
0.0041234
0.00156178
0.00403471
0.0586063
0.0102596
0.018898
0.0347238
0.00495863
0.0632498
0.00883297
0.000570162
0.0294391
0.00501059
0.0987267
0.00656796
0.00649731
0.00160521
0.121751
0.00209737
0.0203124
0.124167
0.106282
0.0188613
0.184834
0
0.0384439
0.0138874
0.00103318
0.0283194
0.052471
0.132237
0.00888805
0.0105211
0
0.00929846
0.114009
0.00415394
0.0015304
0.0183213
0.0373308
0.0099057
0.0040085
0.0639556
0.011542
0.0719967
0.0082084
0.0126289
0.124415
0.17182
0.0266756
0.0455259
0.0276586
0.000322704
0.0178148
0.00726866
0.0932746
0.0127627
0.000289974
0.00474438
0.00594885
0.0928283
0.00195072
0.0740933
0.00179477
0.0108314
0.0254379
0.00687802
0.00641344
0.016269
0.232056
0.00316455
0.00560617
0.0629486
0.00681664
0.0102863
0.12417
0.0776161
0.0680231
0.0557451
0.000927753
0.113085
0.124691
0.00938515
0.133768
0.00632581
0.0191127
0.0180487
0.0277774
0.0065167
0.00521411
0.00300354
0.167316
0.0811294
0.0973216
0.0102979
0.0748717
0.000432671
0.00861688
0.0646205
0.00271086
0.0627567
0.0115885
0.039949
0.0394208
0.0390842
0.0418338
0.0460825
0.0670603
0.00365133
0.00518096
0.00248668
0.238455
0.0305083
0.0123478
0.0177891
0.00671814
0.100166
0.000660925
0.00556724
0.00219121
0.0674256
0.00180978
0.186847
0.0258097
0.0152542
0.0132976
0.0223142
0.068663
0.0219057
0.0175231
0.00496532
0.00377901
0.118174
0.000700161
0.0129355
0.0838967
0.052471
0.147687
0.00444673
0.0101771
0.00153445
0.0525116
0.00360234
0.102785
0.00177736
0.0299183
0
0.00598629
0.0180025
0.00782693
0.0629454
0.124999
0.0101575
0.00110611
0.00236001
0.0108604
0.00692026
0.0115666
0.173042
0.0122482
0.034895
0.0122341
0.00954186
0.00991637
0.0128772
0.0989944
0.000772729
0.0253477
0.0139022
0.0129288
0.0686484
0
0.0150771
0.00393586
0.0287573
0.0196506
0.033582
0.0150588
0.0554045
0.0469635
0.000605763
0.016962
0.00241755
0.0479928
0.0458854
0.0124149
0.00100132
0.0158508
0.0230833
0.00113113
0.00302671
0.071224
0.0640132
0.0472843
0.000212385
0.0154997
0.00889183
0.00548064
0.00945665
0.00490141
0
0.00764404
0.00433732
0.042831
0.112349
0.0934374
0.0227367
0.0176401
0.00146664
0.000477284
0.00991346
0.0285799
0.00746868
0.0529137
0.0454381
0.0158737
0.000157754
0.122485
0.00744711
0.109204
0.053961
0.000336374
0.0507018
0.010688
0.0262
0.000703459
0.0089875
0.00250413
0.00235942
0.00682985
0.00772585
0.0136096
0.00215558
0.00247498
0.0126944
6.86993e-005
0.0411505
0.0144174
0.00272287
0.0141551
0.0135281
0.034492
0.00983125
0.0737939
0.112306
0.000978216
0.0169645
0.00842079
0.00751103
0
0.00501074
0.00423125
0.00349174
0.00902954
0.0619017
0.0197612
0.0033247
0.00666094
0.00294337
0.00250935
0.0162464
0.0207446
0.013077
0.00192741
0.0570547
0.00416263
0.0236222
0.0191892
0.0592486
0.0143967
0.0142931
0.00261221
0.0291801
0.00910264
0.00904997
0.0107558
0.0180695
0.00273457
0.00313461
0.00887276
0.00515283
0.0224033
0.0280297
0.0843636
0.0129349
0
0.00370784
0.00198617
0.0777449
0.0341113
0.0131413
0.0951477
0.0235711
0.00119831
0.00847203
0.112223
0.0946387
0.054511
0.0317245
0.0085228
0.0113602
0.0747313
0.00845513
0.00449095
0.0127627
0.0226188
0.0957593
0.000405832
0.000457865
0.011359
0.0303514
0.00147184
0.00322267
0.0123818
0.0283379
0.00237054
0.0147823
0.00479898
0.0588473
0.000318122
0.00498911
0.0923393
0.147262
0
0.0214248
0.00244951
0.111449
0.0164317
0.0131482
0.107153
0.0674943
0.0573347
0.00132972
0.0996611
0.0164507
0.000736063
0.0839438
0.0540335
0.0237442
0.00918349
0
0.00079603
0.0849433
0.012614
0.0215016
0.0124293
0.0198479
0.00259731
0.000276214
0.0435571
0.0125028
0.0103742
0.0433783
0.00433732
0.0211521
0.0122097
0.00107244
0.00437776
0.00276507
0.00894918
0.0375298
0.0935247
0.00862131
0.0367273
0.0335838
0.00755185
0.0167025
0.0499037
0.00483214
0.00380646
0.0151565
0.179303
0.0116846
0.0337677
0.00426815
0.0265321
0.0151617
0.0581753
0.124109
0.00216905
0.0195598
0.0106048
0.0108756
0.0137277
0.000111643
0.0781745
0.0990951
0.0628929
0.00107142
0.0924633
0.00322227
0.012209
0.00733644
0.0279258
0.0620762
0.000779847
0.124456
0.0166035
0.00125874
0.0259584
0.025959
0.0253183
0.010328
0.00519323
0.00182091
0.0786153
0.00252849
0.00190509
0.00760985
0.0040528
0.0471015
0.0129865
0.0131361
0.0504284
0.122588
0.0380202
0.0203818
0.00028153
0.00283074
0.0182342
0.0606782
0.12116
0.00830925
0.00221072
0.0345493
0.152608
0.0396037
0.00134185
0.000266697
0.0353222
0.0109853
0.0425681
0.0334773
0.0203177
0.0271096
0
0.0147609
0.00718034
0.043231
0.00839306
0.0932201
0.00346879
0.0616873
0
0.00136936
0.00894584
0.00251571
0.00620739
0.074092
0.0143892
0.0926604
0.000673818
0.0271304
0.0110585
0.024506
0.0904275
0.00689747
0.00416646
0.000976581
0.0171188
0.075617
0.0086603
0.0648719
0.00479494
0.00140581
0.0548083
2.43583e-008
0.015702
0.0350976
0.0269072
0.00100257
0.116038
0.0105427
0.017152
0.00417701
0.00215591
0.00297428
0.115408
0.107736
0.0153265
0.15201
7.71758e-005
0.00648957
0.00180465
0.00111585
0.0108064
0.000757407
0.0159186
0.0195251
0.00671491
0.0437047
0.00535077
0.0148368
0.0236149
0.0167295
0.0220024
0.0502823
0.031078
0.0406057
0.0392834
0.0365414
0.0345612
0.000869146
0.0214622
0.11539
0.107021
0.0339997
0.0145046
0.0105409
0.0170216
0.000154037
0.00197869
0.00161209
0
0.0174989
0.00923333
0.0125274
0.00191164
0.0903121
0.0494821
0.000832408
0.0241285
0.0108471
0.00872822
0.00113182
0.00167807
0.013457
0.0166201
0.00189231
0.0178391
0.00273427
0.00167877
0.0108003
0.000200982
0.0260862
0.0196707
0.0886014
0.00520183
0.111612
0.0136691
0.0147566
0.109038
0.0712883
0.00274613
0.000363695
0.102655
0.00300799
0.00559471
0.114978
0.0238359
0.00553349
0.0102776
0.0124299
0.0180809
4.12189e-006
0.00171975
0.00147991
0.109746
0.00148967
0.00981227
0.0432527
0.00325759
0.0115103
0.00872761
0.00134054
0.0134586
0.00650986
0.0435192
0.000983512
0.00344346
0.0456613
0.00758626
0.00611341
0.00436682
0.00516142
0.00447521
0.0926053
0.00463756
0.0024451
0.0230031
0.0140458
0.0070921
0.00607619
0.0209977
0.0126494
0.033283
0.00245993
0.0929076
0.00949198
0.00590371
0.0243899
0.0442919
0.0162348
0.0333452
0.069808
0.0367514
0.0166989
0.0293474
0.0366097
0.0521754
0.00757733
0.0849433
0.0696483
0.0771316
0.0632596
0.0651965
0.00808094
0.0293339
0.0468328
0.062147
0.0226653
0.0230974
0.0858489
0.000312365
0.00553134
0.00440965
0.0723618
0.00551778
0.0664343
0.296298
0.0111796
0.000243189
0.0383891
0.0105523
0.00892023
0.00476791
0.0288851
0.0544689
0.0384479
0.00751349
0.00928895
0.0347226
0.017023
0.00191796
0.123603
0.064966
0.00712115
0.00747305
0.0698288
0.00627401
0.000621004
0.0411376
0.0779889
0.00832051
0.0482252
0.021048
0.0531769
0.00917651
0.00978194
0.000534131
0.00625494
0.0502196
0.00747203
0.0154962
0.224157
0.0179831
0.00790379
0.0241833
0.000679377
0.0022698
0.00191849
0.0845883
0.00291264
0.0967672
0.123026
0.0698371
0.0226596
0.000479308
0.00253276
0.0870712
0.0919624
0.174326
0.000956999
0.0113823
0.00227687
0.0134596
0.00144675
0.0562371
0.0372694
0.00960679
0.112167
0.0157478
0
0.0132049
0
0.0047942
0.0515912
0.000291698
0.063251
0.00822551
0.0149243
0.0460577
0.0221561
0.0123113
0.00730225
0.00526292
0.00612682
0.0666692
0.0121718
0.00133258
0.0443485
0.002754
0.0122459
0.0259365
0.0841181
0.0239384
0
0.121974
0.00423231
0.0258318
0
0.111286
0.0207437
0.0260966
0.0432367
0.01454
0.0167766
0
4.12189e-006
0.0818395
0
0.0129693
0.00906359
0.010729
0.00459416
0.0228211
0.00352358
0.0418572
0.00216424
0.084868
0.0159339
0.000878182
0.00635469
0.0289316
0.0758874
0.0104127
0.00520931
0.00474241
0.0245895
0.00378383
0.145328
0.124455
0.000111239
0.0311361
0.0092702
0.0514448
0.100856
0.0567004
0.159217
0.00475441
0.00171959
0.120594
0.00131182
0.0207483
0.0109465
0.0217436
0.046379
0.00410992
0.0054148
0.0867549
0.0136909
9.40606e-005
0.0394199
0.00315205
0.00424868
0.00138121
0.0740477
0.144463
0.031205
0.0587556
0.21997
0.0111308
0.0955625
0.0173145
0.00846887
0.00345325
0.0084139
0.0377704
0.00310334
0.0418063
0.026339
0.0465463
0.00982647
0.0802129
0.0698723
0.00209344
0.0391446
0.0195829
0.0150722
3.18805e-005
0.00271804
0.0926861
0.00551815
0.0981395
0.000222247
0.0232969
0
0.00492675
0.0136105
0.0674058
0.0932978
0.055282
0.0167133
0.0182359
0.00254543
0.00826985
0.000196518
0.000200983
0.0241732
0.00765971
0.0480637
0.115184
0.0315684
0.00254443
0.00170813
0.0176062
0.0735447
0.00127962
0.0238901
0.0534599
0.0612754
0.002232
0.097641
0.0121112
0.0140429
0.123709
0.14781
0.138128
0.010831
0.000399138
0.119805
0.0885051
0.0964928
0.00187823
0.0211718
0.0702706
0.00451656
0.0389169
3.70636e-006
0.0125075
0.0111989
0.00486514
0.00709631
0.0723339
0.0204671
0.0608786
0.00995397
0.00461871
0.0195424
0.00452455
0.0108379
0.0235858
0.00778377
0.00747944
0.00617124
0
0.00573993
0.0200537
0.00911386
0.000779136
0.00155323
0.00188552
0.00411553
0.0580364
0.0631454
0.0351821
0.0494999
0.00524015
0.0107619
0.0655147
0
0.115635
0.00798972
6.71735e-005
0.000260888
0.00561464
0.0296948
0.016179
0.050549
0.0671951
0.0713991
0.0890389
0.010229
0.0247877
0.0241587
0.00105671
0.0865536
0.0379852
0.0103421
0.0375548
0
0.0649625
0.0164467
0.0901149
0.0107199
0.0245802
0.0195569
0.00190774
0.0194678
0.0486753
0.0360436
0.014189
0.0028231
0.0823568
0.000722394
0.0373317
0.00280334
0.00135538
0.00736315
0
0.019881
0.0461661
0.0528864
0.00391826
0.0676097
0.00714053
0.014591
0.015594
0.0158905
0.000386783
0.0600591
0.0156339
0.00645577
0.0150514
0.000946988
0.00957057
0.00665737
0.123715
0.000571451
0.000245303
0.00274839
0.00221176
0.0288856
0.0302779
0.0101283
0.000261362
0.00216744
0.123908
0.000563186
0.00395007
0.0105918
0.172185
0.0433827
0.0144388
0
2.8285e-005
0.0894829
0.0986187
0.0884843
0.00227963
0.00822166
0.0111772
0.0816828
0.0230838
0.0328314
0.020673
0.0725472
0.0745447
0.0581957
0.0443262
0.00167443
0.00121905
0.00130319
0.0260311
0.0190692
0.0268811
0.000402212
0
0.008758
0.00987962
0.00311302
0
0.00619348
0.0215822
0.00203638
0.00276024
0.00475992
0.0022809
0.0405745
0.0164809
0.0277207
0.0244056
0.0228323
0.000111643
0.00501975
0.0228825
0.207295
0
0.0161879
0.000573648
0.00106494
0.0622052
0.0862106
0.00494974
0.109339
0.0156141
0.00574721
0.00789713
0.000157128
0.0262861
0.0491473
0.000866089
0.0536137
0.0935829
0.0303851
0.112389
0.0224981
0.00580053
0.0195718
0.179278
0.0145312
0.0052867
0.000493298
0.0188106
0.0371585
0.00252171
0.0123897
0.0219752
0.00136173
0.0257241
0.00364518
0.00292956
0.00308791
0.0175277
0.0802299
0.00790479
0.0216965
0.0136843
0.0970594
0.0197406
0.16284
0.121264
0.021216
0.00691788
0.00070409
0.0104389
0.0405671
0.0159626
0.14078
0.116055
0.111554
0.0202565
0.0117579
0.00208082
0.00545357
0.00900071
0.0142379
0.00801327
0.0132971
0.000366572
0.0139386
0.00171778
0.00136464
0.0722666
0.0754624
0.0543857
0.00625816
0.00504046
0.0175202
0.011665
0.0470986
0.00890689
0.0066027
0.0256452
0.000393385
0.120014
0.0243781
0.020036
0.0117038
2.82849e-005
0.00492675
0.00682366
0.158518
0.0777018
0.0400364
0.108692
0.119033
0.00202729
0.0446493
0.00464601
0.112968
0.0253382
0.00075825
0.00557223
0.00862999
0.00925956
0.0174633
0.0383308
0.11129
0.122675
0.0149047
0.0102979
0.00298674
0.0376645
0.0373434
0.00609059
0.00730184
0.113542
0.000548916
0.0197867
0.0127238
0.0343386
0.0208402
0.00241237
0.00445707
0.00273117
0.169571
0.0329277
0.00863777
0.00740296
0.162685
0.0927187
0.00619311
0.115593
0.122632
0.0188356
0.00136749
0.00559729
0.0380802
0.00208909
0.000899701
0
0.0793543
0.000329089
0.0110889
0.00895675
0.0131257
0.012336
0.0913784
0.00999496
0.074297
0.030045
0.0254962
0.00228595
0.0515568
0.0377296
0.0549203
0.0618256
0.00936159
0
0.0106516
0.0077199
0.0294026
0.0288622
0.161431
0.164547
0.0013767
0.0088049
0.0199681
0.00224792
0.114879
0.0212857
0.0548196
0.00206817
0.00548642
0.00432268
0.0228284
0
0.0437274
0.0997616
0.164731
0.00973521
0.0127731
0.0160931
0.0987025
0.00336016
0.116678
0.0068562
0.0166458
0.0204104
0.0178635
0.00483715
0.0589834
0.00264196
0.244125
0.00523713
0.00909904
0.00226151
0.00118465
0.0037898
0.00647381
0.00533878
0.0326077
0.0329379
0.00651183
0.00121346
0.0198803
0.0010909
0.0329138
0.0328511
0.0186881
0.00933079
0.00653214
0.00535493
0.00991483
0.0137516
0
0.0143958
0.0191014
0.010017
0.000595819
0.154808
0.0204107
0.0222877
0.000643062
0.0108741
0.00238398
0.0205164
0.00476391
0.00302499
0.129399
0.155863
0.000846146
0.00183846
0.0262322
0.0142782
0.0284537
0.0686313
0.0225572
0.0140697
0.0227074
0
0.088481
0.010536
0.00157501
0.117839
0.00666033
0.0251361
0.0484621
0.0178941
0.122494
0.00668825
0.0516614
0.00119881
0.0178767
0.0105947
0.0160384
0.000147775
0.0359334
0.124992
0.0748939
0.0124866
0.063445
0
0
0.0949064
0.0342917
0.000521398
0.00501982
0.0890378
0.0125351
0.0573021
0.0678511
0.0289457
0.0163059
0.0182136
0.0157593
0.0327115
0.120997
0.00597012
0.00608771
0.000847022
0.00398704
0.0431884
0
0.0168107
0.00880647
0.0418791
0.0375957
0.045809
0.00259318
0.0688637
0.17304
0.165435
0.0879259
0.00279465
0.00991909
0.0196308
0.021013
0.0458177
0.00109206
0.11502
0.00620892
0.00673734
0.0164032
0.00816409
0.00409703
0.013495
0.0215935
0.0241207
0.0134414
0
0.0085385
0.00933616
0.0135174
0.00927028
0.00978081
0.00684152
0.000318838
0.0472246
0.0178995
0.120989
0.0274714
0.0216823
0.018388
0.00248283
0.0160524
0.00793676
0.0367545
0.0588008
0
0.0131077
0.00888705
0.00477408
3.66685e-006
0.00470217
0.0105761
0.0117484
0.00392358
0.0184519
0.00102794
0.00625574
0.00511803
0.0048215
0.0115103
0.169155
0.021359
0
0.106942
0.0123642
0.00707048
0.00128763
0.0192611
0.00276662
0.10436
0.0122924
0.036745
0.0222738
0.00679984
0.00473805
0.00418053
0.00563431
0.0152705
0.0372283
0.00361848
0.0311386
0.0185007
0.00686905
0.00702351
0.0119981
0.0472846
0.124447
0.119615
0.00655769
0.0252882
0.000276212
0.000515162
0
0.0830128
0.00256548
0.0110314
0.00283423
0.0969444
0.00140867
0.0224066
0.00105394
0.0352132
3.74901e-006
0.013197
0.0362763
0.00927468
0.00208118
0.0142745
0
0.0178313
0.00260355
0.0277893
0.0691332
0.00871797
0.00427201
0.011503
0.00426133
0.00465227
0.0135371
0.0410888
0.126577
0.0176218
0.0683726
0.015379
0.0109954
0.0340838
0.0609701
0.005979
0.00904092
0.0595372
0.0282806
0.0662225
0.0667212
0.0047061
0.017599
0.0223128
0.000206137
0.0167978
0.00378893
0.00569706
0.024506
0.076172
0.0235072
0.00849204
0.109532
0.0898058
0.00715535
0.0116475
0.00143002
0.0412629
0.00697522
0.0804573
0.0358129
0.0102005
0.0012214
0.0200224
0.0874023
0.00294845
0.0118228
0.0145143
0.00104887
0.00924083
0.0080895
0.00444383
0.012201
0.0204981
0.0962019
0.0852498
0.0760641
0.0142833
0
0.0102482
0.00449509
0.113303
0.0034069
0.00755753
0.000297008
0.00599664
0.0146695
0.0922323
0.0950088
0.001704
0.00191698
0.0244215
0.00346944
0.00420104
0.0204299
0
0.0080987
0
0.0538851
0.0551522
0.00396547
0.0417025
0.0217603
0.0305548
0.0169556
0.0123153
0.00754419
0.015889
0.0758775
0.00690111
0.00578382
0.0255032
0.051856
0.0193341
0.0825388
0.0790917
0.00838765
0.000602562
0.0475431
0.0219925
0.0212734
0.135052
0.00302881
0.0244885
0.0062139
0.00227453
0.00319114
0.0132231
0.00453151
0.012001
0.00684795
0.00668995
0.00224063
0.0849638
0.000231691
0.0100475
0.0100852
0.0708867
0.0664991
0.0226544
0.0401515
0.17163
0.0842237
0.0162238
0.00229583
0.00075158
0.0370648
0.0201015
0.00818086
0.0369901
0
0.00530318
0.0023837
0.023172
0.067035
0.00693987
0.021266
0.0710244
0.0621694
0.002932
0.0134484
0.118548
0.00300639
0.00779914
0.0032388
0.0435143
0.0448553
0.0124002
0.00199856
0.0287476
0.0128906
0.0100533
0.088502
0.0239932
0.0505694
0.00983315
0.00490428
0.0164757
0.00896752
0.00770758
0.0895659
0.0149688
0.00209763
0.00375493
0.00695316
0.00714714
0.0310939
0.190459
0.0466206
0.0742931
0.0451158
0.0239304
0.0130971
0.00454938
0.0975331
0
0.0898262
0.00362255
0.00856861
0
0.0352652
0.0127485
0.000140864
0.000564567
0.101661
0.114616
0.0690568
0.00406543
0.119125
0.000993128
0.0165115
0.0142105
0.0160291
0.0376736
0.00108592
0.00808512
0.0130771
0.00838857
0.0042552
0.0219567
0.0542963
0.00141416
0.00678036
0.00484397
0.00907742
0.104814
0.0217144
0.00446679
0.0121236
0.0239477
0.120562
0.00215814
0.028229
0.00805834
0.00557964
0.0168102
0
0.00294689
0.0765661
0.0124556
0.00160574
0
0.00464466
0.0273942
0.0167782
0.122645
0.128638
0.110914
0.0010929
0.123801
2.26016e-006
0.0677887
0.0131007
0.00553664
0.117577
0.000290341
0.00316987
0.000463611
0.0103017
0.00398552
0.00575082
0.015885
0.00958453
0.0196207
0.101902
0.17048
0.0176018
0.00159693
0.0148591
0.00198032
0.0102589
0.00205709
0.00484314
0.0743079
0.0362279
0.000857948
9.44353e-005
0.120991
0.00130107
0.0128251
0.0167
0.00981584
0.00995989
0.0118225
0.059031
0.091681
0.0896267
0.000367005
0.0047773
0.052305
0.23383
0.00304205
0.18499
0.120233
0.0188116
0.0187773
0.00759284
0.0907504
0.00122336
0.00613805
0.00560909
0.00170689
0.124669
0.00185241
0.00039499
0.011421
0.000776826
0.041703
0.00150241
0.00875276
0.00852983
0.00631559
0.0194925
0.113217
0.000501898
0.00668305
0.0357949
0.00564914
0.00062322
0.106796
0.043957
0.0252054
0.0142256
0.0751756
0.00135589
0.042937
0
0.00766379
0.0153742
0.00691281
0.0434925
0.0194342
0.0139635
0.00502446
0
0.115189
0
0.00657538
0.011674
0.000464216
0.160217
0.0009477
0.00870656
0.00128897
0.105397
0.0492898
0.0218335
0.00685075
0.000783966
0.00555384
0.0239001
0.0169192
0.0100407
0.0209049
0.00449908
0.00896193
0.0101796
0.0215149
0.020283
0.00118739
0.00131816
0.0125558
0.0607879
0.0281025
0.0119728
9.44357e-005
0.0304127
0.00956288
0.0148724
0.0152947
0.0251621
0.0310417
0.00720406
0.00031944
0.0996281
0.00367038
0.00108369
0.0130248
0.00833927
0.00677473
0.00922302
0.00161904
0.149574
0.141809
0.00631271
0.0121844
0.00741093
0.0554543
0.0507179
0.00882086
0.00369852
0.0156188
0.0975822
0.00136511
0.0331488
0.0216799
0.064074
0.0536813
0.0144199
0.0725742
0.124968
0.019394
0.00655468
0.164453
0.00208635
0.00821032
0.000260175
0.231185
0.0122946
0.00793702
0.0121971
0.0093773
0.0304365
0.00301365
0.00825477
0.000147731
0.0195876
0
0.00727777
0.00362631
0.030876
0.00126933
0
0.0276475
0.00244033
0.011376
0.00362112
0.0090323
0.235431
0.105277
0.0141215
0.0137948
0.0294473
0.00122514
0.000237256
0.122784
0.0816683
0.000454723
0.0327958
0.00972005
0.0029948
0.0268771
0.016499
0.00470848
0.0469391
0.0822008
0.00184213
0.0089919
0.0154719
0.0193494
0.0224315
0.0684169
0.00928914
0.013841
0
0.0897614
0.00932796
0.0052816
0.0646359
0.0019968
0.00289208
0
0.0182061
0.0144265
0.00245704
0.00510808
0.0101868
0.0780752
0.00245339
0.000230314
0.000475297
0.00292367
0.00476416
0.0064773
0.00956931
0.0142345
0.0591335
0.000888494
0
0.022106
0.00893109
0.124684
0.00084608
0.078613
0.0240415
0.0160434
0.103878
0.0143227
0.104856
0.00507048
0.0186577
0.0215491
0.015179
0.00420452
0.106318
0.00897359
2.52384e-005
0
0.0337527
0.00116637
0.0189889
0.000939946
0.0596034
0.0132883
0.00249272
0.0216013
0.00266109
0.00630019
0.0794485
0.00271839
0.0428027
0.0514779
0.070577
0.0055537
0.0952923
0.0646192
0.000260175
0.0553162
0.0013145
0.191342
0.0249506
0.00084013
0.0617029
0.0562257
0.00456827
0.0110476
0.145582
0.0418769
0.0041803
0.0067465
0.00232736
0.000486472
0.10622
0.013621
0.0822284
0
0.0128461
0.00313578
0.00985129
0.102331
0
0.00661784
0.0873093
0.0208045
0.000339376
0.0112277
0.00207025
0.0126192
0.0193472
0.0890841
0.000557774
0.106631
0.114325
0.0113498
0.0556895
0.0220589
0.0227328
0.109021
0.00207145
0.0179612
0.0154752
0.0543221
0
0
0.00318043
0.00108841
0.0164672
0.0391309
0.00453796
0.00537054
0.0160434
0.0123427
0.121988
0.0327481
0.00677945
0.0201582
0.0186437
0
0.0281407
0.0253619
0
0.000718865
0.124997
0.134366
0.00258074
0.0478454
0.0322863
0.000741747
0.0232167
0.00553149
0.114463
0.000411964
0.0119531
0.0056562
0.194033
0.00488676
0.0609061
0.00619822
0.0112598
0.0865084
0.0444666
0
0.0840344
0.00809397
0.0166993
0.000932713
0.0953099
0.123904
0.0845383
0.00908016
0.0515194
0.00270244
0.0186829
0.0101217
0.001704
0.00795617
0.00223903
0.0159237
0.0268121
0.0036322
0.00677117
0.0199705
0.00497785
0.00892876
0.00538308
0.00309374
0.0446725
0.0402549
0.000122661
0.0764509
0.263941
0.0471713
0.117023
0.00186752
0.00032597
0.00544145
0.00242745
0.00456493
0.0142706
0.0747273
0.0534585
0.0232948
0.015164
0.0223108
0.0594692
0.0196311
0.103554
0.00537911
0.198558
0.00603428
0.00396868
0.0102958
0.105758
0
0.00313578
0.00212085
0.107581
0.00294487
0.0198016
0.00110064
0.017354
0
0.17364
0.00190291
0.0149397
0.00401149
0.00275437
0.06035
0.00586537
0.0015162
0.00487015
0.0345341
0.0376612
0.0399806
0
0.00058281
0.0911759
0.00189261
0.265679
0.0318143
0.131456
0.0198878
0.0189164
0.0151019
0.067967
0.0474289
0.0054642
0
0.00596289
0.0193443
0.0109441
0.00124929
0.0149637
0.0141625
0.00484682
0.0177451
0.123456
0.0212829
0.107929
0
0.00889473
0.000850797
0.0109613
0.0246073
0.00435704
0.0079643
0.0890166
0.0408811
0.124684
0
0.00148424
0.001585
0.00556049
0.0395728
0.0200057
0.0024499
0.0883391
0.000248539
0
0.0196692
0.00427646
0.0882747
0.000823283
0.0446107
0.0910809
0.00215559
0.00191421
0.0235119
0.0066316
0.00134304
0.00094253
0
0.00880614
0.0145241
0.000924119
0.00223055
0.109572
0.07608
0.000795924
0.00231338
0.00473233
0.00362108
0.0355769
0.0122012
0.00659526
0.0687697
0.103966
0.096963
0.000770708
0.0385425
0.0177903
0.0455652
0.0785115
0.00560667
0.000154621
0
0.0129894
0.0184197
0.00239431
0.0300611
0.0365656
0.0127365
0.0132426
0.00731177
0.070431
0.0759113
0.0104579
0.0108955
0.00038279
0.0428832
0.0106715
0.0154553
0.0708183
0.00170343
0.00127536
0.00286239
0.0115726
0.0134154
0.0687082
0.0367263
0.0731489
0.00171471
0.00341157
0.0268835
0.0146581
0.0042069
0.0148057
0.000990479
0
0.0676129
0.089208
0.011457
0.0604195
0.0943668
0.100895
0.0131806
0.00820072
0.0158658
0.0228024
0.0258718
0.0236375
0.00383168
0.00159193
0.0159591
0.00758149
0.000140159
0.0237255
0.0452508
0.00499945
0.00486218
0.0154718
6.59611e-005
0.0246581
0.00771013
0.0370108
0.00130869
0.000722792
0.00068922
0.00206967
0.0152424
0.0070441
0.0686571
0.00293962
0.00236301
0.03066
0.0207739
0.0738026
0.0261466
0.0111876
0.0115671
0.0232453
0.0183312
0.0253537
0.0109463
0.0284254
0.0935863
0.0124953
0.00666991
0.00218725
0.00424709
0.0118783
0.0317375
0.158242
0.143598
0.124684
0.00309514
0.053015
0.167202
0.00134223
0.019893
0.00321936
0.0153358
0.014912
0.00587848
0.0483939
0.0981281
0.000432513
0.0837544
0.0120119
0.0862882
0.0474524
0.0044834
0.114031
0.00166941
0.00843822
0.00807917
0.110746
0.00326269
0.0143948
0.0261184
0.000157128
2.43591e-008
0.0295201
0.124927
0.0495606
0.075088
0.0167802
0
0.0130608
0.0487462
0.117675
0.00621767
0.0144425
0.000324721
0.0893576
0.0090911
0
0.0125283
0.0850128
0.0220973
0.0421474
0.118795
0.0528622
0.0167156
0.00813931
0.000131534
0.0047061
0.0791243
0.0137535
0.123623
0.0270057
0.00181578
0.0759203
0.0984972
0.008464
0.000126151
0.000306022
0.00923075
0.000140159
0.0170374
0.0120216
0.0753638
0.0239188
0.108156
0.0352977
0.0283967
0.000650697
0.0304847
0.00767901
0.00542814
0.0137393
0.0134682
0.00333683
0.00305474
0.00553408
0.0137666
0.0117996
0.00461066
0.0409399
0.0339566
0.0466668
0.0964313
0.108571
0.00568849
0.0524717
0.0449765
0.0221376
0.00152658
0.148794
0.00651906
0.0904991
0.00234563
0.00851679
0.0186555
0.00204034
0.00257035
0.00490299
0.00225142
0.0110833
0.0331455
0.0282347
0.00525614
0.0280252
0.00914646
0.0254085
0.00995258
0.0460224
0.0318721
0.00183548
0.10127
0.00406162
0.0375758
0.0769877
0.00606382
0.0453832
0.0134378
0.000170882
0.0397266
0.00212922
0.00493377
0.0132537
0.0110888
0.00826544
0.00604985
0.00743167
0.0417028
0.0128228
0.0405621
0.0567907
0.0151929
0.0753629
0.103858
0.0523666
0.00413906
0.0047357
0.122635
0.0029461
0.000824127
0.114514
0.103738
0.0635217
0.0280582
0.0301495
0.0223542
0.00380976
0.000365459
0.103817
0.107094
0.004898
0.0016071
0.0241001
0.030294
0.13489
0.140295
0.0121018
0.030506
0
0.0191881
0.00274601
0.0669779
0.00964778
0.00931058
0.0101941
0.00633761
0.0180606
0.00143477
0.119864
0.0152848
0.0479932
0.0243213
0.0274549
0.0367753
0.0101043
0
0.00120846
0.00142665
0.0616199
0.0140555
0.00636438
0.00318105
0.0159735
0.00416576
0.00137638
0.0247079
0.0773924
0.00141591
0.0179389
0.118456
0.0151715
0.008039
0.075839
0.00606266
0.034364
0.00699544
0.00233787
0.102378
0.0457575
0.000474829
0.00264281
0.0836168
0.293786
0.0169934
0.00201367
0.00540336
0.0010988
0.00224686
0.0287765
0.0297645
0.0078761
0.00130535
0.00332585
0.0156976
0.00542752
0
0.0107215
0.00954643
0.085183
0.000815137
0.0202225
0.00479965
0.00227101
0.00642678
0.118053
0.00672271
0.00443055
0.0190766
0.00179706
0.124978
0.012634
0.00782199
0.00111561
0.0111545
0.107457
0.00117453
0.0943039
0.0134836
0.0457946
0
0.00684133
0.00359723
0.215318
0.156167
0.0106306
0.00131934
0.0251628
0.0418795
0.00386453
0.0253631
0.0185769
0.0269421
0.124035
0.000427255
0.00687828
0.0195619
0.00655479
0.00548927
0.0071465
0.0175625
0.109908
0.0281931
0.00177205
0.00851372
0.0748379
0.0139834
0.0189532
0.0225694
0.0594048
0.00286843
0.0128911
0.0592332
0.0112014
0.0677653
0.00260574
0.0306573
0.013594
0.0145694
5.35958e-005
0.0026464
0.0060286
0.0393545
0.0146213
0.00212972
5.35959e-005
0.0135587
0.00598168
0.0169157
0.0212884
0.0221219
0.0045337
0.00787685
0.053897
0.0380014
0.0876036
0.00438249
0.00653081
0.00597658
0.000166836
0.0028695
0.0382758
0.0111267
0.00454577
0.0103307
0.00390774
0.0867509
0.0818045
0.00361708
0.00841829
0.0107221
0.0233856
0.00559017
0.000736186
0.0300702
0.0619506
0.00340441
0.0540895
0.00455163
0.0584802
0.00789254
0
0.000195516
0.0742715
0.0258994
0.0288878
0.0286277
0.000214674
0.00186274
0.124433
0.0106116
0.107935
0.000382497
0.00426729
0.00019835
0.0357251
0.0967805
0.00153519
0.00857459
0.000179202
0.0123244
0.00392038
0.0105323
0.00789
0.00985629
0.0530876
0.00310974
0.00776076
0.0269105
0.0186674
0.00408222
0.00410612
0.024599
0.0495026
0.00333799
0.0608397
0.0334404
0.000612447
0
0.051101
0.0412623
0.000709193
0.00152657
0.0262287
0.0070219
0.00019835
0.0688283
0.00739491
0.0475752
0.00104626
0.00865466
0.000411058
0.0935947
0.00779843
0.0113348
0.0914398
0.116826
0.107247
0.00578135
0.00100149
0.0361008
0.00191559
0.00291833
0.0468369
0.0329902
0.000548395
0.0254358
0.0243097
0.00746217
0.0470405
0.00146009
0.0672495
0.0024589
0.00233837
0.0125499
0.00364484
0.0591521
0.00175022
0.10222
0.0052398
0.0941902
4.87883e-005
0.255111
0.00686266
0.0109853
0.0053384
0.000703776
0.0323407
0.0969118
0
0.000808763
0.00807432
0.0963621
0.114021
0.170797
0.0224587
0.00167692
0.072664
0.067764
0.122508
0.00204636
0.0028843
0.027407
0.00195467
0.00809771
0.00867265
0.0179358
0.00214018
0.00749524
0.000235255
0.0183268
0.00100048
0.00755408
0.0320726
0.0207629
0.0219555
0.00688979
0.00111224
0.0031234
0.0264536
0.0211447
0.0143487
0.0989305
0.0078588
0.00894439
0.00344062
0.0104032
0.000998195
0.00058281
0.00756445
0.235466
0.0803774
0.0875249
0.00314883
0.0391867
0.00785988
0.0319747
0.00469203
0.00686951
0.00657163
0.0654064
0.026806
0.0154371
0.000524723
0.0263448
0.0104256
0
0.0103046
0.0289032
0.0125243
0.0108881
0.123169
0.00224053
0.0101692
0.00279647
0.00835985
0.00341173
0.00604192
0.00913049
0.0091567
0.00727836
0.00164933
0.00633798
0
0.0248897
0.0262014
0.122493
0.0831041
0.00274153
0.00820627
0.0191015
0.0169464
0.00141087
0.0112775
0.0112598
0.0147865
0.0113112
0.00403815
0.00426922
0.003084
0
0.0132968
0.0110703
0.0032046
0.0199854
0.0291338
0.00263164
0.0742953
0.000402706
0.00228317
0.00547262
0.00120104
0.123769
0.00261301
0.0417501
0.0397105
0.00498259
0.00314514
0.00202706
0.0167075
0.0512031
0.025169
0.0525924
0.0788708
0.0240064
0.000122992
0.123331
0.0357535
0.076235
0.083117
0.125583
0.105559
0.0315857
0.00564772
0.00117233
0.00359984
0.103805
0.00753473
0.0449086
0.00724614
0.00328937
0.0194142
0.0638965
0.000744147
0.0246363
0.003305
0.00897803
0.0346801
0.024533
0.0159383
0.0100371
0.0244519
0.00496213
0.00614745
0.092168
0.00275739
0.0145451
0.0510038
0.00470034
0.0156516
0.0083958
0.00330265
0.00773981
0.019363
0.0237739
0.00143622
0.0908091
0.0981849
0.0159729
0.0128411
0.0105324
0.124675
0.085255
0.000290341
0.0818685
0.0116386
0.0721971
0.00480295
0.0214511
0
0
0.000395155
0
0.0622371
0.039241
0.000398664
0.0400816
0.00379903
0.0117508
0.000750508
0.124946
0.00286033
0.012538
0.020346
0.00158732
0.0293109
0.00734063
0.00414061
0.114286
0.111449
0.0174682
0.0557249
0.0536886
0.00791317
7.61095e-005
0.0167526
0.0166363
0.000645249
0.338051
0.0172317
0.00174074
0.000159908
0.00256359
0.000263889
0.00254461
0.00589719
0.000813924
0.0156257
0.000959539
0.0400952
0.0788072
0.00106594
0.0016841
0.00755629
0.00485575
0.0433022
0.00488591
0.00123189
0.000377004
0.00297195
0.105646
0.00723256
0.0157396
0.00782915
0.00144928
0.00160199
0.00819817
0.118967
3.16785e-006
0.0164374
0.0035626
0.069643
0.00520606
0.0123727
0.00254444
0.00108425
0.00467574
0.00122472
0.0124405
0.0206893
0.08867
0.000427255
0.00014412
0.00600498
0.00499136
0.0222033
0
0.00419289
0.0154811
0.00678799
0.00410841
0.0143245
0.0036557
0.127502
0.102552
0.0211916
0.114797
0.0234592
0.0103542
0.162239
0.0949273
0.00428695
0.0120402
0.00211406
0.0481753
0.00890978
0.127795
0.00704343
0.0864937
0.010657
0.0032009
0.0169522
0.00155405
0.00146987
0.00582112
0.0376138
0.0177158
0.0236311
0.00389719
0.139973
0.00464011
0.00119979
0.00238738
0.000547141
0.0978906
0
0.0297979
0.00163695
0.0163045
0.0118866
0.062399
0.0189254
0.0459638
0.000117272
0.000515392
0.00591029
0
0.0550473
0.077339
0.0897335
0.0112305
0.00595308
0.0031175
0.00014412
0.0253401
0.0270375
0.0500301
0.0484064
0.0565555
0.000327762
0.000823894
0.0077571
0.00466007
0.00410003
0.0385299
0.00919965
0.000132115
0.000395155
0.0185376
0.0717252
0.000363513
0.00774104
0.00849441
0.00541408
0.0383245
0.112166
0.111239
0.000192773
0.101535
0.123116
0.0812307
0.0102742
0.0213845
0.0168215
0.0163298
0.00249381
0.058274
0.000538032
0.109306
0.0332477
0.000257158
0.0609715
0.0582752
0.0742521
0.0567356
0.0103307
0.0012627
0.111443
0.0372864
0.0191631
0.00237223
0.0398127
0.00592231
0.00861947
0.0193614
0.00924036
0.000938395
0.00844259
0.0586144
0.00977616
0.00683879
0.0838765
0.0103249
0.00158755
0.00201639
0.000170847
0.00706926
0.015903
0.00290259
0.0218921
0.00515663
0.0272206
0.00279992
0.0397295
0.12839
0.00915327
0.00917479
0.00632573
0.00846512
0.0370741
0.0503983
0.0851139
0.115662
0.00478791
0.00566252
0.00671733
0.0157434
0.00822147
0.00321328
0.00289832
0.000130338
0.00669934
0.0617925
0.0746049
0.0612242
0.00089028
0.00615978
0.235216
0.00455334
0.00041325
0.00448475
0
0.0113711
0.00407336
0.00245075
0.00390341
0.000547057
0.050748
0.00269242
0.010589
0.000295509
0.00716993
0.00399222
0.0211593
0.131544
0.00216293
0.0112431
0.0354026
0.00220701
0.0855181
0.0327102
0.00119424
0.0328994
0.0332308
0.0864054
0.00393174
0.00328249
0.110157
0
0.0569036
0.0317801
0.00318056
0.000468294
0.00862458
0.0972577
0.0230558
0.00887541
0.033384
0.0148559
0
0.0319913
0.0269592
0.097696
0.0539318
0.014776
0.123612
0.00173215
0.00125138
0.0533675
0.0254172
0.00407379
0.0957309
0.0126622
0.0154559
0.216105
0.123049
0.0631654
0.00194192
0.013255
0.00888479
0
0.0260574
0
0.246586
0.00428679
0.0134141
0.0145455
0.000271407
0.000770798
0.0492251
0
0.191417
0.0166551
0.000948349
0.0024752
0.0933217
0.00636355
0.0155998
0.012771
0.0780342
0.00726981
0.00104965
0.00454341
0.0166649
0.000469334
0.0177989
0.011259
0
0.0268686
0.00519998
0.00012355
0.00184057
0.0415041
0.0851139
0.00172716
0.0127058
0.00318832
0.0028135
0.00128626
0.00424759
0.0429353
0.0137071
0.0147777
0.0448917
0.205941
0.00230283
0.0756468
0.00534677
0.00138628
0.0996772
0.121305
0.00797465
0.0851595
0.00356927
0.00734032
0.000206694
0.0295213
0.00709631
0.0128758
0.0427241
0.00232389
0.0501191
0.0034112
0.000612145
0.0399223
0
0.00947195
0.02196
0.00519099
0.112735
0.00912797
0.0156349
0
0.0778579
0.00898495
0.067927
0.050349
0.00529215
0.00297085
0.00457766
0.00278107
0.0131641
0.0183177
0
0.0216823
0.0481464
0.112912
0.116722
0.0109286
0.146976
0.0643044
0.081769
0.0875743
0.0142596
0.0131505
0.0204389
0.144045
0.000843386
0.0431104
0.00629136
0.00384201
0.122496
0.0516524
0.0140718
0.0244257
0
0.0555215
0
0.0125853
0.164371
0.0195219
0.00609878
0
0.00863542
0.0009717
0.0126337
0.0346385
0.010907
0.0189541
0.0229774
0.124249
2.97823e-005
0.0942837
0
0.0326231
0.00129237
0.00202301
0
0.0847283
0.00411726
0.0102881
0.0520711
0.00703299
0.115057
0.0497637
0.0339791
0.0825536
0.0483576
0.0010126
0.0671384
0.0562068
0.00149473
0.0106656
0.0179125
0.0110236
0.0073273
0.0335355
0.0408056
0.00626603
0.0954841
0.0475936
7.8736e-005
0.0122203
0.103029
0.0872669
0.0909017
0.000492147
0.0703474
0.237782
0.012977
0.00720725
0.0420047
0.00104087
0.00648686
0.0764217
0.00512512
0.0186607
0.0774225
0.00586829
0.00716649
0.00221847
0.0037161
0.12493
0.000727621
0.00995823
0.00200132
0.0127975
0.0133881
0.0150139
0.020394
0.060681
0.0712483
0.085098
0.00255194
0.00377158
0.0104705
0.0133584
0.0717682
0.147434
0.00289964
0.00230795
0.00517357
0.00224417
0.0435129
0.00145949
0.00020941
0.00877532
0.0139033
0.0243299
0.00101255
0.0690176
0.000557269
0.00391495
0.00384869
0.010784
0.00624421
0.000443687
0.124483
0.00606559
0.00109236
0.00972382
0.0454975
0.0335926
0.0301713
0.013181
0.00972655
0.100413
0.0447238
0.00238761
0.000280419
0.00494943
0.05179
0.0242272
0.00679995
0.00321682
0.00238756
0.011253
0.0434348
0.0127871
0.0163901
0.0286571
0.00931498
0.0188282
0.000661545
0.00831921
0.121021
0.122974
0.0405621
0.0139966
0.0114185
0.00294187
0.0283944
0.00149568
0.072991
0.0021961
0.018957
0.019958
0.0191826
0.124592
0.00770272
0.010389
0.0276973
0.0569924
0.043966
0.0111123
0.0528111
0.00367038
0.000823816
0.0611434
0.0403319
0.111807
0.00545899
0.00104982
0.0293363
0.0165598
0.000412861
4.18281e-009
0.0183005
0.061179
0.0425048
0.0015908
0.00595688
0.0123449
0.00859931
0.0120685
0.00309535
0.00692135
0.00586219
0.00370486
0.00819873
0.104568
0.0915962
0.10776
0.0327915
0.0143767
0.0174905
0.00603428
0.0120969
0.0249494
0.0175706
0.0308125
0.0152119
0.0457206
0.00479757
0.0316503
0.0517052
0.0642223
0.0072059
0.00745377
0.0108691
0.010077
0.0951874
4.18287e-009
0.00780738
0.0704359
0.00488866
0.00762593
0.0403588
0.0784073
0.0518642
0.00920201
0.0049379
0.00388582
0.00410833
0.00401845
0.044862
0.00413906
0.0777823
0.0383633
0.0295938
0.0296402
0.0884037
0.0469947
0.0211483
0.0104719
0.0034534
0.00838611
0.0499007
0.00613542
0.0268076
0.0183807
0.00018898
0.000818211
0
0.107247
0.0141173
0.0586223
0.0123549
0.0349165
0.00617955
0.0233984
0.144418
0.00576143
0.124968
0.00448183
0.00660422
0.0314103
0.0871275
0.122208
0.00109201
0.0486108
0.000744136
0.0983462
0
0.00791938
0.000639008
0.00263945
0.00278743
0.000828674
0.013658
0.0160727
0.000309207
0.0632511
0.0892472
0.00410698
0.0733188
0.0178043
0.0119817
0.0629026
0.00996521
0.0426712
0
0.0132397
0.000919263
0.0224161
0
0.00478318
0.0135578
0.0165362
0.0117208
0.0136924
0.0016834
0.0105941
0.0264612
0.00265562
0.0857745
0.00776568
0.0153856
0.0637217
0.0489692
0.0177995
0.0161332
0.116075
0.0657218
0.0213642
0.0980838
0.0563889
0.00360037
0.0150438
0.00297851
0
0.153012
0.0959031
0.0993465
0.0101422
0.00614058
0
0.00185066
0.118946
0.0867132
0.0531008
0.115581
0.0168572
0.00583694
0.0068432
0.0199659
0.000411967
0.00193196
0.0120093
0.0165184
0.000389222
0.0718263
0.0117865
0.0372202
0.00349119
0.0171779
0.0946198
0.0267251
0.0183892
0.00710074
0.0184341
0.0164168
0.0290642
0.00407807
0.00599194
0.0238696
0.0223279
0.0042263
0.00389851
0.00251008
0.0588276
0.10714
0.0920384
0.00143323
0.03965
0.0966227
0.0522742
0.00222251
0.00390433
0.0487739
0.00679711
0.00221974
0.011853
0.0129263
0.0042539
0.15907
0.00613437
0.0100231
0.00972098
0.0107547
0.11921
0.0357121
0.0124573
0.00353453
0.000561525
0.240119
0.00654941
0.0131756
0.20514
0.117075
0.0719971
0.000900215
0.00319759
0.00155617
0.0797361
0.0102885
0.0410574
0.0874221
0.00331458
0.00979476
0.000762484
0.00648194
0.0673534
0.0152481
0.0119629
0.00169257
0.00485129
0.0041534
0.00305653
0.00884599
0.0455756
0.00608238
0.000774019
0.00371405
0.00497328
0
0.00803891
0.0129149
0.0236252
0.0354062
0.0389247
0.109137
0.151656
0.237563
0.0137509
0.000743939
0.000345996
0.0181512
0.0149295
0.000279748
0.0044407
0.0560321
0.0257919
0.185059
0.1836
0.0126699
0.135368
0.00643585
0.000119895
0.0024317
0.00475245
0.00281661
0.0278931
0.000328512
0.0082394
0.0128839
0.111261
0.0213381
0.0443907
0.00256667
0.0107273
0.0106142
0.00372993
0.058423
0.0682325
0.0289274
0.0272688
0.0341462
0.00789584
0.000191795
0.00668445
0.0784228
0.0761571
0.0048979
0.129268
0.0827535
0.00506611
0.00329492
0.0207699
0.00266833
0.0560848
0.00373329
0.00348612
0.0106416
0.00590261
0.0867256
0.0139736
0.020746
0.0471618
0.0421491
0.00509463
0.0159616
0.0238558
0.0398754
0.00318344
0.0347915
0.0069117
0.0434431
0.0339613
0.12587
0.00815909
0.000395286
0.00381476
0.0577376
0.110873
0.142798
0.0110784
0.0483078
0.0413685
0.00503395
0.00518982
0.113209
0.12138
0.015179
0.00692892
0.00971081
0.000730921
0.000487752
0.0883914
0.0099831
0.0667809
0.16457
0.0815142
0.00116415
0.0988479
0.147424
0.00514004
0.00360019
0.00582757
0.00970099
0.00303794
0.0042043
0.0577407
0.00662363
0.0164523
0.00552342
0.0111913
0.0881962
0.0617264
0.157648
0.0904284
0.0142148
0.012178
0.00603823
0.0162097
0.0682122
0.00136167
0.0971865
0.00899978
0.00331348
0
0.00937481
0.00883259
0.0375267
0.0611545
0.028425
0.000894667
0.00037333
0.000474821
0.000237291
0.0556596
0.0409752
0.0341484
0.00657608
0.092082
0.0147165
0.123362
0.0377366
0.00350033
0.000434761
0.00247333
0.113911
0.00635037
0.0487098
0.00216329
0.0438909
0.0201254
0.00936892
0.0375763
0.0145839
0.000752053
0.00729151
0.00914233
0.0759939
0.0170339
0.136792
0.029252
0.00748591
0.00515952
0.0146213
0.064155
0.00206982
0.00164372
0.010617
0.0055875
0.0345145
0.175439
0.19205
0.13434
0.00337518
0.000545536
0.00151271
0.00261536
0.0379189
0.00958734
0.00386389
0.00616627
0.00367052
0.00184673
0.00707283
0.112753
0.0178047
0.00155122
0.124108
0.0038569
0.0274384
0.120451
0.00513687
0.035011
0.00731442
0.00318049
0.0472969
0.0593706
0.0157593
0.00589239
0.00125415
0.0121571
0.0422508
0.0250545
0.00857774
0.0129803
0.033353
0.103193
0.111609
0.139775
0.17205
0.0730292
0.00114024
0.0019554
0.110069
0.000364624
0.00535879
0.00850589
0.030951
0.00210724
0.0124794
0.0235174
0.00495236
0.00718978
0.0101614
0.00831938
0.00329277
0.00310032
0.00476956
0.00328757
0.118388
0.12692
0.00182451
0.00499399
0.0274944
0.0101144
0.00929241
0.108405
0.112425
0.0122776
0.0538384
0.0733756
0.0789008
0.00284547
0.00293543
0.0733955
0.0211562
0.00836545
0.0706203
0.000742759
0.151532
0.000769341
0.00216516
0.00167269
0.0470059
0.00476757
0.000272723
0.00255088
0.0924947
0.0101614
0.0157145
0.00183216
0.123083
0.00350114
0.0226321
0.0530033
0.0403708
0.0136777
0.0015466
0.10408
0.0296443
0.0177394
0.0805302
0.152875
0.178124
0.0055323
0.00638966
0.0422161
0.000684482
0.00394576
0.0182625
0.0119367
0.00886455
0.0083752
0.0137247
0.0117533
0.00728214
0.0751797
0.127021
0.0344329
0.0824495
0.119952
0.00348533
0.0137158
0.0119437
0.0011641
0.0125983
0.0205747
0.00765571
0.000821633
0.00294816
0.0034653
0.0114186
0.00229435
0.0196707
0.00773304
0.00831088
0.00720766
0.0753069
0.00139609
0.00390922
0.000687598
0.0562664
0.0139354
0.0178669
0.00514574
0.0165525
0.00253445
0.0577182
0.00236792
0.00318983
0.0211983
0.00350453
0.00234742
0.0275491
0.117535
0.0291241
0.0699937
0.00190619
0.00471252
0.0102786
0.0076554
0.00434035
0.00454331
0.00988433
0.0113873
0.00272207
0.00517715
0.1232
0.00076415
0.0230841
0.0388716
0.023465
0.00529717
0.00194412
0.0476723
0.0105963
0.00420774
0.00596286
0.0019775
0.118347
0.00554957
0.00849998
0.0179071
0.0691795
0.0226524
0.073719
0.0065789
0.00233696
0.0579466
0.102591
0.00392957
0.00336686
0.00421857
0.00228401
0.000667104
0.0086412
0.000870225
0.00149693
0.00279753
0.0152506
0.0240602
0.00672446
0.0125057
0.0460469
0.00633601
0.0294437
0.129677
0.0132611
0.0103069
0.0938164
0.0878265
0.00101255
0.00549048
0.0507962
0.0411742
0.0627661
0.00222038
0.0985302
0.038108
0.00836695
0.0169644
0.100232
0.00592645
0.00697943
0.000812976
0.031177
0.0911937
0.0125188
0.0279872
0.0506764
0.0027575
4.18328e-009
3.16786e-006
0.0083202
0.0632277
0.0410418
0.0495146
0.0248976
0.0239976
0.00786569
0.00721427
0.0841794
0.00582379
0.0288381
0.00544179
0
0.0471432
0.128466
0.0901573
0.115036
0.00423517
0.0238522
0.0776506
0.00102197
0.0899768
0.0100176
0.000840821
0.000984625
0
0.0494289
0.0426954
0.00717578
0.0597252
0.00833873
0.00659183
0.00913288
0.0185446
0.0157949
0.00382339
0.023981
0
0.00606647
0.00239148
0.0332754
0.135876
0.0729907
0.0342738
0.124458
0.00336807
0.123184
0.0643826
0.00305006
0.0381904
0.0061491
0.00447152
0.00186374
0.0457373
0.000133419
0.00367452
0.0513655
0.0155016
0.0192419
0.0175195
0.00468706
0.144972
0.0635855
0.117277
0.00443738
0.00636161
0.0200794
0.017208
0.00276998
0.0350294
0.00462791
0.00230752
0.00334092
0.00534547
0.0221332
0.00192951
0.0108549
0.00898703
0.00200809
0.000443567
0.000523872
0.019935
0.00124878
0.000483649
0.0122579
0.00430698
0.0317874
0.0078062
0.125351
0.0548598
0.0174958
0.055444
0.0294175
0.000133419
0.00570689
0.00870568
0.00659063
0.0121469
0.0317293
0.00159783
0.00817104
0.11951
0.0816001
0.0251378
0.000974568
0.0148829
0.00269891
0.101927
0.00955759
0.0096177
0.0178859
0.0251613
0.00586079
0.0535204
0.0828689
0.000995238
0.0768689
0.147224
0.00207243
0.00256256
0.109986
0.000658251
0.00061299
0.00143584
0.00954179
0.0836172
0.000666962
0.047116
0.014286
0.0153949
0.0529639
0.00666737
0.0574423
0.0231427
0.00599494
0.0202193
0.000105149
0.102155
0.00154346
0.0089076
0.0846656
0.100407
0.0109954
0.000970103
0.0254799
0.00526453
0.00339828
0.000355066
0.000848429
0.123084
0.000366247
0.00348787
0.118849
0.00537243
0.00536245
0.0926874
0.00104134
0.00562438
0.0068667
0.0138653
0.192618
0.00121414
0.0314608
0.0242771
0.0364138
0.00425188
0.029098
0.00634113
0.023772
0.033598
0.014517
0.0651259
0.0792384
0.00020941
0.126277
0.000704284
0.0871559
0.00361062
0.0689541
0.00299906
0.00250017
0.0012074
0.00568507
0.00831537
0.00804167
0.00853016
0.00758938
0.00621709
0.00193148
0.0497276
0.0265899
0.00344857
0.00101602
0.0143581
0.000372732
0.0257789
0.0452203
0.00715195
0.00319604
0.0103474
0.000435766
0.000482211
0.00326673
0.00427742
0.028671
0.0153595
0.0123291
0.032538
0.0423806
0.0064835
0.0551218
0.00183898
0.00232078
0.0808906
0.00184685
0.118986
0.117375
0.0402296
0.0986357
0.00133057
0.0482772
0.00305799
0.01352
0.0150153
0.00097114
0.0159731
0.0188354
0.0256475
0.082725
0.0053866
0.074298
0.014695
0.00104213
0.00389672
0.00840074
0.000851154
0.00131639
0.00382509
0.0991123
0.0113087
0.00105149
0.0183119
0.0374774
0.00894775
0.0386194
0.0194909
0.0839739
0.0022575
0.0027549
0.00267025
0.0199609
0.018669
0.00461629
0.00282207
0.0662642
0.0019139
0.00165716
0.015621
0.00555245
0.000187486
0.149046
0.00111054
0.0147063
0.0735986
0.02761
0.0108476
0.0484367
0.0553074
0.0022563
0.00889345
0.010732
0.165369
0.00540166
0.0945115
0.11431
0.0299801
0.00392609
0.00232193
0.00377882
0.0656631
0.0208666
0.017684
0.0169022
0.081832
0.00786396
0.000115671
0.000746838
0.0296088
0.0321038
0.000583161
0.0207055
0.0010903
0.00600458
0.00578675
0.0599502
0.00182216
0.0212259
0.0119063
0.00364268
0.0173433
0.0100387
0.00376072
0.02772
0.0436842
0.0226524
0.000411829
0.0727757
0.00251421
0.00274693
0.00375996
0.0583302
0.0583296
0.00565914
0.120279
0.00460477
0.0637914
0.10487
0.108155
0.0272241
0.000254251
0.00325896
0.0330373
0.0118852
0.0114612
0.0151391
0.00967107
0.00306737
0.00023518
0.0183365
0.0675043
0.00244208
0.0107776
0.0959572
0.0422293
0.00421022
0.029154
0.0326209
0.0490421
0.0490624
0.00174766
0.00305006
0.0211521
0.0580301
0.0454982
0.00102485
0.00380267
0.0458846
0.00113067
0.036621
0.00262618
0.195722
0.0362868
0.0508239
0.00956467
0.000192029
0.00361723
0.0402899
0.111971
0.00324833
0.00432904
0.0629011
0.0430716
0.105585
0.000355066
0.00460512
0.00462544
0.0114895
0.164171
0.0147349
0.00859029
0.0113671
0.0497882
0.106852
0.0844903
0.0494833
0.132192
0.0187886
0.0390729
0.108367
0.00152558
0.00122201
0.00773205
0.00277105
0.0068085
0.0371786
0.0424392
0.0368635
0.00763282
0.00639346
0.0116468
0.00672188
0.00763866
0.0205645
0.00256903
0.00163179
0.0140166
0.0104887
0.0106917
0.00138889
0.000317479
0.0012141
0.00109302
0.0178467
0.00218317
0.0598804
0.0819279
0.00579176
0.015143
0.0309388
0.093758
0.0385452
0.0524927
0.0019783
0.00279372
0.085627
0.093936
0.065809
0.2026
0.00714712
0.000687599
0.00238808
0.0407187
0.00734947
0.00530812
0.015838
0.00133838
0.00372567
0.217111
0.0015761
0.0280202
0.0473952
0.0064588
0.0110691
0.139694
0.113236
0.0027249
0.00383068
0.0252855
0.00498856
0.00682054
0.00833097
0.0026944
0.000840837
0.0398993
0.00768529
0.00110927
0.0304434
0.0155359
0.0406595
0.0012889
0.0128902
5.05577e-005
0.00158422
0.0821295
0.0471755
0.00307197
0.00209699
0.00154279
0.0145935
0.0130027
0.033456
0.0287527
0.0136068
0.00271875
0.00596562
0.0166472
0.0520676
0.00429827
0.00940698
0.0020847
0.0025832
0.000311853
0.00892058
0.0108118
0.00824561
0.00843103
0.0267274
0.000397638
0.00774133
0.00141813
0.0287646
0.00610794
0.00936516
0.00504149
0.00456954
0.0146321
0.0174442
0.00230752
0.00470904
0.052301
0.00368039
0.0620563
0.000381097
0.0114099
0.0333704
0.0240996
0.00538129
0.00108821
0.0580031
0.000870225
0.00414943
0.00763253
0.00993662
0.0138817
0.0158744
0.012416
0.00211091
0.0471092
0.0192332
0.00707202
0.0402328
0.0423434
0.0159894
0.00215402
0.0015572
0.0201607
0.0605499
0.144877
0.00162596
0.0590271
0.00985158
0.00262033
0.062567
0.0182993
0.0390918
0.0890885
0.0950512
0.00215558
0.038521
0.0298864
0.0200895
0.0179052
0.00138248
0.0796391
0.0133346
0.0279923
0.00101244
0.00204236
0.0173765
0.000919803
0.00566736
0.111791
0.00234675
0.0662093
0.054484
0.103357
0.0660576
0.0342477
0.00762905
0.00834836
0.0626098
0.00546753
0.00371405
0.012984
0.0154028
0.00539088
0.0202199
0.0509293
0.00251095
0.00225424
0.00073347
0.0117078
0
0.0952827
0
0.0231981
0.0376279
0.0419285
0.0871157
0.047883
0.0364436
0.0154087
0.0335575
0.0694294
0.00688502
0.0331566
0.0712976
0.0130086
0.00182787
0.0108962
0.16393
0.00462629
0.00664857
0.0116466
0.0490874
0.0290173
0.0673397
0.0232009
0.0934067
0.06221
0.0203263
0.00948957
0.0187649
0.00233921
0.0157564
0.125289
0.149095
0.0229032
0.00412314
0.00233525
0.000835497
0.00235923
0
0.00163798
0.00187441
0.0943106
0.00763096
0.0502437
0.0111358
0.0707464
0.00266508
0.145219
0.0105919
0.0124294
0.0397544
0.0013419
0.00439333
0.00573291
0.0264471
0.00645851
0.00701482
0.00292185
0.0764006
0.0869846
0.00465726
1.82803e-005
0.000667962
0.000341197
0.0246594
0.0669419
0.0573583
0.00155062
0.0156335
0.00742069
0.00269506
0.0259491
0.103826
0.0776602
0.0445661
0.00533981
0.0697348
0.01167
0.0172256
0.0169395
0.0168102
0.0132107
0.0693854
0.0131777
0.014667
0.0047618
0.00205119
0.0360342
0.0246501
0.00350065
0.00447991
0.0586007
0.00559239
0.000257143
0.0137796
0.0766714
0.00607792
0.00231118
0.0644239
0.0506942
0.0312869
0.0245593
0.0587197
0.0122139
0.0337527
0.0607318
0.069424
0.0052392
0.0208259
0.0167397
0.00511482
0.013264
0.0576756
0.00134931
0.0189193
0.045203
0.00880969
0.106566
0.00337622
0.00511253
0.176835
0.00581823
0.0384179
0.00408391
0.0174823
0.0156696
0.0675988
0.00884079
0.0193574
0.00416294
0.0249206
0.0161765
0.00729303
0.0401834
0.0176843
0.0771332
0.0055743
0.0120669
0.000633329
0.00113703
0.00343221
0.00394189
0.0425313
0.0292355
0.00357255
0.00595839
0.0216012
0.0505079
0.00740406
0.00241665
0.0241758
0.00338378
0.0153797
0.00993791
0.00881355
0.160797
0.00084651
0.000306057
0.00178088
0.12837
0.0389756
0.0117114
0.00601902
0.000725901
0.00599483
0.00185662
0.000734263
0.0570426
0.084976
0.0735864
0.00183547
0.00595176
0.0488634
0.233517
0.0930043
0.00220209
0.0233144
0.043697
0.0499304
0.0602261
0.0847216
0.00289944
0.0014572
0.00324082
0.000697785
0.0132202
0.00824222
0.0032225
0.00889214
0.208114
0.187861
0.108321
0.0109752
0.00532365
0.162088
0.034164
0.00974635
0.00572881
0.0519066
0.0864804
0.0527052
0.00714111
0.0212379
0.00137878
0.00550715
0.00109302
0.0551004
0.0627972
0.00190582
0.00259178
0.00153913
0.0720478
0.111135
0.0118612
0.0132218
0.00255248
0.0011149
0.0115923
0.00647988
0.00461307
0.184967
0.0313666
0.0071098
0.00305822
0.0103086
0.0808136
0.0284246
0.00146357
0.0040506
0.000584699
0.00237526
0.00536425
0.0257483
0.0193252
0.00875677
0.0646943
0.00603773
0.0691882
0.00683764
0.0314736
0.0348116
0.080923
0.0635449
0.0276584
0.00372104
0.110908
0.00699759
0.000907961
0.0022749
0.0914136
0.00359675
0.0145701
0.0235889
0.0925092
0.0201146
0.0702045
0.00328282
0.0435115
0.0136418
0.0132877
0.00870005
0.128698
0.00333803
0.00686297
0.120912
0.175643
0.00209025
0.0125773
0.0881146
0.0864689
0.0142926
0.000379703
0.233166
0.156972
0.0843693
0.00616908
0.0060831
0.0377165
0.014386
0.00396318
0.00103717
0.0035477
0.0172097
0.034621
0.0916932
0.000362025
0.0296444
0.0652825
0.0447707
0.0306115
0.0303795
0.00496554
0.125967
0.0121966
0.00474632
0.00508076
0.0245373
0.0155585
0.00112759
0.00127546
0.203642
0.0199753
0.00779636
0.00146716
0.106252
0.0049357
0.00567352
0.0661781
0.061692
0.00619288
0.0236873
0.00710605
0.00885387
0.000828652
0.00732001
0.00963897
0.00820762
0.0211971
0.0356514
0.152814
0.0163654
0.0455357
0.0015219
0.00218381
0.000974924
0.0542838
0.00314662
0.00683391
0.00611108
0.000151189
0.0682471
0.059691
0.00116889
0.0275785
0.0426408
0.00803998
0.00646933
0.0136887
0.00221092
0.00949557
0.0054538
0.00248668
0.0884295
0.00396295
0.0314735
0.0716418
0.0182878
0.0129386
0.0015195
0.0859174
0.0235268
0.00909969
0.00813608
0.00289993
0.00132638
0.208276
0.00459485
0.00363125
0.003343
0.00155068
0.110762
0.0073068
0.00637084
0.0270566
0.0046054
0.0148919
0.0909439
0.0179882
0.000639222
0.00304221
0.0429365
0.0167117
0.00918055
0.00420585
0.0268477
0.0386838
0.04068
0.0010485
0.0133634
0.00408182
0.125103
0.0607152
0.0566255
0.00553395
0.0209685
0.246609
0.0166359
0.0674579
0.00590042
0.0327674
0.00250275
0.000304484
0.00265731
0.00223473
0.0180629
0.0272804
0.00517742
0.00491947
0.0731855
0.0650371
0.056121
0.000538527
0.0566434
0.156503
0.0108096
0.00219474
0.0109802
0.00213223
0.0432729
0.0545086
0.00470773
0.000692031
0.0987671
0.0541944
0.019282
0.00729448
0.00891321
0.00424477
0.0011737
0.0221799
0.0209018
0.0100103
0.0777772
0.00157973
0.000737876
0.000784003
0.00382896
0.000385046
0.00375664
0.0181652
0.0415202
0.000444115
0.0449764
0.00094082
0.00123812
0.0194744
0.00415625
0.0601216
0.0010424
0.000722247
0.0461263
0.00394496
0.192091
0.0153852
0.016867
0.00378728
0.00708078
0.0208534
0.0139507
0.182333
0.0602907
0.0298053
0.0355593
0.063386
0.00420356
0.0336161
0.0977481
0.00535668
0.131464
0.00536039
0.0364376
0.0653618
0.103996
0.105764
0.00104096
0.0134748
0.0442595
0.00497274
0.00252025
0.0159017
0.0272759
0.0500281
0.0538828
0.00116803
0.00678949
0.033601
0.0181084
0.00153786
0.00407616
0.00411395
0.00887568
0.0604631
0.0192634
0.0578113
0.00798383
0.0266566
0.0178942
0.00528674
0.0497881
0.0485351
0.0173456
0.0446987
0.0364758
0.00468198
0.00394769
8.87759e-005
0.141384
0.0150623
0.070397
0.0364242
0.055043
0.0291252
0.0434721
0.0104296
0.023162
0.0637783
0.00595493
0.0381123
0.0180998
0.106219
0.226975
0.0054144
0.00465223
0.0103765
0.0154727
0.05889
0.0710261
0.00593658
0.00673924
0.00227032
0.00333423
0.00352122
0.00439557
0.00243301
0.0494775
0.0507628
0.057713
0.118326
0.135146
0.00751809
0.002104
0.00873231
0.00835276
0.00596568
0.00604734
0.00396229
0.0180357
0.0164775
0.0164466
0.00792761
0.0349602
0.0355671
0.028567
0.0142693
0.0843233
0.00386384
0.0101696
0.0106165
0.112791
0.0202654
0.169656
0.148899
0.147051
0.095891
0.0966345
0.0396381
0.0949679
0.0903423
0.175197
0.0746778
0.00201576
0.0105986
0.00164861
0.0363574
0.00402997
0.00965433
0.011723
0.139609
0.00341953
0.0247306
0.0990227
0.00128095
0.000208046
0.0094866
0.0491481
0.00154215
0.0527321
0.044488
0.000523784
0.0431366
0.00301096
0.030546
0.00103851
0.00481717
0.00395751
0.0807391
0.0642311
0.00563019
0.133913
0.000821763
0.00101446
0.169103
0.000987948
0.0308845
0.00908743
0.0757749
0.00288668
0.00383863
0.010279
0.0623442
0.00225379
0.143486
0.00300493
0.0520007
0.00721565
0.00129787
0.000997946
0.00196878
0.00996026
0.00450474
0.00688306
0.0162317
0.0883844
0.0113275
0.0365906
0.0363055
0.0119105
0.00144344
0.125396
0.111218
0.0789218
0.00569356
0.0200551
0.0766038
0.104348
0.0154331
0.00133285
0.016669
0.00277015
0.0712302
0.00129641
0.00938572
0.222101
0.00632429
0.00914684
0.0360306
0.0441752
0.0451745
0.0325812
0.00236785
0.00241292
0.00415439
0.00215223
0.0724912
0.0677821
0.0896353
0.10124
0.000205139
0.0651913
0.00102413
0.00784012
0.0149192
0.0141723
0.00109892
0.00350447
0.196927
0.0919709
0.081501
0.0423118
0.0217974
0.0312195
0.0115642
0.0901446
0.0135131
0.0333294
0.00140117
0.00166435
0.00965435
0.0292521
0.00378216
0.0308016
0.062732
0.00119486
0.00645492
0.111553
0.0284329
0.0182108
0.00244651
0.0133939
0.00424691
0.0281106
0.00311974
0.00259119
0.034587
0.00417484
0.000557091
0.0885796
0.0166103
0.0646896
0.0607851
0.0583678
0.0174743
0.0234322
0.000619448
0.0364953
0.0154819
0.0778652
0.213054
0.0806508
0.000377458
0.00397041
0.00211617
0.127412
0.00593107
0.00407174
0.00323737
0.0394829
0.0319295
0.112594
0.00373573
0.17333
0.0101421
0.00299613
0.00845223
0.00287189
0.00367375
0.00222587
0.0416151
0.0426582
0.0934309
0.0443665
0.0416565
0.0943235
0.0938672
0.00214402
0.0389812
0.0515251
0.00714484
0.157123
0.144376
0.00220937
0.00717434
0.212078
0.00125963
0.00406322
0.00916299
0.00883191
0.0075082
0.00886272
0.0355072
0.0414448
0.00605121
0.0141921
0.014304
0.0203992
0.000885472
0.0581171
0.0501834
0.00113597
0.00521251
0.0107873
0.015297
0.0519365
0.00415464
0.0504901
0.0492476
0.00713943
0.00622311
0.168888
0.176479
0.0233375
0.00465586
0.00209466
0.19071
0.00878816
0.0122251
0.0930355
0.00903079
0.00714038
0.00247824
0.019466
0.0036442
0.00180445
0.00182428
0.00111365
0.0104966
0.0572663
0.0300495
0.0230698
0.00153579
0.000545502
0.00823672
0.00272443
0.033126
0.0426403
0.00061336
0.0119646
0.114908
0.00513596
0.057829
0.00946656
0.153755
0.00104742
0.0358172
0.00101755
0.109925
0.00280719
0.00751761
0.0605669
0.0819979
0.150545
0.0343432
0.00108092
0.00772334
0.0542193
0.0213955
0.00095134
0.0475497
0.0471418
0.00224102
0.0015793
0.00249629
0.099581
0.00633957
0.00706992
0.0903755
0.0181711
0.0270198
0.0190996
0.0620225
0.0194951
0.133695
0.0243221
0.000674467
0.00180104
0.00169467
0.00565729
0.0044524
0.00751115
0.0067522
0.00566464
0.00491435
0.170505
0.0692883
0.15569
0.0803876
0.0032107
5.43907e-005
0.0736031
0.00190733
0.0033053
0.0230547
0.00231297
0.00321807
0.0145833
0.00263549
0.0322376
0.00255146
0.00411695
0.00191435
0.00214655
0.00486611
0.0634396
0.218692
0.0110135
0.0944016
0.0253177
0.03868
0.016861
0.00114615
0.00752793
0.0479845
0.0613412
0.00935911
0.0335227
0.00206166
0.00730733
0.00381496
0.152201
0.171498
0.131432
0.00144861
0.00119356
0.0646927
0.0791169
0.128544
0.0638003
0.0390898
0.071223
0.00420518
0.00262986
0.0114766
0.0072477
0.00467712
0.00182656
0.0227129
0.00201381
0.0169331
0.0024452
0.0110471
0.158477
0.0257514
0.0246882
0.0874576
0.0709074
0.00032933
0.00470479
0.0525064
0.041815
0.0204145
0.0011924
0.00164243
0.0423909
0.00797246
0.00935486
0.00508321
0.0482869
0.0507364
0.0431104
0.0139142
0.00387278
0.000389803
0.0162151
0.00645492
0.0297729
0.00207632
0.128973
0.00159535
0.0334992
0.0859823
0.00153584
0.00556067
0.00107812
0.0454861
0.00107256
0.00139996
0.00313238
0.00338233
0.0499597
0.00342296
0.0312794
0.0049923
0.00263213
0.00943194
0.0816189
0.0582939
0.00532825
0.0221096
0.00267749
0.0096934
0.00267747
0.00261931
0.018285
0.0578297
0.00275627
0.0695971
0.00472388
0.132831
0.0258118
0.00194145
0.0223333
0.0016347
0.00354601
0.012301
0.0100559
0.0069844
0.0107293
0.0960513
0.0124747
0.0240113
0.00424866
0.0364879
0.00634269
0.0602386
0.00695797
0.0188948
0.0102085
0.0408196
0.0235619
0.00141218
0.0182357
0.128303
0.0299347
0.0157022
0.0248829
0.00948871
0.0547246
0.0245623
0.00203811
0.124447
0.0122953
0.0722957
0.00172391
0.000814323
0.152002
0.00386259
0.00266483
0.00184907
0.0654414
0.00129056
0.169312
0.037704
0.00112048
0.0112845
0.00347734
0.000952266
0.000423274
0.0543992
0.00311003
0.16611
0.00566696
0.0312298
0.0517758
0.171212
0.0475401
0.00365686
0.071153
0.00126272
0.0908646
0.0409693
0.0203218
0.00122094
0.00256342
0.00101338
0.00434257
0.122381
0.0116621
0.0113873
0.00311327
0.021325
0.183468
0.00386327
0.0044765
0.0381104
0.145998
0.0294383
0.000605832
0.00446469
0.01198
0.110278
0.03477
0.00141632
0.00240258
0.124972
0.00124119
0.00184777
0.100496
0.00185753
0.00319716
0.00987026
0.00127158
0.00233346
0.0550514
0.0355578
0.000549353
0.00163691
0.0306573
0.172876
0.00437279
0.000953445
0.0182441
0.00646694
0.00234373
0.0445892
0.0012225
0.0103436
0.127607
0.0017234
0.0170532
0.0598955
0.00739196
0.0105496
0.00140628
0.00521128
0.0326184
0.00459207
0.00131945
0.00544166
0.00143686
0.00130005
0.0012923
0.0868593
0.00470093
0.162769
0.00566922
0.00182193
0.00609681
0.00106717
0.117789
0.14827
0.00219249
0.000584451
0.188377
0.00143689
0.0521358
0.0455793
0.0631898
0.00917225
0.00239481
0.00322807
0.000563496
0.000993005
0.0158242
0.00954113
0.0585137
0.00124288
0.0257533
0.00591329
0.00400817
0.0784713
0.00106111
0.0110221
0.00229734
0.0229076
0.00230472
0.00333684
0.00399301
0.0824254
0.00526907
0.0265452
0.00640964
0.00673353
0.00337546
0.00120998
0.00371782
0.00980726
0.0468701
0.0468519
0.00294135
0.00209853
0.00216068
0.0121909
0.099649
0.00218741
0.0949909
0.00217447
0.0279082
0.0249595
0.000756319
0.000520507
0.119657
0.0242133
0.0511735
0.211976
0.164375
0.000723863
0.0487704
0.129063
0.00915106
0.00219114
0.00275597
0.00632435
0.00581867
0.00122766
0.00128122
0.00697296
0.00161523
0.00120995
0.00409898
0.00379275
0.0285063
0.00135827
0.0334652
0.00203573
0.0557043
0.00246654
0.0016871
0.101151
0.0029141
0.0128734
0.0181515
0.0462451
0.0210825
0.0206646
0.000723312
0.0164355
0.0190985
0.0256869
0.127223
0.00628711
0.0258051
0.00179767
0.00132781
0.00700796
0.0118147
0.00184794
0.0501328
0.00392461
0.000653589
0.00113469
0.012513
0.0617174
0.125973
0.101215
0.0680909
0.0674819
0.00452991
0.0732778
0.00719846
0.157194
0.00284582
0.00260271
0.0048007
0.117382
0.00744803
0.116367
0.0208197
0.00233745
0.0613697
0.0512329
0.00421321
0.0535811
0.0470839
0.0328903
0.00263218
0.0174755
0.00130676
0.0016036
0.0230652
0.110996
0.0011522
0.000627058
0.0971719
0.00597371
0.0433637
0.118652
0.0292684
0.000997688
0.023241
0.00506248
0.00701098
0.00140701
0.00757553
0.0369583
0.0503591
0.00274649
0.0752554
0.00805739
0.00313831
0.0797087
0.00569197
0.00895877
0.0143148
0.0798714
0.000198619
0.150428
0.000814376
0.00571276
0.0612597
0.0776818
0.00990414
0.00431528
0.0404828
0.00148425
0.00252151
0.00491811
0.00657756
0.00244897
0.00170163
0.00552304
0.00499681
0.0057866
0.0901432
0.00426708
0.00671276
0.0119272
0.00539746
0.00283516
0.00187877
0.000356566
0.00151637
0.00109286
0.00298504
0.0179921
0.00903436
0.0364041
0.045024
0.0162748
0.0196255
0.00204781
0.0130256
0.012211
0.00378649
0.00322226
0.00167154
0.00100521
0.180382
0.00174731
0.00128838
0.00200505
0.00384334
0.0163942
0.0093559
0.00693159
0.00318294
0.00213245
0.136148
0.0878522
0.0103691
0.00229109
0.00747618
0.00402318
0.00118711
0.00178028
0.184675
0.00420265
0.00290687
0.0367982
0.00146334
0.0879593
0.00467773
0.00833841
0.00173594
0.171386
0.00261491
0.14494
0.106026
0.03463
0.00113565
0.00354087
0.0650932
0.154814
0.00865312
0.162844
0.172342
0.00117731
0.0121406
0.0213978
0.00802465
0.00461299
0.00413802
0.00545104
0.0309268
0.184898
0.00954209
0.17892
0.121842
0.00107976
0.00225506
0.00139287
0.0848087
0.0700157
0.00157951
0.00474836
0.00778875
0.0203646
0.00620234
0.00330855
0.0751923
0.113525
0.109336
0.0603978
0.0277807
0.0306014
0.000363294
0.0152265
0.00162356
0.00097506
0.142157
0.00117082
0.00190414
0.00146172
0.0516631
0.00408475
0.00594961
0.0329699
0.0306029
0.0447546
0.190021
0.0146376
0.188131
0.213043
0.0299075
0.192424
0.0442182
0.00157528
0.121686
0.0144321
0.0197208
0.00234928
0.00127682
0.103391
0.00176266
0.00339496
0.052275
0.0154333
0.0235555
0.0227801
0.0257411
0.00284682
0.00192944
0.0257426
0.00147151
0.000877473
0.00277576
0.00331222
0.04649
0.0150241
0.00273173
0.00126316
0.00234476
0.00285072
0.00297162
0.00214002
0.00482074
0.00344992
0.00191794
0.0154145
0.0160075
0.00927685
0.00229912
0.118465
0.0118334
0.0424486
0.041189
0.0224698
0.00724792
0.0280993
0.0749076
0.00130938
0.00143953
0.00075898
0.117482
0.153106
0.0321007
0.0507208
0.0216516
0.1145
0.153414
0.00770159
0.00879283
0.096221
0.0254402
0.00083439
0.00149578
0.00278157
0.00375303
0.0263512
0.162309
0.00515767
0.0387864
0.0117461
0.00155813
0.147589
0.0220229
0.122859
0.00192385
0.00264264
0.00153874
0.0419035
0.0312606
0.00615389
0.0231582
0.130927
0.00182097
0.164951
0.000761961
0.0153938
0.00210623
0.0230601
0.00100983
0.117066
0.00134675
0.00550048
0.0258433
0.00262897
0.00635294
0.0327468
0.0140669
0.110179
0.0938773
0.000626045
0.0503585
0.00471205
0.0726485
0.0516086
0.00116235
0.00148976
0.00675798
0.00130552
0.00309059
0.0182557
0.000573584
0.0126628
0.00116525
0.144579
0.00214048
0.00125544
0.0154542
0.0150464
0.000580157
0.00221461
0.00304545
0.024069
0.00473036
0.0110526
0.000798644
0.0551086
0.005908
0.028977
0.138872
0.000801286
0.00109334
0.011849
0.00196789
0.0902699
0.00231404
0.00171345
0.0470886
0.143734
0.00103969
0.00140647
0.00156131
0.00113344
0.0227385
0.00075898
0.000800423
0.0127934
0.0219796
0.00445122
0.000687058
0.00092209
0.0626212
0.107376
0.0911432
0.00179082
0.0487661
0.0329296
0.00365208
0.159313
0.00107946
0.00565954
0.158132
0.0449095
0.00974192
0.0135213
0.153024
0.00402439
0.00098369
0.00217035
0.00274839
0.00261997
0.00405837
0.0649166
0.00690069
0.00720709
0.00962604
0.00053204
0.00111519
0.0477166
0.0905731
0.000731754
0.00361311
0.0750462
0.00175949
0.00859395
0.00790919
0.00446252
0.0255895
0.133788
0.00243472
0.0167785
0.000835241
0.00292509
0.0435186
0.0473294
0.00204786
0.0928952
0.000796331
0.000677684
0.0327853
0.000662733
0.282845
0.00283189
0.00124386
0.0739309
0.00235381
0.0118009
0.0120412
0.000452792
0.00172751
0.00903635
0.0017786
0.00220051
0.0147173
0.00625543
0.10436
0.00021456
0.000430268
0.0615529
0.00122452
0.00079434
0.0108673
0.0471368
0.0334226
0.00142363
0.139752
0.00223442
0.000935081
0.0139749
0.000717984
0.0455417
0.226087
0.158908
0.000502645
0.00438948
0.0552047
0.0342372
0.000796593
0.0259465
0.00175038
0.00498236
0.0120809
0.000668015
0.00325467
0.00806579
0.019528
0.00154427
0.0234757
0.0130142
0.00213066
0.00134425
0.000778508
0.00084226
0.111369
0.144849
0.0899622
0.0179499
0.0179485
0.00388814
0.00417987
0.0913936
0.00406073
0.0629602
0.0020562
0.0175635
0.119373
0.00684138
0.0935351
0.0717756
0.106308
0.000708674
0.0199611
0.00134138
0.0112902
0.0112798
0.0489746
0.057438
0.00146608
0.00266528
0.0228734
0.0171522
0.0140795
0.170095
0.002171
0.00120198
0.0324275
0.0015574
0.00635921
0.00269704
0.0662906
0.00432597
0.00215589
0.00163567
0.0345402
0.00281296
0.0352155
0.0694857
0.00104218
0.091074
0.0855318
0.0424847
0.0752143
0.00505385
0.0216598
0.0675457
0.097351
0.0894638
0.0822405
0.00875184
0.00580391
0.00690651
0.0152987
0.0283041
0.0476398
0.0146511
0.00285917
0.00504104
0.0156006
0.0218857
0.0145175
0.0107691
0.00504095
0.00430293
0.0149272
0.0459464
0.00921215
0.0107492
0.00987335
0.00907836
0.107588
0.0106981
0.0286701
0.0451471
0.0182574
0.012263
0.0281733
0.100284
0.0032193
0.00617352
0.119449
0.00284333
0.0208627
0.0132867
0.0423407
0.147875
0
0
0
0
0
0.000787008
0.000711235
0.00414613
0.0149358
0.0730092
0.000983807
0.00382522
0.00432249
0.00250275
0.00449387
0.000729751
0.000709495
0.0030248
0.00218843
0.00165833
0.0798928
0.00568116
0.00370919
