7447
0.0443812
0.00846233
0.019182
0.0367352
0.00702532
0.00229204
0.181245
0.00221473
0.0154023
0.0173603
0.0646667
0.152025
0.0683603
0.00130941
0.166741
0.0105335
0.000970404
0.199656
0.0202254
0.00139065
0.00869694
0.00432887
0.0809955
0.0233004
0.0324033
0.0342892
0.261386
0
0.0181107
0.0357906
0.0482548
0.238535
0.0364482
0.0576927
0.0925971
0.0504012
0.0394394
0.014659
0.02716
0.00719306
0
0
0.0172508
0.00810065
0.0244265
0.0183169
0.291227
0.000717894
0.0194544
0.0196111
0.0295936
0.212304
0.0110333
0.0160599
0.00130552
0.00567665
0.160789
0.0136315
0.0111761
0.0353888
0.06546
0.000716633
0
0.0550209
0.0329507
0.136402
0.00996463
0.199897
0.0266575
0.0308826
0.151164
0.0933691
0.126362
0.0136337
0.0121741
0.0265834
0.0402988
0.0162755
0.0852781
0.0614725
0.0256201
0.000747071
0.0012732
0.0170872
0.110376
0.132982
0.419573
0.00634228
0.00773797
0.000131124
0
0.0210657
0.224095
0.0623557
0.0932177
0
1.65714e-005
0.0442603
1.65714e-005
0.0746851
0.233404
0.249825
0
0.0950336
0.01721
0.0274269
0.157488
0.00319069
0.329513
0.00969183
0.0363386
0.213463
0.0173451
0
0.212024
0.0860979
0.0523737
0.0273442
0.0906094
0.00950908
0.000110794
0
0.131599
0.249205
0.109347
0.0368446
0.15148
0
0.000572227
0.00225857
0.00926991
0.0164037
0.234373
0.000471858
0.0157358
0.0213778
0.208364
0.0359576
0.0941725
0.0403209
0.0244528
0.0748561
0.395021
0.0481481
0.0712058
0.00911221
0.468349
0.000489717
0.568788
0.0465171
0.206158
0.169813
0.000679979
0
0.00230023
0.241584
0.0661496
0.000763084
0.0701829
0.0306361
0.293881
0.221221
0
0.00132679
0.0479444
0.197848
0.00993724
0.00538617
0.0190986
0.02328
0.010576
0.126656
0.0857171
0.00505328
0.158262
0.349337
0.191753
0
0.0728378
0.0867958
0.0137408
0.00343813
0.0743703
0.0533859
0.20482
0.158765
0.0525634
0
0.0191115
0.00771519
0.284822
0.0319632
0.0837497
0.00217312
0.0423752
0.0452236
0.215443
0.0233094
0.00699951
0.24888
0.076096
0.00708823
0.0074418
0.0441084
0.0987745
0.0816017
0.0113101
0.0133901
0
0.247506
0.247278
0.181227
0.000165571
0.00180495
0.0029467
0.138094
0.0164022
0.00594988
0.0293459
0.0172492
0.00861186
0.0570096
0.011132
0.00184444
0.0119548
0.0115246
0.0278639
0.00167106
0.0547598
0.0912861
0.0184841
0.115248
0.0459505
0.00321219
0.136587
7.62359e-005
0.00206963
0.0738524
0.0149452
0.0154422
0.00758562
0.020736
0.00437232
0.228188
0.0013083
0.0001846
0.139411
0.230443
0.247539
0
0.23999
0.0274891
0.242884
0.18875
0.238327
0.0281171
0.0235843
0.218928
0.119174
0.00357406
0
0.000570648
0.113138
0.023066
0.134004
0.00761951
0.112485
0.0525781
0.00503717
0.0410712
0.06281
0.127267
0.148689
0.150318
0
0
0.00142582
0.0203749
0.0789165
0.00660493
0.00542144
0.00941212
0.010536
0.0327615
4.49532e-005
0.0082697
0.226689
0.0116777
0.243707
0
0.00841808
0.0248213
0.00335467
0.00123745
0
0.212278
0
0.162694
0.157751
0.0486646
0.14161
0.0616527
0.102195
0.00123315
0.0137779
0.0771869
0.247751
0.219724
0.0777465
0.0889185
0.0941725
0
0.00105795
0.00132356
0.0781913
0.0167441
0.014355
0.0118752
0.015692
0.00807036
0.208904
0.190129
0.239809
0.14767
0.042502
0.117887
0.0782513
0.139772
0.167892
0.245996
0.000842007
0.00935826
0.0376279
0.0104829
0.00036218
0.213506
0.00537739
0.00959403
0
0.196076
0.210875
0.532429
0.111406
0.207361
0.0220044
0.121302
0.010536
0.00362444
0.0126204
0.0572124
0.00611766
0.222415
0
0.00378109
0.00875408
0.217297
0.045007
0.105804
0.00169104
0.0112285
0.00435261
0.115037
0.186117
0.158505
0.211965
0.0185428
0.0177239
0
0.0001698
0.0635629
0.213488
0.126139
0.0690736
0.217524
0.0760677
0.0840802
0.000978597
0.081166
0.154862
0
0
0.00288583
0.00268864
0.241498
0.0142582
0.0965243
0.0985944
0.0486024
0.0763075
0.00488226
0.21647
0.0540561
0.0818284
0.0225253
0.000863454
0.00189717
0
0.10645
0.353639
0.00354943
0.0597699
0.159989
0.0159128
0.0108639
0.0359265
0.00189116
0.0216294
0.00689031
0.1369
0.249378
0.0142395
0.248129
0.014659
0.000110794
0.00425326
0.0195161
0.169986
0.00950908
0.00256431
0.00122851
0.376164
0.0242509
0.038067
0.0435399
0.010684
0.150731
0.0294709
0.0115939
0.00423194
0.0591913
0.0384015
0.0513784
0.00116292
0.000539918
0.0219777
0.0132125
0.0237916
0.0662657
0.0152198
0.103534
0.00684464
0.189455
0.124691
0.0169081
0.0434883
0.150381
0
0
0.00440868
0.0720481
0.0099414
0.0447294
0.100361
0.180517
0.0119469
0.151434
0.00509367
0.166962
0.0330319
0.230866
0.00896974
0.0587457
0.0440458
0
0.00663768
0.00498446
0.0679018
0.00151551
0.0939262
0.0396165
0.20739
0.00470411
0.0593621
0.0251888
0.108995
0.0518651
0
0.0325622
0.0623691
0.00192664
0.00261999
0.000385164
0
0.0624932
0.00579129
0.262407
0
0.158437
0.000562313
0.111173
0.145451
0.190625
0.248382
0.00572666
0.00751135
0.180819
0.0526122
0.0958037
0.158574
0.010778
0.0834754
0.00360877
0.0190474
0.00111009
0.249339
0.0655161
0.0845992
0.00381511
0.105109
0.0201926
0
0.0132063
0.0275378
0.0142593
0.249509
0.0345042
0.0215023
0.0709936
0.0053587
0.00214768
0.0102401
0.167892
0.147755
0.00242704
0.170612
0.0037131
0.00723282
0.241498
0.0472947
0.162141
0.315863
0.243746
0.184645
0.00662589
0.000323573
0.00296606
0.0197758
0.000395196
0.000997624
0.021717
0.0295475
0.000482555
0.143545
0.0603462
0.0995434
0.00669722
0.102724
0.0454989
0.0144006
0.0927803
0.00294813
0.112944
0.20341
0.0272758
0.000275678
0
0.147802
0.0299543
0.236489
0.072382
0.0703793
0.00317612
0.143926
0.248286
0.0411859
0.171635
0.00599108
0.00783491
0.00304147
0.0103607
0.0212315
0.0846142
0.166411
0.0102899
0.212712
0.0280514
0.0161373
0.240682
0.0125791
0.110088
0.0212315
0.245868
0.0684911
0.166404
0.00215449
0.00405381
0.155988
0.02394
0.100884
0.00883798
0.00679426
0.230653
0.116015
0.00317966
0.248893
0.212413
0.0805868
0.00112352
0
0.0131225
0.245173
0.000378441
0.24607
0
0.0186507
0.0215698
0.0612184
0.0111782
0.171986
0.0184874
0.0139271
0.00885515
0.0184666
0.0110124
0.00890185
0
0.014917
0.0014942
0
0.0568645
0.117647
0.0152967
0.119684
0.113894
0.113193
0.0690565
0.0680761
0.0662632
0
0.0195132
0.022016
0.12151
0.0258428
0.0647086
0.0699368
0
0.0248581
0.0348335
0.118848
0
0.139659
0.0589125
0.0409846
0.0104953
0.0193975
0.0188978
0.0709198
0.189325
0.0171334
0.00600144
0.233478
0.012572
0.0575771
0.0248318
0.1145
0.0771797
0.256753
4.28771e-005
0.31925
0.00164744
0.210859
0
0
0.0013083
0.068275
0.00335766
0.0039159
0.380512
0.0209844
0.0292819
0.0875223
0.00628191
0.0160759
0.12991
0.0952668
0.0948563
0.137346
0.415485
0.0171994
0.108803
0.428076
0.20361
0
0.046393
0.0550866
0.00904273
0.00752235
0.197046
0.217136
0.198946
0.00305824
0.0997493
0.0260852
0.0187302
0.122449
0
0.00169104
0.0662901
0.00378065
0.00368238
0.0597648
0.00482619
0.245926
0.134109
0.0931944
0.146485
0.0884192
0.0678638
0.0225513
0.224559
0.102035
0.000103081
0.0609102
0.0132967
0.0392373
0.00520665
0.0728271
0.00279038
0
0.0707551
0.00792264
0.0604914
0.0524079
0.0184982
0.0183481
0.223722
0.0748167
0.0122444
0.010008
0.189156
0.001507
0.000600011
0.0905317
0.0903033
0.0160736
0.0827877
0.00537778
0.0869054
0.0399887
0.084312
0
0.00109614
0.0104853
0.00341593
0.00434789
0.00450834
0.0178251
0.0226363
0.0150807
0.0294483
0.408706
0.06474
0.077026
0.0177684
0.0144922
0.0191023
0.0028813
0.0148036
0.0700514
0.0598635
0.0511139
0.0136187
0.142942
0.00263525
0.0063718
0.0114027
0.0072231
0.00269237
0.0111401
0.0589609
0.000566632
0.000608545
0.226496
0.015278
0.0632318
0.0344659
0.00481541
0.0363786
0.00228767
0.0618631
0.118694
0.00173542
0.00432756
0.00151086
0.0181399
0.301831
0.00140899
0.123735
0.143087
0.00557347
0.111725
0.00487611
0.0149642
0.0102814
0.0118942
0.0904699
0.201404
0.020712
0.014976
0.0232415
0.0215969
0.0835251
0.156408
0.00123564
0.00270967
0.01052
0.00229031
0
0.00458003
0.0130621
0.00284166
0.127287
0.111209
0.10476
0
0.0185586
0.00236981
0.242425
0.00524246
0.0140969
0.249995
0.0804077
0.00104871
0.106459
0.0841021
0.0156973
0.228974
0.00156805
0.246425
0.0787409
0.00479728
0.000212301
0.206983
0.00484265
0.00898883
0
0.0661169
0.0036639
0.122009
0.0132766
0.0127715
0.00240075
0.24986
0.248689
0.0084818
0.00531614
0.160767
0.183984
0.00788688
0.287319
0.000747475
0.144589
0.239261
0.0119064
0.217998
0.0885375
0.0430362
0.00638962
0.254793
0.0228388
0.0253348
0.10907
0.00253474
0.0184579
0.0154357
0.177129
0.0665275
0.22927
0.00256379
0.00385459
0.0972398
0.0158073
0.00097712
0.0657024
0
0.0101602
0.036759
0.0015755
0.00464803
0.0234539
0.00286003
0.100213
0.00781158
0.0874745
0.165675
0.00354472
0.00391065
0.0449402
0.00196456
0.0322142
0.0384835
0.0108862
0.00236229
0.131393
0.00185332
0.0771281
0.0518884
0.0064094
0.153829
0.00397066
0.00321549
0.0416884
0.0762745
0.223558
0.0142965
0.0257979
0.0112909
0.00625827
0.0480722
0.0756939
0.0474287
0.0525897
0.00842909
0.132336
0.301444
0.244475
0.000822031
0.0066302
0.186844
0.0086328
0.0319854
0.00502815
0.216849
0.098186
0.0177865
0.280025
0
0.096457
0.0066473
0.0377567
0.0659602
0.0664801
0.0201482
0.0438143
0.00072739
0.0792938
0.00225871
0.00279038
0
0.000435064
0.0174873
0.00875467
0.00699951
0.0300311
3.3243e-005
0.33632
0.122909
0.00869278
0.00742312
0.000465254
0
0.302828
0.0439603
0.0106704
0.0143792
0.00865024
0.0104975
0.0450338
0.175858
0.00207656
0.0256361
0.012425
0
0.0823449
0.000174189
0.00425774
0.00429144
0.159087
0.0479625
0.00778746
0.140543
0.00816114
0.0274046
0.000435174
0.153245
0.0575476
0.154543
0.0651403
0.00726095
0.0123014
0.06796
0.409288
0.0127237
0.0115404
0.00486898
0.0104888
0.0117254
0.0915043
0.0106786
0.0916867
0.0698742
0.0128003
0.229043
0.0536148
0.0214245
0
0.0135547
0.0161605
0.0007637
0.172562
0.00404872
0.0248299
0.0103169
0.247094
0.133257
0.00508558
0.00630631
0.0013319
0.217504
0.0133856
0.095607
0.0837803
0.00297805
0.0187785
0.0118475
0.0162215
0.0664867
0.125021
0.113581
0.03744
0.00216538
0.0182106
0.0284751
0.0129388
0.025298
0.0962314
0.00278409
0.000444646
0.038125
0.0297427
0.129157
0.102874
0.00196273
0.482854
0.00223182
0.136042
0.11205
0.219069
0.0357739
0.0071855
0.0116028
0.0228515
0.0421311
0.0446543
0.17628
0.0790607
0.0341204
0.0349092
0.00176942
0.00903643
0.0117939
0.036738
0.249792
0.0131424
0.17002
0.249985
0.0342091
0.00331618
0.00373959
0.0140626
0.248689
0.0759044
0.227139
0.114603
0.00411289
0.0471173
0.0122121
0.00562115
0.0209181
0.00931692
0.00153819
0.00904272
0.00238305
0.0519694
0.00101278
0.11535
0.107022
0.021531
0.000220268
0.0163411
0.00648446
0.0327475
0.119548
0.0377915
0.252791
0.00808411
0.0115855
0.217744
0.01343
0.125768
0.222906
0.101778
0.0344263
0.0540096
0.072048
0.0182068
0.152189
0.132721
0.0201322
0.0199045
0.00354767
0.0122717
0.187167
0.156288
0.0132107
0.00193949
0.00258813
0.108663
0.145505
0.011263
0.0299945
0.0329788
0.0241344
0.049731
0.0200882
0.0327031
0.130638
0.000881997
0.249968
0.018963
0.00705126
0.00147402
0.00201777
0.00754397
0.0320547
0.0423969
0.0124968
0.0129696
0.0129494
0.00427457
0.0223121
0.00212815
0.0114447
0.0567128
0.00621321
0.0676705
0.000766118
0.00301955
0.0952718
0.00303545
0.0826499
0.106459
0.120224
0.00822219
0.183336
0.00122656
0.01061
0.0108335
0.0334386
0.0379318
0.104169
0.00330679
0.0343966
0.00763529
0.0910026
0.00154621
0.107768
0.0194357
0.00326936
0.49011
0.019746
0.250228
0.00507802
0.00580719
0.000773955
0.103182
0.0357137
0.0789148
0.00847975
0.00814649
0.0369519
0.0800305
0.0661915
0.107527
0.0255841
0.0237743
0.249872
0.0119171
0.00932595
0.0133556
0.00330717
0.00769761
0.00309579
0.00641155
0.115722
0.0140252
0.0374339
0.0451369
0.00815447
0.118694
0.0160365
0.0010868
0.0588782
0.00928453
0.19347
0.00935157
0.0122387
0.00317585
0.240631
0.00370433
0.0362967
0.248334
0.212564
0.0346982
0.327499
0
0.076876
0.0215454
0.00199114
0.0399792
0.104942
0.250638
0.0177761
0.0180102
0
0.0164585
0.228018
0.00804182
0.00206902
0.0340782
0.068524
0.0184111
0.00680056
0.0953642
0.0216976
0.125921
0.0118243
0.0228608
0.24883
0.334197
0.0382419
0.086222
0.0539593
0.00046414
0.0338586
0.0145371
0.146179
0.0186498
0.000507917
0.00561315
0.00815643
0.149234
0.00266304
0.108591
0.00318623
0.0202219
0.0472659
0.0122997
0.0115528
0.0318391
0.421954
0.00469533
0.0100399
0.124722
0.0112549
0.0162492
0.248341
0.0941856
0.133678
0.0578357
0.0018417
0.22617
0.249382
0.0152686
0.250665
0.0119331
0.0285813
0.0279715
0.0525896
0.0130334
0.0102962
0.00487765
0.308797
0.14694
0.137226
0.0132834
0.149743
0.000764469
0.0161861
0.129241
0.00402379
0.122168
0.0202327
0.0712993
0.06938
0.0533032
0.0613819
0.0781913
0.134121
0.00459769
0.0095827
0.00461775
0.44365
0.0517514
0.0179122
0.0332453
0.00967223
0.200332
0.000886245
0.00980713
0.00366035
0.134851
0.00352429
0.309426
0.0475652
0.0305
0.0152716
0.0388708
0.135012
0.0407566
0.034339
0.00909907
0.00635808
0.17297
0.00125441
0.0256571
0.0969068
0.104942
0.274164
0.0084018
0.0149473
0.00227019
0.104798
0.00570732
0.20557
0.00311719
0.0430125
0
0.0101375
0.0315197
0.0156539
0.115952
0.249999
0.0185602
0.00194418
0.00396693
0.0208683
0.00949921
0.0190073
0.233063
0.0237394
0.0678747
0.0216365
0.0117391
0.0124528
0.0221183
0.171449
0.00137978
0.0399681
0.0216272
0.0211145
0.0817545
0
0.025106
0.00645006
0.0575147
0.0380918
0.0644281
0.0285866
0.0946208
0.0840697
0.0011023
0.0292854
0.0046081
0.0959856
0.076755
0.0248299
0.00192408
0.0256948
0.0461665
0.00222785
0.00552054
0.104834
0.0946107
0.089764
0.000348149
0.0298006
0.0171678
0.0101217
0.011983
0.0085781
0
0.0110659
0.00867463
0.0781635
0.205117
0.185746
0.0259801
0.0248672
0.00278418
0.000942556
0.0115286
0.0547056
0.0133034
0.0997298
0.0908455
0.0255922
0.000309717
0.15913
0.0144556
0.142744
0.0861827
0.000669804
0.0900502
0.0157258
0.0465604
0.00118701
0.0157469
0.00444609
0.00253989
0.01221
0.0135118
0.0250722
0.00400039
0.00452777
0.023655
9.84815e-005
0.0749952
0.0203032
0.00500643
0.0233309
0.0268652
0.0468844
0.0165074
0.146839
0.22461
0.00188786
0.0215763
0.0147438
0.0135508
0
0.00946766
0.00663771
0.00594645
0.0148877
0.118536
0.0365197
0.00618175
0.0111761
0.00423632
0.00306089
0.0175841
0.035813
0.0261539
0.00307799
0.077962
0.00755803
0.0432033
0.030329
0.118468
0.0271788
0.0271099
0.00480381
0.0358826
0.0125269
0.0135675
0.0159284
0.0297552
0.00372415
0.00568875
0.0167416
0.00769731
0.0439681
0.0551713
0.15384
0.0165462
0
0.00636263
0.00396314
0.151825
0.0659391
0.0261985
0.18992
0.0449792
0.00233448
0.0148619
0.224292
0.187536
0.108944
0.060057
0.0148396
0.0170125
0.149463
0.0132362
0.00738624
0.0171903
0.0403221
0.189848
0.00072702
0.000696677
0.0214485
0.0536547
0.00217276
0.0039953
0.0150995
0.0542469
0.00348763
0.0248863
0.00720054
0.106915
0.000496928
0.00874284
0.184521
0.266256
0
0.0359928
0.00476259
0.19777
0.0306316
0.0240614
0.214306
0.129982
0.113844
0.0020562
0.199033
0.0278308
0.00137924
0.150853
0.0743625
0.0446948
0.0177065
0
0.00148631
0.169887
0.0225196
0.0402776
0.0245085
0.0360733
0.00341072
0.000552428
0.082513
0.0217762
0.0155398
0.0786733
0.00867464
0.0216703
0.0242649
0.00195415
0.00681397
0.00545988
0.0150023
0.0750595
0.176723
0.010278
0.0552457
0.043292
0.0116813
0.0225581
0.0889026
0.00827581
0.00619863
0.0236711
0.271591
0.0181338
0.0513265
0.00702901
0.0458097
0.0290956
0.116351
0.166669
0.002658
0.0313746
0.0185804
0.0171328
0.0230131
0.000223286
0.106722
0.198045
0.118304
0.00190123
0.114453
0.00632951
0.0217907
0.00933602
0.0541927
0.118442
0.00155888
0.248913
0.0314023
0.00248338
0.04253
0.042531
0.0498846
0.0169392
0.0097636
0.00286585
0.136668
0.00449145
0.00313778
0.0130403
0.00631407
0.0568244
0.021871
0.0250283
0.0605834
0.245175
0.0563844
0.0371145
0.000516083
0.00458483
0.0330093
0.0735368
0.242321
0.0135084
0.00423961
0.047114
0.206139
0.0653561
0.00253912
0.000389031
0.0683263
0.0217504
0.0849582
0.0597706
0.0242164
0.0426453
0
0.0249988
0.0143607
0.0783745
0.0147999
0.18644
0.00492291
0.123284
0
0.00273812
0.015821
0.0030105
0.0118333
0.147151
0.0256162
0.170742
0.00103151
0.0419752
0.0161443
0.0397427
0.180367
0.0136613
0.00749428
0.00135985
0.0319963
0.132335
0.0166275
0.114066
0.00926158
0.00272361
0.109473
4.87165e-008
0.0178926
0.0688648
0.050012
0.00171625
0.229849
0.0168797
0.0266433
0.00788664
0.00399172
0.0044588
0.219521
0.215472
0.0248411
0.268411
0.000124027
0.0128551
0.00223208
0.00195902
0.018357
0.00132912
0.027159
0.037552
0.0110873
0.0779247
0.00785926
0.0196742
0.0380234
0.0245854
0.0254969
0.0985012
0.0613691
0.0802332
0.0674614
0.0677619
0.0656686
0.00171009
0.040011
0.23078
0.214041
0.059283
0.0247003
0.0170159
0.0328549
0.000262579
0.00284841
0.00322221
0
0.0252117
0.0184667
0.0228843
0.00280419
0.140657
0.060667
0.00158354
0.0405546
0.0210235
0.0127627
0.00141312
0.00320255
0.0264774
0.0292946
0.00357335
0.0339171
0.00367974
0.00272823
0.0163878
0.000401964
0.0485064
0.0355725
0.17583
0.00951679
0.222198
0.0259548
0.0251117
0.218076
0.142452
0.00522288
0.00072739
0.20531
0.00495837
0.00758553
0.191221
0.0308592
0.0107822
0.0171973
0.0242245
0.030837
8.24378e-006
0.00248809
0.00269637
0.219493
0.00284044
0.012866
0.0848235
0.00626971
0.0137675
0.0165037
0.00258813
0.0244538
0.00981976
0.0645053
0.00175143
0.00405172
0.0913225
0.0133361
0.0122211
0.00785338
0.00972076
0.00724084
0.185211
0.00801358
0.00393822
0.0352074
0.0250708
0.00788933
0.0113379
0.0402121
0.0128107
0.0591103
0.0037413
0.185815
0.0166995
0.00642577
0.0445558
0.0637067
0.0307572
0.045443
0.127585
0.0596852
0.0288051
0.0486951
0.0669564
0.101267
0.0114391
0.169887
0.12821
0.143232
0.125214
0.130085
0.013178
0.0583023
0.0594276
0.122775
0.0302585
0.0302675
0.105396
0.000622585
0.0102993
0.0085481
0.144509
0.0104929
0.0911233
0.584983
0.0183961
0.000436899
0.0758773
0.0180835
0.0166294
0.00903691
0.0503067
0.0999287
0.0646881
0.0141975
0.0111854
0.0637463
0.0280815
0.00324842
0.247205
0.129741
0.00755841
0.00837004
0.100479
0.010196
0.00124146
0.0617975
0.154627
0.0158224
0.0920701
0.0366194
0.0725
0.0166355
0.0168051
0.000942649
0.0089837
0.0972972
0.014713
0.028752
0.335311
0.0342007
0.0137665
0.0457498
0.00125056
0.00405242
0.00379982
0.169177
0.0058188
0.161077
0.159696
0.139674
0.0324533
0.00072139
0.00355178
0.127462
0.183412
0.250896
0.00164733
0.0207703
0.00325139
0.0254043
0.00215001
0.0925041
0.0512524
0.0168075
0.202507
0.0302139
0
0.0217791
0
0.00785634
0.103182
0.000505127
0.118695
0.0129895
0.0290912
0.073054
0.0358026
0.0203034
0.0141855
0.00794515
0.0112956
0.120942
0.0215841
0.00256391
0.0842253
0.00489791
0.0236649
0.0365684
0.156935
0.0385115
0
0.243949
0.00763647
0.0430442
0
0.203654
0.030788
0.040786
0.0695739
0.0237036
0.0250884
0
8.24378e-006
0.163679
0
0.0243022
0.0170294
0.0133003
0.00784417
0.034206
0.00652522
0.0836363
0.00397147
0.169736
0.0308532
0.00122109
0.0123017
0.0503791
0.0988348
0.0180242
0.00958007
0.00886072
0.0489748
0.00756607
0.277145
0.248911
0.000202012
0.0561704
0.0159497
0.0557727
0.128355
0.0894139
0.290654
0.00871939
0.0027486
0.241188
0.00251314
0.0211213
0.016259
0.0270341
0.0824209
0.00758204
0.00609889
0.115416
0.0239158
0.000177773
0.0693781
0.00601978
0.00849578
0.00259974
0.11352
0.215332
0.0459222
0.116829
0.319576
0.0198926
0.191125
0.0284051
0.0121077
0.00586174
0.0106785
0.0660802
0.00526723
0.0716184
0.0355804
0.089052
0.0125857
0.121487
0.125752
0.00354284
0.0606484
0.0359256
0.0270831
6.12298e-005
0.00519095
0.183416
0.0103278
0.195523
0.000440924
0.0363344
0
0.0098535
0.0219975
0.131494
0.184083
0.110564
0.0326792
0.0339914
0.00353211
0.0122054
0.000388827
0.000401966
0.0362039
0.0122689
0.0939345
0.230369
0.0498285
0.00508177
0.00320969
0.0301534
0.147089
0.00238559
0.0476544
0.106213
0.122487
0.00369619
0.195042
0.0171461
0.0268978
0.247417
0.221167
0.228308
0.0207176
0.000443138
0.23961
0.121972
0.192044
0.0033423
0.030556
0.130355
0.00671134
0.0694381
4.23126e-006
0.0232061
0.016288
0.00916249
0.0123439
0.144167
0.0334006
0.0823344
0.0150705
0.0077301
0.022112
0.00869844
0.0209386
0.0361158
0.0139815
0.0131934
0.0115624
0
0.0101567
0.0287979
0.0167461
0.00108727
0.00298237
0.00333757
0.00779025
0.0837945
0.126291
0.0692094
0.068069
0.00959922
0.016928
0.102306
0
0.231271
0.0136103
0.000128842
0.000389467
0.00834643
0.0487287
0.0277342
0.0889287
0.13439
0.0901305
0.164951
0.0178213
0.0382798
0.0270067
0.00171707
0.136052
0.0719063
0.0167147
0.071394
0
0.128492
0.0302144
0.18023
0.0202674
0.045162
0.0358221
0.00367935
0.0372848
0.0933361
0.0641097
0.0270536
0.00460401
0.152697
0.00127027
0.0597264
0.00532411
0.00234419
0.0115052
0
0.0256593
0.0722729
0.0580595
0.0076662
0.132601
0.0131943
0.0250519
0.0290593
0.0265167
0.000690022
0.103651
0.0290847
0.0126202
0.0297919
0.00159013
0.0175825
0.0111663
0.247429
0.00104041
0.000312499
0.00454129
0.00344649
0.037596
0.0557507
0.0193763
0.000481686
0.00410531
0.247816
0.0011091
0.00775773
0.0198957
0.328633
0.0827618
0.0268894
0
5.65699e-005
0.178966
0.190132
0.149707
0.00397935
0.0145101
0.0154018
0.126906
0.0433988
0.0534125
0.0397312
0.144906
0.148835
0.116391
0.0785355
0.00283963
0.00202172
0.00191762
0.0405787
0.0312191
0.0310362
0.000597614
0
0.0163134
0.0132882
0.0058613
0
0.011533
0.0331803
0.00383322
0.00375051
0.00727195
0.00437913
0.055584
0.0299723
0.0431431
0.0424899
0.0412057
0.000223286
0.00941563
0.045705
0.414451
0
0.0304986
0.00111801
0.0020749
0.0765817
0.17234
0.00960116
0.218677
0.0275308
0.00989736
0.0123537
0.000314257
0.0493037
0.0896882
0.00136996
0.0854678
0.187166
0.0554784
0.224777
0.0350764
0.0105944
0.0327546
0.305663
0.021424
0.00846201
0.000900801
0.0340249
0.049488
0.00427214
0.0175704
0.026009
0.00265783
0.0479858
0.004314
0.0034772
0.004997
0.0285671
0.160237
0.0136421
0.0430866
0.0253459
0.193385
0.0381281
0.285552
0.240428
0.0393724
0.0135287
0.00133495
0.0162823
0.0677215
0.0240806
0.231039
0.225531
0.221754
0.0337463
0.021337
0.00358061
0.00953135
0.0161608
0.0172279
0.0155698
0.023525
0.000621402
0.0216369
0.0033461
0.00264832
0.135804
0.142582
0.0662593
0.00869203
0.00669529
0.0336881
0.0215014
0.0795753
0.0142247
0.0116001
0.0422822
0.000615613
0.240029
0.0380352
0.033516
0.0211959
5.65699e-005
0.0098535
0.0113907
0.288341
0.138916
0.0800728
0.217251
0.238067
0.00281228
0.0670274
0.00861921
0.135672
0.0482075
0.00134549
0.00985745
0.0139298
0.010718
0.0209924
0.0704198
0.222576
0.245351
0.0279662
0.0137609
0.00500885
0.0727852
0.0726494
0.0115679
0.0111992
0.227084
0.00103682
0.022056
0.0212178
0.0544294
0.0416733
0.00334932
0.00843836
0.00495155
0.234296
0.0433473
0.0119934
0.0117359
0.297114
0.166658
0.011006
0.155183
0.245263
0.0361739
0.00237816
0.00933384
0.064053
0.00320672
0.00132784
0
0.158096
0.000584847
0.016088
0.0178418
0.0246187
0.0193634
0.175018
0.0192563
0.148594
0.058648
0.0487412
0.00395619
0.103066
0.0752321
0.0738144
0.115782
0.0164521
0
0.014312
0.0126643
0.0562454
0.0498917
0.291578
0.30516
0.00187893
0.0176018
0.0330333
0.00254099
0.223523
0.0408205
0.0705452
0.0031378
0.0105256
0.00677632
0.0450034
0
0.0869505
0.144812
0.279633
0.017371
0.0225503
0.0321861
0.195942
0.00615644
0.233356
0.0121625
0.0241429
0.0269966
0.023352
0.00705413
0.101114
0.0040283
0.407382
0.00990173
0.0175796
0.0045124
0.00172143
0.00592394
0.0095804
0.00941777
0.0373784
0.0549054
0.0125455
0.00232282
0.032039
0.00217138
0.0470193
0.0463151
0.0328931
0.0116586
0.010732
0.00674071
0.0168485
0.0228382
0
0.0159935
0.0292719
0.016654
0.000976818
0.301015
0.0315817
0.0370128
0.00121578
0.020767
0.00471017
0.0325013
0.00830676
0.00430233
0.186205
0.292556
0.0015529
0.00269346
0.0475197
0.0270868
0.0534833
0.119021
0.0382268
0.0210316
0.0328485
0
0.176318
0.0198339
0.00307779
0.235678
0.0113917
0.044127
0.0897118
0.0319001
0.244988
0.00811466
0.101883
0.00228393
0.033266
0.0161152
0.0281137
0.000272342
0.0538351
0.249984
0.0970834
0.0235141
0.119542
0
0
0.189813
0.0610986
0.00092838
0.00941574
0.178076
0.0205271
0.0734666
0.0939618
0.0562479
0.026173
0.033537
0.0266524
0.0654229
0.241994
0.00901321
0.00915
0.0015181
0.00690831
0.0755643
0
0.0279347
0.0131073
0.0509481
0.0633441
0.0718791
0.00384095
0.0943481
0.233059
0.299195
0.175353
0.00558892
0.0185287
0.025433
0.0396817
0.0895898
0.00194187
0.23004
0.0113903
0.0120524
0.0320374
0.0160496
0.00469526
0.0225244
0.0419845
0.0403629
0.0138167
0
0.0118638
0.0180852
0.025345
0.0168334
0.0147006
0.0134146
0.000438569
0.0734948
0.0357991
0.241978
0.0507465
0.0323528
0.0273727
0.00380266
0.0296386
0.0108694
0.0725815
0.0763225
0
0.0244369
0.0142419
0.0094729
6.55625e-006
0.00869873
0.0211522
0.0217923
0.00485237
0.0200297
0.00156583
0.0117906
0.0100143
0.00836399
0.02068
0.325467
0.0377174
0
0.200422
0.021926
0.011757
0.00139279
0.0360472
0.00542282
0.17542
0.0239049
0.0633026
0.0240885
0.0120341
0.00701276
0.00720307
0.0075556
0.0271079
0.0560687
0.0052098
0.0554526
0.0321248
0.0106488
0.0123493
0.018224
0.0696524
0.248894
0.23923
0.0125606
0.0436041
0.000552423
0.00102165
0
0.150057
0.00309836
0.0182747
0.00367132
0.193889
0.00281714
0.0281069
0.00210503
0.0704264
5.98611e-006
0.0256222
0.0697805
0.0151839
0.00325685
0.0252636
0
0.0245521
0.00477247
0.0407889
0.132265
0.0132981
0.00606645
0.0172952
0.0079253
0.00781615
0.0261709
0.0721728
0.240348
0.0343413
0.111616
0.0302786
0.0172099
0.0588854
0.0979995
0.00811204
0.0143816
0.119074
0.0468961
0.131464
0.133442
0.00941221
0.032321
0.0313995
0.000286919
0.0330296
0.00648354
0.00905602
0.0370807
0.152344
0.0293159
0.0153608
0.219065
0.173426
0.0128015
0.0162023
0.00241847
0.0634101
0.0119846
0.159966
0.0578641
0.0191791
0.00234175
0.0381305
0.174805
0.00520022
0.020818
0.0234447
0.00168348
0.0150912
0.0141711
0.00760526
0.0210567
0.0328008
0.153669
0.121881
0.142402
0.0265192
0
0.0178092
0.00762909
0.226606
0.00669634
0.0124481
0.000475709
0.00699128
0.0227973
0.0962356
0.190018
0.003408
0.00378055
0.0399714
0.00586138
0.00697769
0.0366453
0
0.0146287
0
0.103726
0.0736685
0.00564876
0.0706025
0.0400624
0.0446415
0.0259733
0.0237735
0.0122001
0.0264671
0.130367
0.0109847
0.00962974
0.0480403
0.0795362
0.0336596
0.165078
0.158183
0.0148284
0.00118253
0.0938642
0.0395529
0.0369527
0.268925
0.00350276
0.0473409
0.0108696
0.00409819
0.00533148
0.0248958
0.00741557
0.0230253
0.0107567
0.0123262
0.00410521
0.111477
0.000348227
0.0192388
0.0176849
0.132094
0.130743
0.0406807
0.0795215
0.278106
0.168447
0.022412
0.00433152
0.000948407
0.0635968
0.0355118
0.010642
0.0738274
0
0.00948976
0.00325741
0.0311409
0.131784
0.0128381
0.0386954
0.141698
0.097916
0.00525819
0.0252546
0.237096
0.00511559
0.0152765
0.00547773
0.058199
0.0895149
0.0222299
0.00398289
0.0363135
0.0229855
0.0186665
0.176605
0.038921
0.0963254
0.018096
0.00898645
0.0305759
0.0127917
0.0138473
0.117243
0.0288484
0.00419279
0.007187
0.0123834
0.0115691
0.0619114
0.337075
0.077237
0.148407
0.0556756
0.0309748
0.0242517
0.00903772
0.176024
0
0.158339
0.00703205
0.0146998
0
0.0550624
0.0199421
0.000266739
0.000705855
0.174332
0.229231
0.137839
0.00534769
0.238251
0.00180412
0.0321479
0.0175338
0.021132
0.0682383
0.00143016
0.0127631
0.0182682
0.0139862
0.00613607
0.0402245
0.0972099
0.00247973
0.0112715
0.00833354
0.0155847
0.16852
0.0417219
0.00851511
0.0208678
0.0275909
0.241125
0.00431538
0.0535198
0.0138033
0.00995645
0.0175103
0
0.0050697
0.14648
0.0218265
0.00236716
0
0.00799404
0.0505405
0.0280175
0.245289
0.169572
0.130356
0.00172461
0.247601
3.85944e-006
0.128867
0.0184007
0.00881028
0.213115
0.000580681
0.00505342
0.000911141
0.0166313
0.00452436
0.00979968
0.0230552
0.0165056
0.0362001
0.203803
0.325885
0.0311736
0.00309261
0.0224193
0.00332318
0.0159912
0.00346057
0.00851524
0.148614
0.0607396
0.00140125
0.000188868
0.241983
0.00237812
0.0237974
0.0221712
0.0175614
0.0154738
0.0208175
0.117719
0.181921
0.172409
0.000444483
0.00755215
0.0986791
0.387934
0.00484602
0.276468
0.240466
0.0344822
0.0368512
0.0100571
0.1806
0.00243492
0.0109164
0.0105205
0.00221141
0.249337
0.00363021
0.000665097
0.0216786
0.000914862
0.0447482
0.00278919
0.0166936
0.0141974
0.0109224
0.0325178
0.226435
0.000999094
0.01198
0.0690799
0.0071737
0.00124644
0.213591
0.0865402
0.0436698
0.0216279
0.150296
0.00247685
0.0692821
0
0.0153035
0.0275045
0.0130848
0.0848082
0.0312303
0.0176295
0.00997784
0
0.230379
0
0.0100306
0.0151969
0.000773533
0.245219
0.00138228
0.0127289
0.00210904
0.210768
0.0985795
0.0331985
0.0102644
0.0015192
0.00954876
0.0435119
0.0301752
0.0192535
0.0418094
0.00886741
0.0169841
0.0192987
0.0354577
0.038324
0.00194429
0.00263376
0.0203396
0.0834072
0.0487935
0.0208402
0.000188869
0.0466975
0.011721
0.0236082
0.0247639
0.0363917
0.0514619
0.00991863
0.000636678
0.199256
0.00734076
0.0020896
0.0241918
0.0133683
0.00816117
0.00981993
0.00291691
0.200528
0.180553
0.0117471
0.0190274
0.0140124
0.103074
0.0900622
0.0142594
0.00601
0.029308
0.195164
0.0022001
0.0464382
0.0300754
0.128148
0.080361
0.0280978
0.145148
0.249936
0.0383491
0.0131094
0.314884
0.00351088
0.016227
0.00052035
0.33011
0.0176324
0.0157861
0.0171283
0.014274
0.0603746
0.00544889
0.0150256
0.000215419
0.0329187
0
0.0128123
0.00691926
0.0557354
0.00216013
0
0.050742
0.00386614
0.0213427
0.00714148
0.0109813
0.401231
0.210553
0.0233941
0.0250424
0.0382835
0.00211472
0.000372349
0.245568
0.163337
0.00072933
0.057795
0.0141351
0.00441351
0.0381671
0.0246547
0.00696242
0.0665281
0.163433
0.00348005
0.0167274
0.0289541
0.0310692
0.0388316
0.127225
0.0154487
0.0204615
0
0.177665
0.010676
0.00941932
0.0799675
0.00223434
0.00429681
0
0.0341828
0.0271822
0.00402209
0.00598708
0.0174999
0.15615
0.0047078
0.000371827
0.000950594
0.00313795
0.00583257
0.010577
0.0133164
0.0221793
0.118084
0.00155064
0
0.0409582
0.0160984
0.249368
0.00144012
0.131726
0.0440629
0.0320868
0.207757
0.0227924
0.17789
0.0078756
0.0331399
0.0404868
0.0232391
0.0069958
0.212583
0.0157149
5.04051e-005
0
0.0466305
0.00233213
0.0280986
0.00143766
0.0977184
0.0236807
0.00431215
0.0312706
0.00457389
0.0111287
0.158897
0.00492483
0.0759105
0.0917443
0.139965
0.00978689
0.190585
0.101512
0.00052035
0.102189
0.00181897
0.338874
0.0419442
0.00142739
0.12335
0.0807534
0.00795041
0.0214093
0.228912
0.0726367
0.00716769
0.0127502
0.00424743
0.000878681
0.17957
0.0227547
0.109337
0
0.0254491
0.00627156
0.0155984
0.204661
0
0.00911385
0.173905
0.0385362
0.000496817
0.0209918
0.00414049
0.0211156
0.0360156
0.178168
0.00108561
0.139553
0.228649
0.0201706
0.107784
0.0413349
0.0350386
0.218043
0.00366797
0.0326188
0.0202709
0.108644
0
0
0.00494801
0.00216628
0.0261987
0.0541831
0.00575485
0.010023
0.0320868
0.0219512
0.243975
0.0649884
0.0104564
0.0374871
0.0365538
0
0.0466865
0.0449624
0
0.00133857
0.249993
0.205518
0.00468762
0.0845069
0.0496676
0.00145773
0.0463243
0.00999033
0.197501
0.000761646
0.0238987
0.00968583
0.387953
0.00882635
0.0625746
0.0100127
0.0225196
0.152004
0.0643201
0
0.147198
0.0104647
0.0274365
0.00174331
0.189355
0.247808
0.167751
0.0145893
0.0863477
0.00441109
0.023909
0.0147701
0.003408
0.0151372
0.00347177
0.0217502
0.053434
0.00560901
0.0116828
0.0341208
0.00981501
0.0148714
0.0102259
0.00445721
0.08215
0.0562845
0.000245133
0.118401
0.500376
0.09033
0.234045
0.00353369
0.000648103
0.00970202
0.00469776
0.00868259
0.0255928
0.148226
0.0880124
0.0359521
0.0228772
0.0284597
0.0838684
0.0374665
0.207109
0.00986771
0.378072
0.0118812
0.0049418
0.0168528
0.209348
0
0.00627156
0.00347721
0.21516
0.00531701
0.0317786
0.00219108
0.0213703
0
0.300025
0.00285384
0.0289672
0.00569145
0.0052131
0.093925
0.0112295
0.00300462
0.00937349
0.0676991
0.0531511
0.0772721
0
0.0010658
0.118086
0.00298643
0.455903
0.0511953
0.203088
0.0241683
0.0285211
0.0287838
0.129143
0.0880751
0.0106124
0
0.00873709
0.0258234
0.0155927
0.00184006
0.0226434
0.0216107
0.00877946
0.0234693
0.246911
0.0345762
0.213526
0
0.0101676
0.0012608
0.021258
0.0286307
0.00760874
0.0113046
0.177146
0.0808841
0.249369
0
0.00179895
0.00176608
0.00711946
0.072261
0.0393009
0.00346388
0.176678
0.000443646
0
0.0262151
0.00738369
0.163004
0.00164651
0.0655767
0.182161
0.00400039
0.00376762
0.0398122
0.00858787
0.00210649
0.00185391
0
0.0173901
0.018981
0.00175405
0.00315101
0.219144
0.151056
0.00151501
0.00395774
0.00663291
0.00714142
0.0583117
0.0219512
0.0117855
0.136987
0.207931
0.178964
0.00132815
0.0703691
0.0349263
0.0867614
0.127375
0.0100345
0.000307147
0
0.0214746
0.0335098
0.00398373
0.0481929
0.0690632
0.0198878
0.0239388
0.0135702
0.140548
0.148877
0.0195197
0.0207847
0.000527389
0.0747048
0.016056
0.0225144
0.141355
0.00260804
0.00166325
0.0053208
0.0223549
0.0258974
0.128313
0.0526985
0.146214
0.00309231
0.00638857
0.0365281
0.0199014
0.0072829
0.0177137
0.00191006
0
0.130198
0.177056
0.02094
0.120839
0.188734
0.195202
0.0202821
0.0131166
0.0206275
0.0297879
0.0407492
0.0257959
0.00541855
0.00205898
0.0244352
0.00857071
0.000280318
0.02969
0.0848435
0.00960504
0.00849207
0.0165753
0.000112375
0.0476188
0.013941
0.0542395
0.0023816
0.00123544
0.00136999
0.00320967
0.0257037
0.0136773
0.0871935
0.00537966
0.00468691
0.0456216
0.0324495
0.147605
0.0346343
0.0222874
0.0172402
0.0371531
0.0299684
0.0463188
0.0203966
0.036707
0.186133
0.023723
0.0126232
0.00350771
0.00563055
0.0231454
0.0576959
0.232753
0.247031
0.249368
0.00504936
0.0727236
0.327138
0.0015958
0.0387692
0.00470149
0.0240581
0.0274396
0.010952
0.0960002
0.196169
0.000658266
0.166805
0.021367
0.166662
0.0711639
0.0082863
0.228062
0.00276263
0.0113198
0.0152875
0.221492
0.00645677
0.0235398
0.0386523
0.000314257
4.87182e-008
0.0481989
0.249853
0.0812631
0.150003
0.029254
0
0.0151575
0.0781387
0.220088
0.0115706
0.0225624
0.000635699
0.178615
0.0171217
0
0.0231156
0.168511
0.0336397
0.0629788
0.237591
0.103902
0.0326379
0.0123559
0.000251047
0.00941221
0.155239
0.0254311
0.247246
0.0523452
0.00256268
0.102321
0.145675
0.0164254
0.000240308
0.000471886
0.0154939
0.000280318
0.0305746
0.0199883
0.137878
0.0297482
0.216312
0.0645043
0.0555966
0.00130135
0.0482218
0.014675
0.00849438
0.0208991
0.0234205
0.00489311
0.00566559
0.0107732
0.0258297
0.0213786
0.0073417
0.0622681
0.0675757
0.0933336
0.192847
0.217137
0.0105615
0.0933743
0.0716649
0.0272426
0.00303902
0.208598
0.0102589
0.150714
0.00406185
0.0164341
0.0278547
0.00391778
0.00439529
0.00751502
0.00403652
0.01737
0.0624007
0.0564693
0.00954596
0.054811
0.0174898
0.037142
0.0186374
0.0764972
0.0460593
0.00366724
0.184035
0.00529517
0.0748354
0.148737
0.0118278
0.0901196
0.0235078
0.000341764
0.0767435
0.00393218
0.00634991
0.0243782
0.0214055
0.0165029
0.0100228
0.0131459
0.0775185
0.0227898
0.0811242
0.113576
0.024992
0.128377
0.207715
0.0802808
0.00827812
0.00568767
0.175778
0.00339793
0.000988653
0.229029
0.207109
0.119583
0.0528354
0.0600603
0.0243201
0.00721588
0.000482652
0.184738
0.183258
0.00830992
0.00267512
0.0383375
0.0385823
0.169964
0.203336
0.0238209
0.0567456
0
0.0346422
0.00314344
0.133956
0.0170901
0.0124475
0.0181196
0.0113933
0.0361211
0.00260085
0.239729
0.0249729
0.0862539
0.0321117
0.0518569
0.0734817
0.0189314
0
0.00200939
0.00172071
0.110369
0.0269862
0.0105956
0.00527436
0.0266815
0.00519324
0.00269463
0.0416806
0.109531
0.00219411
0.0247579
0.200774
0.0225613
0.013825
0.113424
0.010813
0.0677004
0.0086051
0.00337707
0.204756
0.0684516
0.000906089
0.00388184
0.134612
0.551711
0.0322586
0.0038003
0.0101164
0.00190972
0.00418774
0.0438772
0.0429863
0.0156833
0.0015865
0.00434667
0.0287473
0.0090236
0
0.0198247
0.0186496
0.156114
0.00157174
0.0386006
0.00828463
0.00429692
0.0125022
0.236105
0.0129822
0.00727739
0.0257097
0.00322818
0.249955
0.017354
0.0147923
0.00166383
0.0188954
0.213788
0.00226224
0.180234
0.0253016
0.0641395
0
0.0130707
0.00510067
0.398759
0.298036
0.0203952
0.00260668
0.0490439
0.056437
0.00758432
0.0444929
0.0311285
0.0495238
0.248069
0.00083281
0.0131624
0.0245933
0.0116069
0.00766767
0.00989689
0.0210663
0.165341
0.0481916
0.00314598
0.00914196
0.14324
0.0174824
0.0358079
0.0420222
0.100643
0.00557581
0.0248563
0.0870157
0.0208893
0.0921693
0.00435677
0.0432808
0.0187816
0.0237994
0.000107191
0.00509507
0.0110199
0.0673754
0.0292426
0.00388358
0.000107191
0.0169297
0.0101894
0.0324272
0.0288208
0.0416388
0.00880214
0.0133874
0.0951528
0.051885
0.175199
0.0053563
0.0123957
0.0092156
0.000298021
0.00538676
0.0626562
0.0134893
0.00737326
0.0170128
0.00721726
0.157437
0.15276
0.00594052
0.0164673
0.015736
0.0409464
0.0102853
0.0013178
0.0450125
0.123713
0.00680883
0.105553
0.00834593
0.11696
0.0147291
0
0.000342496
0.117502
0.0446983
0.0527439
0.0533089
0.000412649
0.00346114
0.248866
0.017455
0.204897
0.000618035
0.00641049
0.0003967
0.0564638
0.193561
0.00276386
0.0137204
0.000325532
0.0192838
0.00675723
0.0190366
0.0150206
0.0150704
0.0745882
0.00395768
0.0116009
0.0492653
0.0313771
0.0064811
0.00601639
0.0363122
0.0881069
0.00570269
0.0903583
0.0640909
0.000873184
0
0.0863343
0.0698956
0.000958711
0.00286349
0.0481911
0.0105227
0.0003967
0.109449
0.0131041
0.0646742
0.00192285
0.0138023
0.000549865
0.187189
0.0102933
0.0190814
0.18288
0.231394
0.214493
0.0106116
0.00144408
0.0554863
0.00293776
0.00375981
0.0859399
0.0401997
0.000754601
0.0341966
0.0306231
0.0104226
0.07882
0.00220811
0.112852
0.00332185
0.00298374
0.0202876
0.00544031
0.118304
0.00307721
0.20244
0.00892339
0.186843
9.75151e-005
0.482755
0.00772507
0.0180425
0.00981492
0.0012733
0.0634562
0.190628
0
0.00159631
0.0154978
0.190941
0.15586
0.22438
0.040443
0.00241788
0.114847
0.109744
0.245016
0.0035951
0.00523588
0.0322914
0.00349449
0.0130394
0.0152126
0.0237417
0.00388175
0.0142724
0.000428007
0.0260698
0.00162876
0.0145875
0.0559412
0.0262324
0.0376683
0.0125023
0.00213548
0.00615614
0.0487151
0.0248114
0.0216403
0.197349
0.0147696
0.015001
0.00534114
0.0106673
0.00173117
0.0010658
0.0131462
0.39483
0.13604
0.166952
0.00436545
0.0600061
0.013762
0.0430564
0.00736613
0.0101741
0.0100772
0.117098
0.0384371
0.0195491
0.00104254
0.0456757
0.0117281
0
0.0170124
0.0453732
0.0200435
0.0184007
0.246338
0.00286181
0.0176344
0.00466417
0.0122384
0.00609713
0.0119846
0.0162622
0.0158314
0.0137215
0.00269586
0.0126508
0
0.031131
0.0318349
0.244987
0.165994
0.00545519
0.0157244
0.0371054
0.0263628
0.00233265
0.0176712
0.0225196
0.0288063
0.0204132
0.00545213
0.00817539
0.00558846
0
0.0232751
0.0184278
0.00543921
0.0287718
0.0395087
0.00510533
0.114126
0.000803755
0.00436412
0.00779921
0.00208433
0.247539
0.00508912
0.0815091
0.0538567
0.00942071
0.00568333
0.00398376
0.0285471
0.0685308
0.0476335
0.0643338
0.157706
0.0462005
0.000239152
0.246661
0.071507
0.136415
0.13811
0.144365
0.137839
0.0464544
0.0104096
0.0022738
0.00688231
0.181541
0.00960793
0.0898171
0.0141758
0.0055042
0.0364262
0.108113
0.00148726
0.0388185
0.00433596
0.0168374
0.055743
0.0457736
0.0266126
0.0117193
0.0357468
0.00977384
0.0112544
0.184336
0.00518134
0.0277504
0.0786622
0.00813201
0.0216883
0.0134964
0.00522736
0.0148658
0.0331218
0.0352031
0.00208379
0.147521
0.195429
0.030936
0.0248538
0.0194973
0.249351
0.134897
0.000580681
0.130091
0.0221219
0.127732
0.00821362
0.0280773
0
0
0.000790309
0
0.110988
0.078482
0.000713663
0.0722767
0.0055785
0.0161158
0.00109703
0.249892
0.00388156
0.0187565
0.0318987
0.00245421
0.0578228
0.0104013
0.00698342
0.228572
0.172337
0.0323173
0.0922885
0.0877996
0.0139504
0.000152218
0.031071
0.029744
0.00116907
0.635464
0.032669
0.00240087
0.000300318
0.00268942
0.000439129
0.00382211
0.0107468
0.00160674
0.0240581
0.00134389
0.0744136
0.143667
0.00187035
0.00233251
0.0151073
0.00824647
0.0695397
0.00977144
0.00151141
0.0005498
0.00517476
0.211103
0.0142703
0.0223227
0.0110648
0.00269346
0.00280259
0.0149701
0.237935
6.3348e-006
0.0309858
0.0052045
0.129259
0.0103332
0.0213357
0.00376429
0.00216331
0.00662506
0.00234635
0.0214425
0.0337896
0.104457
0.000832809
0.000288241
0.0116173
0.00958441
0.0390629
0
0.00602549
0.0309623
0.0125115
0.00685287
0.0267804
0.00580602
0.178137
0.205105
0.0384711
0.229595
0.0284977
0.0157578
0.323826
0.179627
0.00740853
0.0209636
0.00357084
0.0958972
0.0164297
0.251041
0.00955108
0.0951838
0.0148822
0.00472254
0.0201822
0.00282751
0.00211564
0.00646102
0.0652556
0.0340517
0.0460826
0.00661159
0.265879
0.00757071
0.00198353
0.00258981
0.00094996
0.195781
0
0.0524949
0.00311522
0.0297832
0.0190313
0.0792757
0.0324138
0.0813691
0.00023217
0.000866493
0.0105319
0
0.107022
0.154678
0.179293
0.0214926
0.0107028
0.00394406
0.000288241
0.0418738
0.0492894
0.0902051
0.0676686
0.0829551
0.000396453
0.00107594
0.0141694
0.00518137
0.00454255
0.0750249
0.0182056
0.000232756
0.000790309
0.035569
0.124454
0.000659446
0.013237
0.0154527
0.00925529
0.0544651
0.222828
0.222391
0.000273206
0.203047
0.246232
0.137292
0.016716
0.0391535
0.0320515
0.0216508
0.0043755
0.094285
0.000816946
0.218597
0.0663154
0.000419839
0.116456
0.0842502
0.148504
0.0963494
0.0109919
0.00251805
0.222886
0.0737434
0.0357097
0.00320685
0.079199
0.0107744
0.0134152
0.0367202
0.0166041
0.00177978
0.0145938
0.0975401
0.0182867
0.0117026
0.100198
0.0135158
0.00246798
0.00337437
0.000263153
0.0135145
0.0312473
0.00394571
0.0382706
0.00983079
0.0469915
0.00484886
0.0742053
0.253766
0.0150397
0.0143733
0.011931
0.0134124
0.0563111
0.0907329
0.170228
0.231324
0.00627041
0.00687711
0.0121378
0.0209338
0.0124011
0.00635923
0.00510205
0.000259806
0.0122022
0.112797
0.136177
0.0911601
0.00110343
0.010568
0.454163
0.00645355
0.000597671
0.00789815
0
0.0219073
0.00729216
0.00446614
0.00733573
0.000941078
0.0669616
0.00475202
0.0178655
0.000573318
0.012589
0.0077237
0.0323455
0.182377
0.00387856
0.0217297
0.0667632
0.00357109
0.171036
0.0641546
0.00198693
0.0567641
0.0468934
0.170403
0.00609211
0.00554877
0.220313
0
0.103951
0.0399721
0.00546675
0.00085437
0.0106014
0.162245
0.0461117
0.0166099
0.0666105
0.0289439
0
0.0594068
0.0495441
0.13422
0.0677673
0.0268364
0.247223
0.00269522
0.00148827
0.0758928
0.0430997
0.00787458
0.105153
0.0148821
0.0240471
0.319804
0.246097
0.10791
0.00309003
0.0254587
0.0163967
0
0.0282254
0
0.472432
0.0080299
0.0216471
0.0206323
0.000399425
0.00154159
0.0981237
0
0.381291
0.0284901
0.00188996
0.00401238
0.186102
0.011942
0.0245617
0.0231978
0.123231
0.0094128
0.00203164
0.00815884
0.0305888
0.000634405
0.0354117
0.0212159
0
0.0384624
0.010019
0.000220879
0.0029512
0.0797972
0.170228
0.00324969
0.024085
0.0060339
0.00378271
0.0022489
0.00826849
0.0602668
0.0251754
0.0279283
0.0587675
0.368674
0.00334682
0.13046
0.00947737
0.00191162
0.19709
0.242611
0.00895613
0.170167
0.00520662
0.0122774
0.000335738
0.0574241
0.0134077
0.0149298
0.0778588
0.00421755
0.0714585
0.00579794
0.00113801
0.0787812
0
0.0171943
0.0399681
0.0100012
0.223116
0.0166088
0.0288241
0
0.155716
0.0166368
0.113931
0.100054
0.0104932
0.00558159
0.00544594
0.00445906
0.0256189
0.0359266
0
0.0418241
0.0882257
0.225824
0.233444
0.0193904
0.18323
0.110659
0.104878
0.151658
0.0257556
0.0160619
0.0244942
0.185978
0.00152505
0.0684789
0.0117109
0.00600151
0.244993
0.091826
0.0264663
0.0471441
0
0.110747
0
0.0158856
0.268742
0.0385302
0.0108249
0
0.0154709
0.00147738
0.0165724
0.0650469
0.0151594
0.0332107
0.0342347
0.227963
5.95646e-005
0.122223
0
0.0565122
0.00227449
0.00397086
0
0.11222
0.00604965
0.0195415
0.0808079
0.0129518
0.19308
0.0899352
0.046756
0.165107
0.0940652
0.0014722
0.133531
0.100912
0.00163456
0.019402
0.0346952
0.020869
0.0126329
0.0641176
0.0564621
0.0101805
0.189845
0.0797748
0.00015741
0.0233306
0.141984
0.111891
0.120013
0.000977832
0.116436
0.386353
0.0221895
0.00890774
0.0702293
0.00134882
0.011248
0.139966
0.00744189
0.0353476
0.12262
0.0101951
0.0127619
0.00430887
0.00586778
0.249859
0.00142406
0.0176743
0.0023653
0.0161806
0.0152596
0.0215792
0.0310239
0.113308
0.114647
0.138237
0.00476708
0.0050346
0.0128141
0.0204233
0.115282
0.225368
0.00528728
0.00300858
0.00857327
0.00373152
0.0852273
0.00291656
0.000418821
0.0149825
0.0248204
0.0343221
0.0019112
0.138035
0.00111363
0.00735188
0.00556313
0.0205177
0.0117039
0.000728391
0.248965
0.00701643
0.00170134
0.018348
0.081216
0.0544754
0.0567656
0.0198195
0.014965
0.200825
0.0666542
0.00451266
0.000491491
0.00883194
0.0899264
0.0469144
0.0127701
0.00594731
0.00464859
0.0210655
0.0779993
0.024383
0.0289129
0.0492047
0.0154513
0.0248436
0.00113892
0.0166384
0.213247
0.215695
0.0811242
0.0174453
0.0205981
0.00387925
0.0424757
0.00265455
0.142966
0.00375876
0.0326959
0.0317989
0.0260835
0.249183
0.0143899
0.0190343
0.0503086
0.0839762
0.0830414
0.0176178
0.0742382
0.00734076
0.00111976
0.0913684
0.0606478
0.204552
0.01052
0.00184868
0.0381196
0.0323401
0.000742319
8.35923e-009
0.0292287
0.11055
0.0706696
0.00181413
0.0116205
0.0213403
0.0144015
0.0197266
0.00586119
0.0111817
0.0107618
0.0071922
0.00943334
0.14289
0.161283
0.159459
0.0585436
0.0186489
0.0191464
0.0102052
0.0220844
0.0335533
0.0276681
0.0504377
0.0228801
0.0738726
0.00922202
0.0533239
0.0872781
0.115106
0.0121107
0.0140138
0.0190616
0.0188859
0.16707
8.35936e-009
0.0141769
0.0991172
0.00851266
0.0145452
0.0602327
0.156815
0.0976786
0.0150611
0.00664982
0.006831
0.00811219
0.00575484
0.0592662
0.00827811
0.153369
0.0443506
0.0505749
0.034954
0.142234
0.0678806
0.0404206
0.0200517
0.00473733
0.0159624
0.0903167
0.0087727
0.0380759
0.036525
0.000269757
0.00097963
0
0.214493
0.0282227
0.103056
0.0197784
0.0661321
0.0115782
0.0332105
0.182332
0.00970326
0.249935
0.00652742
0.0128571
0.0410652
0.174044
0.244417
0.00190321
0.0794182
0.00147728
0.177994
0
0.00998049
0.0011212
0.00509459
0.00445632
0.00142522
0.0240481
0.0291308
0.000569742
0.118696
0.178447
0.00782669
0.146638
0.0251672
0.0161819
0.110729
0.0190743
0.0626231
0
0.0236977
0.00177314
0.0355449
0
0.00768616
0.0215094
0.0245295
0.022872
0.0248003
0.00187661
0.0184593
0.052061
0.00424398
0.157892
0.0098484
0.0199856
0.127443
0.0710716
0.0345047
0.0292003
0.168572
0.0934149
0.0390349
0.196168
0.112778
0.00683973
0.0300876
0.00424221
0
0.304326
0.191806
0.198693
0.0194871
0.0114729
0
0.00351892
0.203842
0.173155
0.0894633
0.162415
0.0275497
0.0108476
0.00944205
0.0316545
0.00082329
0.00377084
0.0235645
0.0330368
0.00076765
0.109337
0.0183787
0.0543881
0.00630944
0.0324461
0.188697
0.0373955
0.0365799
0.011883
0.0276834
0.0294617
0.0441377
0.00600094
0.0105253
0.0477348
0.0350402
0.00760836
0.00759642
0.00414528
0.0805043
0.141025
0.137942
0.00285979
0.0647479
0.192617
0.0654534
0.00436205
0.00740894
0.0763042
0.0104191
0.00434148
0.0219399
0.0225358
0.00833002
0.25867
0.0122687
0.0148478
0.0147259
0.0142507
0.238421
0.0678258
0.0175826
0.00635144
0.00110204
0.428195
0.00901016
0.0221206
0.390951
0.234151
0.0784399
0.00165019
0.00422456
0.00232208
0.159058
0.0198717
0.0558633
0.156249
0.00659432
0.0163531
0.00152009
0.00795206
0.120706
0.0212744
0.0153848
0.00326038
0.0095193
0.00510191
0.00539039
0.0135935
0.0863955
0.00965127
0.0012349
0.0074281
0.00819529
0
0.0148777
0.0255565
0.0399828
0.0539169
0.0597307
0.181751
0.185657
0.409951
0.0187518
0.00147792
0.000651955
0.0234063
0.0288709
0.000549286
0.00819338
0.0959962
0.0441055
0.358879
0.304815
0.0202518
0.226494
0.0128717
0.000239288
0.00462745
0.00916362
0.00326307
0.0414506
0.000656919
0.012497
0.0235797
0.133256
0.0323411
0.0879786
0.00353713
0.0201672
0.0186515
0.00551049
0.0696604
0.0833448
0.044193
0.045916
0.0569673
0.0153482
0.000378792
0.00942464
0.148944
0.140941
0.00784069
0.194545
0.165021
0.0082156
0.00500997
0.037046
0.00345852
0.094503
0.00418783
0.0042507
0.0136665
0.00822634
0.172809
0.0209441
0.0383277
0.0638861
0.0532373
0.00993644
0.0254116
0.0381051
0.0689226
0.0045637
0.0650827
0.0112154
0.0864811
0.0524886
0.156135
0.00936812
0.000614409
0.00522428
0.0913143
0.164768
0.197925
0.0206505
0.0961441
0.0630114
0.00849614
0.00948741
0.196455
0.229398
0.0301168
0.0131578
0.0134704
0.00142878
0.000571737
0.136834
0.0190266
0.120116
0.328433
0.135096
0.00184523
0.131781
0.238284
0.00897804
0.00541142
0.00997791
0.0180641
0.00409524
0.00631336
0.114942
0.0126186
0.0233663
0.0104696
0.017257
0.109565
0.0716295
0.313605
0.164421
0.0178741
0.0182448
0.00925086
0.0305662
0.136217
0.00271371
0.129146
0.0161803
0.00553666
0
0.0150281
0.0150963
0.0653202
0.117263
0.0522818
0.00173468
0.000738308
0.000926403
0.000397487
0.0907115
0.0568034
0.0675964
0.0130803
0.162646
0.0262986
0.246724
0.0557055
0.00543184
0.00077925
0.00305787
0.227821
0.0121575
0.0733883
0.00373176
0.054233
0.0326593
0.0176341
0.0569798
0.0198617
0.00145194
0.0123267
0.0149023
0.134223
0.0274827
0.224635
0.0449385
0.014819
0.00927717
0.0292426
0.124127
0.00320071
0.00326799
0.0191781
0.0106562
0.0399213
0.336664
0.367673
0.204221
0.00544942
0.00102034
0.00298482
0.00327901
0.0668214
0.0176292
0.0068861
0.00764734
0.00671184
0.00334304
0.013397
0.15278
0.0356094
0.0018054
0.188013
0.00732173
0.0453308
0.221745
0.00840404
0.0695096
0.0140299
0.0049304
0.0650634
0.104081
0.026827
0.00920513
0.00204243
0.0150701
0.0642435
0.0383844
0.0130481
0.0246274
0.063178
0.203193
0.175473
0.177169
0.271977
0.145589
0.00220154
0.00381118
0.218264
0.000537416
0.0072934
0.0153755
0.0553591
0.00380612
0.0249299
0.0438603
0.00974245
0.0123324
0.0203228
0.0141516
0.00616903
0.00588254
0.00578568
0.00418389
0.236775
0.183459
0.00356764
0.00741737
0.0439076
0.0160927
0.0152911
0.196413
0.224849
0.0233349
0.107013
0.127393
0.138065
0.00445284
0.00509874
0.128221
0.0355714
0.0152618
0.122052
0.00148387
0.205262
0.00125133
0.00417218
0.00226129
0.0803645
0.00920768
0.000371238
0.00407512
0.184519
0.0203228
0.0276344
0.00265669
0.245028
0.00431047
0.0452642
0.0946223
0.0656877
0.0181233
0.0027653
0.14783
0.0592887
0.0230288
0.16106
0.210912
0.216041
0.00625782
0.00788281
0.0679393
0.00129127
0.0068962
0.0303009
0.0162326
0.0171988
0.0158993
0.0250645
0.0225737
0.0130853
0.14359
0.224412
0.0687135
0.137834
0.216074
0.00686447
0.0274308
0.02257
0.00137113
0.0214349
0.0378518
0.0121305
0.00154401
0.00572689
0.00526886
0.0205983
0.00449155
0.0370747
0.0131577
0.0157191
0.0135514
0.132981
0.00235752
0.00735786
0.00130896
0.0606419
0.0175124
0.0332954
0.00983651
0.0220706
0.00439225
0.0908332
0.00395095
0.00565842
0.0404464
0.00586644
0.00297491
0.0546524
0.23507
0.0378139
0.0955344
0.00277138
0.00867827
0.0189648
0.0147303
0.00746425
0.00700966
0.0192031
0.0219545
0.00433911
0.00985504
0.2464
0.00148958
0.0385089
0.0675584
0.0440459
0.0069118
0.00361656
0.0627078
0.0188094
0.00789068
0.0100567
0.00369107
0.236694
0.0104206
0.015629
0.0356423
0.125395
0.0307316
0.0875826
0.00878923
0.00381051
0.0955299
0.144667
0.00512352
0.00399569
0.00583694
0.00431054
0.000774959
0.0150534
0.00160515
0.00287217
0.00417733
0.0248538
0.0469551
0.00786287
0.0238547
0.0642186
0.012516
0.0562804
0.235246
0.0188416
0.0167077
0.184763
0.175056
0.0019112
0.0101948
0.069007
0.0678338
0.0990833
0.00440172
0.131166
0.0595293
0.01492
0.0268431
0.200465
0.0115601
0.00835442
0.000961317
0.0578905
0.178156
0.023353
0.0539347
0.0908605
0.00333867
8.36017e-009
6.33482e-006
0.0155722
0.0715178
0.0676693
0.0863118
0.0492805
0.0443834
0.0130765
0.0133383
0.152694
0.0100526
0.0469391
0.0102956
0
0.0824739
0.254411
0.125899
0.230071
0.00754765
0.0321921
0.154543
0.00188398
0.108979
0.0143971
0.00167348
0.00169923
0
0.0930783
0.0792143
0.0124379
0.119344
0.01469
0.0125958
0.0175774
0.0257535
0.0203982
0.00543841
0.0466313
0
0.0113225
0.00388113
0.0517109
0.212644
0.145981
0.0610622
0.248915
0.00467726
0.246367
0.127015
0.00521265
0.0560387
0.0122982
0.00839318
0.00202834
0.0906245
0.000266837
0.00608957
0.0879631
0.0224439
0.0290031
0.0247395
0.00824423
0.260153
0.123431
0.179063
0.00768429
0.008181
0.0269443
0.0247617
0.00539874
0.0502092
0.00680596
0.00452161
0.0049673
0.00672602
0.0397728
0.00305677
0.0149942
0.015982
0.00319481
0.00085588
0.000982922
0.0380267
0.00249756
0.000951329
0.0149414
0.00816731
0.0444477
0.012093
0.15904
0.0837456
0.0256528
0.0869982
0.0443197
0.000266837
0.0111164
0.0169814
0.0128031
0.0231235
0.0571606
0.00255464
0.0150556
0.23902
0.140487
0.0358294
0.00161741
0.0253105
0.00427258
0.203855
0.0176412
0.0173637
0.022284
0.0478452
0.0106474
0.0869838
0.105599
0.00192982
0.0882562
0.169927
0.00336324
0.00492285
0.183185
0.000996009
0.00120299
0.00264813
0.0152681
0.130751
0.00128864
0.072762
0.0284378
0.0258359
0.086877
0.0122149
0.101463
0.0457438
0.0112988
0.032486
0.000209965
0.20431
0.00252482
0.0141809
0.132559
0.20065
0.0143274
0.00137678
0.043749
0.00706624
0.00655078
0.000710127
0.00137487
0.246169
0.00051914
0.00666877
0.224259
0.0100959
0.00922797
0.179178
0.00109188
0.00799049
0.0132144
0.0268349
0.265894
0.00225417
0.0493743
0.0426039
0.0674968
0.00767588
0.0448574
0.0125321
0.0447619
0.064231
0.0245866
0.129066
0.157809
0.000418821
0.214697
0.00113673
0.174312
0.00702746
0.0890704
0.00597839
0.0034344
0.00143253
0.010509
0.0113071
0.0152808
0.0155019
0.0151788
0.0096138
0.00262782
0.0947446
0.0517414
0.00545022
0.00188649
0.02609
0.000685591
0.0475097
0.079656
0.0133275
0.00475686
0.0184992
0.00084496
0.000869008
0.00424033
0.00855485
0.0348867
0.0294176
0.0229045
0.0497099
0.0590509
0.0120173
0.105146
0.00294022
0.00373056
0.153556
0.00336135
0.16085
0.165737
0.0584164
0.186133
0.00262811
0.053633
0.00526864
0.0166143
0.0150955
0.00133056
0.0169962
0.0228616
0.0474385
0.157801
0.0106439
0.136546
0.0244171
0.00191742
0.00536078
0.0145995
0.00158369
0.00236171
0.00456278
0.170823
0.0211314
0.00194042
0.0330209
0.067674
0.0153982
0.060159
0.0377972
0.149342
0.00273841
0.00526922
0.00447057
0.028792
0.0212652
0.00732291
0.00495439
0.113416
0.00331961
0.00289528
0.0281987
0.011096
0.000367368
0.273711
0.00205407
0.0272133
0.14714
0.0546479
0.0178744
0.0959829
0.0608042
0.00360637
0.0162135
0.0200504
0.325956
0.00897684
0.156365
0.228619
0.0573366
0.00540472
0.00446024
0.00645706
0.100369
0.0399809
0.03364
0.025442
0.100672
0.0139518
0.000219785
0.00140666
0.0485286
0.0473736
0.000967598
0.0390188
0.00204618
0.0118341
0.00822292
0.10503
0.00350431
0.0339027
0.0221307
0.00714746
0.0324738
0.0160798
0.00500159
0.0388867
0.0596459
0.0363748
0.000777629
0.129368
0.0028918
0.00390168
0.00461403
0.102708
0.102707
0.0108575
0.229951
0.00697687
0.127152
0.109419
0.131341
0.0437623
0.000483839
0.00600153
0.0479555
0.0191946
0.017069
0.0290796
0.0166569
0.00542882
0.000440715
0.028612
0.105858
0.00328128
0.0159002
0.150865
0.0728987
0.00827362
0.056136
0.0591916
0.0737479
0.0938018
0.00259875
0.00521266
0.0402195
0.087201
0.0757492
0.00123248
0.00523874
0.0678084
0.00207755
0.0726605
0.00512276
0.377067
0.0483696
0.0821699
0.0183356
0.000298118
0.00587491
0.0701972
0.201771
0.00538304
0.00735148
0.110998
0.0767711
0.211171
0.000710127
0.00907552
0.00797892
0.0199757
0.271099
0.0188747
0.013096
0.0207657
0.0990355
0.203285
0.160612
0.0873277
0.233907
0.032491
0.0773441
0.216733
0.00287837
0.0019107
0.0133319
0.00548622
0.0122411
0.0580347
0.0594265
0.067147
0.012292
0.00955348
0.0191908
0.011928
0.0110393
0.0402675
0.00425015
0.00177447
0.0261606
0.0197672
0.0192261
0.00269602
0.00062987
0.00168526
0.00218088
0.0282579
0.00366932
0.0832435
0.137296
0.00914642
0.0298825
0.0511161
0.182429
0.0582457
0.100391
0.00284093
0.00555254
0.169422
0.187872
0.127433
0.398421
0.0111765
0.00101602
0.00469678
0.0583162
0.0138759
0.0102718
0.0201456
0.00190272
0.00594704
0.314384
0.00223076
0.041328
0.0594621
0.00692414
0.0198465
0.264381
0.20472
0.00437015
0.00713569
0.0425123
0.00957024
0.0131467
0.0153392
0.00438233
0.00153529
0.0685865
0.0120405
0.00198467
0.0481393
0.0276162
0.0605112
0.00245611
0.024203
0.000101112
0.00205524
0.137566
0.0664323
0.00565589
0.00405664
0.00304191
0.0233928
0.0236927
0.0547974
0.0501859
0.0235453
0.00523429
0.00951604
0.0288373
0.0852331
0.00591719
0.0122161
0.00389462
0.00325616
0.000622937
0.0146648
0.0197963
0.0123014
0.0163636
0.0414797
0.000669904
0.0124582
0.00246756
0.0476157
0.0102555
0.0182068
0.0099051
0.00832172
0.0183559
0.0345461
0.00452161
0.00857222
0.0705514
0.00458892
0.0817499
0.0007365
0.017089
0.0653682
0.0455542
0.00984127
0.00213623
0.098846
0.00160515
0.00648811
0.0104434
0.014697
0.0254829
0.029835
0.0236403
0.0041939
0.0721374
0.0274619
0.0125449
0.0628217
0.0737025
0.0254381
0.00379735
0.00226801
0.0308812
0.101076
0.219008
0.00318215
0.0997307
0.0165154
0.00365753
0.105227
0.0258051
0.0496523
0.174621
0.170416
0.00400039
0.0701973
0.0506909
0.0313753
0.0323757
0.00257341
0.146604
0.0176756
0.0477345
0.00166851
0.00342939
0.0277605
0.00171943
0.00917786
0.208422
0.00266708
0.117597
0.105805
0.197668
0.104535
0.0660064
0.013712
0.0158199
0.114552
0.0107843
0.00742811
0.0168428
0.0253662
0.00809844
0.029508
0.0971754
0.00402971
0.00439468
0.00144344
0.0156044
0
0.121123
0
0.0404325
0.0444222
0.0766708
0.174026
0.0545892
0.0476708
0.0198391
0.0565426
0.138178
0.0114407
0.0501364
0.0873103
0.0255061
0.00363655
0.0200019
0.299823
0.0084343
0.0120568
0.0221362
0.0713991
0.0459606
0.122535
0.0360989
0.139382
0.0948927
0.0362727
0.0184106
0.0339978
0.00288988
0.0281496
0.231896
0.281935
0.0308875
0.00684912
0.00430714
0.00128898
0.00452932
0
0.00313397
0.003315
0.119904
0.0137162
0.0962173
0.0207991
0.0751446
0.0050329
0.17015
0.0198009
0.0221946
0.0511994
0.00221954
0.00863823
0.0104438
0.0367506
0.00877566
0.0130879
0.0057127
0.110908
0.165383
0.00845253
2.68039e-005
0.00101303
0.000555822
0.0367288
0.107171
0.104399
0.00207619
0.021629
0.0129633
0.00485298
0.0497544
0.122639
0.110441
0.0663222
0.0095515
0.107851
0.0199505
0.0315709
0.0221146
0.0175102
0.0165116
0.138771
0.0188595
0.0212901
0.00745754
0.00365785
0.0473922
0.0469844
0.00627542
0.00784973
0.112683
0.00936295
0.000440157
0.0201808
0.115301
0.00856927
0.00419419
0.127455
0.085357
0.0456326
0.037358
0.0900154
0.0186283
0.0621955
0.105668
0.12566
0.0100717
0.025097
0.0316733
0.00575613
0.0257914
0.115167
0.00232399
0.0360319
0.0582552
0.0167239
0.179831
0.00492472
0.00770351
0.338584
0.00939055
0.0703367
0.00709783
0.0274894
0.0247433
0.0975171
0.0129249
0.0359035
0.00754451
0.0353536
0.0228961
0.0114676
0.0583654
0.0335842
0.146581
0.00635444
0.0185174
0.000815304
0.00196744
0.00679443
0.00686143
0.0728595
0.0526776
0.00676631
0.0100609
0.0373657
0.0626608
0.00867746
0.00384302
0.0329514
0.00444114
0.0262768
0.0180612
0.0160767
0.316858
0.00155295
0.000603362
0.00351382
0.215252
0.0635817
0.0194077
0.00709511
0.00140842
0.00823133
0.00348171
0.00134174
0.098108
0.152195
0.125891
0.00253219
0.00939219
0.0799741
0.392039
0.147682
0.00429654
0.0334166
0.0828635
0.0954097
0.109343
0.167912
0.00497775
0.00290202
0.00482788
0.00133355
0.0245121
0.0130515
0.00643001
0.015384
0.336255
0.363632
0.205453
0.0188141
0.00863569
0.244995
0.0599725
0.0158022
0.0101649
0.0846259
0.169297
0.0834968
0.0107883
0.0291592
0.0025833
0.0103914
0.00218088
0.102058
0.0773809
0.00223484
0.0036539
0.00272586
0.121948
0.190601
0.0227197
0.0195604
0.00389115
0.00217399
0.0219757
0.0121226
0.00754206
0.311302
0.0396506
0.00766039
0.00571144
0.0189439
0.105303
0.0522816
0.0027087
0.00687884
0.000998171
0.00307828
0.0106796
0.036931
0.0268926
0.0144856
0.121964
0.00832749
0.12726
0.00984817
0.0592682
0.0632623
0.114618
0.0924488
0.0343203
0.00720999
0.221816
0.0132323
0.00149698
0.00282265
0.152062
0.0067786
0.0238582
0.0436075
0.163785
0.0359582
0.115031
0.00472508
0.0709922
0.0213541
0.0215352
0.0160918
0.205507
0.00667606
0.01258
0.241823
0.332779
0.00330998
0.0179255
0.136615
0.12827
0.0216455
0.000736758
0.340494
0.234354
0.11194
0.00867178
0.0088004
0.060091
0.0204621
0.00631
0.00134341
0.00658877
0.0320509
0.0507746
0.115398
0.00067294
0.0493997
0.122582
0.0789735
0.0486224
0.0495179
0.00782284
0.230978
0.0133785
0.00749596
0.0071181
0.0390568
0.0250744
0.00171431
0.00178444
0.366111
0.0294249
0.0133615
0.00272528
0.176505
0.00913355
0.00903581
0.120169
0.0777088
0.0101831
0.0454202
0.0133168
0.0151782
0.0011049
0.0129824
0.0137959
0.0148896
0.0318317
0.06174
0.178595
0.025443
0.0649548
0.00229572
0.00371054
0.00193862
0.0971848
0.00574103
0.0130661
0.0118229
0.000271891
0.0950717
0.0831169
0.00168702
0.0456886
0.0581949
0.0124288
0.0126476
0.0262062
0.00338133
0.0136807
0.00744554
0.00461775
0.164683
0.00592552
0.057393
0.126585
0.031544
0.0182324
0.00184524
0.168314
0.0438461
0.016846
0.0157088
0.00482926
0.0026077
0.39674
0.00874883
0.00607447
0.00507545
0.00275607
0.151065
0.0138466
0.0123133
0.0535903
0.00753857
0.0179273
0.159322
0.0281951
0.00122539
0.00595032
0.0845018
0.0316019
0.0178902
0.00687315
0.0355219
0.0559023
0.0662699
0.00187183
0.018878
0.00460513
0.201625
0.108913
0.078111
0.0101237
0.0362997
0.472477
0.0289296
0.115849
0.00895878
0.0526712
0.00344065
0.000582428
0.0049563
0.00354198
0.0297363
0.0399283
0.0101966
0.00909198
0.12485
0.112402
0.102139
0.00105129
0.0876349
0.290785
0.0213368
0.00363648
0.0141782
0.00270136
0.0591219
0.0887389
0.00696731
0.00111385
0.113666
0.0705381
0.03237
0.0121323
0.0155234
0.00777225
0.00136562
0.0351727
0.0320135
0.0179179
0.107016
0.00285505
0.00117989
0.00155926
0.00751555
0.000734027
0.00723137
0.0334835
0.0726864
0.000875751
0.0621087
0.00174314
0.00162849
0.0223403
0.00662427
0.100251
0.00183566
0.00120712
0.0577896
0.0052569
0.36738
0.0298733
0.0315254
0.00743394
0.0117554
0.0278626
0.0220168
0.348851
0.0774846
0.0539702
0.0519258
0.117852
0.00806578
0.0655666
0.107731
0.00806214
0.242727
0.01047
0.0675458
0.115768
0.188279
0.184132
0.00187111
0.0164467
0.0856914
0.00921798
0.00324121
0.027487
0.0392234
0.0901386
0.0852584
0.00195587
0.00968746
0.0534037
0.0302645
0.00279443
0.00431289
0.00464328
0.0175634
0.102313
0.0382971
0.10174
0.0120494
0.0437215
0.0287452
0.00853096
0.0925087
0.0915668
0.0307156
0.0814701
0.0635328
0.00759341
0.00533614
0.000151444
0.161734
0.0233276
0.108687
0.0532592
0.0990245
0.0390464
0.0825128
0.0135259
0.0369594
0.106034
0.0103567
0.0640667
0.0249728
0.187033
0.355287
0.0107999
0.00921026
0.0192727
0.0176322
0.107637
0.133984
0.00999182
0.0129024
0.00364507
0.00623457
0.00691025
0.00657077
0.00364271
0.0886308
0.071954
0.11046
0.216513
0.253322
0.0115598
0.00273395
0.0117677
0.0141062
0.00744449
0.00926633
0.00524767
0.0307193
0.0275706
0.0204769
0.0137096
0.0696108
0.0487366
0.0361876
0.0178257
0.157439
0.00445871
0.0134046
0.0161865
0.136679
0.034951
0.193763
0.281975
0.247222
0.182641
0.175296
0.051968
0.148799
0.142717
0.218809
0.136842
0.00287722
0.0203696
0.00208592
0.0539088
0.00555543
0.0184268
0.0226259
0.228416
0.0060076
0.0392955
0.128851
0.00247988
0.000389737
0.0128856
0.0591391
0.00194389
0.0720639
0.0645838
0.000884335
0.0531564
0.00486635
0.0462454
0.00121081
0.00817669
0.00731111
0.135969
0.107506
0.00850912
0.209108
0.00107235
0.00160446
0.316201
0.0014371
0.0600784
0.0170291
0.127976
0.00544849
0.00721672
0.017209
0.120413
0.0041271
0.189852
0.00572743
0.0813533
0.0100625
0.00217898
0.001883
0.0038514
0.0148759
0.00711737
0.00823041
0.0212806
0.136351
0.0151822
0.0626941
0.0669241
0.0221376
0.00266963
0.206876
0.190286
0.132954
0.00803642
0.0227319
0.114713
0.122831
0.0284149
0.00200471
0.0302733
0.00392435
0.122488
0.00250412
0.013605
0.253685
0.0123394
0.0181878
0.0578826
0.0718966
0.0709216
0.0461542
0.00312136
0.00466782
0.0071778
0.00389837
0.134657
0.109746
0.135107
0.137238
0.000382206
0.116825
0.0019073
0.0114682
0.0286728
0.0273181
0.00208748
0.00696738
0.314485
0.153721
0.105617
0.0740651
0.0357898
0.0413615
0.0158932
0.160748
0.025317
0.0419277
0.00254231
0.00309281
0.0135887
0.0413112
0.00451131
0.0472218
0.0907346
0.00222406
0.0107654
0.223106
0.0554179
0.026253
0.00458376
0.0182989
0.00748243
0.0405429
0.00354202
0.00311687
0.0590267
0.00654392
0.00108995
0.111816
0.0321795
0.12042
0.10976
0.109971
0.0317652
0.0402961
0.00115558
0.0696648
0.0304356
0.118059
0.258837
0.123861
0.000678058
0.00530271
0.00355908
0.246468
0.0109317
0.00791236
0.00488409
0.0555693
0.0430801
0.140025
0.00732438
0.331057
0.019487
0.00584974
0.0157818
0.00481143
0.00533444
0.00417659
0.0611545
0.0534268
0.155546
0.0666444
0.0491626
0.150156
0.128708
0.00405822
0.0604692
0.0782031
0.0135177
0.29552
0.270744
0.0024374
0.00922391
0.365151
0.00142303
0.00635834
0.0137019
0.0143085
0.013964
0.0104153
0.0569336
0.053678
0.00971289
0.0200581
0.0194322
0.0324346
0.00102371
0.104328
0.08634
0.00218979
0.00807458
0.0182926
0.0269038
0.0713867
0.00811599
0.0790978
0.0749078
0.0111216
0.00967594
0.30912
0.324554
0.0315988
0.00854203
0.00366505
0.339825
0.0123786
0.0174317
0.145299
0.0102519
0.0131941
0.00435977
0.026333
0.00468887
0.00337443
0.00337409
0.00153527
0.011654
0.106778
0.0531342
0.0340464
0.00306852
0.000884426
0.0115568
0.0052209
0.0616143
0.0581948
0.000726613
0.0194262
0.197205
0.0100437
0.0994328
0.0126654
0.208635
0.00127198
0.061334
0.00185977
0.203413
0.00447942
0.0127036
0.110156
0.13366
0.289761
0.0566464
0.00127188
0.0115032
0.0956259
0.0417849
0.00166313
0.073231
0.0794991
0.00429078
0.00258201
0.00459275
0.13212
0.00990971
0.010253
0.129001
0.03499
0.0386046
0.0374115
0.106828
0.0389901
0.192594
0.034024
0.00133628
0.00228508
0.00199597
0.00771691
0.00668849
0.0139677
0.0122991
0.0102804
0.00927102
0.263491
0.124837
0.291289
0.148483
0.00512617
8.80308e-005
0.103411
0.00211854
0.00575162
0.0338541
0.00444236
0.00430039
0.0275814
0.00416538
0.0641898
0.00365875
0.00814281
0.00355272
0.00406132
0.00803718
0.108906
0.35771
0.0218852
0.161038
0.0402886
0.0618912
0.0322202
0.00216014
0.0148808
0.0600331
0.117074
0.0139455
0.0517359
0.00324498
0.0117448
0.00499164
0.298244
0.335177
0.154983
0.00254461
0.00189983
0.126585
0.156235
0.180553
0.104271
0.0719843
0.136057
0.00728218
0.00367839
0.021232
0.00956565
0.00703169
0.00287263
0.0436024
0.00370944
0.0301579
0.0030704
0.011626
0.293897
0.0472438
0.0462125
0.133215
0.113224
0.000562362
0.00795142
0.0995022
0.0788874
0.0395784
0.0022323
0.00319469
0.071088
0.0149492
0.0122044
0.00892324
0.0870455
0.0594294
0.0624968
0.026622
0.00596156
0.000675465
0.0289061
0.0107654
0.0545894
0.00408109
0.234828
0.00277507
0.056343
0.138851
0.00260957
0.00947486
0.00139587
0.0748419
0.0021113
0.0023345
0.00437559
0.00576189
0.0703583
0.00372742
0.0500499
0.00785314
0.00491306
0.014257
0.162075
0.104211
0.0066535
0.0334384
0.00449566
0.0176408
0.00449563
0.00514372
0.0224948
0.109583
0.00453434
0.138079
0.00556715
0.246845
0.0444148
0.00298314
0.0299305
0.00197511
0.00662488
0.0210574
0.0162895
0.00926393
0.0189914
0.12507
0.0183638
0.0415566
0.00689898
0.0582093
0.0120394
0.106543
0.00960822
0.0332485
0.0171048
0.0579953
0.0380574
0.00214576
0.0323715
0.203996
0.0452569
0.0244267
0.0434799
0.0163359
0.0906589
0.0385315
0.00400936
0.220373
0.0187339
0.141119
0.00321957
0.00149892
0.225644
0.00741787
0.00309289
0.00259904
0.119977
0.00249283
0.205428
0.0643371
0.00182644
0.0199169
0.00420664
0.00144316
0.000808495
0.0948079
0.00414316
0.221143
0.009418
0.0479456
0.100399
0.326313
0.0878907
0.00708165
0.132877
0.00212817
0.12548
0.062584
0.0400543
0.00225958
0.00301411
0.00147995
0.00795548
0.181573
0.0208487
0.020762
0.00492755
0.0403294
0.187064
0.0072212
0.00681602
0.0752531
0.243474
0.0475423
0.000883354
0.00876098
0.0209864
0.215038
0.0548608
0.00255104
0.00343154
0.21815
0.00200953
0.00237542
0.133137
0.0019567
0.00613454
0.0172689
0.00168114
0.0027406
0.0997251
0.0636013
0.000947579
0.00272836
0.0475464
0.32767
0.00837159
0.00115614
0.0350887
0.00911794
0.00349776
0.0579894
0.00190464
0.0163163
0.171932
0.00335424
0.0324284
0.0991617
0.013543
0.0199913
0.00278829
0.0095371
0.0501007
0.00669627
0.00235107
0.00700754
0.00223011
0.00233884
0.00252069
0.126935
0.00847489
0.275894
0.00920123
0.00320128
0.00959816
0.00188268
0.224394
0.292941
0.00424891
0.00105599
0.273193
0.00273377
0.0614459
0.0538133
0.123289
0.0154796
0.00431415
0.00556283
0.000625207
0.00114125
0.0276287
0.0165317
0.104299
0.00165908
0.0458159
0.00963698
0.00690647
0.14837
0.00163727
0.0195483
0.00410267
0.0301513
0.00445361
0.00503837
0.00609449
0.159449
0.0102848
0.0333502
0.0121022
0.00886463
0.00469874
0.00218934
0.00689483
0.0174091
0.0754796
0.0747987
0.00516154
0.00360022
0.00368498
0.0160311
0.122273
0.00417766
0.130471
0.00403365
0.034749
0.0406287
0.00105296
0.00102747
0.211783
0.038381
0.0674442
0.414616
0.318022
0.000975979
0.0594599
0.162787
0.0110282
0.0031247
0.00539991
0.00815547
0.00854039
0.00184842
0.00244242
0.0133148
0.00303836
0.0021893
0.00621792
0.00736517
0.055004
0.00251328
0.0508864
0.00377568
0.107232
0.00263083
0.00317384
0.11462
0.00419856
0.0189272
0.0327123
0.0776232
0.0306337
0.0314662
0.00135719
0.0317416
0.0371503
0.0490621
0.237456
0.0121787
0.0354399
0.00263886
0.00210713
0.0133891
0.0155469
0.00358742
0.0640876
0.00735708
0.00112992
0.00197708
0.0196498
0.112999
0.235787
0.14321
0.104601
0.124084
0.00858101
0.136914
0.0116102
0.28655
0.00539357
0.00405289
0.00748894
0.212463
0.0135022
0.132281
0.0368116
0.00362593
0.089761
0.0914768
0.00726695
0.0847092
0.0692113
0.0575604
0.00491315
0.0232672
0.00188565
0.002994
0.0348526
0.219962
0.00201813
0.00108846
0.191449
0.0108437
0.0682479
0.202086
0.044927
0.00169866
0.0437703
0.00689501
0.00783033
0.00177311
0.00818747
0.0427073
0.0874162
0.0042034
0.138942
0.0145435
0.00578057
0.137994
0.00684262
0.0122206
0.0223844
0.11123
0.000250311
0.293157
0.00154532
0.00848747
0.103549
0.14569
0.0156578
0.00507958
0.0643266
0.00273675
0.00349534
0.00651542
0.0112259
0.00325708
0.00324804
0.0110415
0.00773106
0.00823768
0.170811
0.00495699
0.00757998
0.0163758
0.00605062
0.00524942
0.00345999
0.000556288
0.00265878
0.00201776
0.00409859
0.0286805
0.0153882
0.0546931
0.0808504
0.0268727
0.0303796
0.00291647
0.0135506
0.0152642
0.00747821
0.00526552
0.00323009
0.00142159
0.248305
0.00201749
0.00201728
0.00263965
0.00563859
0.0225785
0.0154095
0.0130435
0.00370073
0.00328824
0.214452
0.136635
0.0151957
0.0030731
0.0124772
0.00760257
0.00235295
0.00353576
0.364607
0.0060864
0.00390088
0.0691467
0.00201718
0.132543
0.00499686
0.0164389
0.00340513
0.333714
0.00413744
0.261739
0.185018
0.039355
0.00170246
0.00555529
0.105755
0.297607
0.0118354
0.285552
0.296519
0.00234137
0.0128326
0.028344
0.0122001
0.00742143
0.00780093
0.00837594
0.0434019
0.356152
0.0121616
0.296445
0.235372
0.00139747
0.0041815
0.00257944
0.168455
0.0946545
0.00305928
0.0065311
0.0103947
0.0303321
0.0118069
0.00378798
0.147623
0.190852
0.175644
0.0961771
0.0429235
0.0383131
0.000588566
0.0230233
0.00241761
0.00192878
0.172336
0.00146401
0.00307592
0.00159864
0.0818098
0.00694558
0.0104854
0.0407072
0.0383161
0.0707458
0.312702
0.0241362
0.359143
0.349422
0.0517491
0.343214
0.0522016
0.00275456
0.224966
0.0253211
0.0393627
0.00463764
0.00174594
0.128329
0.0029098
0.00419251
0.100633
0.0245928
0.0400742
0.0418253
0.0424102
0.00407489
0.00310366
0.0381972
0.00235999
0.00146533
0.0049404
0.00631815
0.0821747
0.0268508
0.00490405
0.00203702
0.00352628
0.00508788
0.00553514
0.00422013
0.00809486
0.00606788
0.00359208
0.0221524
0.0237793
0.0168935
0.00266215
0.175164
0.0171871
0.0635822
0.0543574
0.0312478
0.0124532
0.048021
0.14367
0.00177667
0.00230691
0.00139459
0.186877
0.264325
0.0583835
0.0659543
0.030981
0.168243
0.208678
0.0104769
0.00925888
0.170644
0.0428205
0.00163853
0.00287907
0.00342732
0.00636006
0.0487429
0.292816
0.006948
0.0561384
0.022647
0.00284837
0.270651
0.0294044
0.224534
0.00259354
0.00501764
0.00283366
0.0796997
0.0580457
0.0109806
0.0436221
0.234143
0.00305095
0.30379
0.00151775
0.0269602
0.0023245
0.0365804
0.00162521
0.182964
0.00197036
0.0103755
0.0424743
0.00387476
0.00893945
0.0523039
0.0275037
0.216506
0.176434
0.000892219
0.0931895
0.00857591
0.13298
0.0726058
0.00182718
0.00292277
0.0103177
0.0017738
0.00515328
0.0263904
0.00100543
0.0228969
0.00221928
0.263607
0.00397647
0.00211604
0.0303804
0.0241694
0.000974004
0.00349595
0.00550457
0.0308827
0.00725906
0.0188357
0.00149102
0.0939043
0.0100486
0.052642
0.242341
0.000978512
0.00158634
0.0179262
0.00341936
0.124346
0.00387098
0.00248482
0.0647557
0.279217
0.00155426
0.00181994
0.002814
0.00199315
0.040447
0.00139459
0.00142252
0.0230194
0.0386939
0.00782549
0.00137025
0.0013536
0.104995
0.195492
0.165818
0.00240589
0.0856976
0.0400151
0.00666506
0.269349
0.00209434
0.00691271
0.280741
0.0818388
0.0147801
0.0230779
0.257489
0.00528191
0.00182022
0.00324491
0.0041714
0.00408139
0.00752934
0.0940199
0.0103186
0.00847579
0.0144433
0.00103022
0.00205895
0.0892472
0.175577
0.0011511
0.00467665
0.132864
0.00222165
0.0134359
0.0136079
0.00559084
0.0294346
0.237685
0.00447326
0.0271095
0.00142263
0.00487075
0.0783526
0.086391
0.00239973
0.153111
0.00133198
0.00116505
0.0597935
0.00112469
0.414945
0.00418757
0.00213267
0.124436
0.00466918
0.0144842
0.0196271
0.000754379
0.00214131
0.0153608
0.00258161
0.00305954
0.0241695
0.00989971
0.17542
0.000225369
0.000740686
0.115344
0.00236668
0.00132616
0.0173383
0.0675005
0.0458371
0.00262488
0.258646
0.0033642
0.00164403
0.0189492
0.00141379
0.0752886
0.377496
0.300443
0.000934032
0.00667369
0.0762108
0.063712
0.00145916
0.0337077
0.00308464
0.00817966
0.0207492
0.000999206
0.00584294
0.0156227
0.0376313
0.00201039
0.026111
0.024671
0.0027128
0.00204209
0.000922358
0.00153536
0.168438
0.242176
0.11622
0.0316063
0.0316032
0.0050495
0.0082306
0.166907
0.00563393
0.111985
0.00278064
0.0306888
0.214936
0.00996555
0.166402
0.127867
0.122701
0.0011976
0.0363621
0.0021178
0.0180636
0.0207914
0.0965788
0.113533
0.00243607
0.00470063
0.031127
0.0257949
0.0258717
0.254767
0.00381543
0.00227663
0.0638643
0.0021576
0.0111441
0.00322186
0.125736
0.00701044
0.00356422
0.00278782
0.0523371
0.0048514
0.0593907
0.125815
0.00154252
0.153317
0.128591
0.068449
0.140411
0.00844924
0.0382083
0.10251
0.183694
0.176298
0.0982171
0.0138421
0.00787883
0.0131129
0.0291015
0.0449653
0.0822389
0.0246391
0.00550762
0.00792759
0.0289078
0.0344933
0.0226784
0.0175645
0.00555287
0.00787172
0.0190112
0.0714741
0.0163803
0.0203831
0.0175588
0.0154974
0.126766
0.0163299
0.0429353
0.078523
0.0359232
0.0169135
0.0488399
0.200567
0.00498886
0.00864636
0.238898
0.00527082
0.0393757
0.0258863
0.0773989
0.25247
0
0
0
0
0
0.00137937
0.00118991
0.00821142
0.0298716
0.146018
0.00187808
0.00732546
0.00860783
0.00344064
0.00517065
0.000929872
0.00113481
0.00565491
0.00425251
0.00295163
0.159221
0.0106767
0.00718115
