7252
-2.27745e-009
2.3009e-008
9.57701e-006
1.53394e-006
2.2445e-007
9.0462e-005
9.48298e-009
8.8868e-006
0
0
6.60934e-006
3.4691e-006
7.14519e-009
1.98476e-007
0.000390959
5.26155e-005
0.000162725
0.00176099
4.62701e-005
6.4698e-005
-2.34073e-009
1.66626e-006
6.21044e-008
1.24795e-006
0
0.00019851
2.31201e-005
0.000103954
0.00036821
1.04172e-006
3.12168e-009
0.000184931
2.97454e-007
0
6.74203e-005
1.48459e-005
0
1.39526e-008
8.72279e-005
0
7.74485e-005
-2.38884e-009
0.00375431
0.00568961
0.000452864
1.46462e-006
1.28687e-006
0
8.9394e-005
0.0029119
1.06164e-006
8.20701e-006
3.88653e-007
0
0
0.000135602
0
1.89375e-007
0.00127774
0
2.30715e-006
0
1.96424e-009
2.05773e-009
5.41115e-007
6.24929e-005
0.00012231
4.46127e-008
0.0027412
3.89332e-006
5.38254e-005
1.81819e-009
5.06838e-005
1.31595e-006
7.74994e-005
6.76167e-006
0
0
0.00499302
6.15502e-008
2.66058e-009
0
3.83261e-007
0
4.0509e-005
0
3.32675e-005
1.13256e-007
0.000114349
0.0013912
0.000195286
2.95562e-005
0.00111147
0.00154129
0.000151212
0.000169365
-2.67856e-009
1.57493e-006
0
6.23966e-005
1.62063e-007
3.88554e-006
4.05344e-007
4.48206e-005
0
8.43982e-012
0.000929502
0.00019508
2.72963e-006
0
0
0.00798777
0.00053115
-2.39359e-009
4.73703e-006
1.25453e-007
0.000125575
3.3263e-007
0.000178442
1.52299e-005
3.7312e-005
3.52292e-005
0
0.0473134
3.70332e-006
5.65722e-005
1.85908e-007
1.74816e-005
0.00136729
0
0
4.91848e-006
1.65258e-006
0.000317592
9.33907e-005
1.41179e-005
0
0.00220224
0.000117831
0
0.00162737
0.00891948
6.22609e-005
0.000129148
6.33614e-007
0.000184258
0.000132889
0.00389873
8.09667e-006
1.35125e-006
3.84878e-005
8.75957e-007
7.19145e-009
0
0.000330631
1.40261e-005
2.15227e-005
0
2.24497e-005
0
0
0
0.000165692
0.00596324
1.29648e-007
7.9788e-005
7.15257e-005
0.00273465
0.00200459
5.63416e-006
1.51464e-009
0.00320981
7.68857e-005
0.000330377
0
0
0.00011637
0.000143422
4.10789e-005
2.58973e-005
1.66694e-005
8.29887e-006
0.00116573
2.07632e-005
0
0
0.000152974
6.04597e-007
4.60041e-005
0.000281833
5.98628e-005
1.70249e-005
0.00021283
5.25616e-010
1.81537e-009
2.5869e-009
-5.80803e-015
0
1.80963e-006
0
0
5.11178e-007
2.22128e-008
7.25937e-007
1.48324e-005
0
0.00027016
0.000273618
0
-1.34467e-009
4.88348e-007
8.28401e-005
0.00011723
0.000321811
8.17318e-005
3.79887e-008
0.000124815
8.60407e-007
0
0.020786
2.32584e-005
0
0
0
0
5.02689e-005
0
7.63224e-007
1.5403e-005
0.000130411
0
0
3.77429e-006
0.000297351
1.32412e-005
1.23502e-006
2.33391e-005
0.000133472
6.02951e-015
0.000156624
0
5.79381e-005
1.18393e-005
0
2.37693e-007
0.000359714
0.000740384
0
0.0241447
0.00599678
0
4.75365e-006
0
0
2.95652e-008
0.000265805
0
1.1401e-006
2.2086e-007
1.35808e-005
0.000301113
0.000206713
0
1.21352e-006
4.99565e-005
4.87753e-005
0.00656985
0
0
1.60252e-006
0.000160566
2.47409e-005
0.00020717
2.4876e-006
-2.32282e-014
0.002574
0.0133512
8.37195e-006
0
0
-7.14513e-014
3.29322e-006
0
0.000281151
0.0363395
2.38926e-005
2.60576e-006
0
0
0
0
0.000579311
0
0.000617773
8.15282e-007
5.67181e-007
3.63924e-007
5.63591e-005
0
0
-2.3321e-009
3.56369e-005
3.48766e-006
0
5.09144e-007
2.30656e-006
0.00721949
2.73995e-008
0.00451879
0.00685742
0.00068873
0
0.0204971
4.93088e-007
0.00219056
0.000128486
0
-3.73833e-014
3.55095e-008
3.8427e-005
1.68841e-007
9.00159e-005
5.43784e-005
0.000141936
2.69273e-005
0.000173277
0
6.24406e-006
0
1.20905e-005
-1.93184e-009
0.000738168
0.000212885
0
2.11341e-009
-3.84478e-011
3.42787e-005
0
4.76343e-005
5.86739e-005
7.19911e-007
2.37973e-005
0
5.37592e-005
0
0
0.000470174
0
0.0121709
0
6.28342e-005
0.00144253
0.00862452
5.34234e-005
0
0
3.10004e-008
0.000164039
0.000395463
0.0139075
0.000282162
0
7.51317e-005
6.66587e-005
0.00025128
0.000133574
0
1.84711e-007
0
0.000224519
0.000695062
0
8.76577e-005
0
2.20127e-005
0.00931994
0
0
0.000218987
0.00095271
0.000504637
0.000419466
0.000117895
0.000207555
3.03379e-005
1.12362e-006
0.00026266
0.00501407
2.59934e-007
8.66705e-005
1.58687e-005
1.75317e-006
0.00577288
1.15638e-005
0.000453343
5.86809e-005
0.00469433
3.20551e-007
0
1.00482e-005
0.000371241
0.000462683
0
2.06683e-005
5.38387e-005
0.000556624
0
7.31726e-006
0.000276229
1.38482e-005
0.00640786
0
0.00109832
0.00132779
0.00207539
2.67326e-007
5.19125e-005
0.00361542
0.0380919
0.0220554
1.9097e-006
-2.65758e-010
4.12029e-005
2.78775e-006
2.10732e-009
2.81661e-007
3.14659e-007
0.00333959
0.00167688
2.3916e-007
0
0
7.51001e-005
2.7586e-005
-1.79904e-009
0.00119672
0
0.000124053
0.00412926
0.00230148
0.0276562
3.51942e-005
4.40327e-006
7.84527e-009
0
0
0.00876927
7.24791e-007
2.42505e-006
0.000137854
1.68071e-005
9.29666e-005
0.000397337
0
3.91206e-005
1.38485e-005
0
0
5.819e-005
1.66937e-007
0.000120171
6.70868e-005
9.38757e-006
0
5.42876e-005
-1.45605e-012
1.4871e-005
4.3414e-005
0.000670267
0.000348591
0.0106868
0
0
0.000122241
0
0.00514268
0.000259213
0
7.48954e-006
0.00648839
5.50056e-005
7.20573e-006
0
9.78237e-020
7.84598e-009
0.000108988
-2.62021e-009
9.23701e-006
0.019404
0.00026476
0.000285231
0
0.000837574
0
4.17085e-006
8.27436e-005
4.15879e-006
0.000373847
0
0
0
9.54776e-010
0
0.00967269
0
0
0
0.000412332
9.22543e-005
7.33471e-005
0.000136752
1.72135e-005
0
0.000138624
0.000208996
8.29088e-012
0
-9.80821e-020
0.000221018
2.06793e-007
0.000118476
0
4.09195e-005
0
3.67553e-005
0.000123297
0
1.64818e-005
7.57305e-005
9.98948e-005
8.35339e-005
0.00285291
0.000304385
2.74812e-006
0
0
0.01893
1.14014e-005
0
0
0
0.000396954
8.47841e-005
0.00129443
0.00112707
4.37564e-005
0
6.63105e-005
0.000197274
0.000654537
5.71875e-005
0.000380682
0.0109334
0.00319887
0
4.05144e-006
2.17464e-006
2.09396e-006
0.000475121
8.0467e-005
9.40578e-007
0.000243061
6.88287e-005
1.90448e-017
0
0
7.18853e-005
5.1242e-005
0.00779754
0.000390452
0.00366463
6.76576e-005
0.0101268
0.000305421
1.87804e-006
7.41681e-005
1.4493e-005
0.00268382
0
2.55466e-005
0
3.85393e-006
0
6.28514e-005
0.000482678
5.20714e-005
0
1.14223e-005
0
9.22658e-005
4.85529e-006
0.000944209
0.000452406
0
2.17407e-005
0.000145961
0.000128088
0.00113225
0.000158608
3.8051e-007
5.78669e-005
3.84079e-005
0.000245361
0.0001217
3.96324e-005
0
3.03579e-005
7.46553e-012
9.22533e-007
2.11426e-006
2.15195e-005
0.000617915
0.000374319
5.44177e-006
0
3.80458e-006
0.0140358
0
0.000406377
0.000781414
6.80129e-007
0.000118326
0.00110489
0
0
5.98701e-005
0.0173624
0
2.13231e-005
0.0205869
0.00102426
1.17997e-005
0.000488938
0.000230314
0.000208062
3.98401e-005
0
8.29881e-012
0.000121895
0.000525269
0.00297688
9.59964e-005
0.00132917
0.0007732
0.000148798
0.0006142
9.75559e-005
0
0
0.000592215
7.52913e-005
1.94446e-006
2.7549e-006
0.000545692
7.4178e-008
0.000647138
6.51575e-006
0.000144112
0.000201491
3.15579e-005
-8.76546e-017
0.000252234
0.000400504
0.00013606
0
0.00094845
0.000219028
3.82218e-005
0.00156341
0.000380824
0.000893287
0.00026223
0
0.000736258
0.000940484
0
1.4319e-005
4.51309e-005
0.0027293
0.00488296
0.0108692
5.21519e-005
2.03102e-009
1.76827e-005
0
0.000116694
0.000371067
0.0122213
0.0123722
-1.06405e-009
0.000289871
0.0013262
5.41308e-005
0.000339433
6.95659e-005
5.12357e-005
3.00444e-005
0
1.60816e-005
0
2.42735e-005
0.00151356
0.000357421
0.00563643
4.2946e-006
1.53977e-007
4.17565e-005
0
0.000173347
0.000730551
0.00104471
0.0218058
9.52191e-005
0.0003055
0.000106793
0.00301814
0.00801512
0.0154137
0.00857293
0.00509561
0.000523192
0.00716379
9.06408e-005
0.000144586
1.69987e-006
8.2178e-006
3.31636e-005
2.14038e-007
1.57855e-005
1.99383e-005
0
0
1.091e-005
0
0.0006989
3.72386e-005
3.66655e-009
0
0
0.000363607
0.000847684
0.000150488
7.60985e-005
0.0139907
4.55309e-006
1.82567e-005
0.00441586
0.000202309
3.44995e-005
7.79578e-005
5.16982e-005
0
0.000352458
4.2003e-005
9.10709e-012
2.04053e-005
0.017411
8.43541e-005
0.000113037
1.64633e-005
0.000258889
5.53072e-007
7.92891e-005
1.92608e-005
4.84585e-005
-1.96259e-009
2.37275e-005
0
6.67097e-006
0
2.39643e-006
5.87024e-007
1.86101e-007
1.64983e-006
3.01772e-005
5.19146e-005
2.75757e-005
0.000228505
0.00100701
4.14465e-005
0
0.000770586
2.00663e-005
7.59751e-006
0.00176682
0
6.87399e-006
5.13528e-005
1.46242e-005
0
8.6292e-010
0.00966744
4.84991e-006
1.56474e-006
2.98603e-006
9.12022e-005
0
0
0.000529024
0.000915586
4.72898e-006
0.00094217
0.000646439
0.000183161
0.00015437
0.0026714
4.30471e-008
0.000295407
0.00253153
0
8.78844e-005
0.00466024
0.00410782
1.0959e-005
0
1.07315e-013
0.000169645
1.3288e-005
2.00887e-005
4.76958e-005
0.00764332
2.66124e-006
6.25054e-005
1.42142e-006
6.12867e-005
0
0.000444785
0
2.19584e-005
0.00314824
0.0145457
9.95904e-009
2.6954e-006
1.98288e-005
1.13999e-005
3.98483e-005
1.80791e-005
3.75207e-010
0
2.54922e-012
1.01787e-005
0.000258062
0.000983063
0.000588129
3.71169e-008
0
6.91488e-013
0
0.0095604
0
2.68465e-008
0.000847096
4.27408e-005
0.000112738
0.000911212
7.4263e-008
0.00143629
0.000144353
0.000273228
4.25193e-006
4.59161e-007
0
0.00181519
9.42398e-005
6.2149e-005
0
0.000330267
2.39577e-007
0.000125926
6.73633e-005
0.000169031
0.000540954
4.1357e-005
0.038737
0.00250764
0.00254835
0
0
0
3.6763e-006
1.95655e-005
0
2.59263e-005
0.000156696
9.00766e-005
0
7.70267e-006
0.00489435
0.0076716
4.62326e-006
0
7.19263e-006
2.43953e-005
7.51961e-006
0.000295907
0.000711347
0
7.12555e-005
0
-6.90979e-011
0
4.42736e-005
0.000500717
0.000988629
0.000677651
0.00139006
0.00058044
-1.0053e-010
0.00254858
3.68444e-005
0.00565349
1.52119e-005
5.66508e-005
0.000257157
0
6.7032e-005
0
2.10673e-008
7.1e-007
0.00494348
3.31511e-006
0
0.000156935
0.00367711
0.00120943
0
0.000251178
4.85178e-005
9.1811e-006
0.00185383
0
1.67502e-008
0.00685585
4.07157e-005
8.46362e-006
0
0.00490202
0.000283099
0.0145825
1.59618e-005
0
0.0125774
0
0
0.00237742
3.8402e-007
6.68699e-005
0.00146028
0.00155687
0.0029675
0.0010624
0.000154146
0.00179999
5.2486e-005
4.83029e-005
0.00556775
0.000580922
2.04464e-007
0.000322494
1.08449e-005
0.000295518
7.28106e-005
2.38089e-009
0
0
0
5.10035e-005
0.000109233
5.18196e-005
4.46011e-005
5.55672e-013
0.0160198
-1.99005e-009
0
0.00175407
0
1.28624e-005
5.63181e-005
0.00366287
6.14327e-005
0
0.00148889
0.0122634
0.000178633
0.000262119
0.000269547
0.00213994
9.95615e-005
5.40147e-005
3.26149e-005
4.97447e-005
1.76847e-005
0.0245448
0.000329706
7.22092e-005
6.05235e-005
1.45079e-009
7.72029e-005
8.81845e-007
0.00313131
0.0138298
0
5.23531e-005
1.58826e-005
0
0.000143152
6.58722e-007
8.85413e-005
0.000147286
9.72762e-005
0
0.00333581
0.000387379
0.000356377
0.000124665
0.00576305
0
0.000695569
0.000345937
7.30441e-011
0.000521904
9.90007e-006
0.00423192
5.48546e-006
1.31676e-005
3.4733e-008
0.00021714
-2.25382e-009
1.9205e-005
5.00296e-007
0.000302871
4.05295e-005
0
6.49541e-005
7.01706e-006
0
8.92262e-005
0.000519063
0.00045554
0
1.17205e-008
2.66305e-005
0
0.00227848
0.017514
0.00160338
0
0
0.000632706
9.54488e-006
0
0.00485345
3.3466e-014
0.000305386
0.0084382
0.00355477
2.18722e-005
9.82943e-005
2.61889e-006
6.92102e-013
0.000115102
0.00370973
0.000191929
0.000258826
0.000185495
0.000131629
0.00023938
0.000469404
0.000205445
0.000109239
2.98315e-010
0.0036589
4.59085e-006
0
0.000263284
1.09048e-005
2.68527e-005
2.34197e-005
0.0114609
6.77878e-008
0.00471311
0.000913727
0.000164752
1.7615e-005
0.000186093
0.00143255
3.92888e-007
0
0
0.000502602
0.000199968
0
0.000945602
0
0.000329434
4.99456e-005
5.9477e-007
4.92382e-007
0.00122964
0.000463993
0.001458
9.44096e-005
0.000295482
5.15597e-005
0.000146827
9.67408e-005
4.25887e-008
0.00115836
3.80583e-007
0.000862326
0.00740398
0.00154285
0.00026518
0
0.000111057
1.71068e-009
0.00013944
0.000726215
0.00062456
0.00678837
0.00161654
9.8611e-007
0.000607815
0
0.000100486
6.36763e-005
0
0
1.00202e-005
0.00163648
0.00536416
0.00188201
0.000361025
9.71694e-005
0.00120034
0.0122443
0.000923889
0.000406984
4.54366e-005
1.79404e-005
0.000320007
0.000141769
0.000878185
0.00184861
0
1.04632e-006
1.76173e-007
0.000649939
9.04965e-005
0.00251281
7.97863e-005
0
4.83192e-005
0.00289242
3.32313e-005
2.11367e-006
1.30478e-005
5.32917e-009
3.78623e-007
3.25754e-008
0
0.00284454
0.00185395
0.00252313
0.00476114
8.72024e-005
1.66036e-005
0.000227443
8.99641e-005
0.000137342
0.000414296
0.000419803
5.53652e-006
0
0.00106822
1.56726e-005
0
0.000734484
0.00371168
7.03895e-005
0.00206929
6.769e-005
0.000823569
0.000130555
0
1.94014e-005
0.000837333
1.33806e-010
0.0220039
0.012221
4.07971e-007
0.00205005
0.000180983
4.30757e-005
0.00098864
7.8649e-008
0.000107075
0.000858381
8.54449e-005
9.2381e-007
0.0116608
2.30028e-005
5.14871e-005
1.2188e-006
0.0111759
0
3.6266e-005
2.96209e-005
0.000241424
1.80221e-006
0.0126371
0.00463079
0.000537812
0
0.000117328
7.36751e-007
0.000161321
1.50361e-005
9.24385e-005
2.8603e-005
0.00790492
9.66786e-007
0.000178531
3.80299e-006
0.00181466
1.63544e-006
1.61373e-006
0
0.000912237
6.10411e-006
0.000335863
2.68453e-008
2.34689e-006
4.51417e-006
0.000449598
0.000101445
9.15456e-005
0.0155168
0.0102902
3.72651e-005
0.0123208
1.39215e-005
0.000203916
0
0.0001438
3.43646e-006
0.0373949
0.00133701
0.00118892
0
8.13332e-005
9.41169e-011
0.000119903
0.00011441
0
0.000132833
0.000904683
0.000163193
0.000232161
0.000388209
0.00035373
0.00527827
0.00210253
3.81103e-006
0.0122344
0
0.00576576
0.00891192
4.76757e-006
0.00042414
4.46428e-005
0.0120663
8.49861e-005
2.94313e-008
2.0911e-005
0.000162634
2.71375e-005
0.00449078
3.1307e-006
0
3.39691e-005
2.62356e-005
0.00876229
0.000307011
0.00163936
0
1.62764e-006
0.000517436
0
0.000224941
1.10635e-006
8.04208e-005
5.02614e-006
0.00450516
4.56428e-005
0.0147057
0.000208146
0
0.000108944
4.7784e-005
0.00134011
3.32086e-007
2.92421e-005
9.06237e-006
0.000675818
0
5.43869e-005
1.12023e-007
6.56325e-006
0.000425547
5.38601e-009
0
0.000321605
1.38265e-006
1.31313e-006
0.000561784
4.25233e-005
0.000780475
0.000105284
0.000112407
4.44292e-009
0.000104958
0
0.000358586
0.000363052
0.000894505
2.51115e-007
9.13756e-006
6.18626e-005
2.36093e-007
1.22782e-005
7.30747e-005
0
7.59712e-006
0
0
6.72885e-006
0.00729975
0
0.00329543
8.82454e-005
6.79034e-008
0.000349768
4.41768e-005
0.000102631
6.41891e-005
0.00256166
0.000136937
0.000310103
3.07093e-005
0.0198581
0.0153919
0.000152518
4.44936e-005
0.0147974
0
1.44776e-005
1.11959e-005
2.48263e-007
0.0136627
0.000196631
1.54433e-005
0
0.000133758
0
0.000152477
6.37345e-005
5.89588e-006
1.12259e-005
0.00011716
8.69636e-005
0.000426428
3.8178e-005
0.00250955
0.000350649
0
0.000139835
6.41274e-007
0.000185191
0.00916662
0.00213148
0.000809357
0.00225209
1.52695e-007
6.83092e-005
9.3444e-010
0.000133218
0.000181238
0
0.000325631
1.24456e-005
0.00390097
0.00244801
0.000139439
1.18459e-005
3.115e-006
0.000444356
0.000423451
1.06834e-006
7.97023e-009
2.4406e-007
2.4559e-009
1.41141e-005
3.52657e-005
1.22636e-005
0
3.40616e-006
0.000144544
9.00659e-005
0.000818535
0
1.23773e-006
2.78628e-005
0
2.05373e-006
5.01248e-005
0.00102124
0.000724025
0.000867538
0.000988958
0
0
0.000233552
0.000791855
0
0.000299236
1.90223e-009
0.00402869
9.10442e-005
7.0401e-005
0.000233585
5.39594e-005
-3.07074e-009
2.38075e-005
0.00276733
0.000866653
0.00032295
2.7782e-007
0.0124276
2.01887e-005
3.20534e-005
0.00101682
0.00136851
4.03254e-006
7.63493e-005
6.01322e-007
2.85931e-005
0.0102965
0.000316199
5.95923e-005
1.00204e-005
2.19151e-005
0.00010586
0
3.67461e-005
1.98111e-005
0.00222827
1.82868e-007
0.000550567
0.000790337
9.40355e-006
0
1.23478e-005
0.00195912
2.73388e-005
1.61952e-009
7.32307e-005
7.56145e-007
2.82501e-005
0.00288399
0.0012236
0.00138726
5.00822e-006
1.35854e-006
0.00106357
6.73048e-005
-7.41364e-015
1.09512e-005
0
0.000229691
6.21765e-005
3.69701e-005
0.000359419
0.00458582
4.54228e-006
0.0045089
0.00231524
0
4.63474e-006
9.5262e-005
2.51285e-005
0.0025204
6.755e-005
0
2.59479e-005
8.28568e-005
9.70416e-010
0.0041671
2.98976e-005
2.59909e-005
2.74273e-005
0.00595879
1.05465e-005
1.37031e-005
0.000218212
9.0062e-005
9.82975e-005
1.16165e-005
5.3285e-005
0.00013571
1.11295e-005
9.67271e-006
4.61458e-005
6.42718e-006
6.20574e-006
5.32922e-005
0.0118531
2.19104e-005
0.00337587
8.47458e-006
4.24172e-006
0.000573316
0.000147138
1.01876e-005
3.77822e-006
0.00893936
0.000171406
0.00101127
1.45934e-007
1.32097e-005
0.000255219
3.72745e-006
0.000839503
9.38114e-007
8.28703e-012
3.00025e-008
5.9649e-006
0.00103073
0.000289914
1.21252e-006
3.43817e-005
1.13622e-006
2.57244e-005
4.32701e-005
1.19247e-007
1.81585e-006
0
0
0.00063847
9.77642e-005
0.000372113
1.33416e-006
4.43956e-006
5.19912e-006
4.06946e-006
1.07374e-005
0.00019645
6.80587e-005
0
4.98389e-005
2.30821e-007
0
0.00137217
0.000276548
3.43474e-006
0.000511337
0.000692664
0.000244225
0.000352937
4.36154e-005
0.000441344
5.54973e-005
0
7.17403e-005
1.25678e-005
0.000203466
1.09955e-005
4.35005e-006
4.15214e-005
4.68952e-005
0.00209644
2.15291e-005
2.19348e-006
0.000132187
7.96833e-005
6.47319e-007
0.000330033
2.46165e-008
0.000464182
4.07415e-005
0
0.00546865
1.52367e-006
0.000278477
0.00275349
0.00222553
0
4.24337e-009
0.000680967
0.000388747
0.000121901
0.000401235
1.10296e-005
0.000102305
0
0.00027227
3.18804e-007
2.57673e-005
1.44317e-005
1.8555e-010
0
1.79028e-005
9.43599e-005
0
1.2684e-005
0
4.51956e-005
2.21089e-008
2.84547e-007
0.00599563
1.44112e-005
4.01396e-005
0
0.000171732
0.000203698
0.00423562
0
0
6.29787e-005
2.23951e-005
0.00582633
0.00294685
0.00109965
0.000443009
0.000113279
1.55823e-008
0.000300682
0
4.33983e-006
6.61308e-005
1.23296e-006
4.66136e-006
5.70005e-005
1.73378e-006
0
2.33288e-005
9.07214e-009
0.00447529
0.00011723
0.000232106
0.00455726
1.83959e-005
3.48646e-006
1.92058e-009
0.000108042
0.00406893
2.80933e-007
7.35375e-005
1.43633e-006
1.90157e-005
1.66102e-005
2.6185e-005
0
7.41362e-015
3.78e-005
0.000444803
9.94851e-006
0.000151268
0.000167809
0.00532311
6.88355e-005
5.90331e-005
1.47341e-007
9.08809e-008
5.3962e-005
7.28731e-007
0.000385876
0.000297958
2.85619e-008
0.00653894
0
0
0.000272909
1.35136e-005
6.05866e-005
0.00700833
0.000301114
7.22157e-008
4.27966e-005
7.33831e-005
0.00682009
0
0.00177642
0
0
5.88638e-005
2.5384e-005
0.00026392
0.00250462
0.000406663
9.00093e-006
1.04748e-005
6.91554e-005
0.000210644
0.0153316
1.23259e-005
0.00176853
3.50599e-005
2.99614e-005
6.60176e-005
3.31162e-007
6.70464e-005
0.000329078
4.45534e-005
3.78133e-006
3.9904e-006
9.77737e-006
1.21399e-005
2.155e-006
0.0005883
-5.74892e-012
2.35407e-005
1.35247e-005
0.00222443
2.0322e-006
7.44873e-006
0.00495978
9.66892e-007
1.96725e-009
0
3.05194e-006
5.46611e-005
0.000121506
3.69762e-005
0.00495447
0.00866776
0.000275999
1.55147e-006
8.98543e-005
2.18375e-006
0.00133027
1.85463e-006
1.9886e-006
0.00012625
7.15058e-005
0
0.000303005
4.98912e-005
3.53461e-007
0.000225228
2.15757e-006
5.19311e-006
0.000110781
0.000154812
0.000105958
0
0
0.000227476
0.000114646
2.51303e-006
7.23986e-005
9.32847e-006
1.51242e-005
1.21174e-005
7.43251e-006
6.44368e-005
0.00353955
2.66349e-005
4.92586e-005
0.00401491
3.88916e-005
1.68241e-005
5.59374e-005
1.38978e-008
2.39164e-007
0.000250396
0
1.28922e-006
0.000138363
0.00072365
0.0107748
4.44292e-009
6.60485e-006
0.00983116
0.000126622
1.28454e-006
0.00814887
0.00493936
0.000703184
1.97157e-005
1.62137e-005
0
1.45906e-005
0.000235339
6.97473e-005
3.70969e-005
0.000235231
0
0.000223468
2.1237e-005
3.20944e-007
9.64291e-005
5.50025e-005
4.95938e-005
8.5728e-005
0.0099163
0.000473201
0
4.5451e-006
0.000177903
3.15375e-005
1.75882e-010
0
2.21023e-005
1.1343e-005
1.6138e-005
0.00137309
4.08187e-005
3.06011e-005
5.1074e-005
4.81329e-005
3.60055e-007
6.25347e-007
9.06997e-005
-7.23387e-017
0
0
0.000157381
8.83415e-005
0.000101586
6.56526e-007
0.00031588
0
7.22932e-008
1.51414e-006
6.07668e-007
0
0.000908635
1.05537e-005
0.000238088
3.34385e-005
2.50687e-006
0
1.86231e-010
4.55381e-005
0.000101822
0.000369991
2.14441e-005
0.000210659
1.35035e-005
8.41048e-006
0
8.90495e-008
4.23985e-005
0.0034038
1.19117e-007
0
3.68394e-006
0.00018347
0.00154907
6.07919e-005
0.000209006
3.53414e-005
1.61906e-006
8.19943e-006
5.43643e-005
0.000163496
0.0041676
6.70867e-005
9.75317e-005
0.000210926
0.00311492
0.000813885
1.4373e-005
9.15371e-006
7.70525e-005
8.89548e-005
0.000234314
5.91853e-005
0
0.000161598
2.57257e-005
5.67399e-005
7.46468e-005
0
1.00744e-005
0.000131424
0.000102157
2.27659e-005
0
0
0.000544684
3.48904e-007
0.000194906
7.38336e-005
0.000192188
0.000334825
1.78808e-010
0.00051308
6.87123e-005
0
4.57264e-007
0.00015945
5.59353e-005
0
1.95345e-008
2.63463e-006
0
0.000208569
0.000135467
2.83814e-006
5.90953e-006
0
9.40361e-007
0.000184103
6.49757e-006
7.69836e-005
3.39678e-005
5.71724e-007
0.000170394
5.2616e-007
5.04999e-006
7.80194e-005
0
0
0
7.12593e-005
0.00018373
0.000903948
8.74821e-005
0
0
8.66244e-005
0.003819
0
4.86881e-005
8.75495e-005
0.000105124
4.43131e-005
1.76025e-005
0.00395847
1.80732e-005
0.000884136
5.95889e-005
1.89728e-005
0.000113831
3.82793e-006
6.4914e-007
4.96824e-005
0.000227127
1.6615e-006
0.000120713
1.3907e-007
0.00122337
0.00386007
0.00125324
0.00133773
0.00084241
0.000315899
0.000104528
1.14899e-006
0.000130243
0.000471315
5.3913e-005
0.000486183
0.000295816
8.64714e-007
0.00363474
0.000261563
3.76474e-005
0.000329692
0
3.74534e-006
7.36664e-006
0.00112472
0.00617325
0.00148106
0.0157748
3.88223e-006
3.13558e-009
2.89038e-006
5.32383e-008
0.000708994
4.30389e-008
8.1967e-005
0.00182709
9.02621e-005
2.84868e-005
0
5.01404e-005
3.11396e-005
4.42551e-008
1.13833e-005
0
4.38963e-005
0
2.30026e-005
0.00195642
9.34433e-010
2.90023e-005
3.71199e-015
0.000163287
9.05288e-007
2.28844e-005
1.23238e-005
5.71492e-005
2.81219e-005
0
3.59965e-005
0
0.00013539
3.57186e-008
7.64289e-007
0
4.02861e-005
1.30202e-005
6.21899e-007
3.44715e-006
0.000154176
0.000132258
0.00015129
0.00103581
8.7078e-005
0.000425138
6.4562e-006
1.94998e-006
1.43373e-006
0.000112174
0.00229147
7.83363e-006
0
0
0.00520387
0
0.000128016
1.18762e-009
4.52625e-005
0
0.000454134
0.000171357
0.000243804
8.8193e-005
0.00357808
5.13258e-005
0.00243981
1.8245e-006
6.14881e-005
1.06345e-005
1.33746e-005
3.30681e-005
6.43177e-006
0
8.41108e-005
0.00274797
2.96719e-009
1.75688e-006
0
4.21502e-005
0
8.64051e-005
0.00114703
1.51345e-005
0.00321825
0.00138054
0.000215897
0
0.00260379
0.000106283
0.00361021
0.00183568
4.10868e-006
1.88317e-005
5.73636e-005
0.000103238
0
9.30193e-006
2.0442e-006
0.000143005
2.24197e-005
0
0.000420124
3.93894e-005
0.00418739
7.01733e-006
4.15517e-006
0.000109195
5.272e-006
1.82873e-007
7.75391e-005
0.000371388
1.4456e-005
2.31393e-005
0.0122688
1.46822e-007
7.11049e-005
1.30142e-007
6.93398e-005
9.09139e-005
1.91664e-005
1.53693e-009
1.23896e-005
5.54359e-006
0.00187855
1.99827e-006
0.000299614
0
0
7.32038e-005
9.47026e-006
6.65146e-006
0.000737189
1.46509e-006
7.71542e-005
0
0.000103512
0
0.00013989
0
4.28734e-005
0.00228562
0.000103827
0.00015016
0
6.76163e-005
0.0027797
5.11545e-005
0.00214607
3.37356e-006
0.000174432
7.87991e-005
0.000329182
1.6847e-006
5.23156e-006
5.63298e-005
1.12463e-005
0.000185062
5.17756e-005
2.9372e-005
0.0059129
5.61068e-005
0.000913245
0.000477657
0
6.7366e-005
1.02033e-005
1.43812e-005
0.000156167
4.55378e-005
2.5596e-005
2.7816e-008
5.97311e-005
0.000264644
1.38996e-005
3.74713e-005
0.000219079
0.000416971
4.90972e-006
0.0024181
1.27297e-005
0.00345677
8.55784e-006
3.56552e-006
0.000249574
2.23978e-005
1.16082e-005
5.13897e-005
0.00117257
4.26693e-005
2.17979e-009
9.54114e-005
0.00478237
0.00156225
5.19841e-005
0.000511646
3.71386e-015
5.54318e-005
0.000136072
3.5457e-005
0.000386577
0.00240525
7.19077e-005
0.000118575
0.000162161
0.00622752
2.0342e-008
0.00261822
0.000112932
9.98521e-007
5.56209e-005
1.84731e-006
0.000326191
6.77575e-006
8.61496e-007
0.000472103
1.98051e-005
4.35859e-010
2.43668e-008
0.000846919
0
0.00405481
8.17481e-005
1.11875e-005
0.000169465
1.05508e-006
3.37623e-005
1.10566e-005
1.12589e-005
1.5958e-005
5.59653e-007
0.00109578
8.53729e-005
2.11495e-005
4.99058e-005
9.36644e-006
8.71332e-005
0.000154882
0.00462967
0.0123939
1.28941e-005
4.25171e-005
7.79392e-005
0.000712103
0.000998378
0.0014843
1.67201e-008
0.00117255
0.0217959
0.00105614
9.11526e-005
0.000123205
0
1.69121e-006
1.65711e-005
5.94003e-006
0.000358433
1.21319e-005
0.000286677
0
4.3939e-005
1.00659e-005
0.000975641
7.99722e-006
8.15141e-005
0.00183485
9.50831e-006
0.000682914
1.4851e-005
0.000145616
0.000354516
2.47005e-005
0.000172848
1.10936e-005
0.000597771
0.000162079
5.23622e-007
0.000192112
1.23645e-005
2.03471e-005
0.00129582
0
1.24695e-006
0.0019652
0.000151697
0
6.69529e-014
0
2.50038e-006
0.000142046
2.15535e-005
0.00021758
0.000161813
5.29728e-005
0.00530609
1.04526e-006
0.000115717
2.688e-006
0.000322409
6.85853e-006
0
0.000180831
6.50054e-006
3.98773e-005
1.64298e-006
1.22886e-010
0.00744774
0.000150303
6.83333e-006
1.00957e-005
0
1.19301e-005
0.00251954
6.72544e-005
0.000101786
0.00153268
4.2085e-005
2.04344e-005
-1.04227e-010
0.000133376
0.00067817
0.000190569
0.00446842
8.91921e-008
0.000232459
0.000878932
0.000682058
0.00061515
0
0.00180074
4.45535e-005
0.000114309
0.000178596
5.86195e-006
4.33245e-005
1.34704e-005
0.00915608
0
0
0
5.48149e-005
0.000498808
0.00042217
2.66718e-005
0.000559954
0.00050527
0.0012544
0.000109839
0.000320988
1.84756e-005
4.33339e-005
0.00721003
7.76665e-005
7.25671e-005
0.000114842
0.00190995
1.93669e-006
0.000138848
0.000111124
0.010132
0
2.89366e-005
0.000864498
0.00379381
0
0.000152881
0
0.000122474
0.00109411
0.000186076
2.61558e-008
0.000613733
0.00107334
1.40582e-007
4.12171e-005
0.0011644
4.38267e-007
0
1.91163e-006
1.93738e-005
3.53374e-005
0.0132802
8.3941e-005
0.000117117
0.00030717
0.000142416
2.49604e-008
0.000128622
0.000960301
4.00407e-005
5.09712e-005
0.00034698
0.000757822
0.000252909
0.000362577
1.56185e-007
5.54761e-005
1.44939e-005
0.00119354
8.33288e-006
0
0
0
0.000232748
3.20306e-006
0.00114997
0.000608757
1.91136e-005
4.58588e-007
8.80176e-005
0.00206603
1.59101e-005
5.06936e-006
6.8016e-006
0.000281371
2.69908e-005
0.000296474
3.78598e-005
0.000101709
7.44184e-006
8.3729e-006
0.00022894
3.29337e-005
6.81771e-007
0.000469138
0.000139488
4.57904e-006
0
5.86696e-006
0.000689339
7.75402e-005
9.3277e-006
6.30331e-007
0.00798414
0.000472316
8.22354e-007
0.00306827
0
0.000165046
0.000188055
8.34288e-005
3.89335e-005
0
0.000471356
9.82187e-005
4.38969e-005
0
0.000460751
2.85393e-005
5.35542e-005
0.00174484
1.50076e-008
3.22897e-006
0.000160899
0.000208836
0.000749825
8.2984e-005
2.70416e-006
2.96909e-005
6.30054e-005
0.000716393
0.000128738
3.19838e-005
0.000117476
0
0.000629157
6.76028e-005
0.00201428
0.000399396
0.00054978
0.00285205
0
8.74789e-005
3.32959e-006
1.23442e-005
3.56976e-008
2.11414e-006
3.827e-005
0.000214996
2.48726e-006
1.63812e-005
0
3.34933e-007
1.10843e-007
2.89442e-006
2.68158e-005
9.40833e-006
1.54092e-006
0.000334884
0.000235073
0
1.87691e-006
1.5922e-005
2.93048e-009
3.89688e-005
0.00762505
0.00533395
1.04989e-005
0.00307868
1.87938e-005
5.47592e-006
0.000804875
0.000822432
0.000320859
9.53888e-006
7.9266e-005
0.000129626
8.67881e-006
8.51809e-006
4.38526e-006
0
7.81305e-005
0.000199139
0.0001528
1.75882e-010
0.000108329
3.38395e-006
0.000154971
0
0.00797211
0.000520472
5.42117e-007
7.68543e-009
4.41617e-005
3.34819e-005
7.82714e-006
9.65827e-006
0.000245014
0.000131488
0.00045616
0.000256577
5.34602e-006
9.76045e-005
2.72825e-005
-1.10534e-009
0
6.35435e-005
0.00668368
4.87394e-006
0.00103684
0.00102222
0.0119559
2.17592e-008
7.98476e-006
0.00981623
-2.36406e-009
0.00043808
1.09408e-009
0.000105
2.54966e-006
4.68874e-005
2.82759e-005
0
0.000152501
2.43869e-005
0.0002237
0.00774016
0.000107326
0.000699659
3.41176e-005
6.21654e-005
3.64235e-005
3.16546e-006
0.000166487
0
0
8.89175e-006
0.000229523
7.7491e-006
0.00113352
0
1.63988e-005
0.00200795
0
0.00687797
7.81671e-006
2.09014e-007
0.0070107
0.000663446
0.000145421
1.00263e-005
0.000266155
0.000217568
0.00081347
5.01858e-007
5.53684e-005
0.000466791
1.62551e-005
3.17031e-006
9.87903e-005
6.05562e-005
5.17788e-005
0
0.00040445
7.37235e-006
0
0
2.30661e-005
8.51661e-005
0.00630315
3.10135e-006
6.2395e-005
8.05892e-005
3.89048e-008
0.000202951
0.000416953
3.33824e-005
0.00147471
3.63863e-005
6.30197e-006
0
0.000486465
0.000390081
2.03868e-006
0
0.00021088
2.06489e-013
1.29217e-006
1.87168e-005
0.00045865
0.00076969
1.02273e-005
5.47569e-007
0.000136726
9.64233e-008
3.74762e-005
0.000371988
0
2.87696e-007
0.000136002
8.10305e-005
0.000145317
0.000997505
3.00586e-006
0
0.000211713
7.11789e-005
3.42637e-007
0
1.27911e-005
0.000235302
0.000500522
0.000480947
0.000385156
0.000249741
0.00255885
0.00171695
0.00636056
3.09768e-005
0
4.96181e-005
0.000328412
1.71976e-006
0
0.000197756
9.09835e-006
1.35454e-006
1.89093e-005
1.53962e-005
3.28796e-006
0.000119869
1.6571e-005
0.000204055
2.64473e-005
-4.63826e-015
0.000970444
8.94166e-006
0.000883173
3.10226e-006
1.2543e-006
9.6073e-006
1.68044e-007
0.000376144
9.20003e-005
5.63274e-005
5.14994e-006
7.30113e-006
5.45186e-005
0.000307174
0.000496802
0.000135747
0.000106736
0.00169184
0.000274871
0.000314674
3.39243e-007
0
0.00299904
4.96561e-005
7.53749e-007
3.0051e-006
0.000432424
4.42898e-006
8.64424e-005
7.27733e-005
6.36369e-005
1.35294e-005
0
0.000647645
0.000486007
7.26472e-007
2.17308e-006
0.00330282
8.49261e-005
0.00083982
2.36642e-005
3.96813e-008
0.000133735
0.0012604
0
7.90234e-005
0.00348912
7.37118e-006
0.00042413
0.000125946
1.14925e-007
3.85557e-006
0.000126748
0.00221737
0.000580672
2.01925e-006
0.00342549
4.35236e-005
0.00170559
1.86752e-007
0.000146968
0.00106391
0
3.17304e-006
1.28442e-005
2.42961e-005
0.00071439
0.000111122
0.00243742
4.46901e-007
3.24108e-006
0.000941214
2.94793e-005
4.18713e-006
9.04529e-006
0.00157506
0.00144633
0.000346091
9.52413e-005
0.000300555
4.85801e-005
0.000139703
5.29367e-010
0.00148015
0.00513907
3.56463e-006
0.000188623
0.000799699
0.000111976
7.35164e-005
0.000282221
0
0.000305524
2.70902e-005
0
4.08276e-006
1.25324e-005
0.000329013
0
1.0525e-008
0.000135625
5.68039e-005
0.000208914
0.0038434
0.00278892
1.51936e-008
3.91573e-005
4.62896e-005
4.9021e-005
2.27523e-007
0.000167196
0.000143898
0.000348048
0
2.46251e-005
0.00253398
0.000252922
3.8201e-005
2.08862e-005
0.000483327
2.3691e-005
0.000880627
0.0200108
0
5.5462e-005
6.91229e-005
0.000225364
1.80625e-005
6.02627e-005
2.83218e-005
1.2913e-006
0.000243804
2.24969e-005
3.73059e-007
8.51333e-007
9.09906e-006
8.93712e-006
8.3601e-005
0.000461335
0.000154885
4.1618e-013
2.68693e-005
6.6413e-005
1.35267e-005
0.00185781
1.46312e-009
0.00387328
0.00109416
4.45651e-006
2.61284e-006
0.000203242
1.44717e-005
3.55072e-005
6.55642e-008
8.87735e-007
0
0
9.4185e-006
0.000262963
2.78617e-007
0
0.000187155
5.32179e-006
0.000473439
0
0
2.1516e-006
0.00102134
5.57995e-005
0.00109099
6.57408e-005
3.68025e-005
0.000145567
0.000477675
9.85842e-005
8.54146e-005
0.0207781
1.81855e-007
0.00202882
1.04641e-007
0.000508931
0.000139547
4.8698e-005
0.000733157
3.23433e-020
0.00695072
2.56445e-006
0
1.92949e-006
0.00342588
2.50567e-005
-4.31523e-010
0
0.00326349
0.000695525
0
0.00122728
2.20534e-005
0.000167948
1.30756e-006
2.58958e-008
5.90504e-005
3.70954e-005
2.76837e-005
9.81019e-005
0.000354922
7.88699e-008
5.32774e-005
0
0
2.23331e-005
2.69208e-006
4.43588e-005
0.00111922
0.00225649
6.68844e-006
0.000158324
2.52393e-005
8.21713e-005
7.11854e-008
4.69346e-005
0
3.95393e-009
2.94756e-005
1.0233e-006
6.31898e-006
5.82641e-006
0.000237537
0
0.00242254
1.57791e-006
0.000191079
0.000103359
0.000110047
1.92028e-005
4.70226e-007
0.000120188
9.41139e-005
0.00221032
0.000603572
1.49675e-005
0.000482455
0.000494635
5.85329e-008
1.68249e-005
0.000182017
0.000411892
0
0.00117069
0.000317201
0.000154058
0
0.000364024
3.10333e-006
9.37584e-005
0.00296189
0.000824998
0
0.00259528
4.65469e-006
0.00117024
0.000302327
8.70485e-005
1.06073e-005
9.22473e-007
0.000110535
2.42234e-005
7.02605e-007
4.75999e-005
0.000598258
0.0187994
6.62139e-005
9.89508e-005
3.67593e-006
0.000110246
0.000140396
4.3692e-005
0.000149925
3.11024e-006
0.000193399
6.70279e-005
6.82778e-005
8.72039e-006
3.1661e-006
5.24522e-006
0.0018809
0.000354643
0
8.90436e-006
0.00261095
0.000291596
9.26199e-007
0.000539512
0
2.62609e-006
7.76834e-007
1.90793e-005
8.21011e-005
0
0.000154725
9.71103e-005
0
0.000130897
1.91343e-005
1.96853e-005
1.62389e-007
0
0
0.000133887
6.05909e-009
0
0.000173307
0.00408779
8.90516e-005
0.000681814
0
2.40213e-005
0.000463048
0.00103472
1.11275e-006
0.000395901
6.69182e-005
0.000356711
0.000158453
0.00038671
5.25595e-005
0.000128892
1.90885e-006
4.97837e-006
0.000162652
1.25034e-008
1.69234e-005
0.00384068
2.77102e-006
1.13019e-005
0.000191651
1.11496e-005
0.000216547
1.9809e-006
6.38864e-005
0.00148037
4.85668e-005
0.00385825
2.96424e-005
0
4.74322e-005
0.000227262
6.61282e-005
9.33892e-005
1.61007e-015
4.32234e-006
0.000231761
0
0.000436957
0.00306571
2.36458e-005
0.00143635
0
-6.1992e-012
0.000233522
0.000447225
6.37633e-005
0.000385834
-4.26347e-012
0
0.000144002
7.11584e-005
0.00481481
1.57294e-005
-2.02135e-011
0.000840421
0.00808203
0.000129387
6.86799e-006
0.000396737
2.91541e-006
0.00572601
7.52936e-008
8.83738e-008
9.77524e-005
0.00101624
0
0
3.41614e-006
6.41167e-006
2.06089e-006
0
4.5139e-005
6.83123e-005
5.62517e-005
0
0.000129974
0
-6.73476e-010
1.58205e-006
0.000409677
6.40167e-007
0.0022387
0.000882202
0.000104218
4.08427e-006
0.000287103
0.00878393
0.00518811
1.56852e-005
0.000151975
0.000254734
7.85383e-010
0.000141051
0.00158154
0.00668346
3.29427e-005
3.0439e-005
1.50207e-006
0.00223348
0.000102354
0
0.000291111
0.000151545
0.000207105
0.000293687
0.000923115
1.17275e-005
8.6215e-006
0.000121981
2.12451e-005
2.06168e-006
0
3.02389e-006
1.1401e-005
7.56714e-009
3.04405e-006
0.00604193
0.00128962
4.66771e-006
2.81461e-005
0.000457011
0.00573541
0.00359806
0.0049941
0
1.14856e-005
0.00368321
0.00108025
0.000945191
0.00327069
0
1.62948e-005
3.24677e-006
0.000676101
9.18536e-006
0.000576721
2.2319e-005
0.000516754
0.00244849
0.000777756
0.00027739
0.00158107
5.67551e-005
0.000478851
0.0001765
5.98437e-005
2.2093e-009
0.00203305
5.88695e-005
1.84212e-005
0.000100511
0.000256656
0.000916746
4.26386e-005
6.05728e-006
0.00895999
0.000191868
0.000121075
8.09865e-005
0.000277423
0.000646177
0.00234215
8.80864e-007
5.18164e-008
0
2.14194e-005
0.000398932
0.00150734
3.11132e-008
1.29386e-005
0.000574912
0.000292245
9.02317e-006
0.00523103
0.00645784
0.000337172
1.13813e-005
2.50639e-007
2.56525e-005
0.000788
1.22224e-005
7.27763e-006
0.000180886
3.82108e-006
5.15651e-005
0.000102171
0.000612581
1.26733e-005
0.000122152
-2.67948e-009
0.000776567
1.62422e-005
0.00771978
0.00327192
1.15255e-005
2.24142e-008
0
0.000261605
0.000614542
0.00619046
8.72568e-006
0
4.55958e-006
0.000195613
8.73611e-005
0.00238371
7.87736e-006
0.000600968
0.000174541
2.50541e-006
0.000340857
-2.09825e-009
0.0003173
0.000669624
2.0478e-006
0.000379767
5.83387e-007
6.62482e-005
0
5.19098e-005
0
7.16506e-006
0.000361083
2.6996e-006
7.05892e-008
5.06452e-005
0.000444623
3.25321e-020
0.000617936
1.59912e-005
0.000765936
-1.87423e-009
1.71626e-006
0.000418972
5.02145e-005
5.6119e-005
0.000179781
6.98473e-005
6.90387e-010
0.000264637
0.0107944
3.23423e-020
0
9.38668e-008
0
2.28907e-006
0.0002427
0
3.5098e-005
2.36027e-005
0
0.00103025
0.00179994
0.00349038
0.00408515
0.000182757
5.85118e-005
9.77526e-006
0.00350904
0.000146456
2.23123e-005
0
1.85968e-006
0.00301812
8.95404e-005
7.20857e-005
0.000858497
1.76509e-005
7.94255e-005
4.8179e-010
0.00316632
4.86712e-005
0.000615672
2.49562e-009
3.48282e-007
0.000156498
0.00031316
0.000163609
6.09225e-005
1.58659e-006
0.000146323
0.000520282
1.59852e-005
2.09572e-005
0.00025746
1.34713e-005
1.55865e-005
6.90984e-005
4.21142e-005
3.61022e-006
1.65802e-005
0.000112288
0.00188323
0.000118234
6.71393e-006
8.36043e-005
5.21362e-005
1.79435e-006
1.42667e-005
0.00137325
0.000120694
0.0347363
1.42014e-005
0.000191907
0.00270367
5.23658e-005
0.000158159
0.000333249
1.46714e-005
0.000185191
0.000348318
8.76749e-005
3.96736e-005
4.90119e-005
0
0.00130655
0
3.1818e-005
0.000132925
3.7123e-005
0.00105903
1.2457e-006
1.2986e-006
7.49534e-006
0
5.74051e-005
3.65324e-005
4.69404e-005
4.23612e-010
0
1.22273e-005
0.00354747
0
1.18361e-006
3.71368e-005
2.05566e-005
2.25243e-005
0.000836508
0
0.000673973
1.95788e-006
0.00394483
0.0133319
3.21462e-005
0
0.000656706
0.000111325
6.55365e-006
2.62191e-005
1.94274e-005
2.06446e-006
0.000311892
0.00016503
4.20721e-006
0
5.47301e-005
0
0.000871428
0.00013562
7.82086e-006
2.98314e-007
3.20854e-005
0.000252934
0.000118088
1.64018e-015
2.01408e-006
1.55146e-006
0.000251021
1.29209e-005
0.00038931
0.000655763
0.000135864
1.11474e-007
6.23375e-005
1.48006e-006
1.89999e-005
0.000168966
0
1.21312e-005
0.000298361
0.000218179
0.000104649
0.000108715
4.30954e-005
0.000300044
1.39241e-005
4.37052e-007
0.000288013
9.37502e-006
1.48213e-005
0.000168181
3.17751e-005
4.21556e-008
3.31687e-008
0
0.00110475
0.00104666
7.11135e-005
2.48001e-006
4.61547e-007
8.16284e-006
1.70759e-006
1.53532e-005
0.00125426
0.00198766
0.00035173
1.33093e-005
6.24015e-007
9.80658e-005
1.1441e-006
6.85283e-005
0.00316714
0.000662746
4.75596e-006
1.7583e-009
9.20219e-005
0.000113195
0
0
7.28384e-005
9.68653e-007
0
0.000277717
0.00713565
0
0.000101659
2.22074e-005
3.3937e-007
0.000604707
3.87465e-006
5.3068e-007
4.62396e-006
0.000152712
1.79205e-005
0.00201165
4.85677e-006
1.72737e-013
1.63069e-005
1.14232e-005
1.01933e-007
0.000101843
9.14679e-005
0
0.000885811
0.000596354
0.00280599
2.78584e-006
0.00180598
0.000383504
0.000997679
0
0.000250632
9.64113e-006
2.18605e-005
0.00505269
0.00312389
0.00138322
0.000111609
2.27948e-007
0.000180817
0.000946929
0.000785858
0.000546397
1.47089e-007
4.37562e-005
1.2292e-006
0.000743388
9.08607e-006
0.00475098
2.38722e-007
9.08257e-006
1.81298e-006
0.00979204
0.000387532
7.01174e-006
1.82683e-005
5.31279e-005
3.04702e-005
2.50986e-007
0.0075355
1.52091e-005
1.68387e-006
2.89841e-005
0.0030358
1.46761e-005
0.00424992
0.000964499
0.000322901
3.23157e-005
0.00127722
0.00157752
0.00562539
9.79322e-007
0.00148345
1.52784e-008
0.000143351
0.0131995
1.90479e-007
6.97099e-007
6.21392e-006
0.000203023
0.00215847
0.00206618
1.72737e-013
0
4.86224e-005
1.31843e-007
1.07199e-006
0.00900901
9.61769e-007
6.44073e-005
0.000101364
5.43292e-006
0.000164655
5.99666e-005
0.00010277
1.33185e-006
1.09217e-005
5.31113e-005
0
8.73319e-005
4.58854e-005
2.73272e-005
0.0040203
0
0.000114417
9.165e-005
9.07875e-006
0.00392229
0.00047112
0
5.84348e-005
0.00221093
1.78274e-009
0.00291523
0.000164271
2.04207e-005
9.21829e-007
0.00137557
0.00216263
8.5729e-006
0.00105439
2.00446e-005
1.02337e-006
0.00700146
0.000144168
0.000262021
5.48303e-005
0.00015298
1.36988e-006
9.53264e-005
0.00033315
9.51684e-005
0
8.07911e-010
0.003311
8.18565e-006
3.72757e-007
0.00119724
3.35151e-005
0.00248432
0.0010577
8.45362e-006
0.000451708
3.72181e-006
0.000672562
6.31914e-008
0.000107736
0.00105554
4.85186e-006
9.97526e-005
0.000360285
0.000329398
0.000674627
8.99716e-005
1.07308e-007
0.000221834
0
3.55499e-005
0.000438573
0.00106423
4.84091e-005
1.23249e-005
0.00189494
0.000330592
0
1.32644e-005
6.57938e-005
6.82149e-005
0.000152478
0.000620305
7.82961e-008
0.000114747
8.16242e-006
4.43774e-005
1.16487e-005
1.45903e-006
0.00735233
3.5026e-005
2.45074e-009
2.65498e-005
0
1.50916e-008
0.00116796
4.74963e-008
0.00989001
0.00093883
8.45786e-005
0.000187142
1.74289e-007
4.40209e-007
0.000114924
0.00012535
0.00100397
0.00180236
2.53293e-005
4.25591e-005
0.000292258
6.2904e-006
0.00337312
0.00566541
2.47031e-005
9.9015e-005
2.14499e-005
8.19579e-008
9.67007e-006
0
0.000873694
0.000497338
2.67094e-007
0
0.000173304
0.00485408
4.48764e-006
7.95706e-005
2.5827e-005
3.17933e-005
1.96587e-005
3.64592e-011
0.000296952
0.000136689
2.04505e-010
3.12833e-005
0.000100821
2.68316e-006
3.87802e-005
7.99666e-006
5.32184e-006
0.000256757
0.000297274
0
1.53873e-005
0.00227619
0.000304336
0.000287792
1.76229e-005
6.97099e-007
0.00565979
0.00821149
0.00865645
1.79908e-005
0.000156327
0.000990406
4.84188e-006
0.000794834
0.000244511
1.96115e-010
0.000181101
6.76034e-014
0.000610314
0
0
1.29052e-005
0
0
0.000193811
1.57718e-006
0.000219916
0
8.02134e-006
0.00465719
7.3761e-005
2.06036e-006
0.000416164
0.000163904
0.00437995
0.000330359
0.000516803
0.000162374
0.000296189
0.000256285
0.000225386
0.000186756
8.2996e-005
0.000183721
1.97018e-006
1.27121e-005
0.000639169
8.21045e-008
1.18653e-010
-8.55727e-011
1.30681e-005
1.56744e-005
2.56324e-008
0.000453683
0.000889119
0.00014965
0.000147671
0.000241743
0.00266652
1.42405e-005
6.79204e-006
0.0001331
3.31537e-005
1.19718e-005
0.00823668
4.56962e-007
0.000547585
0.000643015
0.000172396
3.29943e-005
4.05222e-006
6.20657e-006
0.00243207
0.00220469
0.00047064
0.000112811
7.85357e-010
5.51491e-005
0.00112371
2.84429e-006
0
0.000516294
4.84272e-007
0.00300414
0.00483552
0
4.74997e-008
1.99463e-006
0
0.00199867
5.87815e-006
5.86905e-005
0
1.01425e-006
0.00118629
0.00030455
7.57055e-005
7.99008e-005
2.90224e-006
0.00197953
0.000796113
0.000532334
1.99515e-005
-8.66129e-022
0.000503221
0.00191235
3.55286e-005
1.61725e-005
1.29956e-008
0.00039955
0.000100631
0.000755498
0.0010555
2.83346e-005
0.000909285
2.2237e-006
0.000433728
1.37585e-005
0.000407575
0.0119696
0.000519192
8.90168e-008
5.14271e-006
2.75889e-007
8.75235e-007
1.88982e-006
0
3.83973e-005
6.06211e-006
0.000835251
5.06109e-005
0.00136862
0.0035613
0.000100088
7.91493e-005
4.1391e-005
1.85789e-007
1.9419e-005
0.000247155
2.15386e-009
0.000122264
9.46134e-005
2.44235e-005
0.000110802
0.000599505
0.000369056
7.34662e-006
3.42151e-005
0.000175822
4.2176e-007
3.4669e-005
2.30398e-009
2.06858e-005
3.32365e-006
0.00026428
3.24415e-006
0
0.00539735
0.000483566
3.73964e-009
9.71601e-009
0.000417749
0.00163367
0.000112072
1.70436e-006
0.000427332
0.000156792
7.16466e-005
0.00352098
8.77312e-007
9.72609e-008
2.52726e-005
0.000360101
0
0.0004352
0.000461488
0.000767775
0.000266096
0
0.000288767
0.000508958
-2.55451e-009
4.03882e-005
0.00330752
0.000678853
0.000242748
-2.32898e-009
7.27859e-009
0.00251441
0.00657031
7.47725e-005
0.00113861
5.85548e-005
5.24588e-007
0.00040151
0.00228619
-1.48547e-009
0.000351372
3.29254e-006
2.84557e-005
0.000208432
0.00414873
0.00116782
0.0138002
9.09983e-005
0.00110493
2.62252e-006
6.17818e-005
0.00293448
0
9.69636e-007
2.86682e-008
1.62682e-007
1.18338e-006
2.64434e-005
2.05925e-009
0.0106636
5.48961e-005
0.00167115
3.11422e-005
1.27484e-005
0.00127355
0.0143616
0.0140307
1.9478e-005
0.000134286
0.000258008
2.12508e-006
4.8881e-005
9.81916e-005
0.00648211
2.98552e-009
9.41709e-006
5.37626e-005
7.96387e-005
3.70424e-007
0.000230808
1.26268e-005
4.3207e-005
5.29129e-005
9.66535e-006
0.00567421
2.62391e-005
0
0.00158924
5.17234e-007
9.30678e-007
0.0002796
9.68521e-005
0.00032729
9.87349e-005
0.00012207
0.000200952
0.000256572
7.66866e-005
6.01902e-005
0.00279754
2.64297e-012
0.000199118
0.0113192
2.09032e-005
0.00055603
0.000292288
0.00255532
0.00146441
0.000111207
2.32629e-005
0.000247461
1.01338e-006
2.73238e-005
1.33148e-006
2.13315e-005
0.000126082
2.32848e-006
0
0.000208412
1.31649e-005
0.0115492
0.00010138
0.000588734
1.32641e-005
0.0014169
0
6.38429e-005
0.000405561
0
0.0193349
5.36362e-009
0.00022038
0
0.000104299
0.000157324
0.000359423
0.000150592
6.1589e-008
0.000153131
0.000179527
0
7.13646e-006
0
0
0.000215706
0.000133857
1.35326e-005
2.38566e-009
2.13247e-005
2.92634e-005
0.00118246
4.6637e-007
0.000181188
0.000412683
1.11218e-005
0.000520004
6.12813e-005
7.34845e-007
1.03488e-006
4.24327e-006
5.62062e-007
0.0149111
0.00864104
4.29133e-006
1.70614e-005
2.7301e-007
0.000129306
1.03574e-006
-8.16096e-010
3.38753e-005
2.4877e-005
0.000468855
0.0112167
0.000169082
0.000275801
0.00537752
0
0.00832818
1.88415e-005
8.27813e-006
7.59122e-007
2.4591e-005
4.09218e-005
0.000348775
0.000507835
0.00025846
5.77903e-005
7.64371e-005
0.000897053
1.62119e-007
8.68034e-007
0
0.00037324
7.54243e-005
0.00116637
1.52104e-005
0.00275051
7.14933e-006
0.00218343
0.000524659
1.74258e-005
0.00286927
0.000197731
5.70142e-005
2.55644e-006
0.000137779
0.000208021
0
0
1.14452e-005
0.00302878
1.18761e-009
0.00242799
3.45511e-005
1.99167e-006
0
6.58954e-007
1.22224e-005
9.97139e-006
0.000165718
0.000176576
1.12341e-005
0.00173044
0.000207371
3.77148e-006
1.38509e-005
6.37236e-006
0.000105244
4.90116e-005
1.57525e-005
-2.03105e-009
7.42125e-005
1.99597e-007
5.04913e-005
4.92254e-005
0.0054908
5.39317e-005
1.96826e-007
7.69984e-006
0.000100471
4.3009e-009
1.16885e-005
0.000403521
2.54755e-005
0.000130127
6.23222e-005
3.18595e-006
8.22358e-005
0.000137483
4.42769e-005
6.32056e-006
7.00938e-008
4.89844e-006
7.58492e-006
3.96715e-005
0.00937976
0.00898065
5.39035e-006
-1.61035e-012
7.57926e-005
1.60134e-009
0.000225929
0.0022204
0.000827098
7.73868e-006
6.77609e-005
1.83947e-005
0.000147746
2.14309e-006
6.65086e-005
0.00393614
0.000387637
1.03748e-006
1.08294e-005
0.00457249
0.00887279
0.00231937
0
0
2.9368e-005
0
0.00067069
1.39291e-006
0.00106155
0.00107532
6.20933e-006
6.63011e-006
0.000985167
0.000989467
0.000185419
9.19687e-007
0.000733515
0.000218032
0.000292749
0.000616435
2.03328e-005
4.55017e-005
0.000130349
0.000135741
1.113e-005
3.07698e-005
9.28849e-006
5.73123e-005
0.000491374
2.22529e-005
0.00289461
0.00304683
0.00200014
7.584e-005
8.5899e-009
0.000453768
4.21184e-006
0.000178576
8.65705e-009
7.47796e-005
0.000140186
3.59699e-005
0.000444858
0.00107418
0.00029461
4.03306e-005
2.55069e-005
3.44985e-009
8.49659e-006
0.000104357
2.11458e-005
0.000140969
7.13858e-005
0.00063324
0.000331029
2.4101e-005
0.00185072
0.00301408
0.00514092
0.00192835
0.00109024
2.42638e-006
1.20956e-005
0
1.59852e-006
0.000679014
0.00418629
0.000552134
1.31646e-005
0.00192782
0.000268396
0.000802397
0.000127543
1.61965e-005
1.04142e-005
0.000421686
8.7855e-005
1.6671e-007
0.000319727
1.37921e-005
1.80934e-005
0
3.19489e-006
0.00276425
1.23995e-006
1.072e-007
0.000822383
0.000288534
0.000259667
5.94051e-006
0.0001157
2.46632e-005
0.00039755
0.00307818
0.0012142
7.65133e-005
0.000517944
0.000364347
8.6491e-005
0.000277179
7.63387e-006
0.000204627
1.45909e-005
5.35778e-005
1.56405e-005
8.58723e-006
5.95982e-006
7.07958e-005
0.000140956
5.42304e-005
7.13859e-007
1.44004e-006
0.000228095
8.92094e-005
0.0055258
0
0
2.7443e-013
0.0122424
0.0124762
0.00087046
7.28562e-005
0.00127704
0.00133885
0.000573885
0.00117966
9.33564e-007
5.83989e-006
0.00422801
5.09388e-006
0.000379104
0.000432621
0.000717232
0.000175156
4.84421e-005
1.76431e-006
1.19951e-006
0
0.0138216
2.60038e-006
2.14769e-006
0
0
3.15e-005
5.4382e-005
0.00021274
-3.10446e-011
7.67296e-005
2.66347e-005
2.59861e-005
0.000202661
0.000322993
1.6668e-005
1.0693e-005
0.00281183
1.8586e-005
8.84368e-005
8.96953e-005
4.55132e-005
0.000394004
0.000203828
0
0.001141
0.00137024
3.30304e-005
2.28453e-005
0.000536447
3.99944e-006
4.12209e-007
0.00228987
0.00238842
0.000980016
2.10695e-007
5.79224e-007
0.000124022
3.93332e-005
1.08113e-005
0.000599335
2.33822e-005
0.000540425
8.93541e-005
0.00154711
3.73439e-005
0.0010565
1.83741e-006
2.67511e-007
0.000448671
2.86833e-005
0
6.05965e-005
0.000417416
0.000183471
1.11556e-005
0.000705159
7.58592e-006
0.000851814
0.00472013
0.000268849
3.75078e-005
8.12126e-005
0.00586291
1.53755e-005
1.35979e-005
7.35918e-005
0.000191641
4.55635e-005
0
0.00189461
0.000353916
1.81941e-007
0.000117634
6.98256e-005
8.57651e-005
3.05914e-007
0.00475308
6.84005e-006
9.33271e-005
1.15159e-008
0.0016989
0.000911056
0.000227907
7.48135e-006
1.42494e-005
0.00278481
0.000267752
0.000274845
0.000319905
0.000154991
1.12355e-005
4.02722e-008
1.18859e-006
9.42187e-006
0.000172161
0.000493484
2.88083e-005
0
0
0.000104829
1.16855e-006
8.64124e-005
1.81304e-006
7.39363e-005
2.00086e-006
0.000108454
0.00108244
2.89082e-007
2.01734e-005
0.0013904
2.93592e-008
8.95637e-005
6.06444e-005
5.76586e-005
0
0
2.37003e-006
0.0029206
2.05753e-005
0.000343731
0.00768984
8.50475e-012
1.7506e-005
0.000140317
0.00400053
0.00503153
8.50235e-012
0.000132894
0.0040392
1.50495e-006
1.09043e-005
3.46917e-007
4.18816e-010
1.91422e-006
0.0056107
0.00206152
0.000909945
0.000210233
4.37772e-005
3.12482e-005
0.0019229
0.000180742
2.83387e-005
2.65282e-005
7.25069e-006
7.57633e-005
0.00299595
0.000766543
0
3.6313e-005
0.00132048
4.20411e-005
1.73926e-005
0.00265917
-1.95709e-009
0.00130134
0.00309146
2.25365e-006
5.536e-007
6.34049e-005
0
0.00747429
0.00301209
0.000837925
0.000611271
0.000324723
0.00122591
3.29167e-005
0.0001993
3.11226e-005
0.00537673
0.0042167
0.00444662
0.00105562
0.00174593
0.000129884
0.000792911
1.33817e-007
0.000506157
1.18669e-007
3.91699e-007
4.81344e-005
4.90207e-005
0.00104361
9.90917e-006
4.58052e-005
0.000106075
6.74051e-005
8.89934e-006
0.00411828
1.89537e-008
1.02562e-007
3.75588e-005
3.16549e-006
0.00163104
1.75652e-006
0.000101465
0.00119265
4.68075e-005
0.000116993
2.28045e-005
8.79014e-005
1.32847e-005
5.91937e-005
4.46286e-006
0.000272967
0.00012401
0.00118321
8.02255e-006
0
4.80146e-006
0.000171521
1.95283e-006
0.000132742
0.000225116
0
2.85721e-005
3.93987e-005
0.000404829
0.000274901
1.80789e-007
4.16932e-005
6.13686e-005
1.82427e-010
0.000110349
6.60342e-005
4.4854e-005
1.31621e-005
0.0101979
0
0.000287158
0.000217584
1.72541e-007
4.68549e-008
0.00188491
0
0.000446809
0.000279494
0
2.9804e-005
0
6.52449e-007
1.6207e-005
2.73055e-005
3.92682e-005
9.37141e-005
4.11991e-006
1.06265e-005
2.12094e-005
7.38005e-005
3.50747e-008
0.000817915
0.000125821
5.77025e-006
2.01167e-005
3.74565e-005
0.000695621
0
3.00384e-005
2.72692e-005
0.000117266
0.000527354
0.000262831
3.49638e-006
0
6.83524e-008
9.50579e-009
0.000540519
4.75517e-006
3.26518e-005
0.000205178
1.02914e-005
8.68962e-007
0.000622207
1.41853e-005
7.92341e-005
0.0014815
0.00196375
2.97946e-005
3.77841e-005
0
0.00240472
0.000572977
0
1.90564e-005
8.99476e-005
4.37281e-006
0.000120833
0.000221555
0.000598714
0.00214227
1.32889e-005
0.000108543
2.38034e-005
0.00108528
0.000589362
0.000282216
0.0014079
9.82643e-005
8.03823e-009
1.11342e-005
0.000796647
0.000900418
4.34171e-005
5.72917e-005
0.000425562
0.00731223
2.06914e-005
2.75962e-006
0.000110685
0.0157521
0.00340007
0.00649665
3.54336e-006
1.92176e-006
0.000206913
0.00230158
0.00337418
1.31401e-008
0.000155569
0.0112801
0.00596439
0.0153004
2.73473e-005
6.30307e-007
0.000229536
6.28168e-005
1.78155e-005
5.37182e-006
6.79283e-005
0
3.16081e-008
0.000146019
2.49453e-005
5.44834e-005
0.00178304
0.00627939
7.59411e-007
4.61244e-005
0.0240214
0.000205652
0.000605254
0.000686327
4.25825e-005
0.00221591
1.7279e-006
1.28583e-005
1.26309e-006
-9.74779e-010
0.000172525
0.000225765
0.000484326
0.000374688
1.37459e-005
0.00311696
0.00210534
0.000602902
0.0005356
0.000740894
0.00118331
0
2.60976e-005
4.53604e-006
5.75542e-006
0
0.000858507
0.000344952
1.05787e-005
0.00346125
0
6.7921e-005
0.00173124
0.00043074
0.000108296
2.81323e-005
5.97007e-005
1.12015e-005
8.45919e-007
0.000184104
3.41919e-005
1.47027e-006
0.000541116
2.61674e-007
0.000168873
0.000979661
0.007271
0.00314081
0.000437358
-4.19341e-012
1.44014e-005
0.000964463
2.64802e-006
2.09844e-007
4.69144e-008
1.30726e-005
0.00523394
4.26331e-005
6.84196e-005
4.96086e-005
0.000100318
5.33622e-007
4.511e-006
0.000115805
5.11876e-005
0.00335677
0.000125532
3.65191e-006
1.00919e-005
8.30017e-007
0.000246538
0.000842175
0.000347968
1.75276e-009
0
0
1.4369e-005
1.57756e-005
8.12925e-005
0.00367831
0.000313023
8.65146e-008
2.47491e-005
2.76771e-005
0.000142216
9.56185e-005
0.00175041
8.07964e-005
0.0019019
0.00326495
0.00140795
0.000369897
8.4792e-008
0
0.000241774
0.000852596
0
8.46859e-006
0.00412019
0
1.48713e-005
0
0.000998833
6.49366e-006
2.74902e-005
9.21108e-006
0.0064143
0.00686521
0
0.00109979
0.0013582
0.000533023
0.000481553
3.29279e-006
8.67861e-006
0.00111993
1.01239e-011
0.000128808
0.00559885
0.00584153
0.000533089
0.000323042
0.0019373
0.00408923
7.12719e-005
2.56783e-005
0.0030076
0.000251998
1.07884e-005
0.00235352
0.00201969
0.000645395
8.20508e-005
0.0036112
0.000866564
7.71679e-005
0.000256304
0.00288556
0.000358688
0.00079202
0.000618281
0
0.000666531
0.000110898
0.000475729
6.31327e-006
0.00368705
1.92804e-005
5.29198e-007
2.15594e-006
2.75938e-005
1.03113e-005
7.88822e-006
0.00256269
0.0020876
1.22889e-010
0.00145763
1.93967e-006
0.00547061
2.50038e-008
4.06956e-006
0.000204559
5.12152e-009
1.01037e-006
0.000108134
1.93619e-005
0
9.02588e-008
1.97325e-005
0.000656396
0.000243012
0.00046094
0.000131408
1.44239e-005
2.91993e-007
9.31815e-009
1.37146e-006
8.55858e-005
0.00302972
0.00836341
0.001741
1.53884e-005
1.49749e-007
5.31295e-005
1.34885e-008
5.72955e-006
0.00350617
0.000202134
2.11372e-005
0.000415588
6.55043e-005
7.30517e-006
1.07674e-007
0.000285731
0.000328007
0.000483277
2.7202e-005
0.000979674
2.17583e-008
9.03708e-007
7.36363e-005
0.000407437
6.29798e-005
2.24242e-006
0.000272479
0.000177912
0.0012279
9.81893e-005
0.00127645
4.03561e-005
0.000864058
9.88039e-005
1.56335e-005
6.58115e-008
4.35025e-005
0.000103476
0.00325037
0.000140988
0
0.000851438
0.00111825
0.00145286
1.0673e-005
0.00149165
4.02501e-005
0
5.17903e-007
2.93107e-006
0.00141726
6.79076e-005
6.32552e-005
1.60372e-005
0.0104789
0
0.00251655
0.000256236
0.00872823
0.00208505
0.000138557
0.000162113
1.2957e-005
8.66609e-005
0.0047655
0
8.23013e-005
0.00767956
2.82075e-006
7.591e-005
0.000860335
0.000860383
0
3.57553e-005
1.58961e-008
9.77937e-005
0.00113119
0.00454276
0.00274403
0.000508964
4.97743e-005
2.71452e-005
4.05644e-006
0.000140613
0.000237384
7.48301e-007
0.00182953
0.000279212
1.52059e-005
2.92565e-005
0.000102835
0.000602332
7.17976e-006
0.000136005
2.71283e-005
0.000631584
0.000233746
0.000202946
2.8495e-005
0.000287424
0.000368576
0.000277573
2.3278e-005
6.55015e-006
8.16034e-007
2.91509e-006
1.35746e-005
7.99483e-005
9.8481e-006
0.000350711
5.96463e-005
5.60387e-006
1.79107e-005
0.00228663
0.000206574
1.0141e-006
3.76044e-006
2.57357e-005
0.00135358
2.68707e-006
6.12978e-006
0.000124894
1.9808e-008
0.000212457
0.000841532
4.37571e-006
1.59687e-006
8.15077e-006
2.01293e-009
6.4957e-005
3.33673e-006
0.000676966
1.15112e-005
0.00016748
0.000128912
0.000222807
0.00104841
6.57739e-005
0.000569273
0.00110839
0.00018519
4.55275e-005
6.98358e-005
0.000163928
6.39025e-006
0.00790973
2.509e-005
1.52663e-005
9.07037e-005
0.00583398
0.0018942
0.0032901
0
2.82993e-006
0.000277081
0
0.000416063
3.31665e-005
5.88835e-005
1.2079e-005
9.47647e-006
2.94009e-007
0.000432641
0.000220562
0.00412026
0.00474016
6.33822e-005
0.00134662
0.00256442
0.00111821
0.000202502
0.000737459
2.15653e-006
2.81321e-007
2.04428e-005
0.00024141
2.85223e-006
1.04076e-005
5.35698e-005
6.43727e-005
1.14898e-005
2.28049e-008
0.00032786
0.000133792
0.000307373
0.000170069
5.91557e-007
2.63938e-006
0.00182292
0
1.228e-006
1.2796e-006
0.00343463
0
3.75926e-005
0.0066724
3.47315e-011
0
5.93539e-005
4.70763e-007
0.00563719
0.000306738
4.93748e-005
0.000390436
5.45618e-005
0.00017827
3.60233e-005
0.00191583
0.000538542
4.84111e-006
0.00358596
2.49414e-005
2.48175e-005
0.00125672
0.000743118
1.44334e-006
0.000371961
3.73609e-006
9.85124e-005
1.3155e-006
7.60565e-005
0
0
0.000581474
5.17661e-006
4.78841e-006
5.1592e-006
2.4227e-005
7.08404e-006
2.01384e-009
0.000281442
0.000579555
3.16543e-005
8.80707e-008
0.000391108
2.72769e-006
9.5691e-005
6.07811e-005
4.8908e-005
1.11281e-006
5.11548e-005
1.30544e-009
2.45715e-005
2.6541e-005
3.44348e-005
2.00062e-006
0.000251072
0.00531826
0.00496247
1.57068e-010
0.000111533
1.76488e-006
0.000514601
4.68359e-008
0.00134468
0.00207228
0.000120336
5.33574e-006
0.00218074
0.000613142
0.00187175
0.00143846
0.000537112
0.00527307
0.000173972
0.000281641
0.000169369
0.000575222
0.000112521
1.01703e-005
0.00100884
0.000680112
3.63834e-005
5.41222e-007
0.00121362
0.00262454
5.84593e-007
3.94877e-005
0.00015762
4.3809e-005
0.000881196
0
3.29597e-005
1.67237e-005
0.000724911
0.00504099
0.00406365
2.90782e-006
0.00417992
0.000602786
0
4.06931e-006
0.00297892
4.37859e-005
7.10807e-010
1.41e-006
6.07395e-006
1.27673e-006
0.000502005
0.0102386
0.0064969
8.8029e-005
9.42989e-005
3.93786e-005
1.32933e-006
0
1.33066e-005
0.000419677
0.00413176
0.000763698
3.9118e-005
0.000299226
7.52062e-006
0.00187158
0.000103182
4.75134e-005
0.000556736
0.000353677
1.84504e-005
0.00162952
0.000647151
1.40258e-005
4.77019e-005
0.000180361
1.15351e-005
1.50855e-005
0.00525086
0.000962657
0.000260177
6.56444e-006
3.68109e-006
3.48487e-005
1.48557e-005
0.000758772
0.00276186
0.00254826
0.000167404
2.80838e-005
0.000343854
0.000432752
4.08304e-006
3.97794e-006
0.000862612
3.4318e-006
1.98409e-005
0.0016754
0.00062405
0.000127965
4.28534e-006
1.00924e-005
0.000145258
4.85105e-005
2.13127e-005
1.16717e-005
3.51859e-005
1.15677e-005
5.66213e-006
4.96212e-006
1.62579e-005
1.02847e-007
4.22604e-005
7.7351e-005
0.00253831
3.29709e-005
0
1.28847e-005
3.01166e-006
4.15328e-006
0.000613764
0.000186898
0.000119183
2.18111e-005
1.63656e-006
3.25785e-005
5.00724e-005
1.80424e-006
3.29047e-005
0.00192706
2.63321e-006
0.00712223
0.00236578
0.00138898
0.00203832
0.00102637
0.00117524
0.000114034
6.18415e-005
0.000407722
3.01088e-006
0.00108967
9.77807e-006
0.000315063
0.00565829
0.00207134
0.000839311
5.17348e-005
0.000135135
1.04817e-005
0
1.95757e-008
0.000118182
0.000101273
6.15784e-007
6.33122e-006
0.000509066
1.13564e-005
0.00355408
8.2724e-006
1.28437e-006
0.0019863
0.0008426
1.9868e-005
5.2812e-005
8.77468e-005
3.01285e-006
0.00137425
0.00102466
0.000344237
0.00037371
0.000814495
0.000154879
6.06009e-007
0.00241574
0.000246421
0.00809347
0.00170864
3.8451e-005
6.02225e-006
3.25128e-005
4.07327e-006
0.000461385
9.25751e-005
8.25388e-005
0.0118012
3.37859e-005
0.00584319
4.7099e-005
8.987e-007
0
8.78041e-008
4.31761e-006
7.53341e-006
0.000631129
2.85917e-007
4.10894e-005
3.32175e-007
2.77135e-005
5.99333e-006
6.90541e-007
0.0100926
0.00039124
0.000334589
0.00139324
0.000504985
0.000182127
8.29752e-007
4.9485e-009
0.000211851
2.29781e-005
0.00215889
0.000148316
5.46349e-006
0.000366794
1.86804e-006
0.00481073
3.78542e-005
7.02308e-005
9.30762e-005
5.94952e-005
1.08316e-005
5.71639e-005
0.00260199
1.56122e-007
3.10656e-005
1.99052e-005
2.64794e-008
0.000153821
5.70248e-005
0
0.00147433
0.000132108
2.0264e-005
4.58862e-007
0.000150758
3.76887e-005
2.63064e-006
4.11983e-007
5.71998e-006
5.17064e-005
5.48788e-005
0.000537387
0.00174903
1.45724e-007
1.62498e-006
0.000889346
0.00121117
1.05418e-005
5.61449e-005
1.02351e-005
8.78201e-006
2.26012e-005
1.69477e-007
5.08918e-005
2.11479e-006
6.22652e-006
1.06581e-006
0.000622489
0.00663288
1.94672e-007
0.00183353
1.87639e-006
0.000690103
0.0105995
1.83875e-006
0.000254907
0.000527414
1.26628e-005
9.93991e-007
1.44928e-006
0.000190676
0.00146709
8.55034e-006
0.00362962
0.00217876
0.00176293
0.00012756
9.05837e-005
5.7768e-005
7.87422e-005
0.00149792
0.0105258
4.43193e-006
0.00209946
3.56237e-005
1.87253e-007
0.000454191
1.82195e-007
0.000815108
4.66155e-005
2.84014e-006
0.00372887
0.00183111
4.38792e-005
1.20938e-009
0.0042794
0.000304496
1.64612e-005
0.00152744
0.00495759
0.00613686
0.00879505
2.74745e-005
0.001169
0.00290996
0.000183476
0.000349902
0.000257519
0.00154559
0.000183059
0.000399331
0.000606947
0.000259842
2.78591e-006
0.00013478
1.19407e-006
0.00157361
0
0.00014849
9.64766e-005
0.000291563
4.9611e-007
0.00172012
4.81887e-005
3.05685e-005
8.88604e-006
4.81941e-006
0.00119813
0.0012505
7.92363e-005
6.30083e-006
2.03512e-006
0.00609968
0.0034246
0.0015104
0.000230181
5.03969e-008
0.00061329
7.64724e-009
0.000134973
5.49734e-006
3.80297e-005
2.74588e-009
0.000513232
0.000142787
1.01122e-012
2.25453e-008
0.0127773
0.0273315
7.2992e-005
0.00323132
8.28538e-007
0.0165221
0.00018494
9.67097e-005
0.0102862
7.80925e-005
0.00590532
0
0.00156029
0.000810923
5.41193e-006
0.00036635
0.000781405
0.000213772
0.000996334
0.00155408
0.00307426
1.71378e-006
0
0.000470798
3.13415e-005
0.000205516
0.000243548
0
8.20515e-005
3.89101e-006
4.71952e-006
0.000215488
6.18399e-006
0.000467625
0.000638033
0.00272436
3.56252e-008
7.99796e-005
3.93305e-007
0.000206393
0.00185906
3.41033e-005
3.61352e-005
0.000473668
7.25591e-007
2.85431e-005
9.93527e-005
0.0014332
0.02114
6.04099e-005
0.00223885
0.00481357
3.94754e-007
1.59506e-007
2.37371e-005
4.54149e-006
8.76838e-006
1.28608e-005
3.70415e-007
1.07327e-006
0.000142411
2.36929e-006
1.76762e-010
1.56288e-005
0.000132467
6.43865e-005
0.000423403
0.00039892
0.000378259
0
4.24181e-006
0.00391341
0.000131504
0.000132661
1.8682e-005
0.00267423
1.72537e-005
2.00387e-006
2.96709e-005
0.00117709
1.13716e-005
2.3621e-006
0.00841342
0
1.52739e-005
0.00230437
0.00205807
0.00281741
1.03097e-006
0.00761568
4.85325e-005
1.44274e-005
8.67436e-005
0
0.000551216
0.000747113
0.0017627
2.85405e-005
0.000320333
0.00553055
2.88625e-007
8.34596e-007
0.00150778
0.00125162
0.00128614
0.00112239
0.000551044
9.26593e-007
5.93902e-006
1.26965e-005
3.45681e-006
0.000578178
4.1817e-005
1.14526e-005
0.000619351
4.2992e-006
0.000133097
2.00529e-007
2.10567e-005
6.84677e-006
1.95805e-006
0.000190612
0.000325017
0.00425227
0.000232077
0
0.00118852
0.00220797
1.45246e-005
0.000110408
9.94575e-006
0.000869148
0.00804046
1.26525e-005
3.47694e-005
5.80173e-005
3.49031e-005
0.00497991
0.000354398
0
0.00352211
0.000882634
0.00611511
2.39019e-006
1.29678e-005
6.78716e-006
0.00434768
0.0025346
1.20977e-006
3.70185e-007
0.000784196
6.90289e-005
0.000377832
0.00168882
1.38391e-005
0.000188116
2.59617e-005
9.33724e-005
0.00122165
0.000229721
0.00380646
3.37524e-006
4.62795e-006
0.00284178
0.0019458
7.97565e-008
0.00115765
0.000781432
5.42345e-005
0.0041166
0.00279687
3.1405e-006
0.000520248
0.000787368
9.06121e-005
7.96753e-006
9.26981e-005
2.34888e-006
0.000597581
4.33843e-006
5.42842e-008
0.000975374
0
1.56868e-006
0.00309225
1.16959e-005
4.6019e-005
0.0013066
0.000513169
6.99071e-005
4.7711e-005
0.00110981
7.41311e-009
0.000227704
2.67147e-005
3.99462e-005
3.19846e-005
3.2005e-005
4.20289e-006
1.21317e-005
4.22498e-006
0.0183924
0.00213756
1.03692e-005
1.59024e-005
1.85515e-005
0.00142905
0.000104545
2.46349e-006
0.000169117
0.000686829
9.89388e-007
1.80562e-006
0.00124961
4.48089e-005
8.41878e-005
2.52936e-006
5.54612e-005
0.000111426
3.96609e-005
8.93551e-005
0.00020515
0.000435599
0.0020735
6.15685e-007
1.98422e-007
5.46761e-006
0.000105114
8.47032e-005
0.000173476
7.39554e-006
0.00240498
9.53123e-005
0.000184378
0.00012063
2.01864e-005
0.000213605
2.23923e-008
0.00253502
4.31522e-008
0.000285292
1.00052e-005
0.00467583
2.34666e-005
3.41324e-005
0.000759942
0
0
0.00028014
0.00179206
0.00172442
4.71302e-006
3.79241e-005
8.25668e-005
8.59567e-005
0.000123116
0.00169952
8.99731e-005
1.09506e-006
7.74863e-007
1.48779e-006
0.000608716
0.00277011
3.59884e-007
0.00259949
1.32569e-008
1.79075e-006
0.00688753
0.00489488
0.000153099
0.000888747
0.0155724
4.15826e-006
7.68016e-006
0.00854675
2.12212e-007
0.00433295
7.88256e-007
2.85743e-005
3.42144e-005
0.000550696
0.000597646
9.32059e-006
0.00257934
0.0120001
1.88359e-005
0.00175213
0.00248313
0.00168538
0.000617971
1.0271e-006
8.08846e-005
0.00060803
0.000917068
0.000773564
1.78387e-005
7.33985e-005
0.00331539
9.58293e-005
1.99843e-007
0.00113202
0.000138414
0.00696976
4.10646e-006
1.16189e-005
1.85947e-005
0.000112065
7.43995e-005
0.000285772
0.000122027
0.000270711
0
0.000616315
0.000393935
7.4993e-005
0.000238239
0.000262822
0.0177987
7.57074e-009
8.36461e-005
3.96263e-005
0.000220048
0.00110222
-1.1247e-009
0.000202299
0.000121377
2.49828e-005
9.61909e-005
0.000172711
0.00514625
0.00309644
2.85917e-007
0.000526424
5.47091e-005
4.2831e-005
0.000607489
0.00497032
1.87564e-005
1.96331e-005
0.000107952
0.00178662
9.49357e-005
6.3512e-005
1.2568e-007
0.00034899
5.75992e-005
0.000101319
0.00251896
0.000114651
7.41891e-006
0.000174135
0.00360413
0.000146387
9.61821e-005
0.000701817
0.0016604
1.22219e-007
6.55241e-006
0.000297502
0
0.00208131
1.1328e-005
1.94902e-006
0.000563239
0.000279305
0.000424152
0.000104728
2.46504e-005
0.000919788
1.68784e-005
0.000972656
4.14334e-005
0.00431944
0.000609239
0.00157668
4.41587e-006
3.71201e-005
0.00141317
5.08381e-009
0.00395198
0.00141973
0.000588587
0.00011367
3.88458e-005
7.83423e-005
0.00171346
0.000696036
6.75185e-006
0.000219805
0.000991386
1.99778e-006
0.000300806
0.000387843
0.00130454
0.000199866
9.91792e-005
0.000173886
0.000656814
0.000112634
2.61926e-007
6.89533e-005
0.00034625
0.000497279
0.00199757
1.52336e-005
1.64109e-005
0.000297298
0.00122797
0.000107478
8.82314e-006
0.000627956
0.000383549
1.65631e-005
0
0.00563793
0.0054543
6.0666e-005
0.000222979
1.20134e-005
1.7738e-006
0.000522732
7.28748e-006
5.1316e-006
0.0013433
3.36831e-007
8.63968e-006
0.000300538
5.59185e-007
2.02033e-006
4.35325e-005
1.02711e-006
6.19651e-005
3.11471e-005
7.51925e-007
0.000193717
7.85743e-005
3.15184e-005
3.4567e-005
7.2539e-005
0.00132035
0
0.00158292
0.00126365
0.00193048
0.000704809
0.00252363
0.00756863
0.00190054
3.47433e-007
0.000274972
7.12026e-006
1.1618e-006
2.03934e-006
5.26296e-005
3.73739e-006
8.53827e-007
0.00419908
0.000530303
0.000786608
0.000275908
0.00208211
7.66813e-007
2.11131e-008
0.00326027
0.00114345
9.07325e-005
7.82899e-006
3.48167e-010
4.40125e-006
0.000256877
5.73835e-008
0.000600221
0.000255576
5.64863e-008
0.000158169
5.51592e-005
0.000148654
0
0.00226702
3.31878e-006
0.000160646
0.00660635
5.71563e-005
0.000388447
0.000410288
7.10653e-005
0.000635789
3.85768e-007
1.95773e-006
6.76826e-006
0.000210644
1.36523e-005
5.43356e-005
2.00132e-005
2.33685e-006
2.75227e-005
0
0.000736985
0.000211083
9.74868e-006
1.17338e-006
0.00351028
0.00842222
0.000297502
0.00219184
6.75632e-006
2.89682e-006
0.000137964
0.000128269
0.00212941
0.000458732
0.00071212
1.52378e-005
2.83877e-006
1.17809e-005
0.000116181
0.000118705
0.000675415
0.000305041
5.89784e-006
0.000911438
2.94088e-009
4.47006e-005
0.0113449
0.0124768
0.000226492
0.000136182
0.00109045
0.0139986
0.0011953
0.00126673
1.842e-005
4.46555e-006
1.44112e-006
5.65699e-006
0.000135189
0.00562916
0
8.78404e-006
3.58006e-005
1.51318e-006
0.000111923
5.76586e-006
7.17107e-007
6.79557e-007
1.1264e-006
0.000231261
0.00501085
4.6811e-005
9.82922e-006
5.70057e-008
2.85112e-008
0.00132704
0.00176449
1.93705e-005
3.36324e-005
0.00355402
0.000441146
3.25901e-005
7.52634e-008
1.43508e-005
1.21788e-009
0.00406414
0.000265479
4.75693e-005
1.93848e-005
1.83829e-006
2.40063e-007
1.29215e-006
0.00243942
0.000274683
2.80577e-006
0.000319751
1.28227e-006
0.000312974
0.00346925
0.00358026
5.76332e-008
2.13857e-005
0.000164976
0.000106737
7.10133e-007
0.000303503
0.000137307
0.000232183
4.10701e-005
0.00557711
0.000169752
2.20038e-005
2.50087e-007
4.66348e-008
6.11631e-007
0.000709231
0.00040252
0.00305191
9.30782e-006
1.41349e-007
1.5725e-006
8.99726e-006
0.000325599
4.17803e-005
0.00053767
0.00018589
0.000115372
0.000285117
0.00242205
0.000213846
2.68354e-007
1.0655e-006
1.23219e-005
5.95029e-005
8.81172e-005
1.97815e-005
2.98475e-006
0.000889003
8.87805e-006
0.000350078
0.000123977
0.000351971
1.16379e-007
1.46101e-006
0.00374064
0.00302276
0.000351525
0.00016855
7.67512e-005
8.03099e-006
0.00056423
0.00458059
0.000837599
0.000582772
0.00185713
0.000155509
0.00160977
8.57824e-006
0.00656794
0.00747684
0.000123116
2.05356e-007
1.93347e-006
1.24546e-005
4.4201e-007
3.08265e-006
2.23391e-006
1.08324e-005
3.05218e-009
2.89032e-006
8.88041e-006
7.41838e-007
0.000232543
8.93759e-005
0.00202664
0.0044064
0.000200104
0.00438111
9.15924e-006
6.81125e-008
0.000146407
0.00031316
6.24596e-005
4.76099e-007
0.000558408
0.000249441
0.000513279
0.000656881
1.06049e-008
6.76754e-005
0.0014721
0.00102519
0.00106885
0.00135918
0
1.26363e-005
1.14088e-005
0.000265223
4.95846e-008
0.0141392
2.58572e-006
6.77768e-006
5.675e-005
5.6282e-005
5.01901e-005
2.48855e-005
0.00653006
0.000160567
0.000183463
8.52459e-008
2.33157e-008
0.00374723
0.0051124
4.0386e-005
0.000186471
8.6409e-005
5.07368e-007
1.63406e-006
-1.05816e-009
1.08592e-005
0.00102658
0.00246713
0.000203808
0.00016887
0.000366941
0.000454238
0.000409171
0.000654366
9.94412e-006
0.000381548
2.1255e-005
0.000551881
0.00451678
5.44955e-005
0.00156769
0.0032187
0.000151582
2.61912e-007
7.88264e-005
7.88929e-005
4.18348e-007
1.31729e-005
0.000166957
0.000225711
0.00738445
5.92646e-008
0.0108596
0.000147234
9.01964e-005
5.64838e-006
4.37873e-006
0.000541738
0.000263152
0.00051223
0.00127341
5.01759e-006
0.000270498
3.21504e-007
0.000231349
1.6567e-005
0.000230276
1.8638e-005
5.88617e-005
0.000935819
0.00128574
0.00542222
3.08499e-007
1.11629e-006
0.00103843
3.97388e-006
4.86907e-005
0.0219114
0.00414419
3.4792e-005
0.000102066
0.000484781
0.00780571
3.42595e-005
7.88633e-005
0.000121769
9.56514e-005
0.000248626
0.000842401
0.0034667
0.00105052
0.000570243
6.3308e-008
4.33642e-005
0.000195168
0.000754589
3.8845e-007
3.00804e-005
0.000829042
0.00451118
3.31012e-006
6.12942e-006
0.000176228
0.000132463
2.20322e-005
0.00497419
0.00444838
0.00478797
0
0.000570081
0.00236484
1.85998e-007
4.40796e-005
0.00929734
0.000546275
0.00064406
0.00271596
0.000482321
4.46719e-005
1.74601e-005
0.00381738
1.95726e-005
0.00011898
0.0006128
1.32489e-006
5.27165e-005
1.17826e-005
1.3376e-005
0.000715017
0.00437436
0.000338204
1.29137e-005
5.02182e-005
0.00015069
1.2993e-007
3.10821e-005
0.000893579
0.000869934
0.000679675
0.000644493
2.13868e-006
8.07403e-005
0
6.1663e-007
0.000752251
2.25581e-006
0.00124487
3.47433e-007
4.23644e-006
2.00568e-006
1.87645e-007
0.000182148
1.90035e-005
4.25831e-005
8.82299e-005
0.000227168
0.00231216
4.20316e-005
1.29502e-005
1.23727e-005
0.000368026
0.000143073
4.85092e-005
2.10804e-005
0.000812466
7.07154e-005
0.00920633
7.24176e-005
0.00124643
0.000346043
1.37461e-006
0.00225386
3.87223e-005
2.55295e-005
1.81076e-005
2.64602e-005
2.20664e-005
1.3329e-006
1.58107e-010
1.58374e-006
3.98195e-005
9.35107e-008
9.72401e-005
0.000129426
0.00058305
1.29701e-006
0.00267848
3.63447e-007
0
5.59137e-005
2.00292e-005
0.00734024
1.99647e-005
0.000404423
9.89912e-007
2.21343e-006
0.000178927
0.000291048
0.000144054
3.18943e-010
0.000777658
3.04712e-005
4.63257e-005
2.08721e-007
4.01907e-008
1.02069e-005
0.00257513
1.22204e-005
0.000368392
0.000214995
3.38087e-006
0.00151187
5.89712e-007
5.13502e-005
5.92175e-006
4.93304e-007
6.80399e-006
0.0381469
0.0334616
1.38657e-005
6.47109e-008
7.4625e-007
0.001048
0.00146605
1.20238e-007
1.24402e-008
9.73866e-006
0.00435756
7.93305e-009
2.32527e-005
1.0148e-006
0.00656653
0.000934163
0.00046537
2.22059e-005
6.9745e-005
2.1647e-006
0.00022171
0.000411757
1.57867e-006
0.000267113
2.93768e-005
0.000135687
0.000147684
0.000155929
0.000203804
3.1237e-005
0.00505723
0.000631246
0.000421936
3.92696e-008
8.89736e-007
7.12918e-005
0.00421955
0.00197196
1.80768e-006
3.39078e-005
0.000698632
0.00224247
6.44152e-005
2.59112e-006
0.000240596
0.00022008
5.17543e-007
5.2683e-006
0.00101778
0.000174419
0.000144151
0.000145325
0.00024295
2.12888e-006
0.000367221
0.000803113
5.3056e-006
2.34574e-005
0.00032486
0.0008508
0.00881976
0.000318408
0.00399253
0.00132264
0.000207264
2.32919e-005
0.00267722
5.21952e-005
1.18208e-006
0.000130336
1.258e-005
9.32334e-005
1.21683e-006
0.00208756
0.000951912
0.00818757
0.00982237
0.00603126
0.000275585
0.00149063
1.30711e-005
1.30713e-005
0.0250442
2.12424e-006
0.00355862
1.93952e-005
0.000153719
3.91957e-006
0.00411827
0.00227899
2.01099e-006
3.30796e-010
2.80946e-005
0.00107286
2.18613e-005
1.00865e-005
0.00164192
5.56831e-005
0.00144904
0.00138166
0.00130316
3.55119e-005
1.00304e-005
0.00367629
1.26214e-006
0.0001169
0.0116221
0.000238427
2.32273e-005
0.00242928
0.000455858
0.000199042
7.6105e-006
1.61867e-007
0.000144093
9.45503e-005
0.00112824
3.36469e-006
0.00414095
1.62607e-006
1.62307e-006
0.00947745
0.000412326
5.2266e-007
0.000188145
6.56588e-008
1.14632e-007
0.00138305
0.001039
4.35134e-008
3.60516e-006
4.13366e-006
0.0080152
3.509e-005
1.49144e-006
0.000722937
2.60991e-005
0.000404611
1.50327e-005
2.42053e-005
2.47048e-006
8.19105e-006
0.00251048
8.75453e-005
4.99068e-006
3.36057e-006
0.0474033
0.0129114
2.49897e-008
0.00128151
0.0020465
8.69452e-008
5.59047e-005
0.000380812
8.18046e-005
2.79079e-005
0.00705865
0.00862038
8.24396e-007
0.00010131
4.37352e-007
0.00555762
1.55433e-005
1.73979e-007
0.0183613
0.00266351
0.00185389
0.0126807
3.90525e-005
3.8549e-006
0.000374782
0.00228645
0.000182749
0.00227054
0.00285573
0.00292479
0.000100695
2.0004e-006
1.12434e-009
0.000176014
0.000220582
3.1614e-006
0.00060014
0.000390311
6.62286e-006
0.00339159
3.88848e-006
9.20795e-006
6.83242e-007
1.94856e-005
0.00106408
0.00435445
3.80803e-005
0.00036299
8.6246e-009
6.86429e-006
0.000236932
1.26608e-006
0.00396899
6.90258e-009
0.000225227
0.000230201
0.000141178
0.000645226
0.00023295
0.000292733
4.20101e-007
8.84012e-005
0.000239083
0.00550518
1.89769e-009
5.63744e-007
3.31589e-007
0.0134231
0.00733716
3.24709e-007
2.06479e-009
0.00600573
0.000369355
8.37344e-006
0.000914899
7.93398e-005
0.00432453
3.2285e-007
5.44444e-006
0.000516904
2.78307e-005
2.4853e-006
3.33467e-007
3.91623e-007
0.0105021
7.78057e-006
3.93645e-006
5.41464e-006
1.98116e-006
0.00212108
0.0162076
1.23907e-007
0.000664178
0.000121405
9.99142e-006
2.05644e-007
0.00146223
1.30876e-006
3.10468e-007
4.93384e-007
4.97726e-008
6.27038e-005
0.00323859
2.80411e-005
0.00352532
0.000106647
1.50347e-005
0.000192477
0.000252541
0.000984273
1.15198e-005
0.000329947
0.000328293
7.95819e-005
0.000377747
0.000154066
0.000140405
7.84756e-007
0.00012726
7.8735e-005
3.10357e-005
0.000482618
0.000134442
1.60559e-008
0.00104796
0.000161521
0.00181818
1.00918e-006
1.03345e-007
0.00960722
7.65711e-006
1.51089e-006
1.44165e-005
5.37387e-007
0.000118501
0.00200244
1.14814e-005
0.000104951
8.66832e-005
2.22264e-006
1.74867e-005
0.000960385
0.00253873
8.29373e-007
0.00115012
0.000365917
0.00434162
0.000628169
0.000712694
5.44893e-007
5.99214e-005
0.000135548
0.000170012
7.22315e-005
7.36618e-006
1.25422e-007
0.000631254
0.00201137
3.65443e-006
5.60684e-010
0.00334911
0.00957107
1.05129e-006
2.47048e-006
0.00161181
4.64161e-006
3.1138e-007
0.000125032
6.04435e-007
0.000583026
0.00349113
9.74528e-005
0.000342794
9.664e-007
0.000331429
3.89414e-007
2.10822e-005
0.00924474
7.93553e-006
0.00191874
0.000669169
0.000350136
3.73876e-005
0.000377204
0.000693247
0.00025244
1.83267e-006
0.00414509
4.23077e-006
9.69568e-005
0.0143697
0.00393278
0.00410327
7.58329e-005
8.48079e-007
4.1563e-005
1.62729e-006
0.00978356
0.00153649
0.00172769
1.44163e-005
0.00279268
0.00141545
0.00024415
0.000248886
0.000303381
4.78974e-006
1.80802e-005
2.18419e-005
8.7727e-005
0.00065372
0.000939493
2.60162e-005
8.14257e-006
4.17639e-007
3.7638e-006
4.39336e-005
0.00121793
6.67668e-006
8.97071e-005
0.000222294
0.000103004
0.0032201
1.86833e-005
0.000558675
0.000963635
1.66182e-005
0.000256114
0.00563657
1.26136e-006
3.54389e-007
0.000501858
2.21577e-006
3.11144e-007
0.000168992
0.000237845
2.46603e-006
1.98406e-005
2.96217e-005
0.000574855
2.80514e-005
0.0018885
3.02322e-007
1.36958e-007
3.90195e-005
0.000528249
8.29374e-005
8.9937e-007
0.0270827
9.6939e-006
1.43908e-006
0.00692754
0.00134404
0.000147689
1.95415e-007
0.000115809
0.000369255
1.04682e-006
6.23705e-006
5.43902e-007
0.00306523
0.00082913
2.90516e-006
5.42833e-006
1.63944e-006
0.00167689
0.00587721
0.00211134
0.00187615
8.84282e-007
0.0131162
0.011493
0.000504924
0.000132887
2.77502e-007
1.60609e-006
0.000461276
0.000963057
0.00123502
0.00150183
0.00316053
0.00164933
0.000109197
0.0014949
4.53001e-006
0.000672094
1.12374e-005
0.0103585
2.40044e-005
0.00305987
0.000927848
0.000661363
0.000341266
0.000235521
2.51474e-005
2.75202e-005
2.23178e-005
0.00169414
0.00507803
0.000160082
0.00411052
0.000810856
4.45386e-007
8.03471e-005
7.55504e-005
6.31563e-006
0.00287374
0.000881923
2.91284e-005
0.000732465
5.50907e-005
0.000635694
6.82775e-007
3.09176e-006
0.000123176
0.000139893
0.00191362
0.00368359
0.00395838
1.45079e-007
0.000571766
0.000420422
0.00259495
0.00156131
0.00222758
3.4139e-005
4.40733e-005
4.62285e-006
1.02702e-006
0.00373317
0.00088924
0.00462575
2.25644e-005
7.16627e-007
6.47627e-006
5.79174e-006
1.86724e-005
0.000198717
0.00141903
1.4012e-006
7.05819e-007
0.000511462
3.32853e-006
8.58634e-005
4.6416e-006
0.00757668
0.00616273
0.00447908
0.000394586
0.000373724
4.27298e-005
3.80174e-005
0.000776823
0.00223414
0.000850814
4.9379e-007
0.00439408
0.00123169
2.56172e-006
0.000884686
0.000842903
0.000506539
0.00489076
0.00037888
0.00194905
2.87523e-006
0.000311183
1.33475e-006
0.00510462
7.38045e-005
0.0069446
6.82936e-006
1.08322e-005
3.8842e-007
0.000221199
0.00177772
1.09345e-005
0.000321201
1.14805e-006
2.74296e-005
0.000174083
3.21039e-006
0.000447593
0.000332347
0.000537576
0.00193636
1.06551e-006
7.11776e-006
3.45723e-005
0.00165619
0.000294969
4.77202e-005
1.59066e-007
1.88908e-006
2.11728e-006
2.79399e-007
2.89471e-007
1.98124e-007
0.00725851
7.44603e-005
0.000104739
6.56037e-006
1.53243e-005
0.000420928
9.94772e-005
0.000381594
0.00111364
8.28975e-005
0.00879356
2.30384e-006
0.000527312
2.75375e-006
3.12964e-006
2.07529e-006
7.32079e-006
5.3872e-006
0.00259409
0.00459228
0.0183222
1.58071e-005
1.02623e-007
1.33469e-006
0.000195248
0.00386035
0.0014923
2.93056e-005
2.43273e-006
1.56078e-005
0.00119833
1.69301e-006
9.84396e-006
0.00159156
3.68551e-005
6.82615e-005
2.05128e-005
0.00149128
0.000371655
0.00104215
0.000705597
1.54034e-005
0.00516282
8.92588e-007
0.0066035
0.00151914
0.000878664
0.00445077
0.00225797
0.0026633
5.63743e-007
0.000691491
0.000167453
0.000317929
2.79892e-006
0.000573077
0.00112359
0.000265785
6.84326e-005
0.000302173
0.00300507
0.0128968
0.000152609
0.000798364
5.09915e-005
0.000342747
0.000381617
3.75421e-005
0.000622982
0.000298247
0.000151612
0.000382123
0.000237809
0.000271125
6.40806e-005
0.0030219
0.00559639
3.31589e-005
0.000782965
3.9286e-005
0.00127346
2.20338e-006
0.0121209
0.00904737
4.46769e-006
0.00342121
0.0021469
2.97011e-007
2.95597e-006
0.00153152
0.00118084
0.000232132
0.000140381
1.83176e-006
8.29342e-006
0.000248625
0.0077863
3.31762e-005
9.72409e-005
0.0185285
0.000136382
0.000138074
0.00101247
0.0018281
0.000919202
0.00157459
0.000127576
0.0037998
0.000954686
1.37917e-006
6.60344e-006
0.000100829
0.000295415
0.00208654
9.30575e-006
1.13427e-006
0.000150863
0.0024863
4.57315e-005
4.15206e-005
0.000744577
0.0446956
0.000344502
0.000415918
6.2144e-007
6.17512e-007
8.16076e-005
1.09834e-006
0.00432074
7.81607e-006
1.4561e-005
9.93294e-007
0.000332278
8.32285e-005
0.000123484
0.000207933
0.000231092
0.000238938
0.00094785
0.0133185
0.0131093
0.0105932
0.00492741
3.67979e-006
4.92233e-007
0.00165136
1.32455e-005
4.65361e-005
0.000230494
3.91386e-007
1.04126e-006
0.00117798
0.00165119
1.09724e-006
6.91966e-008
0.000340678
4.26735e-005
0.0010189
2.96535e-006
9.77413e-006
8.56951e-007
0.000140622
0.000679744
0.00523268
0.000491029
0.00187908
0.00204537
0.00215554
0.0005082
0.00111751
0.00459804
0.00236559
1.20048e-005
0.000522094
0.000167178
0.000222298
0.00016035
0.000117167
0.000108974
0.00350315
0.000424395
0.00063158
0.000703617
1.99608e-006
0.00183859
0.00401146
0.00206082
0.00722395
0.000837933
0.00027597
0.00017183
0.00400808
0.000587245
5.40574e-006
0.00117876
8.85978e-006
3.1939e-006
0.000623657
0.000489422
0.00993428
7.20733e-006
3.96004e-006
0.00161987
0.0035035
0.00182371
3.21336e-006
7.75729e-006
7.84854e-005
2.81262e-005
0.000294285
3.54481e-006
1.67295e-005
0.000264879
2.05249e-006
0.00127285
0.00158438
0.000566083
3.28011e-008
0.00472601
0.0025107
0.000876677
0.00349676
1.1924e-006
0.000362127
1.81144e-006
0.000229705
0.000316278
0.000270267
0.00307652
2.60708e-006
3.95037e-007
0.000432948
0.000119174
0.000141668
0.00501823
0.000341507
0.000172855
0.000276815
0.0446981
0.00610302
0.00602626
0.00102408
0.000224468
0.000203704
2.80014e-006
9.08524e-005
0.00100758
0.000219246
0.000208892
0.000148736
7.14107e-006
9.15602e-006
5.45513e-005
0.000994928
0.000398484
3.29251e-005
2.61122e-006
5.44555e-007
1.42791e-006
4.43712e-006
0.00280197
7.43647e-007
9.57711e-005
7.24257e-005
0.00112106
0.000769562
0.000125779
3.18294e-006
0.00086477
1.74131e-006
9.20005e-005
0.000938243
0.00145646
0.00326147
0.000592107
0.000622325
1.0682e-006
7.8414e-005
5.67999e-005
0.00243857
0.000228015
0.000167568
1.12903e-005
0.000414005
6.04642e-005
0.000585462
0.000229072
0.000780582
0.000305072
1.73263e-006
0.000364367
1.098e-007
0.000679322
4.84749e-005
1.52117e-006
0.00700773
0.000235427
7.42696e-007
1.26184e-006
0.00433331
0.000733761
0.000409614
0.00249362
1.72153e-005
3.2315e-005
0.000236802
0.00121948
0.000887241
0.0013939
9.26875e-008
0.000665244
1.00339e-006
2.18721e-006
0.00503609
0.000551236
9.2424e-007
0.000173793
0.00016914
0.00310954
0.00623293
0.0317855
3.51987e-005
9.54686e-005
0.00298144
0.00557485
0.00111059
0.00301114
0
0.00100723
0.000375457
5.95074e-005
4.87495e-005
0.00197771
0.000185793
0.000137146
0.00021956
0.00058511
1.05732e-006
2.9871e-006
5.95382e-006
8.7081e-006
7.42402e-005
1.12341e-005
1.70072e-006
5.87785e-006
0.00761712
0.00017412
0.00363875
0.00127201
5.43791e-005
0.000628468
4.88208e-006
1.84722e-006
0.00199682
0.000204777
0.000173732
0.00507518
0.02273
0.00569817
0.000464944
0.000105504
0.000234104
0.00166067
4.92235e-007
0.00029552
0.00110244
0.00383619
0.00148438
0.00194281
7.83561e-006
8.88213e-005
5.81496e-007
6.04762e-005
0.00186678
3.30842e-005
0.00102099
1.83779e-007
0.000304897
0.000173468
0.00428035
6.18078e-005
3.9117e-007
0.00143522
0.00130231
3.89745e-006
0.000381453
5.96166e-006
0.000431251
0.00320172
0.00463054
0.00123913
0.0252914
0.00536477
0.00523985
0.0100449
2.55177e-006
6.35394e-007
1.45908e-006
2.31077e-006
0.00010876
0.00106774
3.44767e-006
5.17016e-005
1.07282e-006
0.000647499
0.000708874
0.000130225
1.32809e-005
0.000112748
5.52026e-007
6.97811e-006
0.00423625
4.0626e-005
0.00178868
1.40263e-005
0.0004135
0.000816654
3.47228e-006
1.97038e-005
0.00193489
0.00217574
0.000243866
5.28931e-006
2.43977e-019
2.43142e-019
2.4305e-019
5.98277e-005
0.00823076
0.00112811
0.0094273
0.000303512
4.77662e-005
4.30329e-006
0.00358228
2.88586e-006
2.43977e-019
0.000112338
0.000257945
0.00273125
0.000888003
0.000246936
0.00475665
0.00869722
0.00848264
0.00100924
0.000137086
2.43569e-005
0.000107679
8.65865e-005
5.88262e-006
0.000388321
1.66001e-006
0.00312642
0.000238747
0.00520361
1.06515e-005
2.12067e-005
0.00329868
0.00102264
0.000739941
3.84338e-005
0.000974268
0.000584304
0.000638432
0.000816334
0.000687419
0.00442659
0.000589772
0.0492725
0.0238886
0.0149969
0.000411082
0.000106397
0.00169871
3.04712e-006
0.00128144
0.000130442
8.32701e-005
6.04368e-005
0.000588293
0
0.000219104
0
0
0
0
0
0
0
7.52532e-010
0.00192035
7.82004e-005
4.43901e-005
0
1.58203e-006
1.65262e-011
6.74126e-008
2.94152e-006
2.06944e-005
8.68626e-007
4.5362e-005
0.000136849
0.000307609
0.00212943
0.00251348
0.00242443
0.000855447
2.83066e-005
2.75851e-006
8.78203e-005
0.000111862
0.000165711
0.000134077
0.000115262
0.000115262
2.29407e-005
2.88171e-005
2.92895e-005
1.22148e-007
2.30183e-005
2.56718e-005
1.62262e-012
0.000838094
4.7304e-005
0.00165156
0.000166241
6.02049e-005
