7447
0.000629694
0.00195115
0.00154403
0.000949045
0.000572368
0.000546862
0
0.000627413
0.00203317
0.00203097
0.00921477
0.00686632
0
0.000741964
0.0268828
0.000720939
6.63836e-005
0.0203618
0.00649135
4.09449e-005
0.000435804
0.000969103
0.0065259
0.00716622
0.00248988
0.00268287
0.000216218
0
0.00129796
0.0023872
0.0208363
0
0.00681631
0.0168999
0.00370989
0.0122109
7.72824e-005
-6.10932e-010
0.0030639
0.00240204
0
0
0.0043458
0.000237368
0.00225586
0
0.0365924
0.000362827
0.00190166
0.000470525
0.00376733
0.00372113
0.00285304
0.00150472
0.000653591
0.000447187
0.00142164
0.00051674
0.00320189
0.00173626
0.0112443
4.21185e-005
0
0
0.00980376
4.24781e-009
0.000760529
0
0.00179204
0.0245236
0
3.24616e-009
0.0105222
0.00172416
0.000754743
0.00238243
0.0240854
0
0.00732123
0.0053654
0.0128673
3.7845e-005
0.000556749
0.0016951
0.010556
0.000204053
0.0141991
0.000790183
0.000302363
5.64635e-005
0
0.00323488
0
0.00380561
0.00978602
0
0
0.00121698
0
0.00214119
0
0
0
0.0253243
0.000100694
0.00724017
0.0252502
0.000911109
0.00198538
0.000890411
0.018399
0
0.00470857
0
0
0.00439089
0.0070961
0.00740913
0.034307
0
0
0
0.0200493
-8.04822e-009
0.00098558
0.00742827
0.000539973
0
4.29928e-005
0.000428539
0.00188237
0.00870378
0.0460125
0.000328078
0.000519912
0.0129926
0.00240039
0.008816
-4.32472e-009
0.00384513
0.0196096
0.0138415
0.0140639
0.0391731
0.0369263
0.00263449
0.0142025
5.22684e-005
0.0130985
0.0283516
0.0561498
0.00272177
9.38126e-005
0
0.000489566
0.0615933
0.00477784
0.000124841
0.0122077
0.0077863
0.000334986
3.68518e-005
0
5.99145e-005
0
0.00989656
0.00396463
0.000340869
0.00892669
0.00315279
0.00413611
0.0276645
0.0185693
0.00192695
0
0.0074752
0
0
0.0130171
0.00467706
0.00173314
0.000115
0.0473405
0.00314384
0
0.000123726
0.014578
0
0.00126441
0.000256976
0.0105587
0.0215408
-2.62612e-009
0.000181737
0.00555028
0.00592471
0.00754718
0.00180236
0
-7.61177e-009
0.0120434
0.0013096
0.000276589
0.01556
0.0276206
0.0356752
0.00177899
0.00219215
0
0
0.00327625
7.03237e-009
4.09802e-006
0.0014227
0.000461189
0.00250522
0.00230627
0.000150561
0.0146422
0.000534047
0.00393813
0.0108908
0.000500591
0.000133487
0.00164389
0.000704832
0.00332586
0.000160756
0
0.00427858
0.00535351
0.0101567
0.00269939
0.000467902
0.00807756
2.2198e-007
0.000152716
0.000563882
0.000692697
0.0025867
0.00171215
0.00624905
0.000658487
0
0
7.67726e-006
0
0.0132444
0
0
0
0.0110783
0
0.00123598
-8.27085e-009
0.025541
0.000717664
0
0.0208575
0.000570633
0
1.17932e-006
0
0.0105694
0.0104112
0.00106877
0.0304085
0.0100872
3.33969e-005
0.0215712
0.00153036
0.0293729
0.0265772
0.0189593
0
0
0.000338413
0.00684591
0.0084815
5.03995e-005
0.000625948
0.00262224
3.89024e-010
0.00123953
1.381e-005
0.00418002
0
0.000861572
-8.21513e-009
0
0.00377063
0.0016001
0.000163411
0.000984949
0
0.00137762
0
0.00110816
7.58864e-005
0.00529032
0
0.053014
0.00279213
0.000251439
0.0087463
0.0115552
0.00507739
0.0810347
0.00326946
0.00250229
0
0
0.000296183
0.000113137
0.0130042
0.00490396
0.00265465
0.00149508
0.0068346
0.00111347
0
0.00284802
0
0.0898741
0.0194623
0.0491273
0.0146524
0.0395887
0
0
3.00306e-005
0.00373174
0.0323797
0.000801448
9.77881e-006
1.89513e-007
0.00165489
0.0042176
0
0.0042644
0.000302448
0.104351
0.00849182
4.75135e-008
0.0041585
0.0255775
0
0.000860806
0.00990527
3.59663e-005
0.000680521
3.55617e-005
0
0.000681346
0.00522063
0.0524276
0.0247773
0.000946571
-5.97716e-011
0.00229139
1.78585e-005
0.00922262
0.0143783
3.17637e-005
0
0.00628843
0.0004718
0
9.86263e-005
0.0236849
1.22385e-008
0.020803
0.010031
1.43206e-005
0.0330833
0.000706483
3.46116e-005
0.00257556
0
0
0
5.97109e-007
0.00151194
0
0.0105232
0.00983546
0.0139508
0
0.0235768
4.62323e-005
0.0126461
0.0154118
0.0109472
0.00521163
1.16287e-005
0.000178337
0
0.0419501
0.0431061
0.000763607
0.00609674
0.0265019
0.00384378
0.000199353
0.00992017
0.000154059
0.00135697
0.000842576
0.00745749
0
0.00187356
0
0
5.51969e-012
0.000311099
0.00289006
0.00392609
0
0.000833055
0.000143383
0.0183131
0.000922152
0.000956517
0.0114176
0.00485721
5.94072e-009
0.00732027
8.31591e-005
3.931e-005
0.0229756
0.0026321
0.0203422
0.000844256
0.000217149
0.00957725
0.00110087
0.00550848
0.00303124
0.00670049
0.00411993
0.00166934
0
0.000103763
0.00130439
0.00205502
0
0
0
0.0010345
0.00431521
0.00378959
0.0131186
0
0.00858521
0.00292511
0
0.00180033
0.0100413
0.00295382
0
0.00288072
0.00669292
0.00747947
0
0.0035851
0.00328209
0.0106546
0.000594917
0.0147119
0.00505187
0
0.00188481
0.0309215
0.00770982
0.036046
0.00314894
0
0.0182415
0.0125096
6.35261e-005
0.000151623
5.88821e-006
0
0.00380379
0.000223066
0.105806
0
0.00124407
0.000186189
0.0609351
0.134927
0
0
1.46929e-005
0.00309938
0.0134111
0.0032968
0.0274906
0.0414778
0.00364257
0.0320303
0.000876688
0.00624668
0.000170679
0
0.0320311
0.0130394
0.00204389
0.0528786
0.000534515
0
0.000416137
0.00259322
0.00169571
0
0.00249563
0.0117818
0.00269366
0.00160009
0.000700565
0.00360669
0
0.124311
0.000791756
0.0103332
1.81216e-005
0.00667836
-1.18411e-008
0.0040646
0
0.0116566
0.0934997
0.0101627
0.00101012
0.000151848
0.000732616
0.00335965
3.39837e-005
2.96985e-008
0.00294108
0.00911637
3.21495e-006
1.7844e-005
0.00265796
0
0.000291611
0.0274218
0.000256475
0.00817649
0.00907377
0.00040954
2.44545e-006
1.23314e-005
0.0074709
5.91871e-007
0
0.00182258
0.00817656
0
0.0550688
0.0212449
0.000152254
4.70988e-005
-9.5138e-009
0.011665
0.000507308
0.00226633
0.00134126
5.06531e-005
0.00700146
0
0.00218627
0.0155961
0.00143321
0
0.00344085
0.00295967
0
0.000466021
0.00351145
0
9.83879e-009
0.00138761
0.0291814
0.000466661
0.00180053
0.000389076
0.0047334
0.00900115
0.000682873
0.000463895
0.00567772
0.0786631
0.000231466
0
0
0.00208979
3.26583e-008
0
0.00265673
0
3.84716e-007
1.17053e-008
0
0.00653132
0.00176518
0.00817341
0.00459278
0.0861257
0.00812448
0.00232726
0.0047887
-7.54539e-010
0.00866469
0.000787638
0
0.00224241
3.17853e-005
0
0.0261789
0
0.00272118
0.0146268
0.00927977
0.000217443
0.0313071
0.00166025
0.00142591
0
0.00103536
0.00251317
0
0.019579
0.00918389
0.0436637
0
0.00528504
0.00102587
0.06699
0
0.000188693
0.0179986
0.0197513
0.00100442
0.00132168
0.00185603
0.0362385
0.10206
0.00257742
0.00219487
0.0241806
0.00568563
0.0120681
0.0156844
0.0268121
0.0265501
0.0158593
3.57244e-006
0.00787031
0.000274256
0.000277787
0
0
0
0.0236649
0.00161574
0.000288389
0.0872095
0.00539799
0.0051467
0.0100572
0.000518892
0.0101492
0.00769636
0.000703428
0.0287662
0.011652
0.000681147
0.0153166
0.0092124
0.00528326
0.115491
0
0.000206688
0.00117409
0
0.00109976
0.000253414
0
0
0.00108412
0.00500159
0.000634967
0.00732649
0.102062
0
0
0.00685191
0.000786834
0.00018751
0.0180387
0.000354161
0
0.0437574
0.0209692
0.00665248
0.0217292
0.0159375
0.0121814
0.0164977
0.00866639
9.94504e-006
0.0192978
0.000121417
0.0051478
0.00164328
0.0227586
0
0
0.0246913
0.000909942
0.00949143
0.0163405
0.00162501
0.00043208
6.8398e-009
0.00390247
0.00597516
0.00828995
0.00794446
0.000126529
6.58726e-005
0.00650746
0.0165398
1.67599e-006
0.0482
0.000467849
0.0230296
0.00538817
0.0171058
0
0.00074576
0.00410648
0.00042795
0.000166045
0.000245632
9.00724e-007
0.000578199
0.0022027
0.00737967
0.0913158
0
0.00803037
0.00292474
0.00266812
0.00350929
0.000476351
0.000475398
0.00207829
0.0203971
0.00651016
0.00312729
0.0739461
4.37967e-005
0.000167529
0.000948093
0.00284304
0.000269577
0.000326512
0
0.000245425
3.92685e-005
-9.52931e-009
0.00103156
0.0163008
0.0023066
0.00247647
0.00486761
0.00045924
0.00141389
0.00780653
0.000298373
0.000511446
6.86329e-005
0.00656286
0.0517483
0.000267174
0.00774739
0.000165306
0.00375975
0.0662822
0.00322672
0.00595799
0.0038365
0.00368381
0.00673252
0.0719323
0.00529083
0.0021016
0.00789212
7.88923e-010
0.000543229
0.000346557
3.94541e-005
0.000415317
0.00258081
3.58908e-005
0
0.00146539
0.00209814
0.000324792
0
0.000134416
0.0159897
0
0.00628826
0.000396164
1.3394e-008
0.00198882
0.00295201
0
0.000183116
5.77171e-006
0
0.0255307
0.00661998
0.00124455
0.00133376
0
0.0360195
0.00112093
0.000152169
0.108496
0.00203346
0.00766322
0
0.00338514
0.000377352
-5.16233e-009
0.00178427
0.0021446
0.0011392
0
0
0.000479391
0.00109842
0.0732968
0.000591174
0.00109238
0.00370361
1.56426e-005
0.0186074
0
0.00484146
0.000160051
0.0081871
0.010172
0
0.000425414
0.00131697
0.00155912
0.0378048
9.0491e-005
0.00329286
2.01816e-006
0.00284124
0.0496284
0
0.000533238
0.000113161
0.0166715
0.000822724
6.54989e-006
0.0273264
0
0.000677288
0.0120343
0.000261979
0.00223415
0.00127417
0.000864247
0.0296421
0.000176075
0.00726539
0.0618406
0.000567982
0.000761728
0.007763
0.000104277
0.00865794
0.00831352
0.00315843
0.00096302
0.0810451
0.000262392
0.00166454
0.00444498
0.000859566
0
0.000373689
0.000385483
0.0012171
0.00999228
0.0183734
0.00885514
0.011461
0.00237498
0.00134283
0.0152056
0.0346724
0.000545982
0.00296517
0.000181931
0.0301985
0.0075271
7.36197e-009
0.000594795
0.00107821
0
0.00245854
0.00268809
0.000545782
0.00016962
0
0.00280066
0.00908253
0
0.0200517
2.28285e-005
0.00944651
0.0571604
0.00314169
0.00174606
0.00225571
0
0.0101438
0.00029285
0
0
0.000382866
0.00317189
0.00129581
0
0.00782067
2.62767e-007
0.0795057
0.00069505
0.000503428
0.00455011
2.8775e-005
0
0.0547327
0.00280764
0.00166604
0.00126033
0.003128
0.00613932
0.0106955
0.0409554
0.000769498
0.00283059
0.000151806
0
0.000146539
4.79834e-005
0.00227172
0.00214033
0.0762533
0.0110516
0.00525837
0.0185817
0.000297428
0.012321
1.61615e-006
-6.43221e-009
0.00162616
0.124461
0.0582247
0.00400973
0.0049966
5.62622e-005
0.0115463
0.00334173
0.00449614
0.0014392
0.00106634
0.00220545
0.0247627
0.000809712
0.0020218
8.39954e-005
0.000996608
0
0.00942746
0.00321166
0
0.000636653
0.00598727
3.6225e-007
0
0.000372095
0
0.00748118
0
0.0137323
0.00146611
0.00101091
6.35394e-005
0.00430394
0.00425875
0.0416257
0.00307383
1.99376e-005
0.0010361
0.000945143
0.00429844
0.0472789
0.00569166
0.0253313
0.00633251
0.000495343
0.00174656
0.00302404
0.00740756
0.011993
0.0208933
0.000943801
5.70865e-005
0.00668246
0.00232554
0.0429627
0.000131218
0.000233921
0.0134038
0.000106945
0.0596555
0
0.00164051
0.0142726
0.000681779
0.00085132
0.00572345
0.0051597
0.00122739
0.00032041
0.0444855
0.0203381
0.00904354
9.77255e-005
0.00364548
0.000957065
0.00115109
0
0.00197372
0.0240638
-8.69383e-009
0.00179715
0.00099687
0.000498791
0.00212534
0
0.0297784
0
0.00652755
0.00071084
0.00107306
0.00496102
0.00056088
0.00656795
0.00197792
7.5321e-006
0
0.000587041
0.00639751
2.25012e-005
0.000879069
0.000198149
0.00929261
2.20533e-006
0.00115718
0.000662045
0.00357325
0.0600158
0.00642137
0.000464836
0.000633887
0.00652142
0.0244003
0.00134591
0.0715002
6.66379e-009
0.0409064
0.0178463
0.00228045
0.0335997
0.00149591
0.00660199
0.0511023
0.00473807
0
0.000125392
0.000644432
0.000226691
0.0726245
0.00228034
0.000759342
9.29493e-005
0.0211202
0.0719097
0.000426696
0.00466137
0.00316216
0.0069531
0.00197869
0.000214483
0.00190612
0
0.00031711
-9.80643e-009
0.00269489
0.00246665
0.00030378
0.00036233
0.00279803
0.00788806
0.0019148
0.00194977
0.00629807
0.00182904
0.000293107
0.00117215
0.000118232
0.00258062
0.0138639
0.00190298
0
0.000106147
0.00109203
0.0608761
0.000429561
0.0545142
3.98874e-009
0.027813
0.000567222
0
0.000359692
0.00513282
0.00257325
0.007818
0.00785608
0.0488547
0.00156494
0.00598696
0.00605842
0.0140977
0.000558556
0.00304959
0
0.00149034
0.0257087
0.00246442
0.0212237
0.000970501
0.000627598
6.6476e-005
3.27769e-009
0.00413338
0.000242046
0.00408301
0.00475633
0.00764662
0.00275366
0.010377
0.0179125
0.00483063
0.00496314
0
0.00210315
0.00190651
0.00263137
0.00260017
0.000549195
2.77825e-005
0.00165788
0.00149098
0.00649402
0.000362192
0.0243106
0.00176278
0.00780606
0.00162947
5.35271e-005
0
0.000736653
0.0039832
0.00378435
0.000755909
3.45648e-005
0.00287057
0.000490414
0.00432805
0
0
0.00302436
0.0421701
0
1.18974e-005
0.0062295
7.52282e-005
0.0166597
0
0.0138364
0
0.00303196
0
0.00213844
0
0.000266052
0.000991779
0.00256444
0.00613769
0.0014003
0.00121643
0.0325471
0.00138647
0.0180728
0.00459246
0.00239703
0
0.00944216
0.0151093
0.00482987
0.00135788
0.000181268
0.00177102
2.40737e-007
0.0403706
0.00687557
7.20314e-005
0.0038756
0.00374127
0.0364225
0.00123841
0.0395954
0.000403303
0.00144088
0.00360988
0.00145635
0.00127406
0.000698969
0.042157
0.00163377
0.00117244
0.00117549
0.00237837
0.0043234
0
0.0610466
0.00236858
0.0536544
1.3809e-005
-7.38121e-009
-8.2662e-009
0.00350171
0.0168698
0.000718546
0.00964414
0.00812595
0.0029652
0
0.00013201
0.00112942
0.0258341
0.0153186
0.0574169
0.00731232
5.44247e-009
0.000100872
0.00104764
4.13765e-009
0.00139793
0.00334571
0.00294441
0.00859868
0.00946167
0.0248651
0.0222857
0.0139737
0
0.00270497
0.000779225
0.000355604
0.0332612
0.00926516
0.00678344
0.00233289
0.00376405
0
0.000435605
0.00132735
0.000722061
0
9.5272e-005
0.0642686
0.00405425
8.48789e-006
0.0113235
0.00575767
0.00231414
0.00305487
0.000707192
0.000831575
0.00119994
0.0633787
0.000145907
0.000213926
0.0708867
0
0.0212105
0.000491659
0.00540693
0.000798711
0.000225138
0.00149736
-6.5667e-009
0.000437532
0.0168241
0
0.00183506
0.00448517
0
0.00993909
0
0.00175474
0.000268031
0.000753082
0.000852543
0.00434131
0.00412596
0.113021
0.000757025
0.00191537
0.00283161
0.00734459
0.00737999
0.0036362
0.0265398
0.000165678
0.0107273
0.00617731
0.00474323
0.0555423
0
0.00504808
0.00142167
0
0.00120931
0.00273579
0.00153104
0.0161881
0.00985732
0.000109226
0.00463861
0.000226993
0
0.0150159
0
7.85608e-005
0.00600693
2.87576e-008
3.44087e-005
0.000532881
0.0376142
0.0334158
0.00480466
7.66198e-005
0.00119876
0.000615907
0.000839623
0.00693029
0.00122472
0
0.00422216
0
0.00749858
0.0195811
0.00112887
0.0194932
0.010413
0.000149108
1.20125e-005
0.00829835
0.0024542
0.00163394
0.00609762
3.07305e-005
0.00615511
5.79118e-006
0.0858412
0.000438669
0.075665
0.0217394
2.94397e-006
0.0113535
0.00565011
0.00583951
0.000219907
0.00222814
0.000562174
0.00217895
0.00144966
0.00193992
0.00214691
0.000310783
0.000422197
0.00173378
3.8917e-005
0.00730573
0.0085317
0.000439313
0.00497929
0.000190981
0.0220995
0.00315512
0.000748441
1.53118e-006
6.85724e-005
0.0123526
0.00209777
0.00147128
0
0.000553831
0.0018248
0.00103704
0.00317139
0.0052671
0.00300258
0.000467653
0.00214582
0.00165043
0.00195781
0.0149088
0.00567622
8.08373e-010
0.000776835
0.0361475
0.000767224
0.00404113
0.00804935
2.93811e-005
0.00161464
0.00147633
0.000420604
0.0224776
0.00567839
0.0045324
0.0055831
0.00638381
0.00174499
0.000580467
0.00100386
0.00260834
0.000838441
0.000888169
0.0148872
0.00932356
0
0.00105304
9.20459e-006
0.00366474
0.00228336
8.41672e-005
0.000375189
0.00216309
6.21344e-005
0.00208213
0.000154923
0.00174118
7.83417e-005
0.00339212
0.00220603
0.00570783
-5.38932e-009
0.00367406
0.00159567
0.00833497
0.00491553
0.00167048
8.4644e-005
0.000219053
0.00126954
0.00704803
0.000770919
0.00245003
0.00966406
0.00242902
0.00125345
0.0046782
0.00239742
0.0107792
0.000139316
0.00123539
0.000157556
0.0282666
0
0.00685688
0.000136427
0.0251285
0.00223188
0.00223498
0
0.00500649
0.000825292
0.00060324
0.000288955
0.00507072
9.28846e-005
0.0170345
0.0337045
0.00279367
0.000660526
0
0.000105747
-6.00994e-009
0.00270839
0.0027257
0.000350133
0.00362258
0.00178391
4.35882e-010
0.00460122
0.00322945
0.00520865
0.00808327
0
0.0206339
0.000154519
0.000190721
0.00194155
7.02519e-005
0.00289609
0
0.0103262
0.00696462
0.0182089
0.0238756
0.00342238
0.0108469
0.0109047
0.00138847
0.0014143
0.00664186
0.0870139
0.00523543
0.0162088
0.00150728
0.00725444
0.00122774
-3.78709e-009
0.0815481
0.00168009
0.00774507
0.00262922
0.00461845
0.00444233
0
0.0496276
0.00014522
0.00748171
0.000241603
0.0704739
0.000115032
0.00262724
0.00533685
0.00165894
0.00571062
8.09482e-007
0
0.00180471
3.41036e-005
0.00938677
0.00938711
0.000752052
0.00371675
0.000622858
0.000775976
0.0205622
0.000565543
0.000672396
0.00217939
0.00179154
0.0373787
0.00410199
0.00124383
0.0402735
-7.47941e-009
0.019656
0.00364902
4.6976e-005
0.00107665
0.00345908
0.0478195
0
0.00311009
0.000181837
0.0219846
0.0990779
0.0138514
0.000144581
0.000144364
0.0023181
0.000220146
0.000178001
0.00718396
0.016419
0.011574
0
0.00452304
0
0.00808746
0.0019862
0
0.00201466
9.06015e-005
0
5.97089e-007
0.00207066
0.00202091
0.000581461
0.00103251
0.00316208
0.0145784
0.000316123
0.0122856
0.00597273
0.00926931
0.000488412
0.000133622
0.000838642
0.000593314
0.00224129
0.0188995
0.000693129
0.0156781
0.000328312
8.80152e-005
0.000143463
-1.81426e-015
0.0135114
0.00133036
0.00380244
0.000288888
0.00222647
0.0042057
0.0076607
0.000467372
0.000320094
0.00148977
0.0112959
5.07989e-008
0.00581186
0.0356092
3.03246e-005
0.000124084
0.00137721
0.00027269
0.00325567
0.000185694
0.00467815
0.00149809
0.00234252
0.00948478
0.00284228
0.00999935
0.00920638
0.00887366
0.0185079
0.00206342
0.000786932
0.000978215
0.0111053
0.00532079
0.00345381
2.82016e-005
0.0029134
0
0
0.00871645
0.00430883
0.00406589
0.00118832
4.54957e-005
0.00110897
1.96293e-006
0
0.00978607
0
0.00217049
0.00101909
0.0399673
0.0382973
8.12788e-005
0.00770234
0.000670663
0.00469378
0.000850514
0.000153588
0.000436632
0.00394559
0.000211271
0.00176115
0.0017888
0.000629297
0.00521285
6.55798e-011
0.00366592
0.00376896
0.00137302
0.000886873
0.00102594
0.00138336
0.00440155
0
0.000124497
0.000269379
3.01323e-011
0
0.00105761
0.00360389
0.0387352
0.0168125
0.000284802
0.00335796
0.000635246
0.00532486
0
0.000951414
0.000263451
-7.70753e-009
0.000138892
0.00675853
0.00168195
0.000245478
0.00925313
0.000951521
9.29492e-005
0.00246354
0.00319996
0.0225331
0.000215594
0.00283521
0
0.00183642
5.67093e-006
0.000880258
0.000602082
0.00170958
0
0.00126154
0.000951987
0.0107988
0.00302069
0.00629487
0.000814489
0.00178326
0.0124881
0.00745565
0.00117856
6.15326e-009
0.00228447
0.00538166
0.00422401
0.0248771
0.00171233
0.0212474
0.012031
0.0138176
0.00459275
0.00999963
0.00626301
0.00308326
0.00371556
0
0.0110862
0.0110312
0.00130477
0.000307516
0.00298388
0.00036542
0.034238
0.00151913
0.0150721
0.0159274
0.0663014
2.14411e-006
0.000763394
0.000271203
0.000214535
0.000542679
0.0417454
0.00761201
0.00396301
4.94783e-005
0.000900916
0.00302107
0.00121106
0.000498908
0.00746354
0.00900901
0.0122077
0.000829508
0.00739246
0.00569889
0.00596448
0.000587508
0
0.000191369
0.00668389
0.00657607
0.0391783
0.00235201
5.49049e-007
0.0204777
0.0013505
0.000818607
0.00438038
0.00547661
0.0338538
0.0017175
0.0027588
0.000125613
0.00352619
0.00314208
0.000231018
0.00224029
0.113004
0.00176562
0.00204105
0.0026169
0.000108192
0.000487186
3.71592e-005
0
6.48534e-006
0.0324575
0.0863571
0
0.0128659
0.000237226
0.00151374
0.0466808
0.000512593
0.0977561
0.000266665
0.00199427
0.00130234
0.00151493
0.000743493
0.0199701
0.0232864
0.00240603
0.0218265
0.00128172
0
0.00463065
0
0.00173206
0
7.82682e-005
0.00780642
0.0034615
0.000757385
0.0190613
0.00850956
0.00431931
0.000419057
0.00258068
0.000958011
0.0123967
0.00275957
0.000101254
0.00447173
0.000610084
0.000827033
0.0153045
0.0113015
0.00936525
0
0
0.000828147
0.00861945
0
0.0189188
0.0106993
0.0114073
0.0168994
0.00537634
0.00846474
0
-5.59068e-013
0
0
0.00163635
0.00109776
0.00815769
0.00134416
0.0114363
0.00052194
7.80451e-005
0.000357023
5.55097e-009
0.00101451
0.000535276
0.000407704
0.00748401
0.05294
0.00280129
0.000838546
0.000624103
0.000204279
1.59355e-006
0.0135108
0
2.04657e-005
0.00610173
0.00259072
0.047117
0.0733556
0.023987
0.027781
0.000789418
0.000690582
0
0.0001105
0.0203754
0.00563392
0.0164531
0.010337
0.000637802
0.00473072
0.0580943
0.00346594
1.03487e-005
0.00946168
0.000284327
1.57786e-006
0.000162684
0.0345752
0.0735941
0.0164878
0.000682704
0.120363
0.00236902
-7.58274e-009
0.00622404
0.00483007
0.00104476
0.00614933
0.00946073
0.000939463
0.0119943
0.0170975
0.00404052
0.00706722
0.0389391
0.0139924
0.000644047
0.0176408
0.00324032
0.00306133
2.53122e-006
0.00024512
0.00195616
0.000708529
0.000755908
3.56981e-006
0.0102594
0
0
0.0052236
0.00331757
0.00251301
0
0.000747291
0.00248031
0.00155875
0.00433429
4.20909e-006
6.5583e-011
0.0121425
0.00305052
0.00219283
0
0.0133083
7.07979e-006
0.000206559
0.00505913
0
0.000173651
0.000125798
0.000706737
6.36423e-005
0.000767801
0.000240243
0.00707626
0.00118788
0
0.0744524
0.0479484
0.00094451
0.000355137
0
0.0550379
0.000941399
0.000414155
0.0117877
0.0101859
0.00232177
0.00839566
3.18146e-006
0.00180903
0.00610984
0.000567787
0.00184869
0.000501156
0.00753364
0.0394229
0.00483742
0.00150732
0.0169728
0.00035066
0.000737177
0.0110558
0.00158609
0.00176544
0.000780065
0
0.00132314
0.0113095
0.00148164
0.000471007
0.000124095
0.000433474
0.000440821
0.0322784
0
0.00115468
0.0309308
0.000881082
0.00459583
0.0287233
0
-1.17696e-008
0.00236909
5.50497e-006
0.000132308
0.00288285
0.0106608
0.00462369
0.0121693
0
0.0526676
0.0131264
0.0026368
0.0112956
0.0213108
0.000396347
0.0370553
0.00406418
0.00396941
0.00371563
0
0.00143354
0.00267893
0
0.00117245
0.00399842
0.00329166
0.000136126
0.00165071
0.0040144
0.00797748
0.00132447
0.00104218
0.0120163
0.000174514
0.014937
0.000282579
0.000366562
0.00322107
0
0.0141027
0.0200594
0.0477132
0.00017033
0.00261853
0.0010867
0.00413006
0.00212866
0.00526426
8.35441e-005
0.0164678
0.00218313
0.000291319
0.000310937
0.000303842
0.00155864
0.00214841
8.20116e-009
0.000102495
0.000178108
0.000955501
0.000977021
0.0201753
0.00480512
0.000880234
4.10375e-005
0.000229582
0
1.72767e-005
0.000142412
0.0012878
0.0157363
0.00400353
0.00198826
0
1.2592e-011
8.00968e-009
0.00710542
0.0272613
0.000579905
0.00193324
0.00695263
0.0364597
0.00276882
0.0122503
0.00161478
0.000188723
0.000254421
0
0.010117
0.000509231
0.000416378
0.000688761
0.0114834
0.00691925
0.0227261
0.000206809
0
0.00120264
0.00647099
0.00036473
0
0.000854
0.00998414
0.000239528
0.00176997
0.00224789
0.000182667
0.025565
0.00298962
0.0122983
0.00632133
0.00445884
0
0.000623871
5.99906e-005
0.000138494
0
0.00187711
2.92856e-005
5.49706e-005
0.0478287
8.07498e-005
0.000298322
7.11294e-009
0.00369749
0.00159705
0.00344052
-1.31565e-011
0.00326846
0.00860639
0.000362223
0.0217595
0
0.00529189
0
0.00991986
0.00100663
0.00638899
0.0528925
0.00763841
0.00211139
8.57947e-005
0.00359634
0.0248289
0.000771287
0.00720893
0.0179414
6.56272e-005
0.0034623
0.00297635
0.00238192
0.00117882
0.00648823
0.000222438
0.00216743
0.000306402
0.00202257
0.000733935
0.00135316
0.0401279
0.00209957
0.00305964
0.000307091
7.32281e-005
0.00459553
0.0134126
0.00784452
0.0505204
0.0065792
0.0013547
0.00676661
0.00217881
0.00058104
0.00137579
0.00184059
0.011248
0.00045677
0.00306916
0.000111743
0.00624028
8.94507e-005
8.09513e-005
0.00872897
0.00834222
0.042512
0.00382428
0.00338563
0.00135217
0.00182863
0.0146219
0.00358912
0.00160532
0.00900819
0.000171157
0
0.010721
0.00655594
0.00221169
1.67893e-011
0
0.00225663
0.0286942
0.0164879
0
0.000132448
0
0.00124229
0.0222712
0.000672815
0.0902634
0.00246895
0.000171016
0.00128701
0.00333013
0.00780114
0.0139343
0.00624191
3.90247e-006
0
0.00184329
0.00683487
0.000964625
0.00254371
0.00203739
0.000613248
0.00340444
9.82802e-009
6.10133e-005
0.0175173
0.00422979
0.0142478
7.11435e-006
0.00147541
0.000475786
0.00051079
0.104847
0.022508
0.00528217
0.00307006
0.0282558
0.0187797
0.0013802
0.0760031
0
0.0014973
0.000356811
0.00186073
0.0121073
0.000971459
0.000471566
0
0.000612564
7.33305e-005
0.00608986
7.17151e-005
0.00163272
0.00530866
0.0077384
0.000733648
-6.42724e-009
0.00144207
0.00225122
0.000615712
4.77862e-005
0.000227111
0.0360261
0.00786874
0.0022711
0
0.00699114
0.00277551
0.00255979
0.00783275
0.0312844
0.023934
0.000874466
7.98047e-006
0.0069029
0.00195485
0.00623446
0.00175082
0.039094
0.00099854
0.000447253
0.00186905
0.000653356
0
0.000504381
0.0547108
0.0498289
0.00209943
0.00299592
1.03834e-009
0.00146299
0.000563882
0
0.0015499
0.00914863
0.0138242
0.0123751
0.00262016
0.0168531
0.00125562
0.0808686
0.000572528
0.000618433
1.06142e-005
0.00064787
0.00165565
0.00336722
0.00125979
0.027837
0.0109704
0.000478188
0.000104103
0.00772154
1.04163e-005
0.0188083
0.0193871
0.004483
0.00700299
0.00233233
0.00396915
0.00298119
0.00466499
0
0.0127981
0.00893094
0.00338001
0.000214821
0.008601
0.00923969
0.00756261
7.0343e-005
0.000981085
5.77872e-005
0.00853141
0.00122106
0.00174764
0.0725931
0.0191711
0.000139387
0.000983467
0.00494477
0.00146965
0.00342413
0.018242
0.00688756
0.00710767
0.0125664
0
0.000643848
0.00123816
7.22198e-005
0
0.00192895
0.00614506
0.00721231
0.00388811
0
0.00526184
0.00143944
0.000113688
0.00248734
0.00507416
0.0039632
2.32077e-005
0.0180317
0
0.0527044
0.00145906
0.00734842
0
0
-1.01685e-008
0.00748485
0.000114417
0.000623907
0
0.00454302
0.0411376
0.0417405
0.00164346
0.00643877
0.00289016
0.00486613
0
0
0.00292702
0.00302543
0.000175943
0.00106577
0.0108126
0
0.00568667
0.0045056
0.0328101
0.0118473
0.0197389
0.00134541
0.0433794
0.113021
0.0316756
0.00049886
3.68157e-007
0.00130952
0.0138287
0.00234437
0.00204559
0.00024225
-1.04912e-008
0.00102751
0.00142232
0.000769029
0.000278555
0.00349881
0.0044656
0.00120248
0.00787838
0.013066
0
0.00521317
0.000587098
0.00168972
0.00170713
0.00486102
0.000268436
0.000199107
0.0209545
0
0
0.00419624
0.0110119
0.00940331
0.001163
0.00246629
0.00500414
0.000927572
0.0412792
0
0.00177855
0.00353224
7.52629e-005
7.77447e-007
0.000705616
6.88641e-010
0.00170451
0.00299478
0.0168741
0.000490062
0.000720853
0.000221746
0.00127901
0.00234057
0.0128428
0.00500054
0
0.0134611
0.00280234
0.00238391
0.00118247
0.002475
0.000110424
0.0332993
0.00067994
0.0101873
0.0204591
0.00156557
0.00246334
0.001158
0.00371301
0.00343315
0.0183879
0.00202715
0.00682462
0.00487668
0.00308932
0.0016977
0.00577219
0.0249168
0
0
0.000554815
0.00697234
4.36036e-010
8.67469e-006
0
0.0159683
0.00203261
0.00378806
0.00199715
0
1.91488e-007
0.0167064
2.85729e-006
0
1.51191e-006
0.000771838
0.00277222
0.0033655
0.000905516
0.00328543
0
0.0111104
0.000434629
0.0147897
0.00600102
0.00413785
0.00247757
0.00571078
0.000597361
0.00148839
0.000903317
0.0100048
0.012806
0.000902164
0.0251288
0.000479433
0.00478084
0.00928222
0.0239407
0.00384596
0.00370024
0
0.00966505
0.000981554
0
-2.95575e-010
0.00287692
0.013226
0.000125356
0.00056605
0.00109431
0.00233811
0.0119312
0
0.0176984
0.00162332
-6.53762e-009
0.00618566
0.00150917
0.00709275
0.000441578
0.0191156
0.0019658
0.000949168
0.0137618
0.00122178
0.000101044
0.0019142
0
0.000696677
0.00282758
0.00558384
0.000414257
0.00339043
0.00200787
0.0012824
0.00334527
0.00819536
0.038735
0.0486189
0.00972648
0.00204729
0
0.00268719
0.0013611
0
0.000117471
0.00266698
0.000118308
0.00500201
0.00654172
0.088229
-1.21585e-008
0
5.34102e-005
0.00887155
0.0010775
0.00142438
0.00421442
0
0.00156873
0
0.00404448
0.0366359
0.00228219
0.0128025
0.00345824
0.0164682
0.00793783
0.000857134
0.00288825
0.00531093
0.0213879
0.00281756
0.00193791
0.00296606
0.0241757
0.00500859
0
0
0.00194693
2.25976e-005
0.00122196
0.00443206
0.00559417
0.00117829
0.00255487
0.00163602
0.00155814
0.000450875
0.0010508
0.00155043
0.00164745
0.000976608
0.00293923
0.00105368
0.000376049
0.0584509
0.000115155
0.000856109
0.00248549
0.0096796
0.00225473
0.0046281
0.000781377
0.0651546
0
0.0100357
0.000260129
0.000554753
0.0105327
0.00469124
0.00571975
0.000152821
0
0.0011166
0.00151
0.0152031
0.00228637
0.00104159
0.0038366
0.000350652
0.0264229
0.000605805
0.00164217
0
0.000897197
0.00032182
0.000999866
0.0288295
0.000195728
0.00257049
1.42308e-005
0.0211817
0.00279568
0.00144012
0.00039855
0.00906538
0.00481352
0.00157028
0.000822105
0.00237559
0.00514331
0.00156789
0.0618891
0.00108926
2.46774e-006
0.000322868
0.00152297
0.0027252
0.000276467
0.0438436
0.0160042
0.000179141
0.0345561
0.0168859
0.00194253
6.10508e-005
0.019042
0
0.0213133
0.000213058
0.00243746
0
0.0154681
0.00555481
1.49885e-005
0.000423279
0.0289896
0
0.000274508
0.00278318
0
0.000182136
0.000875082
0.0108871
0.0109262
0.00710894
0.00074168
0.00340715
0.00788606
0.00279089
0.00237433
0.00368892
0.0113827
0.000348597
0.00228921
0.0013544
0.00257015
0.0411074
0.00170684
0.00041846
0.00337935
0.0203046
-1.39077e-008
9.02672e-007
0.00293813
0.0023134
0.00120284
0.0161101
0
0.000824092
0.00665248
0.00308474
0.000844319
0
0.00129528
0.00424781
0.00553881
0
0.0877047
0.0914718
0.000461182
0
6.6089e-007
0.00671063
0.0078006
0.00226299
0.0220392
0
0.00128632
1.60822e-005
0.00397213
0.00344667
0.00170195
0.00871472
0.00266346
0.00304135
0
0.0150755
0.00402996
0.000101245
0.00729884
0.000637463
0.00452668
0.000653613
0.00117105
1.80063e-006
0.0117161
0.000314644
2.78292e-009
0
0.00022401
0.00185279
0.0112288
0.00207025
0.00444595
0.00282758
0.000342768
0.00144079
0.00684439
0.000289526
0.00200246
0.00593082
0.0797262
0.00123808
0.0935123
0
0.00314087
0.000703321
0.00512852
0.000900458
1.18036e-005
0.00135964
0.000697646
0.00120237
0
7.46161e-005
0.000124884
0.00116342
0.000638791
0.0386578
0.00021564
0.000811942
0.00286222
0.00170882
0.00646711
0
4.70307e-006
0.00138609
0.00250995
0.00412458
0
6.67938e-009
0.0013738
0.00674107
0.00682328
5.50824e-005
0.000234934
0.0165919
0
2.40553e-005
0.00324378
0.00074081
0.00217688
0.00763808
0.0102975
7.10895e-005
0
0
0
0.00312016
0.00815104
0.000154898
0.075214
0.000513117
0.00468424
0.000468897
2.59653e-005
0
0.0104685
0.00343711
4.87355e-005
0.00155892
0.00428838
0.00366317
0.000827832
4.48092e-007
0.000130746
0.000939775
0.00106044
0.00757213
0.00224188
0.000430496
2.56554e-006
0.00477195
0.0381685
0.00741148
0.00310536
2.77066e-009
0.0141278
0.00740477
0.00613661
0.00582537
0.0139325
0.0106215
0.00448948
2.20155e-006
0
0
7.77892e-005
0.00185786
0.0033102
0.00538829
0.00862611
0.000321164
0.0986195
0.103065
0.000878302
0.00534145
0.000809496
0.00783481
0.0113736
0.00338233
0.00138704
0.00192947
-6.13136e-009
0.000530121
0.0198594
0.0132844
0
0.0270016
0.000742044
0
0
0.000438892
0
0.0140217
0.000661827
0.000193639
0
0.132259
0.00695688
8.79278e-005
0.00726585
0.00448057
0.000498314
0.00057841
0.00148393
8.00422e-005
0.00625643
0
0.00174326
0.000333366
0.00601662
0.000378529
0
0.00455296
0.00101452
0.00140939
0.000100768
0.00708331
0.0696309
0
0.00484898
0.00254707
0.0206111
0.000335557
0.000102162
0
0
0.000180116
0.00779664
0.00530496
0.0015761
0.015587
0.00834336
0.00245453
0.0273501
0.000968085
0.000204205
0.00125645
0.00198972
0.00762957
0.0060314
0.00960848
0.00312962
0.00722063
0
0.00185751
0.00797997
0.00114388
0.0493044
0.00175926
0.00148735
0
0.00222936
0.0016709
0.00089199
0.00422907
0.0028737
-6.28506e-009
0.000198989
8.88e-005
6.27895e-010
0.00270939
0.00369575
0.00237757
0.00582225
0.00628969
0.000183099
0.000226349
0
0.00325387
0.0017638
0
0.000252039
0.0254997
0.00402011
2.0675e-009
0
0.005853
0.0318217
0.00226536
0.00417546
0.00261128
0.00711891
0.00141323
5.33555e-005
0.00223226
7.17626e-008
0
0.0208749
6.07182e-007
0.00987915
0.000442236
0.0214883
0.00289585
0.000673294
0.011932
0.000748276
0.00147172
5.82235e-009
0.000511949
0.00969497
0.0112116
0.0011889
0.0013205
0
0.0277267
0
0.00844388
0.000810038
0.0438103
0.00795711
0.000252872
5.54528e-005
0.0316981
0.00118613
0.000685932
0.0622513
0.0111171
0.00119291
0.000742756
0.000407285
9.42624e-005
0.0328688
0.00448728
0.05512
0
0.000243134
0
0.00410422
0
0
0.00412184
0.000713274
0.00307271
0.000181935
0.00146358
0
0.0041228
0.00267885
0
2.99428e-005
0.0737101
0
0.00252901
0.00359517
0.00278275
0.010427
0
0.000474928
0.00330369
0.0106795
0
0
0
0.00141285
1.05473e-005
0.00673567
0.0240787
0.00332106
0.000718065
-9.6108e-010
0.00273414
0
0.000507763
0.00310253
0.00282941
0.000733636
0
0.00959491
0.00576133
0
9.91608e-005
0
0.063214
0.000473856
0.0111839
0.0149051
2.57645e-005
0.000109127
0.00107265
0.031426
6.2283e-005
7.42821e-006
0.00162656
0.000112989
0.000947168
0.0592376
0.00238372
0
0.021013
0.0246132
0
0.0208712
0.00572324
0.00596215
0.00012212
0.00126423
0
0.00132598
0.00357101
0.016691
0.000993783
0.0134568
0.00547341
0
0.000775139
0.00100628
0.0100971
0.000190302
0.00165539
0.00185951
0.00582024
0.000140692
0.00298607
0.000540279
0.00173028
0.00719491
0.0242253
1.90101e-007
0.0345013
0.0275071
0.00401253
0
0.000201345
3.83721e-006
0.00118088
0.000157137
0.000447274
0.00294836
0.00122875
0.0189047
0.0106375
0.0074508
0.0161619
0.0350699
0.0017957
0
0.000890523
0.0190439
0.00018739
0.00299557
0.00373873
0.00216826
0
0
0.000764494
8.94965e-007
0.000572736
0.00782464
1.01937e-005
0.0133378
0
0.0472542
0.000951974
0.00091231
0.00233154
0.000295639
0.026775
0.000501235
2.77804e-005
0.000366818
0.00136911
0.0221713
0.00268907
0
9.98229e-005
0.0642659
0.000798784
0.0754549
0.0124333
0.0598238
0.0156073
0.0093118
0.00141993
0.00679095
0.00678263
0.000315952
0
0.00318869
0.0128653
0.00629552
0.000658522
0.00728388
0.00671424
0.00091419
0.0120208
0
0.00798954
0.00233261
0
0.00762184
0.000440791
0.000664506
0.0205838
0.00110535
0.00462401
0.000887587
0.000878182
0
0
0.00116952
0.00140391
0.00400152
0.00688471
0.000710456
0.00143591
0
5.34323e-005
0
0.0131233
0.00116924
0.0135453
5.12515e-008
0.0236447
9.26365e-007
0.000310783
6.08055e-005
0.00721165
0.00467532
0.000579586
3.11523e-005
0
0.000222181
0.0100672
9.4185e-005
0.00131009
-7.94369e-009
0.00110422
7.68404e-005
0.000669022
0.00283174
0.000100734
0.0128421
0.00245114
0.00140506
0.000552428
7.95743e-009
0.0149619
0.000213269
0.00671584
0.000654258
0.00436892
0.0296485
0.00117888
2.09493e-006
0
0.00450412
0.00332958
0.000804898
0.0119293
0.004068
0.00558526
0.00254646
0.00105337
0.000314416
0.00294588
0.00139618
0.00100624
0.000238191
0.0110615
0.00528709
0.00839614
0.000281143
0.00079882
0.000887467
0.00040397
0.000790215
0.000933258
0.00910328
0.020754
8.34795e-005
0.000337101
0.000434564
0.0172389
0.00941479
0.00113091
0.0118977
7.08992e-005
0
0.0050278
0.00136039
0.00197398
-4.06777e-009
0
0.00658908
0.00607919
0.00328487
0.0111042
0.0158169
0.0109943
0.021479
0.00224481
0.00112487
0.00748297
0.00659227
0
0.017761
0.00565803
0.000393863
0.00123229
0.0143683
1.95471e-005
0.00169746
0.00147922
0.0197821
0.000235773
0.000210148
8.44954e-006
0.000929678
0.00478114
0.000410892
0.0501207
0.000499576
3.91144e-005
0.0156984
0.00909838
0
0.017659
8.78346e-005
0.00589411
0.0093375
0.00669407
0.00438872
0.00149593
0.0201439
0.00103961
0.00126753
0.000716607
0.000866782
0.00286363
0.000611255
0.00577913
0.083732
0.0401648
0
0.00114091
0.0333063
0.00726604
0.00108866
0.00101668
0.00173723
0.0066136
0.00238452
0.00080497
0.000787618
8.75849e-005
0.000206761
0.000704023
0.00265689
0.00591464
0.023741
0.000680495
0
0.000576197
0.00555663
0.000870795
0
6.86162e-005
0.00524977
0.0135845
0
0
0.0108412
0
0.0178581
0.000173024
0.00430649
0
0.010964
0.0193537
0.0152623
0.000864733
0.00632257
1.37434e-005
0.000100461
0.00106052
0
0.0019409
0.00151449
0.0105549
0.0213159
0
0.00182259
0.000793273
0.00392273
1.20214e-005
0
0.00300937
0.0020759
-9.97074e-009
0.00166629
0.00106888
0.0495197
0.0513188
0.000502655
1.19933e-005
0.000140157
0.00296755
0
0.00350018
0.004055
0.0128494
0.0180893
0
0.00609111
0.00119691
4.80135e-008
0.0127476
0.000683047
0.0023619
0.00657952
0.00351583
0.00178056
0.000443897
0.000294986
0.00170344
0.00222064
0.00187963
0.0196116
0.000337623
2.83095e-009
1.51935e-005
4.58698e-006
0.000815469
0.011569
0.0182882
0.0170325
1.41307e-005
0.0889896
0.00277918
0.0302846
0.000629416
0.000599479
0.00945628
0.000162905
0.000745417
0.00229096
0.000466312
0.0047966
0.00389039
0
0.000966325
0.00123943
0.000803162
0.013675
0.0012677
0.0155477
0.017685
3.72382e-006
0.0185057
0.00282807
0.000316134
0.00523817
0.000299864
0.00064677
0.00336779
0
0.00270974
0.000326256
0.00351763
0.00212916
0.000772188
2.79529e-005
0.00207686
0.00171747
0.00588717
0.00285579
0
5.18226e-006
0.00539377
0.0223492
0
0.0244524
0
0.00378373
0.0694915
0.00249428
0.000659601
0
0.000366734
0.00746096
0.00328096
0.000238774
0.0203883
0.000403642
0.000248266
0.022895
0.0309299
0.00148608
0.000539076
0.00986263
0.0220057
0.0998171
0.0772546
0.000382754
0.00426648
0
0.003734
0.00234858
0
0.00220551
0.00617367
0.00226853
0.00128194
1.23728e-009
0.000268693
0
0.00559665
0.00973255
0.0165308
0.00305299
6.8891e-005
0.00127718
0
0.000407543
0.00113259
0.0128706
0.00112479
0.00213318
0.00108774
0.00526545
0.00313828
5.81284e-005
0.00773515
0.0452536
0.000637716
0.0111198
0.0361384
0.00778174
0.00225299
0.0382536
0.00131236
0.00102771
0.00538579
0.00129866
0
0.0230633
4.35688e-005
0.00140379
0.0326212
0.03586
0.00172809
0.000227031
0.000690353
0.000287876
0.000305981
0.0136758
0.0165427
6.88574e-005
0.00102421
0.00230504
0.00264784
0.00183145
0
0.00161829
0.000443206
0.0142519
5.85364e-005
0.0018444
0.00131467
0.000245099
0.00035138
0
0.000463242
0.00158372
0.0124434
0.000365935
0
0.00791404
0.000851679
0.000567392
0.00341346
0.00112704
8.68133e-005
0.00837339
0.00166558
0.0274498
0
0.000611978
0.0020938
0.0318773
0.0142981
0.000866078
3.19999e-005
0.00128161
0.027322
0.000144743
0.00623324
0.00602522
0.00436039
0
2.17012e-005
0.000594197
0.0145305
0.00150267
0.00331088
0.00439612
0.0140587
0.0544756
0.00819466
0.000398117
0.00788549
0.0064361
0.0104843
0.00209852
0.0031166
0.0181661
0.000161056
0.000925849
0.0314507
0.00151349
0.0433613
0.000854707
0.0180338
0.00840646
0.00533932
4.25431e-010
0.000197721
0.00103727
0.0113336
0
0.000375851
4.25391e-010
0.0101876
0.00177393
0.00140431
0.0137561
0.00260504
0.000265271
0.00236632
0.0126412
0.0241177
7.71123e-006
0.00340869
0.000665918
0.00273756
3.56507e-005
0.000352242
0.0138954
0.00876414
0.00171827
0.00364861
0.000598225
0.0160653
0.010849
0.00129364
0.000369294
0.0057082
0.00582486
0.000895086
0.000154575
0.015128
0.000188245
0
0.00262629
0.00075734
0
0.00105598
0
4.85362e-005
0.0310414
0.00710044
0.00503179
0.00394653
1.66996e-005
0.000264335
0
0.00376824
0.0109736
0.000146959
0.0021241
0
0.0149864
-7.85695e-009
0.000306511
0.00342876
3.28714e-005
0.00536501
0.00108353
0.002028
0.000759361
0.00464215
0.0315869
0.0022618
0.00392065
0.00455559
0.00595777
0.00168333
0.00219584
0.0128858
0.0108984
0.000973295
0.031321
0.00279002
0.000351711
0
0.0158677
0.012629
0.000459675
0.000189652
0.00426642
0.00352105
0
0.0282072
0.00168574
0.0304761
0.00016967
0.00350701
0.000272251
0
0.00530359
0.00358812
0
0.00225881
0
0.00095112
0.000558894
0.0167153
0.000893414
0.00207684
0.00773377
0.0257807
0.000342188
0.0166751
0.0179962
0.0045017
0.015261
0.000712071
0.0216471
0.00159594
0.00169301
0.00481212
0.00184938
0
0.000423231
0.00200043
0.00155621
0.00153713
6.14888e-008
0.0274659
0.00600025
0.0039281
0.000861892
0.000134252
0.00122531
0.00319521
0
2.1219e-005
0.000650819
0.0017832
0.0721819
0.117213
0.00447451
0.000935954
0.0304813
0.0257838
0
0.000497621
0.000532712
0.0225225
0.000414859
0.00315604
0.00213274
0.0121298
0.000398611
0.000718025
4.25018e-005
0.0105838
0.000372205
0.0005207
0.00820409
0.0152934
0.00624266
0.00127725
8.90051e-005
9.0653e-005
0.00419208
0.017478
0.00705718
0.00051148
0.000948031
0.00288781
0.00154011
0.0101392
0.000265224
9.98229e-005
0.00198276
0.0761024
0.024715
0.00809817
0.00193221
0.0183673
0.0019578
0.0208929
0.00201794
0.00356488
0.00306603
0.0137148
0.015175
0.0113251
6.90344e-006
0.00701388
0.00912305
0
0.00359674
0.0124333
0.00500498
0.00337555
0
0.00161925
0.002704
0.000928778
0.00448131
0.000726335
9.92921e-005
0.00199874
0.002482
0.000835188
0.000602809
2.51616e-005
0
0.0186484
0.0205679
0
0.000213916
2.78637e-005
0.000688124
0.00109751
0.00753004
0.000489085
0.00488387
0
0.000766667
0.00220916
0.00262417
0.000363057
0.000579546
0
0.00331849
0.00371278
0.000969999
0.0111989
0.0187589
0.00015794
0.0344642
1.6563e-006
0.000202224
0.00314604
0.000317746
-8.57431e-009
0.000136888
0.00199113
0.0255642
0.000544468
0.00060695
7.03627e-005
0.00486784
0.0338754
0.00270454
0.0408511
3.60186e-005
0.00181225
6.8306e-006
1.06408e-008
0
0.0160552
0.0281239
0.1068
0.0732801
0.0167169
0.000885854
7.0863e-005
0.000317374
0.0260682
0.00546153
0
0.000316451
0.00107454
0.00240228
0.0196799
1.03667e-006
0.0104541
0.00227404
0.00111861
0.0136173
0.00329244
0.00526402
0.00835493
0.013157
0.000150426
0.0010405
0
0.000333439
0.00133984
0.0233455
0.00126868
0.00961488
0.00329525
0.00137794
0.000613857
0.00560422
0.0123447
0.000788658
0.0340973
0.000941035
0.00100974
0.000828494
0.00156748
0
0.0356127
-2.0796e-011
0.0336461
0.00115528
0.0166622
0.00139227
0.0148249
0
0
0
0
0.0134866
0
8.36648e-005
0.00788653
0.00201957
0.00738589
0.00040399
-1.09441e-008
0.00183909
0.0063195
0.00879323
0.000720421
0.000798943
0.00427995
0.00129781
0
0.0505618
0.00261905
0.0191613
0.0195776
0.00187596
1.36279e-009
0.00243414
0.00352865
0.000121425
0.040637
0.00179431
0.00108061
1.94969e-005
0.00243777
8.86482e-005
0.0012671
0.00104756
2.11033e-005
0.00719328
0.000575189
0.00577672
0.0139476
0.000261536
0.00103568
5.26966e-006
0.00146504
0.0170648
3.70521e-007
0.000952371
0.000204208
0.000769126
0.000188609
0.000194772
0.00915653
0.00459349
0.000205103
0.000401387
0.00142625
0
8.91229e-010
0.00188897
0.0019207
0.010027
7.89011e-005
0.00340976
0.00132459
5.19358e-006
0.00272641
0.000103092
0.00343851
0.00758908
0.0728832
2.17015e-005
0
0.00039265
0.000398315
0.00534372
0
0.0023603
0
0.00106453
0.00136396
0.00186866
0.00150539
0.0768677
0
0.00391223
0
0.0184207
0.0049505
0.00065271
0.0102273
0.00116537
0.0031169
0.000657286
0.00045348
0.0013899
0.00454819
0.00453578
0.0778036
0.00643182
0.00167926
0.0137222
0.000280586
0.000824088
0.00518122
0.00997214
0.00137989
0.00117965
0.00118278
0.0140678
0.00170951
0.000416055
0.00218495
0.000144321
0
0
0.00710098
0.000158685
0.00282583
0.00474198
0.0455224
0.00543693
0.0105586
2.37476e-006
0.00016429
0.00128867
0
0.00307281
8.35346e-009
0.000173967
0.000968434
0.0012034
0.00229095
0
0.0088064
0.00478561
0.00985522
0.0291442
0.0301559
0.000259071
0.000571852
0.00134479
0.00413876
0.00365751
0.00203485
0.000193722
3.14736e-005
0
0.00150625
0.018996
6.75801e-005
0.00224505
0.00153616
0.00157287
0.0221839
0.00150391
8.65108e-005
0.00011234
2.41403e-005
0
0.0251692
0.0038324
0.00361546
0.00159148
0.0110088
0.000612131
0.0222631
0.000259118
1.4503e-005
0.000179963
9.44771e-005
0.00548673
0.0323001
-8.06095e-009
0.0171217
0.00966943
7.34765e-006
-1.01322e-008
0.000829512
0.00261647
0.00153761
0.000426437
0.0010702
0.00382369
0.00200256
0.00187665
9.70118e-005
0.00229134
0.0196888
0.00126559
0.00197501
0.0675546
0.0071341
0.000707115
0.000658399
7.8542e-005
0.000624007
0.000558707
0.00185947
0.00551351
0.00048248
0.00744965
0.00075099
0.00525374
0.00301454
0.00326684
0.00397629
0.000720424
0.00351781
0.017837
0.0100638
0
0
0.00330542
0.00444792
0.00129681
0.010553
0.00404184
6.73368e-005
0.000694584
8.6929e-007
0.00119643
0.0107879
0.0130331
0.0312883
0.000677134
0.00175151
0.0162686
0.00265312
0.000228829
0.00107136
0
0.000834858
0.000854558
0.000435353
0.000471088
0.000153037
0.0345344
0.000632815
0.00331246
1.77009e-005
0.00175084
0.000260735
0.00997302
0.0807119
0.000447288
0.000756551
0.00404204
0.000842935
0
0.00126572
0.000401548
0.00903463
0.0195683
0.00240762
0.00177137
0.00101621
0
0
0.00985654
0.0235881
0.000894375
8.22175e-005
0.00664773
0.0322702
0
0.00114095
0.000157401
0.000767891
0
0.00457589
0.00437442
0.0611722
0.0400963
0.00271566
0
0.000769079
0.00101448
0.0308421
0.00773461
0.000272994
0.0863092
0.0104424
0.00686469
0.112406
0
0.0184207
0.000793803
0.00105125
0.00137287
0
0.0238894
0
0.0207397
0.000543672
0.0051812
0.00845874
0.000143388
6.53805e-009
0.000326395
0
0.00154371
0.00482011
6.73435e-006
0.000938011
0.000541914
0.000785092
0.0066378
0.0023442
0.0328375
0.00512681
6.76553e-005
0.000927987
0.00274105
0.000304264
0.000186211
0.00130199
0
0.0152748
0.000381008
2.62206e-005
0.000729949
0.00321104
-6.99159e-009
0.000204641
0.00132666
0.000342741
0.00184429
0.000323609
0.000226692
0.0256038
0.00223888
0.00162702
0.0310159
0.0432078
0.00125885
0.0208337
0.00121617
0.000860935
0.00226463
0
0.00699317
0.000151614
0.00193192
0.00240319
7.76506e-005
0.00161855
0.000784901
0.0108218
0.00758936
0.000430238
0.0287797
0.00102445
8.62795e-005
0.0010635
0
0.00174964
0.00395191
0.000380771
0.00235259
0.00164716
0.0024458
0
0
0.00133312
0.0219233
0.000644061
9.1106e-005
0.000360107
0.00370938
0.00110307
0.000709248
0.000708835
0
0.00154057
0.00806712
0
0
0.00246689
0.110723
0.0179496
0.0586602
0.0234908
0.00276368
0.0102391
0.0163836
0.102111
0.000161721
0.017742
0.000871781
0.0016825
0
0.0114788
0.0016774
0.0017073
0
0.000295766
0
0.00928508
0.0599996
0.000513606
0.00137269
0
0.00179996
0.000466021
0.0086951
0.00423004
0.00665453
0.00469758
0.0117202
0.0205345
0
0.0663442
0
0.00873407
0.000310252
7.51631e-005
0
0.057237
0.00218487
0.00103458
0.0233343
0.00111414
0.0370349
0.00959215
0.0212021
0
0.00265012
0.000553006
0.000745956
0.0115015
0.00135489
0.00192916
0.00112984
0.00117814
0.00202171
0.00295351
0.0251491
0.00235161
0.00112282
0.0154123
6.1458e-008
0.0011099
0.0640752
0.0626424
0.06179
6.46264e-006
0.0242587
0.0892118
0.00376454
0.00550677
0.0137801
0.000732912
0.00172572
0.0128776
0.00280835
0.00197372
0.0322251
0.00154146
0.00157107
0.000128077
0.00156441
0
3.11838e-005
0.00224218
0.00163734
0.00941447
0.0115166
0.00844853
0.00976398
0.0080545
0.0278495
0.0319593
0.000336808
0.00250856
0.00812692
0.00629346
0.0282545
0.0694994
0.000511999
0.00160733
0.00177387
0.00075682
0.00179857
2.4249e-006
-1.72411e-011
0.0025681
0.00298618
0.0143377
0.000113887
0
9.10877e-007
0.000478024
0.00213424
0.00105041
0.000784572
0.000158982
0
0.00511476
0.000483377
0.0010996
0.00977893
0.0127098
0.00357708
0.00654246
0.00448814
9.68241e-009
0.0227934
0.000262566
6.93466e-005
0.00106692
0.0136536
0.00153991
0.00082977
0.000486323
0.000126531
0.00144055
0.00887034
0.0011911
0.00386732
0.00810958
0.00317865
0.0128129
0.000184171
0
0.0287947
0.030254
0
0.010548
0.00223897
0.00200449
0.0143132
0.000336808
0.0030158
0.000633446
0.00521815
0.00811705
0.0122817
0
0.0010155
0.00174363
0.00508601
0.0300085
0.00489057
0.00460688
0.0313841
0
0.000527877
0.0309185
0.020016
0.0190624
0.000398033
0.000250964
0.020553
0.00077948
8.34027e-005
6.39057e-012
0.00737228
0.011808
0.01434
0.00136747
0.000293218
0.00334945
0.00279715
0.00441037
0.000329511
0.00266102
0.000962601
0.000217528
0.00696412
0.0662464
0.0219098
0.0560622
0.00703948
0.0101045
0.0158346
0.00186337
0.00210946
0.0163455
0.00747315
0.0111873
0.00754365
0.0175685
0.000373118
0.00997674
0.0161324
0.013339
0.00230106
0.000893736
0.0026766
0.00126814
0.0233046
6.37451e-012
0.0014379
0.0417546
0.00126467
0.000706662
0.020485
0
0.00604981
0.00334294
0.00322599
0.000940646
0.000104467
0.00228205
0.0304578
0
0.00219562
0.032376
0.00861274
0.0243264
0.0345734
0.0261088
0.00187594
0.000892056
0.00216948
0.000809823
0.00948474
0.00349815
0.0155392
0.000236391
0.000108204
0.000656791
0
0
1.18236e-005
0.0141886
0.00493127
0.00370086
0.000780887
0.0135862
0.106504
0.00181961
0
0.00243624
0.000351285
0.0217554
0.000210747
0
0.000280809
0.0178033
1.0993e-005
0.0186989
0
0.00585828
0.000156815
0.000184321
0.00111853
0.000232129
0.00326797
0.00301466
4.86724e-005
0.00780617
4.72555e-005
0.00038726
0
0.0104413
0.0077815
0.0150767
0.000856067
0.0227193
0
0.00278176
6.53886e-005
0.00928726
0
0.00188019
0.00560624
0.00854288
0.000569619
0.00258455
0.00149019
0.00272898
0.000861354
0.00106726
0.0136568
0.00568296
0.0107857
0
0.0268668
0.00109439
0.00306608
0.0635787
0.0380287
0.00369341
-9.77614e-009
0
0.000361012
0
0.0017148
0
0.00169696
0
0
0.000797228
0.000808225
0
0.000182405
0.0340502
0.000271691
0.0167383
0.0687476
0.0061646
0.000826241
0.00424435
0.00827723
6.44213e-007
9.30736e-005
0.000454164
0
1.07938e-005
0.0343158
0.00519426
0.0200523
0.00067294
0.00190966
0.000542859
0.0160546
0.000198423
0.00231849
0.00918471
0.003372
0.0139907
0.00215519
0.00145855
4.34329e-006
0.00961562
0.000844234
0.000200599
0.000874871
0.0371508
0.0732552
0.0461344
6.68055e-006
0.014552
0.000628195
0.039095
8.29753e-005
0.000399715
0.0212435
0.00317512
9.80072e-005
0.00176623
0.00331675
0.000177777
0.0594705
0
0.00519845
0.00471606
0.00725872
0
0.00359838
0.00733189
0.000717628
2.10046e-005
0.0520431
0.00408866
0.00423072
0.0193297
0
0.0655543
0.000150235
0.00217062
0.000790255
0.000414094
0.000705282
0.0262515
0.0185951
3.48407e-005
0.00323643
4.88107e-006
0.00501182
0.0140009
0.00922175
0.00854102
0.000124764
0.000183286
0.00320488
0.000722676
0.00409847
0.00475563
0.00251348
0.000313134
0
0.00175127
0
0.00120012
0.000273274
0.00726766
0.0168956
0.0181188
0.0365227
0.117655
0.0651754
0.0087501
9.95683e-006
4.00371e-005
0.0128961
0.000988096
1.02105e-005
0.000688022
0.016068
0.00747841
0.0112392
0.0623843
0.00508796
0.0442412
0
5.01846e-007
0.000235957
0.000341274
0.00237015
0.0143357
1.03814e-007
0.0039818
0.00218813
0.0892664
0.0103351
0.000802676
0.00159621
0.00128746
0.00257692
0.00194937
0.0471856
0.0531201
0.0136618
0.00862164
0.0113251
0.000443511
4.79884e-006
0.00394426
0.00790204
0.0113731
0.00195511
0.0639905
0.000486032
0.00191662
0.00157987
0.00449377
0.00187813
0.0176665
0.00327876
0.00272154
0.00761666
0.00357888
0.000642334
0.00700319
0.00316432
0.0304375
0.0310609
0.00025282
0.00651164
0.00960646
0.0108281
0.00180319
0.00450036
0.00260797
0.000405031
0.015434
0.0956047
0.00695006
0.000176163
0.00240524
0.0241609
0.0569771
0.0876705
0.00150625
0.000471456
0.0197255
0.00157176
0.000892235
0.0299621
0.0133621
0.000241313
0.000700085
0.00595122
3.30642e-005
0.000403768
0.0399492
0.000939581
0.0134461
0.000708417
0.0279327
0.000483065
0.0659148
0.0565636
0.00130204
0.00178897
0.00167722
0.00133787
0.00198064
0.00209525
0.000539516
0.000628645
0.00953827
0.000577268
0.00512554
0.0668271
0.0518233
0.00169203
0.0164354
0.0105555
0.00611118
0.00282559
0.00185327
0.000206901
9.62911e-006
0.0652269
0.00181924
0.00109031
0
0.00372151
0.00256887
0.00973316
0.00504548
0.00456831
5.4655e-005
8.35127e-006
2.32387e-005
7.70946e-005
0.0206077
0.025147
0.000700423
7.18995e-005
0.0215184
0.0031344
0
0.0197676
0.00156882
9.02721e-005
0.00188879
0
0.000543195
0.0240313
0.000594826
0.0335488
0.00759158
0.00110377
0.0181727
0.00930606
5.21682e-005
0.0022563
0.00338231
0.0177647
0.00658515
0.048949
0.0135655
0.000152813
0.00104188
0
0.00418327
0.00093892
1.94554e-005
0.00205593
0.000518782
0.0291077
0.0142153
0.0164261
0.0644592
0.00130093
7.07281e-005
4.05932e-005
0.00195172
0.00901639
0.00154552
0.00084167
0.00468519
0.000629206
0.000350416
0.000748699
0.0727252
0
0.00129703
0.0602024
0.000392059
0.00954611
0.0191558
0.0018697
0.000512325
0.00059895
0.00143058
0.0295305
0.0146603
0.00469153
0.00257965
0.000465881
0.00924408
0.0202581
0.0117246
0.00410736
0.00133307
0.00352788
0.00319305
0.0477454
0.102381
0.0721233
0.000469102
7.89375e-005
9.96107e-005
0.00187384
0.000191832
0.00342419
0.00163626
0.00654291
0.000408371
2.89605e-005
0.00317445
0.000162281
0.00204711
0
0.00248714
0.000416507
0.000318094
0.00375345
0.00239125
-7.49776e-009
0.0703816
8.13812e-005
0.00257061
0.0110812
0.00413609
0.00329373
0.0203972
0
0.00122038
0.000663782
0.0193583
0.0197371
0.00123809
0.000772119
0.0185695
0.00674097
0.00146909
0.0191889
1.64352e-006
0.0978028
0.000287348
0.000158147
0.00108409
0.0136474
0.000327464
0.000174209
0.00102665
0.000470554
0
0.00379448
0.00100762
0.00113788
0.00269182
-2.17529e-009
0.0113843
0.0150539
0.00923207
0.000327902
0.0603293
0
0.0124501
0
0.0948385
0.140206
0.00480677
0.00489652
0.0164928
7.76936e-005
0.000995326
0.00622401
0.00764087
0.00053035
0.00085105
0.00238501
0.000932996
0.00147898
0.00676902
0.0296296
0.000152176
0.0270653
0.0238292
0.000106192
7.92819e-007
0.00131738
0.000957065
0.00376172
0.00329765
0.00318096
9.92536e-005
0.000169437
0.00166173
0.00223897
9.71547e-005
0.00226661
0.00230838
0.000902683
0.000863895
0.0176331
0.00043466
0.000460577
6.62318e-005
0.0518909
0.0103585
0.00243835
0.00045497
0.0110343
0.000676646
0.0246033
0.00078488
0.000721248
0.00195012
0.00114263
0.00171993
0.000445747
0
0.0204343
0.044453
0.001041
0.000746773
0.00159247
0.000580466
0.00121644
0.00207696
0.000565532
0.000820139
0.00110504
0.000499269
0
3.87205e-005
0.00765927
0.0101848
0.00288408
0.00368255
0.000271677
0.0326367
0.00238326
0.00052479
0.00186898
0.000263928
-1.60962e-008
0.000678527
0.00137098
0.000172006
0.0129644
0.0145733
0.0598554
0.00436857
0.000863409
0.0203633
0.0605148
0.00273562
0.00273802
0.00260021
0.000257474
0.000559249
0.00222898
0.000135301
0.000121685
0.00141773
0.00564743
0.00116517
0.00558606
0.00115665
0.0278752
0.00015603
0.00260688
0.0241075
0.00768052
0.00390605
0.00286993
0.000597117
0.000113887
0.000786199
0.0325855
0.0145146
0.0264489
3.90424e-005
0.0658947
0.0166866
0.00181391
0.00708582
-8.15148e-009
0.000292797
0.00560445
0.000664634
0.00446347
0.00423099
0.00168466
0.00203968
0.0104923
0.00217632
6.38782e-012
8.91498e-010
0.00106823
0.0549377
0.0144143
0.0127173
0.000514636
0.00361189
0.00265487
0.00109021
0.0156646
0.001595
0.0107371
0.000588037
0
0.0118124
0.0025205
0.0544155
-8.02463e-009
0.000922681
0.0155123
0.000758616
0.00015996
0.0709744
0.00563806
8.15801e-006
0.000270018
0
0.00577954
0.00617642
0.00191366
0.000106325
0.00198746
0.000587909
0.000688328
0.0113356
0.0111915
0.00220837
0.0013308
0
0.000810421
0.000901837
0.0148399
0.0591079
0
0.00748536
0
0.00205889
-9.18427e-009
0.00175015
0.000887459
0.020342
0
0.000549858
0.00169914
0.000850183
0
0.00125947
0.014768
0.00855924
0.00948068
0.0102995
0.0011299
0.0297906
0.00374035
0.0554909
0.00119048
0.00454223
0.0132145
0.00965424
0.000141226
0.0198496
0.00244985
9.34253e-005
0.00171453
0.00396492
0.00449371
0.000802244
0.00671561
0.00199202
0.000821361
3.12532e-005
6.48227e-005
0.00184333
0
1.59688e-005
0.00957427
0.000446652
0.019127
0.00351943
0.0916629
0.025974
0.00933868
0.0238898
0.0145153
0
0.000297338
0.000429942
0.000378167
0.00117025
0.00629796
0.000641014
0.00128644
0
0.0227128
0.0144463
0.000331721
0.00445528
0.00112525
0
0.00147395
0.00187166
0.0134878
0.00247745
0.00107423
0.0200569
0.0601386
6.06581e-005
0.0654816
0.124521
0.000781619
0.000202274
0.036787
0.000320493
2.29892e-005
0.000223544
0.00381548
0.0364835
4.52803e-005
0.02147
0.000134285
0.00495401
0.0190509
0.00111982
0.0134215
0.00054154
0.000691107
0.00795251
3.32826e-007
0
0.000562089
0.00363434
0.0367725
0.000163327
0.00766351
0.00056343
0.00721084
0.00346281
0.000245782
4.41619e-009
0.00032199
0
0.000213354
0.000306976
0.0134396
0.000648966
0.00149694
0.00619687
0.000990787
0.00325826
0.000519
0.000895707
0.119343
0.0001741
0.0135474
0.00595016
0.00533075
0.000827872
0.0133387
0.000150183
0.00278214
0.00296506
0.00444747
0.00118558
0.000667523
-1.72411e-011
0.037857
0.000271836
-5.27286e-009
0.000193774
0.0488378
1.97243e-005
0.00156593
0.000982268
0.000861165
0.00532365
0.000802503
0.00155838
0
0.00282037
0.00123514
0.00471051
0.00143837
0.00144693
0.000145557
0.00262611
5.98724e-005
0.00404802
0.0107846
0.000976368
0.00163522
0.0021955
2.65722e-005
9.54126e-005
0.00229314
1.03336e-009
0.0224553
0.00130143
0.00175368
0.0153661
0.0257103
0.000949756
0.00509808
0.000737733
0.000911011
0.00822561
0.000332357
0.0771217
0.0690133
0.0220427
0.0111388
3.30365e-005
0.0429215
0.000847341
0.0104257
0.0149352
0.000611722
0.0149501
0.0148093
0.00385645
0.00764903
0.000129319
0.0120505
0.00497292
0.000166836
0.00243266
0.00220201
0.000118618
0.000271068
0.00308741
0.0274015
0.00148602
0.00016256
0.00360288
0.00728079
0.00249733
0.0170798
0.00118459
0.0186058
0.0017766
0.000240578
0.000869921
0.0111297
0.0160729
0.00190966
0.000689741
0.0191129
0.000508189
0.000419038
0.00304337
8.88953e-006
7.60434e-006
0.024381
0.000167003
0.00219941
5.70751e-005
0.000572052
0.00382087
0.000890508
0.0498106
0.000906244
0.00157343
0.00141366
0.00478146
0.00182647
0.0326585
0
0.00262354
0.00244745
0.000183623
0.00110058
0.0309569
0.00175227
0.00172808
0.00836243
0.0629925
0.00177611
1.15574e-005
8.70137e-005
0.010689
0.0168339
0.000198723
0.00239223
0.000134422
0.000175066
0.00335059
0.0148707
0.000140004
0.00854906
0.00168195
0.000137908
0.00221282
0.0039976
0.00251986
0.0165534
0.0277226
0.00893001
4.60281e-005
0.0161833
0.00213662
0.00159218
0.00290589
0.0139528
0.0139517
0.000460813
0.0106068
0.00223268
0.000431291
0.100321
0.0849703
0.0106858
2.46627e-005
0.000516403
0.018119
0.00457569
0.00585341
0.00119867
0.00268529
0.000705929
2.96445e-005
0.00806097
0.0291504
0.00160288
0.00565493
0.0410496
0.01156
0.00014683
0.0021721
0.00605017
0.0243363
0.00432293
0.000896556
0.00088746
0.00208463
0.0288592
0.0152472
0.000817217
0.0023666
0.0239608
0.0001838
0.000581543
0.000129605
0.0143772
0.024204
0.019478
0.000793771
8.594e-005
0.00135955
0.0103826
0.0221708
0.00111362
0.0013066
0.0148042
0.00937212
0
4.41619e-009
0.000134715
0.00127197
0.00300328
0.057243
0.0105951
0.00408457
0.00196853
0.000540915
0.0104192
0.00836852
0.0116389
0.030477
0.00508618
0.000801801
0
0.000172787
0.000533313
0.00213224
5.58732e-005
0.00137586
0.0163225
0.0254519
0.00657998
0.00297359
0.00323344
0.00410269
0.00151576
0.004238
0.000861543
0.000887908
0.0014891
0.0018726
0.00121012
0.00215726
8.17538e-005
5.08707e-006
0.000742929
5.16503e-006
0.00743545
0.000697013
0.0365173
0.0265597
0.00243711
0.000403511
0.0107614
0.00508718
0.0188448
0.00459484
0.00111568
3.48925e-005
0.00183176
0
0.00418534
0.00677823
0.00311771
0.000359176
7.93871e-005
0.0231212
0.000823027
0.000344415
0.0115304
0.000774049
0.00150429
0.119838
0.000921439
0.0147124
0.0353283
0.00599345
0.00229161
0.0150065
0.0217522
0.00107966
0.000525659
0.00805861
0.00040689
0.000494346
0.00132272
0.00100647
0.000146385
0.011212
0.00333006
0.000233874
0.0127475
0.00345552
0.0208077
0.000121676
0.00157742
3.67424e-009
0.00111321
0.026693
0.0279186
0.000488054
0.000137344
4.36628e-005
0.00579421
0.00231263
0.0121147
0.00731957
0.00366825
0.000203218
0.0024152
0.00445704
0.0189022
0.00267935
0.00659781
0.000274771
0.00191024
7.68061e-007
0.00317638
0.00182729
0.00418981
0.00049847
0.0119751
0.000125372
0.00302448
0.000368704
0.00991339
0.00196042
0.000523559
0.000177874
0.000817365
0.0109082
0.000342302
9.3425e-005
0.000845858
0.0340506
0.00277186
0.0423626
2.56937e-005
0.00573084
0.0013727
0.00264506
0.0009213
4.01858e-005
0.0171601
0.000135301
0.00181075
0.00482162
0.00517625
0.0022804
0.00191375
0.0011917
2.79134e-005
0.022081
0.0110044
0.0015991
0.0176438
0.0109843
0.00654063
0.000510693
0.000846398
0.00944022
0.0200236
0.0707473
6.97667e-005
0.0183235
0.00318773
0.00158313
0.0199072
0.0107934
0.0285313
0.0035565
0.0196862
0.000310783
0.00684464
0.00908183
0.00880365
0.00343475
0.000191556
0.0126743
0.00899363
0.00825018
0.000356366
0.000655335
0.0069925
0.000120178
0.00215685
0.0151598
0.00202643
0.014822
0.0031632
0.00904529
0.0275803
0.00248896
0.00154611
0.000876846
0.0106675
0.000150757
0
0.00912518
0.00543937
0.00268332
0.0109318
0.00468316
0.000992195
0.000113795
2.3499e-005
0.0078112
0
0.0694421
0
0.00596364
0.0308337
0.00718624
0.000205542
0.0411767
0.0252165
0.0109782
0.0105723
0.000681092
0.00232938
0.0161769
0.0552848
0.000510983
1.91983e-005
0.00179043
0.0280365
0.000818282
0.0012403
0.00115714
0.0267756
0.0120739
0.0121446
0.010303
0.0474315
0.0295274
0.0043799
0.000568536
0.00353204
0.00178854
0.00336311
0.0186816
0.0162541
0.0149189
0.00139717
0.000363356
0.000382009
0.000189131
0
0.000142
0.000433828
0.0687175
0.00154575
0.00427009
0.00147247
0.0663482
0.000297255
0.120289
0.00138289
0.00266425
0.0283095
0.000464254
0.000148427
0.00102205
0.0161437
0.00414135
0.000941733
0.00013101
0.0418935
0.00858599
0.000861982
9.75676e-006
0.000322897
0.000126571
0.01259
0.0267126
0.0103177
0.00102505
0.00963807
0.00187812
0.000537152
0.00214389
0.0850128
0.0448789
0.0228099
0.00112813
0.0316191
0.00338953
0.00288032
0.0117645
0.0161103
0.00990973
0
0.00749585
0.00804398
0.00206605
0.000444537
0.0246762
0.00231589
0.000725886
0.00111008
0.00451844
0.00182183
7.4128e-005
0.0073784
0.038042
0.00358658
0.000428166
0.00139247
0.0160314
0.0169412
0.0117607
0.027424
0.0057996
0.00530999
0.015796
0.013188
0.000406737
0.0165547
0.00180602
0.00447351
0.000736514
0.000184313
0.000374624
0.00180672
0.0321507
0.000895433
0.033301
0.00182772
0.00252156
0.0150862
0.00224592
0.00649908
0.00106998
0.00747514
0.0065959
0.0376804
0.00475671
0.00281139
0.000781368
0.0144877
0.00945695
0.00311845
0.0220013
0.00178437
0.00768538
0.00479416
0.0056164
0.000451354
0.00030662
6.99831e-005
0.00102235
0.0122031
0.00579345
0.000378793
0.00185592
0.00583667
0.038355
0.00613066
0.00099029
0.0154002
0.00232642
0.00448268
0.00181468
0.00155042
0.00473471
0.000140069
8.75202e-006
4.7943e-005
0.041489
0.0143694
0.00401516
0.00494294
4.33788e-005
0.00375833
0.000231525
0.00012679
0.0159772
0.0177566
0.0212814
0.00113876
0.00251133
0.0177527
0.0749958
0.038327
0.000107631
0.0132122
0.00453053
0.00445111
0.0111087
0.00153112
0.000821139
1.23933e-005
0.00165376
6.20179e-005
0.00192826
0.00343297
1.49972e-005
0.00240029
0.079974
0.0120889
0.011189
0.00313629
0.00201161
0.0791809
0.00835544
0.00369047
0.0012927
0.0191873
0.00366384
0.0219136
0.00349394
0.0133166
0.000174261
0.000622892
5.16503e-006
0.00814308
0.0482136
0.0015768
0.00152966
0.000352404
0.022148
0.0316682
0.00100264
0.00688313
0.0012138
5.58216e-005
0.00120898
0.000837149
0.00168409
0.0586319
0.0230825
0.00655922
0.000404998
0.00167325
0.0563245
0.0045676
0.000218432
0.00122237
0.000171228
0.00167225
4.88936e-005
0.0145657
0.0117577
0.00302791
0.00742456
0.00374798
0.011116
0.00382711
0.00367902
0.00636097
0.0472277
0.034641
0.0209965
0.000232088
0
0.000762897
0.00031894
0.00172716
0.0307651
0.000414898
0.00528206
0.00357023
0.021233
0.00427096
0.0253777
0.00184056
0.0160307
0.00592956
0.00504021
0.00130832
0.0518879
0
0.00114595
0
0.0185077
0.000870521
0.00722911
0.0396146
0.0446683
0.00693975
2.26474e-005
0.125837
0.0795903
0.0567985
0.00366638
0.00336581
0.0153421
0.0083099
0.00161636
0.000730932
0.000506636
0.00236856
0.0184674
0.0679885
5.11095e-005
0.00988907
0.00798278
0.0105678
0.0126007
0.0112412
0.00210823
0.0209548
0.0110146
0.00199669
0.00304342
0.0100178
0.00604263
0.000540872
0.000766488
0.0411737
0.0105257
0.0022312
0.000209038
0.0359979
0.000737855
0.00231123
0.0121875
0.0456752
0.00220268
0.00195433
0.000895313
0.00252955
0.000552408
0.00165762
0.00548206
0.00152563
0.0105625
0.00956291
0.127032
0.00728781
0.0261165
0.000748077
0.000657078
1.1224e-005
0.0113828
0.000552211
0.00060172
0.00039925
3.04872e-005
0.0414225
0.036265
0.000650762
0.00946843
0.0270867
0.00365113
0.000291048
0.00117126
0.00104052
0.00531047
0.00346206
0.000355608
0.0121757
0.00200037
0.00555411
0.0166983
0.00503157
0.00764478
0.00119376
0.00352034
0.00320751
0.00135337
0.000563399
0.000970602
4.50523e-005
0.0198124
0.000440877
0.00118804
0.00161054
0.000345295
0.0704578
0.000766946
0.000428369
0.000522838
0.00167223
0.0118565
0.0225656
0.00778126
5.30513e-005
0.00013411
0.0013711
0.00182143
0.000470894
0.00153855
0.0181735
0.0214653
0.0150902
0.000225184
0.00784893
0.00355851
0.0485805
0.0125171
0.03514
0.000944217
0.00563741
0.0207399
0.00434216
0.0190666
0.00284205
0.0128636
0.00156485
2.65392e-005
0.000358329
0.000927479
0.00638947
0.0146326
0.000158262
0.000746966
0.0215211
0.0176723
0.0101029
2.57602e-005
0.0256519
0.022222
0.000282352
0.000752996
0.00778215
0.00156311
0.027424
0.0202783
0.00244816
0.000270215
0.0838678
0.0378507
0.00619401
0.00245666
0.00230297
0.000717285
0.000981778
0.00918701
0.00979014
0.00210265
0.0485385
0.000304412
0.000295858
8.74531e-006
0.000142377
3.6066e-005
0.000281917
0.00284687
0.0103541
1.24783e-005
0.027844
0.000138497
0.000847743
0.0166085
0.00168822
0.0199923
0.000249134
0.000237378
0.034463
0.00263301
0.016803
0.000896982
0.00220856
0.000140612
0.00240616
0.0138441
0.00588466
0.0158157
0.0430967
0.00564051
0.0191927
0.00891983
0.000341331
0.00166556
0.0877656
0.00265121
0.0202016
0.000250834
0.00532932
0.0149554
0.0197141
0.0273972
0.000210817
0.010503
0.00282763
0.000727496
0.00179928
0.00431632
0.0153283
0.00991764
0.0225072
0.000380183
0.00389152
0.0137982
0.00595229
0.000281299
0.00383943
0.00358463
0.000187988
0.0186136
0.000229697
0.0138823
0.00391829
0.00959166
0.00704319
0.00204252
0.00706761
0.00550345
0.00397553
0.00792743
0.00941876
0.00177056
0.00255923
2.61082e-005
0.121035
0.00679706
0.0321071
0.0195891
0.0110616
0.019204
0.00443135
0.0073333
0.00936455
0.0215225
0.0015532
0.0121579
0.0112267
0.0254054
0.0986625
2.89231e-005
9.42021e-005
0.00148037
0.0133131
0.0101432
0.00806838
0.00188135
0.000576133
0.000895574
0.000433901
0.000132191
0.00222037
0.00122331
0.0103243
0.0295716
0.00496595
0.0201395
0.0169695
0.00347642
0.00147404
0.00569691
0.00259932
0.00448687
0.00282835
0.00267691
0.00535203
0.00538435
0.0124163
0.0021456
0.000309595
0.0223976
0.0209465
0.0107128
0.0112079
0.00326896
0.00693465
0.00504643
0.0889031
0.00557976
0.14555
0.0158237
0.0468799
0.00914083
0.0179733
0.0273082
0.0411372
0.0379673
0.131584
0.0125135
0.00115429
0.000827653
0.0012113
0.018806
0.0025045
0.000881882
0.000820102
0.0508013
0.000831454
0.0101657
0.0691942
8.20201e-005
2.63564e-005
0.00608762
0.0391571
0.00114042
0.0334002
0.0243922
0.000163233
0.0331168
0.00115556
0.0148465
0.00086622
0.00145766
0.000603897
0.0255096
0.020956
0.00275126
0.0587183
0.000571174
0.000424461
0.0220061
0.000538799
0.00169058
0.00114574
0.0235741
0.000324884
0.000460534
0.00334888
0.00427577
0.000380484
0.0971195
0.000282426
0.022648
0.00436881
0.000416769
0.000112889
8.61631e-005
0.00504464
0.00189212
0.0055357
0.0111828
0.0404179
0.00747288
0.010487
0.00568694
0.00168335
0.000217255
0.0439156
0.0321502
0.0248893
0.0033507
0.0173782
0.0384945
0.0858642
0.00245131
0.000660987
0.00306458
0.00161595
0.0199719
8.86999e-005
0.00516648
0.190516
0.000309208
0.000105835
0.0141787
0.0164539
0.0194274
0.0190082
0.00161434
0.000158013
0.00113099
0.000406083
0.0103253
0.0258179
0.0441634
0.0652426
2.80717e-005
0.0135574
0.000140954
0.004212
0.00116568
0.00102659
0.00011035
4.15601e-005
0.0793683
0.0302207
0.0573845
0.0105584
0.00780495
0.0210776
0.00723517
0.0195411
0.00170925
0.024731
0.000260034
0.000235885
0.00572003
0.0171931
0.00305301
0.0143814
0.0347295
0.000165667
0.00214444
0
0.00144786
0.0101686
0.000309262
0.00848897
0.00101138
0.0156782
0.00269746
0.00206551
0.0101473
0.00180575
2.42291e-005
0.0653433
0.00104119
0.00895898
0.0118103
0.00676445
0.0031835
0.00656842
8.33212e-005
0.00332574
0.000528228
0.0376715
0.167272
0.037441
7.68585e-005
0.00263812
0.00067326
0.00835654
0.000930411
0.000231127
0.00159064
0.0233965
0.020779
0.0851626
0.000147072
0.0156025
0.000797229
0.000142527
0.00112267
0.000932361
0.00201306
0.000275152
0.0220756
0.0318896
0.0313161
0.0220886
0.0341505
0.0384907
0.0590263
0.000229826
0.0174933
0.0248472
0.000772026
0.0187264
0.0180078
0.00198133
0.00512476
0.0590053
0.00109623
0.0017681
0.00462411
0.00335529
0.00105242
0.00731011
0.0140808
0.0292117
0.00238953
0.00832602
0.00917571
0.00836382
0.000747239
0.0119064
0.0140268
8.21479e-005
0.00235045
0.00328204
0.00369009
0.0324863
0.000193289
0.0218824
0.0235873
0.00315723
0.00277028
0.0286559
0.0284029
0.0150763
0.000769677
0.000524274
0.0415944
0.00519772
0.0070185
0.0407724
0.00780969
0.0010867
0.000596702
0.012599
0.00259954
0.000234463
0.000274477
0.000692028
0.0093391
0.00775453
0.00696476
0.0120931
3.06975e-006
0.000206579
0.00491659
0.000227961
0.00463766
0.0270858
0.000500107
0.00450302
0.0326111
0.000228196
0.0162252
0.00626768
0.0988759
0.00082287
0.0103004
0.000175324
0.0164362
0.00113495
0.00233162
0.0109772
0.0303359
0.0113285
0.01204
0.00088995
0.0039435
0.0128127
0.00100607
0.000239555
0.0218684
0.0147845
0.000191251
0.000576594
0.000399843
0.0670418
0.00276943
0.0038868
0.0517497
0.00135219
0.015435
0.000787732
0.0172175
0
0.0747961
0.0146201
1.26514e-005
0.00131701
0.00139336
0.00359767
0.00221631
0.00105459
0.00120529
0.00104888
0.000557671
0.0775182
0.0137396
0.0200911
0.0122927
0.00129524
2.07507e-005
0.0437951
0.00169612
0.00085899
0.0122553
0.000183578
0.00213576
0.00158525
0.00110559
0.000285405
0.00144416
9.10905e-005
0.000275986
0.000231773
0.00169504
0.0179728
0.0796749
0.00014181
0.0277652
0.0103468
0.0154689
0.00150169
0.000132163
0.000175088
0.035936
0.00560856
0.00477269
0.0153096
0.000878343
0.00286989
0.00263829
0.00615881
0.00781938
0.10788
0.000352606
0.000487284
0.00279998
0.00199889
0.0765351
0.0233296
0.00619536
0.0063886
0.00112819
0.00158132
0.00172129
0.00492974
0.00232256
0.00078049
0.00182351
0.000318168
0.00370835
0.00182
0.0104682
0.0230569
0.00425899
0.00316393
0.0416998
0.0285909
9.62985e-005
0.00145816
0.00551062
0.00474259
0.00125052
0.000152501
9.01751e-005
0.0136938
0.000995751
0.00650528
0.00124318
0.00952838
0.0420434
0.023724
0.00120631
0.001784
0.000104141
0.00352408
0.00214445
0.0049565
7.15459e-005
0.0231175
0.000415634
0.0106555
0.0331137
0.000462115
0.00164648
0.000760365
0.0161302
3.38119e-005
0.000465426
0.00188916
0.00100276
0.0295611
0.0031185
0.0125089
0.00213146
0.000351198
0.0046069
0.00116305
0.0123763
0.00400301
0.0107808
0.000859309
0.00174598
0.00085931
9.49076e-005
0.0140751
0.00607614
0.000978197
0.0011153
0.00388061
0.0188177
0.00720882
0.000899758
0.0147361
0.00129429
0.000467145
0.0035447
0.00382244
0.00470488
0.00246718
0.0670322
0.00658557
0.0064659
0.00159834
0.0147665
0.00064603
0.0139338
0.00430772
0.00454113
0.00331225
0.0236439
0.00906646
0.000678594
0.00409992
0.0526095
0.0146124
0.00697784
0.00628585
0.00264156
0.0187904
0.0105932
6.68636e-005
0.0285203
0.00585665
0.00347257
0.000228245
0.000129729
0.0783605
0.000307303
0.00223678
0.00109911
0.0109059
8.82918e-005
0.133196
0.011071
0.000414527
0.00265205
0.00274805
0.000461367
3.80531e-005
0.0139904
0.00207691
0.111077
0.00191592
0.0145141
0.00315292
0.0161117
0.00718949
0.000232061
0.0094293
0.00039727
0.0562496
0.0193547
0.000589266
0.000182305
0.00211274
0.000546814
0.000729657
0.0631897
0.00247559
0.00201261
0.00129899
0.00232051
0.179871
0.000505351
0.00213699
0.000967693
0.0485214
0.0113343
0.00032831
0.000168408
0.00297362
0.00551874
0.0146792
0.000281591
0.00137362
0.0317944
0.00047286
0.00132013
0.0678553
0.00175836
0.000259781
0.00247163
0.000862027
0.00192631
0.0103776
0.0075144
0.000151127
0.000545463
0.0137683
0.0180828
0.000373994
0.000750747
0.00139955
0.00381594
0.0011897
0.031189
0.000540361
0.00437095
0.0832829
9.25668e-005
0.00167791
0.0206293
0.00124096
0.00110786
2.42817e-005
0.000885449
0.015136
0.00248786
0.000287832
0.00387579
0.000643623
0.000261262
6.39018e-005
0.0467835
0.000926966
0.0496425
0.00213721
0.000442575
0.00259545
0.00025166
0.0111852
0.00359875
0.000136069
0.00011291
0.10356
0.000140015
0.0428257
0.0373454
0.00309031
0.00286491
0.000475469
0.000893309
0.000501784
0.000844755
0.00401965
0.0025506
0.0127281
0.000826681
0.00569067
0.00218959
0.00110988
0.00857282
0.00048494
0.00249576
0.000491998
0.0156639
0.000155836
0.00163532
0.00189153
0.00540183
0.000253361
0.0197402
0.000717066
0.00460244
0.00205218
0.000230614
0.000540806
0.00220538
0.0182606
0.0189051
0.000721166
0.000596827
0.00063637
0.00835064
0.0770251
0.00019715
0.0595107
0.000315284
0.0210674
0.00929036
0.000459673
1.35449e-005
0.0275315
0.0100456
0.0349028
0.00933522
0.0107274
0.000471747
0.0380809
0.0953383
0.00727395
0.00125759
0.000112021
0.00449324
0.00309694
0.000606906
0.000120012
0.000631119
0.000192103
0.000230606
0.00198003
0.000220343
0.00200851
0.000203258
0.0160441
0.000295777
0.0041761
0.00230225
0.000200351
0.0876813
0.00162964
0.00681951
0.00359061
0.014867
0.0115314
0.00986308
8.94325e-005
0.00112942
0.00104669
0.00231173
0.0169903
0.000395523
0.0161703
0.000956489
0.00054849
0.000626803
0.00808251
0.000108466
0.036178
0.000492137
0.000177253
0.000292305
0.00537618
0.0104359
0.01616
0.0592197
0.0315807
0.0108798
0.000478802
0.00964175
0.0027867
0.0278376
0.000298076
0.00115253
0.00211247
0.0223009
0.00139384
0.100454
0.00482775
0.00104898
0.0329784
0.0109891
0.00115947
0.0224529
0.0249564
0.00822028
0.000351206
0.0116838
0.000727881
0.00021321
0.0112779
0.00202981
0.000286275
0.00016566
0.00289439
0.00110375
0.0184795
0.0352188
0.0136098
0.000296718
0.00271166
0.00322995
0.00619164
0.00104091
0.00696359
0.0312093
0.0133019
0.00128959
0.011569
0.0015713
0.000496045
0.0214235
0.00454132
0.0056969
0.00624528
0.048513
0.000146927
0.0076984
8.34274e-005
0.00293805
0.0189704
0.00967322
0.00415051
0.00355098
0.0166389
0.00023174
0.00154769
0.00332081
0.00192922
0.00164086
0.000155227
4.62178e-006
0.00226256
0.00333553
0.00947485
0.00357717
0.00584553
0.00747868
0.0047443
0.000420892
0.000297547
0.000156843
0.000373953
0.000167965
0.00187148
0.00730374
0.00268052
0.0181151
0.00919755
0.00567693
0.00887132
0.00117915
0.0125007
0.00915785
9.47753e-005
0.00117899
0.000112999
0.000588827
0.112459
0.00147712
0.000559472
0.00137045
0.00204808
0.0102099
0.00330232
0.000819643
0.00266515
0.000976664
0.0578445
0.0390695
0.00554256
0.00150907
0.00247515
0.000443793
2.12728e-005
2.48114e-005
0.00474297
0.00231891
0.00191286
0.00444964
0.000909502
0.0433751
0.0043586
0.0002379
6.67471e-005
0.00905785
0.00109238
0.0281409
0.0270351
0.0299051
0.000568837
0.00152644
0.024431
0.0120216
0.00547081
0.0401368
0.0481646
1.32471e-005
0.0114485
0.0144515
0.00384924
0.00180456
0.000475121
0.00252614
0.0184517
0.0136445
0.00692262
0.0613943
0.00831161
0.000762049
0.000328617
0.000206296
0.00116266
0.0453769
9.97468e-005
0.00296562
0.00518275
0.010397
0.00059781
0.00282912
0.00276203
0.0361983
0.0430281
0.0246184
0.012638
0.0228897
0.000138022
0.00742958
0.000829505
2.13354e-005
0.111977
0.000877635
0.000732358
0.0013248
0.0215163
0.00122392
0.00141384
0.0252327
0.0228897
0.0187634
0.0673405
0.00513911
0.0171185
0.0766646
0.00806589
0.041634
0.0362348
0.000396
0.0184063
0.00354304
7.89589e-005
6.09094e-005
0.000807699
0.0784534
0.000615515
0.00259741
0.00391748
0.00627377
0.00703692
0.00373494
0.00907203
0.00161875
0.00075521
0.013288
0.000583035
0.000289613
0.000611113
0.000306285
0.0108054
0.00319743
0.000559399
0.000489302
0.00116325
0.000613553
0.000408099
5.99084e-005
0.00154662
0.000831974
0.000243807
0.00867654
0.00823564
0.00166022
0.00193609
0.0617664
0.00647971
0.021315
0.0280207
0.0136919
0.00204259
0.00817763
0.00614547
0.000842087
0.000572143
0.000123366
0.048088
0.0418878
0.00581791
0.0354873
0.0123223
0.0607573
0.0981493
0.00492632
0.00832678
0.0217975
0.00805993
3.02485e-005
0.000112503
0.00213582
0.00114599
0.00395951
0.0318022
0.00336734
0.0214344
0.000845317
0.000267881
0.0245271
0.0146414
0.0211846
0.00125416
0.000267648
0.000243818
0.00410724
0.00447557
0.00132717
0.00269436
0.0277108
0.000590993
0.0261119
6.17283e-006
0.00382731
0.00188797
0.00953984
0.000394457
0.0511682
0.000723133
0.000625426
0.00921234
0.00138317
0.00376643
0.0131897
0.000630002
0.00385209
0.0113207
0.00035987
0.00752748
0.000848191
0.0123171
0.0306114
0.000497531
5.67552e-005
0.00319828
0.000837231
0.0010279
0.0101209
0.000141733
0.00242879
0.000111216
0.0255519
0.000304477
0.000394845
0.000527965
0.00592338
0.00018631
0.000933274
0.000586327
0.0172554
0.00220167
0.00326951
0.000106263
0.0163129
0.00176739
0.00531198
0.0354026
0.00062406
0.000600346
0.00577189
0.000516418
0.0561934
0.000757101
0.000942086
0.0294216
0.00824989
0.000525114
0.000993001
0.000308633
0.000273729
0.00502994
0.000123366
0.000178322
0.00256742
0.00526528
0.00107694
3.86371e-006
0.000490579
0.0202478
0.0192601
0.0164686
0.00117574
0.0118345
0.0258441
0.0006391
0.0492761
6.45719e-005
0.00440637
0.0355229
0.00798016
0.00470371
0.00396482
0.0485599
0.00276686
0.000147155
0.00109579
0.00132538
0.00115854
0.000587395
0.0358133
0.00348276
0.0059384
0.00480881
3.38651e-005
0.000171428
0.00618607
0.00556883
0.000312407
0.00254958
0.0172282
0.00129733
0.003752
0.00221046
0.00333419
0.0217443
0.029891
0.000396185
0.00644747
0.000247851
0.000979416
0.00868458
0.00826786
0.00169599
0.0326796
0.000260681
0.000190316
0.00577715
0.000200779
0.150745
0.00147621
0.00035505
0.0234259
3.844e-005
0.00911763
0.00445523
0.000151205
0.00131372
0.00271194
0.000975586
0.00134148
0.00526514
0.00261116
0.0332993
0.000203751
0.000119851
0.00776149
8.23662e-005
0.000262524
0.00439634
0.0267731
0.0210081
0.00022238
0.0208588
0.00110463
0.000226127
0.00900053
2.21736e-005
0.0157948
0.0746788
0.0173732
7.12571e-005
0.00210528
0.0341987
0.00476227
0.000134028
0.0181854
0.000416118
0.00178506
0.00341253
0.000336824
0.000666412
0.000508909
0.00142464
0.00107815
0.0208404
0.00135744
0.00154852
0.000646424
0.000634659
0.000149157
0.0542988
0.0475224
0.0637041
0.00429351
0.00429388
0.00272679
0.000129141
0.0158801
0.00248753
0.0139352
0.00133177
0.00443822
0.0238106
0.0037172
0.0206678
0.0156838
0.0899159
0.000219753
0.00355999
0.00056496
0.00451685
0.00176827
0.00137034
0.00134255
0.000496088
0.000629926
0.0146197
0.00850943
0.00228726
0.0854228
0.000526567
0.000127328
0.000990661
0.000957204
0.00157434
0.00217222
0.00684505
0.00164149
0.000747564
0.000483515
0.0167433
0.000774521
0.0110402
0.0131561
0.000541837
0.0288311
0.0424723
0.0165204
0.0100173
0.00165845
0.00511129
0.032581
0.0110078
0.00262966
0.066264
0.00366155
0.00372899
0.00070009
0.00149581
0.0116429
0.0130407
0.00466317
0.000210727
0.0021545
0.00229348
0.00927816
0.00635658
0.00397368
0.00452902
0.000734131
0.0108432
0.0204186
0.00204397
0.00111532
0.00218789
0.00265935
0.0884104
0.00506632
0.0144048
0.0117713
0.000591625
0.00761241
0.0075068
0
0.00144974
0.00370068
0
0.000415841
0.00234958
0.00068712
0.00728254
0.0432797
0
0
0
0
0
0.000194643
0.000232555
8.08446e-005
0
0
8.95362e-005
0.000324979
3.71455e-005
0.00156485
0.00381709
0.00052963
0.00028418
0.000394684
0.000124344
0.000365036
0.000564344
0.00068562
0.000237223
