7444
0.00598956
0.00552955
0.00826383
0.0144253
0.00274002
0.00286767
0.0292217
0.00562377
0.0169851
0.00878277
0.00930024
0.0433614
0.00405785
0.0136473
0.00356868
0.0064187
0.00234251
0.00503741
0.000474611
0.0186074
0.000362879
0.15173
0.0188922
0.0029292
0.0194516
0.0167446
0.0738751
0.000198918
0.00347937
0.010252
0.0227151
0.161242
0.00594869
0.0048176
0.0172651
0.0192621
0.00116103
0.0182794
0.0106076
0.0862251
0.00438444
0.00215998
8.7376e-008
0.0381535
0.017508
0.00532962
0.00218682
0.00174299
0.0151908
0.111743
0.000423172
0.00393745
0.0054191
0.00524944
0.00822734
0.00815868
0.0205398
0.00157357
0.0033706
0.00770505
0.00240902
0.00260132
0.00276253
0.00249364
0.00123163
0.213189
0.00236815
0.0254372
0.141017
0.00397127
0.00408245
0.000779584
0.0183399
0.137865
0.047746
0.0017206
0.00158809
0.00826346
0.0120956
0.00406443
0.0252809
0.0134318
0.00772543
0.000991757
0.000234958
0.00137246
0.000655271
0.0102452
0.00821838
0.00661145
0.00356855
0.00313102
0.0200654
0.00145401
0.229046
0.0228607
0.00596193
0.00575054
0.0327288
0.00743865
0.00343489
0.0228072
0.000954717
0.000608801
0.2498
0.000896691
0.000875962
0.00230998
0.00175889
0.00411872
0.001584
0.00100174
0.00212925
0.0130948
0.00404954
0.00309912
0.00157558
0.0034927
0.00430414
0.0156753
0.0534344
0.0374814
0.0875465
0.00221761
0.00328001
0.0466876
0.00187174
0.00196414
0.00344666
0.000640238
0.00647735
0.00325707
0.0108661
0.0150739
0.00573315
0.241633
0.154319
0.00852586
0.00610353
0.021292
0.168913
0.0329065
0.123088
0.029788
0.00162319
0.00447719
0.00120011
0.00722126
0.168896
0.00791469
0.0182612
0.00262457
0.000315858
0.00174328
0.00623889
0.00485667
0.0983896
0.092785
0.276692
0.0205422
0.164941
0.00393725
0.0142558
0.012137
0.0169693
0.00162697
0.0036414
0.0153307
0.0305893
0.0027829
0.493352
0.00184379
0.00183061
0.000955414
0.0141437
0.0299103
0.056249
0.00228067
0.0021559
0.0422216
0.0057066
0.006937
0.0186041
0.000545003
0.00337253
0.266774
0.00617494
0.0025475
0.0118297
0.00419172
0.280832
0.0169459
0.241176
0.00207221
0.000861341
0.000961184
0.00995733
0.0113305
0.199857
0.0138218
0.0131718
0.0986256
0.0375883
0.0434918
0.0107511
0.0019721
0.245614
0.295328
0.0393609
0.000790409
0.00100475
0.261366
0.00703418
0.00859306
0.000915795
0.000602179
0.126772
0.0809707
0.00534963
0.239454
0.00726661
0.000368836
0.000814379
0.0022304
0.0303786
0.135351
0.00112865
0.00570526
0.241842
0.159203
0.11982
0.00133795
0.0304074
0.0355107
0.199903
0.167039
0.225202
0.0466066
0.0231609
0
0.00195336
0.00196396
0.00151525
0.187759
0.230674
0.0217112
8.73752e-008
0.083531
0.00614238
0.184056
0.00370822
0.140688
0.226821
0
0.0135113
0.241157
0.23809
0.136046
0.166991
0.100557
0.00143489
0.00133739
0
0.182847
0.00219514
0.00237174
0.0220284
0.208965
0.24858
0.120921
0.169675
0.00458538
0.00114414
0.0284216
0.440129
0.0797029
0.305668
0.00114593
0.0080625
0.00225434
0.00461884
0.0103077
0.000691189
0
0.00440049
0.237858
0.180048
0.00284445
0.00333075
0.00902271
0.00192903
0.00605335
0.00574271
0.249796
0.000775876
0.0203636
0.00128506
0
0.000662444
0.00108809
0.162206
0.000401662
0.0188001
0.00615146
0.00569648
0.0129645
0.000200387
0.0230878
0.0220654
0.120327
0.182287
0.413558
0.189117
0.00183732
0.00139514
0.00217711
0.000977497
0.207078
0.00229862
0.000245227
0.385657
3.55602e-005
0.022568
0.00109642
0.0385114
0.120717
0.00329419
0.00154062
0.0168867
0
0.0789624
0.00863194
0.0443391
0.000738808
0.0100899
0
0.397916
0.115641
0.0175168
0.0156989
0.000527256
0.187713
0.00577061
0.00569648
0.0881159
0.000547228
0.233693
0.342031
0
0.00253712
0.0032344
0.0892024
0.00330234
0.0097997
0.0275287
0.00731929
0.000438679
0.124838
8.15563e-005
0.00307247
0.216553
0.00801961
0.228938
0.000900184
0.0362992
0.00789303
0.0350074
0.00873424
0.193065
0.00173397
0.135959
0.0776417
0
0.0632171
0.235978
0.024311
0.0254594
0.0107377
0.0322038
0.00889768
0.35734
0.0144461
0.00894166
0.0172419
0.00292733
0.11024
0.00389496
0.0738076
0.0285944
0.236473
0.0042174
0.121743
0.0143968
0
0.00448738
0.00476092
0.00496418
0.076723
0.00481119
0.177881
0.086325
0.429838
0.246099
0.000394749
0.0025816
0
0.200664
0.0146152
0.244378
0.0240107
0.00661818
0.0250475
0.00608254
0.160003
0.000394749
0.00798643
0.00424437
0.0052207
0.110531
0.0243386
0.39627
0.374839
0.00150183
0
0.2435
0.209036
0.0158081
0.018656
0.00311137
0.0117926
0.0119204
0.00329925
0.00314816
0.000459825
0.00479694
0.000104259
0.00241647
0
0.182489
0.113263
0.000928004
0.0117339
0.00435811
0.46243
0.00984079
0.0274382
0.211908
0
0.0146916
0.286083
0.0503932
0.000351046
0.0851248
0.0243704
0.0187812
2.69871e-005
0.0062815
0.00593247
0.136736
0.0111807
0
0.142893
0.210342
0.00473897
0.161956
0.081835
0.000474694
0.242549
0.00747856
0.0946745
0.00151067
0.0323634
0.0809707
0.000227762
0
0.196938
0.209158
0.0147839
0.00126171
0.236521
0.126871
0.0971403
0.296773
0.0184265
0.0190658
0.249012
3.55602e-005
0.215395
0
0.0916922
0.00253945
0.00195382
0.259045
0.23684
0.00863194
0.0036593
0.0122493
0.015451
0.00793185
0.0751306
0
0.0212854
0.0456159
0.117902
0.216884
0.0159963
0.0307978
0.0258898
0.00785511
0.12085
0.0194484
0.0080341
0.238543
0.00692903
0.137951
0.0716278
0.205226
0.293218
0.00442819
0.0003987
0.29601
0.0434571
0.00314353
0.067264
0.249375
0.000433901
0.00359115
0.0527001
0.356628
0.018833
0.0010283
0.0843821
0.168947
0.00295189
0.00978731
0.000433901
0.00405631
0.00176839
0.066568
0.0528279
0.190778
0.220547
0.228938
0.00362763
0.249953
0.00715795
0.000654778
0.00671234
0.000887488
0.151195
0
0.0149002
0.00510947
0.000164702
0.0107926
0.00325942
0.00539744
0.378963
0.0331829
0.0685038
0.00838534
0.0055227
0
0.242845
0.460172
0.351526
0.00807744
0.00830212
0.00883722
0.00207626
0.219513
0.0940982
0.0657036
0.0233917
0.0999685
0.0536104
0.000762048
0.00742366
0.00552886
0.22108
0.12463
0
0.045616
0.00105157
0.0394846
0.00195442
0.0175254
0.0476116
0.177682
0.010259
0
0.00187369
0.0412247
0.0186905
0.0932318
0.0165681
0.00364947
0
0.0113708
0.0191577
0.130831
0
7.19899e-005
0
0.292156
0
0.0436571
0.0446045
0.0162031
0.405601
0.181163
0.00337067
0.388514
3.84573e-008
0
0.00176146
0.244792
0.00523433
0.0173344
0.018799
0.00133084
0.00946055
0.240006
0.249749
0.00651601
0.0113661
0.0162116
0
0.152232
0.290572
0.000295572
0.00344799
0.00286745
0.260101
0.0289466
0.00957992
0.0140701
0.0625781
0.00122436
0.0215332
0
0.249998
0.256712
0.00192247
0.0535141
0.00937422
0.00462809
0.220576
0.00152658
0.016679
0.0308444
0.490229
0.0184454
0.0152697
0.394438
0.00411584
0
0.00510941
0.00122344
0.175145
0.0135971
0.141478
0.00111684
0.00238505
0.249678
0.003127
0.00884855
0.0164696
0.0270477
0.0281202
0
0.0037645
0.0535198
0.233865
0.0764431
3.69818e-005
0.018691
0.168475
0.179552
0.00828091
0.00962036
0.00662393
0.0128956
0.00579238
0.00746047
0.0431414
0.295129
0.166385
0.00144747
0.243341
0.0622522
0.00742366
0.000770295
0.0104488
0.00103299
0.00914508
0
0.00523252
0.000175573
0.116997
0.0254573
0.00216629
0.179945
0.00364646
0.022293
0.0100256
0.250104
0.00019307
0.12947
0.0123583
0.00355721
0.00452068
0.0410783
0.054397
0.0115485
0.0207073
0
0.070158
0.0749185
0.104972
0.00383512
0
0.0828671
0.182945
0.0764242
0.245534
0.0056055
0.00358042
0
0.00849085
0.245408
0.00284623
0.00724634
0.021589
0.00488451
0.0152291
2.73894e-005
0.21592
0.0836079
0.0581326
0.0110666
0.0204983
0.0178149
3.84573e-008
0.341504
0.00474253
0.0147617
0.00214749
0.0185697
0
3.84607e-008
0.0145531
0.0402686
0.207949
0.0276249
0.0278265
0.0113019
0.0458558
0.10788
0
0.0779776
0.0100325
0.00406158
0.121509
0.0306537
0.0293175
0.0209453
0.0225036
0.0406072
0.00033024
0.0854427
0.24441
0.015451
0.018323
0.0615855
0.418414
0.007893
0.0175799
0.351384
0.16513
0.00885699
0.0111291
0.00153881
0.0127059
0.00190956
0
0.0134595
0.00659146
0.0111899
0
0.0174846
0.121598
0.247811
0.045007
0.0915385
0.226316
0.000843624
0.000949299
0.00166604
0.0219545
0.00453792
0.00370289
0.143781
0.114595
0.00685301
0.00397584
0.230562
0.00704342
0
0
0.0861183
0.000949299
0.00208288
0.00144361
0.0188788
0.0034959
0.219032
0.210233
0.000449838
0
0.183021
0.0146054
0.0167389
0.148615
0.356043
0.00741786
0.00730854
6.12393e-008
0.00395788
0.000286047
0.00545307
0.0272961
0.0448021
0.249787
0.248223
0
0.00188993
0.0539946
0.00701781
0.0163826
6.12395e-008
0.069912
0.00640646
0.00560027
0.0156621
0.00496041
0.00437538
0.0034019
0.0066786
0.00688
0.00571688
0.0277801
0.0143083
0.0259949
0.00455253
0.00646061
0.139081
0.0749202
0.00609418
0.0560982
0.0098602
0.000887488
6.79501e-007
0.0842719
0.00139392
0.539274
0.0104687
0.0121272
0.0361043
0.01129
0.0175761
0.0141493
0.00230459
0.00366614
0
0.115163
0.00558662
0.0178219
0.025458
0.0171453
0.000721148
0.370443
0.00316494
0.0114466
0.00571511
0
0.148399
0.0168844
0.00467478
0.0203786
0.293393
0.108445
0.00414259
0.00621943
0.0796982
0
0.0165871
0.052649
0.00278648
0.0257237
0.0424942
0.00478625
0.237594
0.0123678
0.0145229
0.00878934
0.00078575
0.0106123
0.00173615
0.00919312
0.085725
0.132655
0.00712138
0.00942435
0.00172985
0.0185536
0.00596359
0.00952241
0.00220413
0.0037833
0.0227832
0.0192179
0.0442071
0.0630666
0.0132653
0.0810651
0.0152864
0
0.016911
0.0919051
0.000359811
0.270659
0.0171813
0.00559506
0.0764242
0.00818258
0.362213
0.0599121
0.0207519
0.00979568
0.102266
0.0614858
0.234455
0.231738
0.00335991
0.00406232
0.0406874
0.000248518
0.0120212
0.00916718
0.172015
0.0404963
0.272825
0.0798608
0.00712211
0.0323507
0.00404019
0
0.0154036
0.439586
0.00173226
0.212453
0.000164703
0.00250944
0.00265004
0.00762571
0.236826
0.214162
0.0119275
0
0.00474253
0
0.0109154
0.0131879
0.127333
0.18442
0.161277
0.00440811
0.148975
0.00164531
0.0171479
0.00755971
0.0790092
0.0126015
0
0.0274049
0.0292011
0.000482124
0.0229623
0.116054
0.00404976
0.0136051
0.0200678
0.156784
0.298241
0.0897633
0.0192179
0.00470059
0.00221268
0.00360296
0.0360475
0.0183231
0.0873075
0.238441
0.0600509
0.105255
0.00448056
0.0154546
0.352622
0.0369947
0.198927
0.00836321
0.0243268
0.00366261
0.0403076
0.00454067
0.0184151
0
0.0675286
0.123166
0.0244917
0.222981
0.171004
0.0356467
0.00240101
0.00862271
0.00649767
0.00707895
0.0505461
0.0300767
0.0127895
0
0.00681339
0.103415
0.00458217
0.180188
0.0129798
0.111574
0.0864706
0
0.177394
0.00492216
0.0446548
0.00195989
0.0185131
0.104165
0.00666375
0.0310421
0.249926
0.149979
0
0.0234964
0.00926197
0.32733
0.245337
0.240899
0.00132567
0.0151202
0.0291143
0.00232155
0.0170494
0.113546
0.00397294
0.0121405
0.0144856
2.69871e-005
0.0274127
0.0476116
0.00472876
0.002321
0.00139312
0.296458
0.28937
0.00162575
0.0401208
0.317897
0.124567
0.217868
0.135331
0.100653
0.0214553
0.0236948
0.0125658
0.00156104
0.000619331
0.00033024
0.00139205
0
0.0115854
0
0
0.0162011
0.110453
0.197318
0.10128
0
0.211106
0.168177
0.029065
0.00469963
0.0913634
0.00179294
0.00774996
0.0153352
0.0117695
0.248718
0.335252
0.00314448
0.153024
0.163842
0.00803828
0.00210797
0.0813924
0.00753715
0.00777345
0.0144978
0.00115496
0.216409
0.00842038
0.0281297
0.00548503
0.0126549
0.0204998
0.107579
0.00264105
0.102948
0.247203
0.00453566
0
0.308476
0.00132567
0.158004
0.245658
0.0188334
0.0198701
0.0126588
0.188052
0.0474446
0.00226167
0.000847269
0.00755055
0.00852753
0.032006
0.00523993
0.00104419
0.220553
0.0835966
0.0616553
0.00239319
0.00805545
0.0389078
0.0589121
0.175991
0.013895
0.000617264
0.246649
0.0156113
0.0545463
0.0206613
0.00338087
0.238038
0.0765916
0
0.00510093
0.00715795
0.208901
0.000365461
0.00138589
0.00907309
0.0169847
0.0127125
0.139694
0.00220061
0.0153461
0.231003
0.0249965
0.00163394
0.0174264
0.0182147
0.185737
0.0159007
0.0156996
0.157144
0.18394
0.00144779
0.00295375
0.00351679
0.0563255
0.0758897
0.300286
0.0371511
0.0427261
0.042726
0.101267
0.0730462
0.00335915
0.120159
0.125986
0.0396505
0.129354
0
0.45033
0.00056351
0
0.0275779
0.0588117
0.00056631
0.0232959
0.249999
0.0671009
0
0.00751178
0.00998487
0.147069
0.202414
0.00566739
0.0139183
0.0619375
0.00148127
0.011487
0.00198638
0.0492591
0.00608096
0.0128281
0.0113782
0.000382031
0.011053
0.328861
0.0825448
0.0293322
0.00780114
0.011503
0.0172475
0.103003
0.0013829
0.109227
0.0165125
0.00527029
0.00794518
0.0120228
0.00488325
0.144027
0.0161287
0.0137415
0.00120497
0.0523917
0.0148603
0.00940186
0.148799
0.00648718
0.0134833
0.000285716
0.0417702
0.0035335
0.00538211
0.000359811
0.178487
0.17492
0.223778
0.0198982
0.0159201
0.167761
0.090526
0.00948761
0.230647
0.0103561
0.11329
0.00538486
0.181901
0.00467857
0.422035
0.00713055
0.0579257
0.228289
0.0280242
0.00582369
0.241025
0.00148228
0.00996865
0.010476
0.238513
0.000802648
0.101539
0.0137152
0.455131
0.0151619
0.00580403
0.114232
0.036524
0.0039804
0.0431783
0.00173771
0.10128
0.0243627
0.0233568
0.00704756
0.0156925
0.444381
0.0424536
0.0164368
0.0361671
0.00425342
0.116865
0.0148563
0.0111607
0.0530294
0.0184805
0.0224878
0.247393
0.205778
0.202371
0
0.0145159
0.016036
0.327932
0.0125486
0.0136031
0.00872612
0.0957384
0.00276186
0.00936395
0.0352019
0.161956
0.0110356
0.00150138
0.100401
0.00478744
0.00614077
0.026073
0.0524854
0
0.00452081
0.00928697
0.00263708
0.0113944
0.00886528
0.010247
0.231441
0.252237
0.157503
0.0684892
0.481353
0.00631325
0.241987
0.464873
0.00426717
0.0573531
0.00505254
0.00658911
0.110574
0.0378174
0.0935437
0.00614378
0.00614379
0.17287
0.00120495
0.0253722
0.0204428
0.00570493
0.00223806
0.0201005
0.0355775
0.0106547
0.0226032
0.144357
0.00204233
0
0.0201025
0.143582
0.0520654
0.00565959
0.000269769
0.386623
0.0050919
0.0741392
0.133347
0.106592
0.000222288
0.00511843
0.00666765
0.0103987
0.0111447
0.00670388
0.00980068
0.00628311
0.202074
0.00948709
0.226421
0.00607076
0.00386067
0.234743
0.141034
0.163594
0.423325
0.015559
0.0370659
0.113701
0.00465352
0.187635
0.147517
0.00219372
0.000726662
0.0010354
0
0.088619
0.0111567
0.0868247
0.198275
0.00127096
0.00617935
0.00167791
0.00305386
0.0162651
0.0115369
0.0113385
0.0151784
0.00148215
0.114726
0.133973
0.00052694
0.0176791
0.30186
0.0229474
0.0308016
0.0999673
0.00866888
0
0.027487
0.00732061
0.0029381
0.0431269
0.235577
0
0.0036155
0.00621588
0.311628
0.00602833
0.00972857
0.051787
0.00344045
0.00310562
0.00682174
0.133303
0.0183157
0.011993
0.0144666
0.0535652
0.234014
0.044543
0.201749
0.00921812
0.00711323
0.00664415
0.26986
0.00296205
0.00682566
0.0146751
0.00442524
0.00568512
0.129938
0.0543743
0.0147808
0.0286002
0.192459
0.121583
0.116161
0.00468961
0.0612061
0.0728425
0.198476
0.055677
0.250525
0.0583968
0.188656
0.179458
0.0408792
0.419575
0.0140966
0.00404195
0.00513523
0.0341514
0
0.00630567
0.00376702
0.179501
0.0021267
0.0145571
0.00159621
0.0874461
0.188268
0.0072148
0.00126028
0.126422
0.00482689
0.00580193
0.00283987
0.0246227
0.00194092
0.0231461
0.0389604
0.103411
0.121541
0.00385561
0.204909
0.0127027
0.0195277
0.267751
0.00234616
0.0241763
0.00716534
0.394832
0.00973084
0.00779758
0.00629679
0.00259787
0.00154766
0.00162448
0
0.00918787
0.177157
0.0281925
0.212413
0.00316172
0.0108381
0.00303635
0.177084
0
0.0159587
0.00261177
0.00364455
0.00207754
0.00380145
0.0991769
0.000383022
0.0123563
0.0630547
0.163168
0.00617082
0.0487744
0.0454284
0.100194
0.00325239
0.0040686
0.0138878
0.00262986
0.0071899
0.00559507
0.0010806
0.00387781
0.0176228
0.00249597
0.0152889
0.00107982
0.00424292
0.243538
0.0174109
0.00342429
0.00781423
0.000821922
0.00913385
0.119734
0.018271
0.00686576
0.00170139
0.00184334
0.0165858
0.34342
0.0142412
0.0011903
0.00839752
0.190203
0.00394279
0.00670088
0.341361
0.0126158
0.00619301
0.00638537
0.0201132
0.011864
0.00307591
0.000382023
0.212674
0.0176949
0.0121072
0.00117059
0.00236301
0.0145879
0.0292638
0
0.0507717
0.000182468
0.00458881
0.375262
0.000222288
0.00311484
0.168664
0.0124575
0.00576201
0.00195514
0.00717228
0.0250611
0.00765603
0.0101176
0.0135833
0.00960948
0.0261931
0.0197612
0.185886
0.00206602
0.1969
0.00729981
0.00734599
0.00215126
0.0214671
0.0234012
0.00498773
0.0300407
0.00307762
0
0.00556871
0.0388036
0.0621326
0.223785
0.0068432
0.00346852
0.00110364
0.248154
0.22108
0.180188
0.0121132
0.000138657
0.00399234
0.045456
0.00261391
0.228054
0.00918101
0.00141135
0.00795164
0.00467166
0.0247453
0.143473
0.00418446
0.00823896
0.00487191
0.00805099
0.00732894
0.00737834
0.0157015
0.00436345
0.0235089
0.0694987
0.00856804
0.00125927
0.00340917
0.02993
0.0052657
0.418231
0.149645
0.00622579
0.105705
0.00563993
0.00165535
0.00220779
0.00287194
0.00710987
0.00412227
0.299895
0.00706251
0.0099294
0.172383
0.00138509
0.00667574
0
0.00215712
0.00363406
0.095046
0.00373496
0.00586073
0.0179124
0.0448433
0
0.14887
0.00206911
0.0105502
0.000182468
0.0178454
0.00996765
0.00879204
0.0167464
0.00509135
0
0.0769728
0.00663062
0.039659
0.00824219
0.00602652
0.0127157
0.00424718
0.108407
0.00300516
0.00214659
0.00678407
0.00195987
0.00473207
0.0968972
0.0560037
0.0109708
0.00980714
0.00266628
0.00976803
0.00105824
0.00643813
0.00327565
0.00228837
0.00385846
0.000414697
0.180988
0.0415797
0.0423965
0.00654756
0.0832038
0.00481165
0.00851474
0.0303641
0.11382
0.319587
0.0179813
0.161816
0.0857993
0.00449829
0.00325485
0.047342
0.000425732
0.0072944
0.00522312
0
0.0901783
0.0143919
0.00156984
0.00516303
0.00703608
0.00607373
0.00176197
0.0128141
0.0288488
0.0480018
0.0080333
0.173509
0.00753129
0.207438
0.0250237
0.0204439
0.262741
0.234847
0.00226805
0.00666163
0.0237865
0.0194618
0.00805344
0.0177664
0.026169
0.0829761
0.0292013
0.00859155
0.184982
0.000577581
0.0145796
0.0045289
0
0.214317
0.00158148
0.0032636
0.0102459
0.0826311
0.00698047
0.131748
0.0021567
0.00271157
0.0568428
0.0030754
0.00329737
0.000766448
0.0107461
0.0556891
0.00281714
0.00280686
0.22367
0.0058382
0.0156992
0.000610643
0.000629736
0.0381457
0.00881872
0.00471528
0.00394599
0.00241169
0.0465409
0.0046789
0.188496
0.00188456
0.0225181
0.0340222
0.00416245
0.00397637
0.00367059
0.00631394
0.266638
0.147614
0.000628664
0.20545
0.181149
0.00336589
0.176486
0.00673091
0.00692752
0.00980136
0.00506626
0.00385127
0.00306264
0.256713
0.413138
0.00433021
0.000555575
0.0820552
0.00229929
0.00733323
0.00237468
0.194442
0.00227862
0.13516
0.0335872
0.00255219
0.0021851
0.0176864
0.00602463
0.00345829
0.0223128
0.000473065
0.24678
0.0110718
0.00622273
0.0390238
0.0051587
0.0235647
0.00138733
0.00144046
0.00379494
0.140059
0.00167087
0.00354
0.0586458
0.244665
0.000910263
0.0712557
0.163677
0.0734198
0.00991141
0.00479558
0.0111552
0.0298283
0.0249834
0.0994342
0.0013524
0.00642417
0.0929996
0.026402
0.0461464
0.163479
0.00344547
0.00646634
0.00544247
0.000685911
0.0111596
0.0115203
0.0147058
0.00816682
0.00947544
0.0286002
0.0165589
0.0583772
0
0.0228288
0.00526379
0.227719
0.0017631
0.0138072
0.0170957
0.00108185
0.184983
0.00177384
0.00182443
0.193754
0.0517068
0.0062712
0.144962
0.140098
0.00167992
0.00751076
0.020196
0.185366
0.256136
0.00131863
0.0114053
0.0286148
0.0160019
0.00130636
0.00217069
0.00235115
0.0288504
0.0110487
0.0115032
0.00125809
0.00486431
0.0863411
0.00600472
0.011415
0.34097
0.00191266
0.0241979
0.0113988
0.0330945
0.00807426
0.00698428
0.0545776
0.00131252
0.00044901
0.00208218
0.0491958
0.00733226
0.000536177
0.250188
0.029312
0.0512613
0
0.0989203
0.0596371
0.0179575
0.0260397
0.00199378
0.00146265
0.0310497
0.0383747
0.0507717
0.00255104
0.0330013
0.0299305
0.00139579
0.00835564
0.00991763
0.0147156
0.00651123
0.00579246
0.001236
0.0925563
0.0125544
0.0363179
0.00861067
0.00899071
0.0282698
0.00920758
0.0710833
0.0825223
0.135462
0.11236
0.00639132
0.0400282
0.033026
0.0033787
0.0995984
0.117405
0.020081
0.00012685
0.0277381
0.13285
0.0659626
0.0560589
0.0205248
0.155574
0.00218771
0.00153927
0.398553
0.0163273
0.0104467
0.0641229
0.239876
0.204668
0.0157784
0.00592628
0.00053537
0.0463296
0.00512766
0.00837703
0.0357213
0.0117596
0.0393155
0.0118047
0.0211077
0.0266136
0.023903
0.00419896
0.000378429
0.00223955
0.0211287
0.0169983
0.0075883
0.074302
0.00042939
0.00368233
0.0757615
0.00472978
0.162784
0.00128898
0.0140737
0.0387805
0.0025025
0.000173387
0.137587
0
0.0294714
0.0312329
0.0297231
0.0010565
0.00299899
0.00507318
0.00566522
0.00510487
0.195187
0.025308
0.0020806
0.00803925
0.00457759
0.0336928
0.167884
0.164909
0.019351
0.0747995
0.0616107
0.00102504
0.00966717
0.045457
0.00301941
0.00794417
0.00661013
0.0192669
0.00647467
0.0228504
0.00847065
0.0119671
0.0294996
0.0296103
0.248236
0.0183573
0.0045012
0.113983
0.00534833
0.00124767
0.00219161
0.0454187
0.00585325
0.00758311
0.0708769
0.0119878
0.015369
0.201954
0.000844511
0.00257366
0.000630113
0.00158263
0.195735
0.0744287
0.141215
0.14602
0.00259449
0.0665725
0.000567002
0.00145721
0.00412141
0.0415058
0.261251
0.00354745
0.000278771
0.0023565
0.00391567
0.000625885
0.00567626
0.000626682
0.0192896
0.0138763
0.000194083
0.186404
0.0260603
0.00403016
0.0479309
0.0211508
0.0103426
0.0537234
0.0330033
0.042789
0.133893
0.0060499
0.00312581
0.14225
0.00851541
0.00259188
0.0065919
0.00602593
0.00283508
0.00505949
0.0959269
0.104634
0.0979044
0.0340129
0.00276253
0.00131457
0.07695
0.0215699
0.00631215
0.0365052
0.0630691
0.0129995
0.00766966
0.110267
0.0566355
0.00421054
0.0327616
0.00956191
0.0909167
0.00297385
0.0334798
0.0143931
0.0625907
0.119713
0.121325
0.212725
0.0145071
0.00122334
0.012394
0.00339176
0.009996
0.0160685
0.0951556
0.00799191
0.041296
0.00295592
0.141867
0.00859951
0.00108429
0.0125469
0.116536
0.0326319
0.00277533
0.017017
0.197029
0.0261649
0.05106
0.0285978
0.132749
0.00493828
0.0264168
0.0079083
0.249716
0.0051406
0.250005
0.229888
0.0799552
0.0851261
0.0248083
0.0140756
0.0101651
0.00459595
0.027278
0.0274815
0.0149784
0.00649239
0.0034197
0.00622787
0.00709848
0.000510039
0.0868247
0.0283943
0.00170897
0.0126255
0.0875399
0.0419831
0.029626
0.169841
0.00623236
0.00338543
0.0224391
0.360997
0.0432938
0.0119404
0.0202738
0.00245071
0.0165988
0.000926085
0.00465567
0.00198754
0.00227284
0.00218833
0.00694309
0.0135548
0.0230571
0.00220075
0.141516
0.00377322
0.00329779
0.0119815
0.00178706
0.117036
0.151871
0.000491172
0.00196989
0.0021096
0.00468386
0.0130085
0.0376883
0.02417
0.00163729
0.00663946
0.00850761
0.00052694
0.001477
0.00996407
0.000186879
0.0090993
0.00475622
0.0047869
0.210452
0.459222
0.428191
0.000374114
0.0284139
0.00046057
0.0315086
0.177575
0.122778
0.00725857
0.302096
0.00240702
0.0468766
0.000942464
0.0245992
0.019164
0.0226794
0.0301417
0.000987599
0.0855717
0.118013
0.0296666
0.0466619
0.0404103
0.0244379
0.000535369
0.0160027
0.115331
0.0928679
0.0655591
0.00320392
0.000348321
0.0161686
0.104798
0.138557
0.013051
0.0174953
0.00899212
0.00948667
0.0184617
0.033607
0.00187988
0
0.0185
0.248964
0.0406988
0.00404139
0.00530546
0.000654439
0.0560712
0.164492
0.0630245
0.044444
0.217129
0.0287461
0.0401572
0.0421441
0.0173235
0.0044765
0.00330631
0.0116689
0.00310912
0.224728
0.0111226
0.00516862
0.0100519
0.0125952
0.0811187
0.0364183
0.0298158
0.0779938
0.000486444
0.02445
0.0105298
0
0.00160235
0.00401396
0.0241928
0.0369994
0.053276
0.0163637
0.00145017
0.00557984
0.00425864
0.00745546
0.0272458
0.160775
0.0177981
0.00352708
0.0351891
0.0407899
0.142637
0.0109647
0.0117183
0.00873915
0.00995681
0.000832511
0.0063341
0.000863132
0.0125685
0.0114735
0.0100587
0.00524767
0.099608
0.00373302
0.00498294
0.229426
0.0021737
0.0126893
0.002594
0.0367229
0.00859363
0.240387
0.00180747
0.0106077
0.0425985
0.156214
0.000987309
0.249318
0.00805064
0.00803502
0.0230793
0.0309963
0.0190616
0.0186319
0.0120581
0.00815565
0.0295045
0.0581134
0.000699025
0.0299092
0.009575
0.00265128
0.013672
0.0939178
0.0383632
0.01414
0.0022228
0.0368422
0.00628205
0.041671
0.21952
0.00343966
0.0096754
0.00618681
0.000516368
0.0109451
0.00622978
0.118344
0.00437536
0.0635201
0.0374918
0.0203378
0.0151049
0.088165
0.0205318
0.0159357
0.00626672
0.165999
0.0102212
4.75338e-006
0.00099318
0.0465946
0.00704444
0.0049275
0.00483378
0.013139
0.000550942
0.132173
0.113884
0.00654134
0.0127141
0.0392518
0.249988
0.0211776
0.011223
0.00886587
0.0117714
0.0105417
0.0196891
0.0114586
0.0007801
0.00720319
0.0524242
0.000491061
0.0731915
0.00394395
0.013823
0.0103232
0.0822887
0.00613124
0.207933
0.00470841
0.0135182
0.100414
0.00455957
0.177312
0.00122931
0.0114807
0
0.002899
0.0830398
0.00455683
0.0618403
0.136699
0.0615879
0.0520133
0.0722077
0.17183
0.00573928
0.0157338
0.309673
0.0537234
0.092005
0.00852111
0.0232322
0.0438089
0.00275317
0.0110995
0.0100995
0.0129883
0.116792
0.00549131
0.228937
0.000151781
0.0181566
0.0671584
0.0137606
0.0180387
0.000305016
0.0738547
0.0102975
0.0846635
0.0250238
0.0234414
0.000235594
0.0274641
0.0159942
0.0151396
0.00805722
0.0435198
0.0107116
0.0924651
0.178153
0.00225747
0.0179944
0.00357541
0.0795175
0.0210653
0.0143582
0.000604076
0.00471377
0.00501881
0.017632
0.032108
0.0950128
0.0461301
0.00245091
0.137266
0.0286646
0.0256432
0.00366968
0.0156206
0.0383084
0.038079
0.0192621
0.123011
0.00131172
0.0504303
0.008163
0.00152382
0.0218283
0.0533474
0.182963
0.0597137
0.409389
0.0802964
0.0105468
0.00371947
0.00143958
0.118478
0.0508095
0.0924949
0.0931676
0.00592962
0.0251539
0.00345375
0.178922
0.00164482
0.228422
0.00421291
0.00538772
0.0148677
0.116478
0.0907062
0.162229
0.0344676
4.3992e-005
0.000846542
0.0104842
0.00830382
0.00820082
0.0239518
0.159838
0.0114731
0.00288023
0.0575479
0.0365371
0.00237665
0.339833
0.0373391
0.0353905
0.0256469
0.0059924
0.0126519
0.147328
0.0304469
0.00451821
0.195074
0.00460525
0.0201394
0.0247437
0.0234746
0.0125384
0.0502998
0.00126318
0.00829609
0.00318254
0.0181587
0.00165498
0.0120057
0.0246757
0.00225589
0.014908
0.00434976
0.065854
0.0109407
0.0464938
0.150884
0.0502671
0.106563
0.125524
0.00784471
0.332564
0.245939
0.125467
0.0297888
0.00249474
0.220452
0.000112525
0.0242129
0.0452635
0.00487041
0.167324
0.00431609
0.0503015
0.0605102
0.00684759
0.192086
0.00560558
0.0190425
0.0150968
0.0347988
0.00407649
0.0321325
0.0254795
0.0661248
0.201691
0.127398
0.0265706
0.0484738
0.00444749
0.0980881
0.215296
0.00331985
0.0559319
0.00386834
0.0713368
0.0410389
0.0242577
0.021674
0.192246
0.00425661
0.055613
0.0887631
0.130849
0.0193041
0.0102737
0.0110274
0.00553908
0.0568259
0.00595267
0.00528041
0.0242159
0.00171758
0.0262141
0.100982
0.000587971
0.00276727
0.445187
0.0414091
0.0037568
0.0600431
0.0528062
0.0322711
0.00711414
0.0231381
0.000597018
0.106092
0.100843
0.0778155
0.135254
0.0454285
0.0374984
0.00863212
0.00501703
0.249215
0.00085718
0.00591806
0.00205196
0.0114282
0.0443351
0.00289998
0.00461381
0.00732575
0.00271038
0.0171117
0.0283315
0.0287435
0.0692701
0.0963932
0.0112785
0.0260398
0.00337324
0.0178596
0.0177804
0.0494837
0.036328
0.0086965
0.0321975
0.0140951
0.123974
0.00709654
0.156368
0.0751835
0.0135393
0.00264703
0.233451
0.0602026
0.070256
0.0351156
0.000263005
0.01362
0.144235
0.0749596
0.194896
0.111428
0.0416011
0.0160418
0.00250899
0.0251572
0.0170758
0.00739801
0.0206482
0.00193038
0.0738843
0.0151269
0.0630575
0.000561934
0.00619627
0.00177278
0.139453
0.119351
0.00298002
0.00568259
0.0441614
0.0470168
0.076411
0.240214
0.0151375
0.0208464
0.118539
0.0300427
0.135773
0.00553622
0.00501702
0.00415269
0.0552839
0.0327583
0.0155246
0.00450804
0.0158716
0.00414837
0.0339275
0.0659901
0.033681
0.000319054
0.000192333
0.0443147
0.00702052
0.161953
0.0397952
0.0110311
0.00841387
0.0216364
0.0243867
0.00963831
0.0884453
0.0831842
0.00695601
0.00592629
0.0208852
0.01908
0.12994
0.0311109
0.0687963
0.0212895
0.00626132
0.0146707
0.0592661
0.00772531
0.00443462
0.00569564
0.00103346
0.0107124
0.261241
0.0899492
0.000186879
0.0441647
0.00267614
0.074494
0.401252
0.00146682
0.0446785
0.0401432
0.0757504
0.00546656
0.190369
0.0110161
0.0703755
0.0717213
0.0196327
0.012593
0.00927787
0.00787203
0.0722966
0.00276732
0.0296473
0.0181173
0.00232337
0.0168795
0.0134529
0.00322585
0.00144501
0.00411196
0.0572934
0.00245241
0.110866
0.00158529
0.123533
0.000767653
0.0160913
8.81625e-005
0.0864365
0.0824912
0.00187128
0.224241
0.000952704
0.000988475
0.0231146
0.0032919
0.0525731
0.0104851
0.0669298
0.0408439
0.395284
0.346853
0.0315914
0.00422003
0.045672
0.0335089
0.156503
0.031195
0.0218497
0.0199371
0.0231309
0.00734607
0.0201275
0.0415444
0.0141478
0.00689109
0.000708276
0.0136509
0.00131224
0.152737
0.0184221
0.160684
0.0232287
0.000517795
0.0972712
0.00288549
0.00840765
0.0502967
0.00225545
0.151694
0.152567
0.0227174
0.0519766
0.139373
0.0181419
0.174462
0.00823955
0.24837
0.153471
0.0217918
0.0236689
0.0432766
0.0522009
0.047958
0.224281
0.0244355
0.00839783
0.0029119
0.124904
0
0.0214934
0.0408662
0.0376249
0.109178
0.108712
0.0830398
0.073716
0.0107696
0.0026972
0
0.00108683
0.106911
0.0358172
0.0038279
0.0279059
0.00303448
0.010337
0.142452
0.0242357
0.0193839
0.0152062
0.152466
0.0235493
0.00066356
0.000815686
0.00700701
0.0011698
0.121246
0.0242813
0.00208713
0.0571113
0.117477
0.0847602
0.00190646
0.00115778
0.0221511
0.00638278
0.0229813
0.0313676
0.0164844
0.227504
0.0194278
0.00564984
0.230975
0.0110783
0.119653
0.00890965
0.0355671
0.0281976
0.0232761
0.0170038
0.0467054
0.116527
0.0250312
0.00174164
0.0614076
0.00725082
0.000424149
0.00193929
0.0172031
0.0254211
0.00359541
0.144712
0.0028137
0.00760971
0.010101
0.0223983
0.0186162
0.111119
0.0054214
0.0178383
0.0275382
3.79948e-008
0.0431189
0.0473483
0.117596
0.112383
0.0163446
0.00065284
0.00244515
0.00117079
0.0797855
0
0.00633365
0
0.00105004
0.0183948
0.18518
0.00133674
0.0375055
0.144468
0.00863158
0.0788847
0.0102552
0.0794698
0.0955523
0.0833547
0.0156161
0.00636505
0.0809617
0.0558734
0.00973088
0.0320501
0.0240897
0.0184405
0.0129012
0.00225747
0.0281396
0.12533
0.0367778
0.0352712
0.00251379
0.0142296
0.00284258
0.0384745
0.00620492
0.00752246
0.00182191
0.00390111
0.0746038
0.0234959
0.0437342
0.0107607
0.39888
0.130333
0.212507
0.185559
0
0.0268741
0.102001
0.00111122
0.00395812
0.0319652
0.00221314
0.223077
0.068139
0.0814585
0.0080263
0.0142203
0.00187404
0.0236882
0.0325704
0.000143794
0.00113232
0.152897
0.00939322
0.0229342
0.0109339
0.0213715
0.0212738
0.171924
0.0981904
0.000495203
0.0915593
0.122286
0.0538137
0.0731909
0.0508538
0.0687264
0.00359961
0.0263084
0.0362111
0.0253868
0.128225
0.0368732
0.0418993
0.203502
0.00124879
0.0772934
0.00108429
0.0010393
0.0791377
0.0062447
0.0346497
0.065577
0.00275938
0.0420235
0.147563
0.156543
0.00481784
0.00123858
0.0118844
0.209539
0.0207717
0.00443562
0.0321844
0.0620901
0.019168
0.00794795
0.0210221
0.0142802
0.018963
0.0194888
0.0448585
0.0113933
0.0157363
0.000369928
0.0112489
0.00609893
0.0015479
0.23314
0.0104723
0.096001
0.0152522
0.010031
0.000957383
0.000236474
0.056313
0.125119
0.00207364
0
0.153469
0.0379115
0.0213404
0.000251018
0.139491
0.0624526
0.0605954
0.0260527
0.0834535
0.0343783
3.79948e-008
0.00215159
0.0207686
0.00282091
0.00787195
0.0754656
0.00232991
0.0153748
0.00474172
0.00439929
0.0013751
0.00448504
0.0082422
0.103411
0.0299508
0.00116315
0.0964544
0.0117998
0.019912
0.0238527
0.0111942
0.00786621
0.31497
0.22527
0.00194917
0.00121048
0.0506386
0.0105213
0.0106964
0.0227617
0.0607208
4.42496e-006
0.0103696
0.00106199
0.165566
0.112633
0.0187977
0.139016
0.0896038
0.0329986
0.0858465
0.0228812
0.0878595
0.0387015
0.00174975
0.0225333
0.00895142
0.0553369
0.211773
0.0196773
0.00646776
0.00876105
0.00916598
0.373803
0.00219851
0.0123943
0.00545574
0.0301891
0.064794
0.00640012
0.00225282
0.235588
0.0437407
0.106429
0.000887322
0.0031612
0.0016938
0.0135346
0.00102623
0.0124035
0.0719395
0.143798
0.00531932
0.0870015
0.0457457
0.000696429
0.0817451
0.11348
0.0139491
0.0351682
0.0052315
0.0561485
0.0105776
0.00392851
0.0148957
0.00691522
0.249525
0.00208326
0.000974431
0.0590725
0.0846197
0.0893722
0.00968734
0.119717
0.155567
0.00065284
0.0355257
0.00792384
0.00600393
0.0563937
0.0517065
0.0565155
0.001239
0.209111
0.0199034
0.00879966
0.0447593
0.000942529
0.0528219
0.0154687
0.065257
0.0474798
0.155457
0.068549
0.025321
0.0233724
0.131743
0.252588
0.058997
0.125331
0.00136885
0.085114
0.0422681
0.0216871
0
0.19265
0.011602
0.243848
0.168499
0.00424721
0.0161382
0.00976465
0.136011
0.00168814
0.00134038
0.0378534
0.0620513
0.0338415
0.0375143
0.0101743
0.161692
0.0056518
0.0201696
0.00208826
0.0487493
0.0298203
0.000772608
0.00197109
0.0190791
0.0141947
0.0575883
0.0391261
0.0468321
0.02445
0.316167
0.000460255
0.00470526
0.00881609
0.0205854
0.0523093
0.00206522
0.112481
0.00334987
0.126309
0.0621881
0.00182909
0.00695615
0.214356
0.0300532
0.0293091
0.136819
0.129467
0.00354408
0.0748124
0.0168209
0.0864102
0.0276909
0.00369592
0.0140435
0.408912
0.0122044
0.136126
0.116637
0.00516486
0.000780617
0.249712
0.030138
0.013777
0.0361627
0.00559043
0.0838982
0.0601807
0.0710798
0.00764948
0.0068486
0.0145237
0.00504591
0.0380208
0.122147
0.00986444
0.0242674
0.0525035
0.195085
0.0330904
0.00118668
0.0349965
0.00255643
0.0099844
0.0126091
0.0740594
0.00077594
0.1162
0.0198622
0.000432136
0.0363724
0.000236474
0.00486408
0.0780429
0.640066
0.0616112
0.00830361
0.0245078
0.00505522
0.000205245
0.110946
0.00323025
0.0166976
0.167632
0.233303
0.0200046
0.0418592
0.154009
0.233743
0.0840468
0.0997296
0.0117719
0.0223071
0.0503673
0.0771126
0.0387392
0.191922
0.0196354
0.210549
0.0906992
0.0840766
0.0035013
0.00382925
0.0546213
0.000402519
0.0388237
0.0442836
0.00107948
0.100394
0.0165435
0.019334
0.0241657
0.0248998
0.000916973
0.0009897
0.0212109
0.0054639
0.00900818
0.0313468
0.0238637
0.114991
0.0554244
0.00929894
0.022681
0.0222019
0.0202459
0.0103486
0.0321438
0.0166174
0.00668958
0.115463
0.0201563
0.00326435
0.0130039
0.00110775
0.00160731
0.0048879
0.00123905
0.0277673
0.0017256
0.000244091
0.00324338
0.0360169
0.0588013
0.00754282
0.0133902
0.0275669
0.131298
0.0279095
0.116277
0.00657961
0.00479281
0.126227
0.00317655
0.0014151
0.186413
0.003367
0.0892567
0.00976083
0.056244
0.0556732
0.000940854
0.0795076
0.0336145
0.0754667
0.0520767
0.00228808
0.0335093
0.0993043
0.00373093
0.0117143
0.0224876
0.0130901
0.158903
0.00334552
0.000246601
0.0168727
0.137913
0.152641
0.197868
0.396849
0.144913
0.0054073
0.0654199
0.0164268
0.0226542
0.0102152
0.201779
0.293799
0.209988
0.000218106
0.0185833
0.152005
0.0505984
0.0576351
0.1163
0
0.040532
0.0253148
0.000899823
0.168232
0.0126745
0.000804301
0.00390655
0.00671231
0.197225
0.00437893
0.00681476
0.212659
0.053965
0.0979381
0.00654529
0.0114774
0.02573
0.103285
0
0.00472826
0.0372056
0.133619
0.0153768
0.00952473
0.0327059
0.0593558
0.00937076
0.0234251
0.00216977
0.475004
0.0423161
0.000494316
0.0391224
0.0579797
0.118365
0.000779988
0.192003
0.162056
0.0338764
0.00998031
0.0726524
0.122902
0.000845896
0.12694
0.0332467
0.0864362
0.00144802
0.00424589
0.0114801
0.0601835
0.000633824
0.0145524
0.192223
0.074446
0.0598356
0.0539015
0.0306148
0.0233501
0.00803412
0.0295553
0.0775385
0.071293
0.061887
0.151728
0.0553472
0.000857623
0.0238648
0.00871714
0.240556
0.00295714
0.00343217
0.104361
0.00262901
0.0719538
0.0777673
0.105639
0.00281178
0.0330886
0.0306059
0.00700859
0.134198
0.0122078
0.0201486
0.0274818
0.0513773
0.0590929
0.0460849
0.00039025
0.0525035
0.153657
0.032843
0.0618213
0.0711564
0.052427
0.101101
0.000942529
0.00738079
0.0488142
0.00753472
0.0142327
0.00636922
0.0114072
0
0.00657318
0.0026233
0.024032
0.00161828
0.0805399
0.0874902
0.0274335
0.00961341
0.00310473
0.0139009
0.00501777
0.00262128
0.019993
0.172972
0.00340822
0.136504
0.00222371
0.358874
0.135105
0.0179093
0.212527
0.0144809
0.0250815
0.197023
0.0133628
0.00229021
0.0125186
0.0271882
0.035296
0.242615
0.0391795
0.00973031
0.0105217
0.00731449
0.00575137
0.0348075
0.124924
0.00235084
0.0202544
0.0419159
0.0944266
0.103503
0
0.160389
0.223044
0.00328331
0.00654141
0.0600545
0.276302
0.0791903
0.0188707
0.0130965
0.108189
0.00309086
0.0696803
0.0624037
0.0356314
0.0113633
0.0045032
0.000609682
0.0749109
0.00112914
0.185149
0.00854554
0.00428164
0.000323964
0.00233869
0.00929359
0.00277657
0.0821668
0.0282212
0.0534009
0.00673749
0.0336891
0.00466326
0.0221385
0.00938062
0.0115948
0.0123224
0.00679823
0.108976
0.00181837
0.0214187
0.0758897
0.0752304
0.00178895
0.00346697
0.0144137
0.00768709
0.0620445
0.00240134
0.000622147
0.0647127
0.129891
0.0233106
0.0585169
0.0173145
0.0475221
0.075713
0.217298
0.0659081
0.0126805
0.0610332
0.110928
0.0619111
0.0257331
0.198469
0.0115926
0.00552818
0.158963
0.138828
0.0562184
0.0293122
0.0277757
0.0143574
0.0210939
0.0123353
0.17042
0.0569417
0.00115127
0.00763841
0.161188
0.002879
0.0207864
0.0049809
0.0359762
0.0338158
0.0315358
0.00198568
0.0173393
0.0456609
0.00956813
0.00188718
0.126615
0.00271295
0.00144458
0.0235486
0.15872
0
0.00455081
0.094893
0.0935239
0.094687
0.000620026
0.0160623
0.0113501
0.234615
0.00404337
0.023187
0.000859947
0.0108713
0.0128585
0.118723
0.000627892
0.00386697
0.0965365
0.0229775
0.00201778
0.100735
0.0208312
0.18125
0.0101173
0.153925
0.261278
0.0431249
0.00913638
0.0242816
0.0363111
0.000926918
0.000583588
0.0941417
0.00202141
0.227863
0.127322
0.0130459
0.00709286
0.000990424
0.0241367
0.095821
0.0223243
0.00280644
0.0110767
0.109137
0.0645147
0.0620672
0.00735037
0.147949
0.00197311
0.0180519
0.0454856
0.0445511
0.00434746
0.00916946
0.00460944
0.0268431
0.0092185
0.0135207
0.135284
0.0676809
0.0305174
0.00990235
0.00212439
0.0643197
0.0535875
0.00182999
0.00212399
0.0634914
0.00206966
0.000363153
0.00107531
0.168372
0.0219862
0.000546076
0.146632
0.0181429
0.00747909
0.0685167
0.0200262
0.00110669
0.0680624
0.0111825
0.00162782
0.0250744
0.0753091
0.0713814
0.0388514
0.00189605
0.239596
0
0.026681
0.0331069
0.0123118
0.055421
0.00270861
0.00338084
0.0239657
0.00032586
0.191675
0.00250176
0.0010788
0.00339618
0.0079764
0.0438916
0.159748
0.0176224
0.00673225
0.00581013
0.0009727
0.0649068
0.00174472
0.00639393
0.00567604
0.00164245
0.00305214
0.00390481
0.113964
0.0231877
0.0124672
0.0529888
0.0118943
0.071945
0.00139591
0.10933
0.0179068
0.000845845
0.0704741
0.0817829
0.00303262
0.16724
0.007338
0.0196751
0.0171409
0.0388449
0.00119269
0.0094365
0.0001698
0.111605
0.0516905
0.131348
0.140155
0.0289085
0.024599
0.0346313
0.00124202
0.0184462
0.00168184
0.0618044
0.00545099
0.003294
4.42501e-006
0.0805486
0.0964501
0.0427539
0.105897
0.130876
0.190395
0.0275647
0.00534538
0.00352065
0.0077396
0.0200099
0.0346798
0.178579
0.03274
0.00172057
0.0629624
0.00142294
0.0398012
0.00215283
0.0238252
0.0662048
0.0614853
0.0810652
0.134106
0.00308709
0.133983
0.0161092
0.000442967
0.0045909
0.000370854
0.0403329
0.000333669
0.0142362
0.00170309
0.00985566
0.00616856
0.012172
0.029076
0.100795
0.105123
0
0.0137656
0.00388547
0.00648352
0.0275905
0.133869
0.0179378
0.140898
0
0.244836
0.0719306
0.00224796
0.0275915
0.00441298
0.0231784
0.0647015
0.183461
0.0235255
0.0238385
0.168036
0.181373
0.0192453
0.0437652
0.00177257
0.0252133
0.0128657
0.0117095
0.00243568
0.0144303
0.326295
0.145164
0.0267806
0.141192
0.0160628
0.00717297
0.0350305
0.0150267
0.0394178
0.0166548
0.00950095
0.011173
0.0094572
0.248819
0.0241247
0.233926
0.0366513
0.042718
0.0052673
0.181698
0.0053632
0.0467485
0.0387736
0.00876202
0.00294759
0.00289536
0.205136
0.0155048
0.0831917
0.0274469
0.150819
0.0654321
0.00727371
0.0130435
0.00120717
0.0252708
0.0415723
0.0487957
0.0282301
0.00462817
0.0398429
0.0256093
0.0341165
0.0384254
0.0510169
0.0651381
0.00108836
0.000244702
0.2664
0.257535
0.00325168
0.00958929
0.0299559
0.0213049
0.00817655
0.0127063
0.0114307
0.00489913
0.114178
0.0256524
0.0625274
0.0118388
0.0618212
0.0560035
0.210557
0.00175624
0.0131168
0.00761457
0.00381127
0.0565653
0.0300045
0.050742
0.0856047
0.0688109
0.061959
0.0922431
0.0455322
0.0460208
0.075012
0.0537363
0.152567
0.0124561
0.0105284
0.0288892
0.0697085
0.00144679
0.00404702
0.00728113
0.0162361
0.0179361
0.285196
0.258953
0.0338896
0.0334733
0.00195224
0.00264312
0.0449788
0.0249711
0.257425
0.013108
0.000319191
0.0277051
0.00425884
0.00154111
0.0429556
0.00522132
0.0168506
0.126452
0.00517589
0.00179715
0.00118111
0.0555135
0.0168148
0.071617
0.00967614
0.00261196
0.0369628
0.0716272
0.0999434
0.245861
0.00223463
0.00548459
0.0154249
0.0209494
0.0939924
0.078972
0.014279
0.002294
0.129575
0.107639
0.0339173
0.498805
0.00928257
0.00772429
0.22799
0.00150515
0.0263528
0.0797692
0.0371519
0.0768178
0.0404444
0.00750941
0.00549154
0.00812988
0.00501082
0.021104
0.122714
0.00114393
0.0153383
0.0462239
0.0038158
0.0064674
0.00839471
0
0.0312304
0.0349214
0.133633
0.0120516
0.0656912
0.0227899
0.0519656
0.0148618
0.050497
0.0106859
0.151386
0.0313699
0.0284954
0.0935142
0.062479
0.00800924
0.00263065
0.0095472
0.00798424
0.000837537
0.102754
0.0623423
0.0648259
0.0122985
0.00857949
0.00112429
0.0476463
0.138657
0.217894
0.00334714
0.0261666
0.0287543
0.00416961
0.476543
0.0104953
0.141662
0.000824665
0.0210099
0.00412193
0.149316
0.0194839
0.0723258
0.0434018
0.248488
0.0076196
0.0562034
0.0562034
0.0829184
0.037463
0.012197
0.0274905
0.0468129
0.00552994
0.0168684
0.0100866
0.0116236
0.0057344
0.211386
0.0149432
0.00133203
0.0039939
0.00590645
0.0211885
0.0463088
0.00216653
0.00523116
0.148632
0.0139411
0.0043602
0.0145999
0.00493066
0.0644659
0.0346675
0.0656561
0.0122653
0.0547848
0.0250905
0.0444928
0.0396373
0.0317984
0.0371471
0.0178946
0.00593509
0.0192943
0.0124834
0.0151831
0.162349
0.0280016
0.00992848
0.0562321
0.00436026
0.156558
0.0103133
0.0960699
0.00968357
0.000700154
0.1299
0.0336935
0.00673492
0.0115347
0.0221887
0.218904
0.00446297
0.0165947
0.059735
0.00858019
0.0223639
0.0895919
0.0100482
0.0801039
0.102838
0.0776888
0.107091
0.00450716
0.00588491
0.00890589
0.229207
0.0073508
0.00392392
0.169409
0
0.0196641
0.00262412
0.00616995
0.0014838
0.01877
0.0133267
0.00635992
0.035461
0.00561747
0.0119569
0.0160348
0.00623328
0.00624529
0.00185815
0.0847109
0.000187532
0.00185815
0.0175251
0.0254924
0.0590255
0.108817
0.0033298
0.108015
0.11281
0.18865
0.00580442
0.118326
0.02492
0.0395931
0.0165887
0.0200524
0.00129903
0.00346827
0.00364079
0.00777187
0.0103605
0.0132404
0.0607023
0.0160987
0.00243729
0.000761656
0.00972937
0.00578912
0.0509366
0.0702648
0.202736
0.000662746
0.110684
0.00636029
0.00316841
0.00642791
0.0263865
0.0143184
0.0128474
0.130112
0.169701
0.00422451
0.249479
0.0654424
0.136276
0.0116744
0.0615805
0.0360557
0.115469
0.00961573
0.0891621
0.000998172
0.230108
0.0119817
0.00939986
0.0316095
0.0341651
0.00574089
0.00939714
0.000665192
0.103619
0.0136201
0.0216723
0.00151676
0.0613413
0.0019195
0.0168065
0.0334979
0.0297185
0.111654
0.129842
0.00254725
0.00293795
0.152659
0.0107923
0.0314094
0.00521971
0.00177641
0.0671247
0.0630977
0.00338641
0.00233369
0.00791354
0.128862
0.00368349
0.0187336
0.00888275
0.117984
0.335413
0.00337507
0.00402792
0.000872043
0.00351339
0.0011859
0.0224503
0.0161666
0.00235805
0.0348973
0.00886948
0.0251032
0.0181913
0.0175596
0.108497
0.0046713
0.00300124
0.0133937
0.0065353
0.0236902
0.00213212
0.0924778
0.0434709
0.0539074
0.0164528
0.116332
0.0208856
0.0201687
0.0131327
0.0131728
0.0318548
0.038701
0.000376717
0.0938437
0.0354984
0.00105023
0.257254
0.303785
0.00108819
6.00694e-006
3.94006e-005
0.116718
0.0066187
0.00182474
0.0175583
0.0040159
0.00994525
0.0102007
0.00770636
0.00463967
0.00138942
0.301604
0.0943395
0.00345337
0.00243748
0.000214255
0.00377537
0.0100852
0.0172507
0.00268284
0.0100015
0.00368847
0.00956238
0.0266652
0.00865007
0.00501298
0.237543
0.0088658
0.170932
0.176351
0.0421837
0.00610746
0.0126804
0.0122059
0.0773268
0.0818593
0.143407
0.039654
0.00784905
0.00199721
0.225783
0.112476
0.0226175
0.041678
0.0270401
0.00979342
0.0215874
0.00226097
0.175408
0.157814
0.0988909
0.0511221
0
0.00618378
0.200007
0.218664
0.151414
0.00121402
0.017422
0.00338307
0.0452264
0.0391471
0.021481
0.0397858
0.0036427
0.00655141
0.0347833
0.00860315
0.00324798
0.084782
0.173903
0.000214255
0.0975332
0.142606
0.0407
0.0573116
0.0167148
0.0315831
0.165731
0.00259868
0.206633
0.0149628
0.0527116
0.00352316
0.00392254
0.00385797
0.0600796
0.022411
0.00172009
0.00909025
0.0226912
0.00535297
0.0123226
0.0445578
0.0272839
0.0314436
0.000200572
0.172631
0.0157646
0.00851136
0.0539825
0.000639729
0.0175076
0.0045205
0.0408166
0.016932
0.113619
0.00178813
0.023671
0.024687
0.00813946
0.00233365
0.00632103
0.00832363
0.0286319
0.012793
0.0700203
0.00687421
0
0.0840347
0.00373457
0.00314537
0.0231714
0.00219947
0.0596108
0.105335
0.00583163
0.177664
0.0201717
0.0119832
0.0636481
0.130065
0.0110165
0.00501793
0.000283928
0.00172648
0.0307832
0.00294909
0.195672
0.00379523
0.118298
0.00942907
0.0186147
0.0125833
0.218419
0.269785
0.00163513
0.03547
0.0163362
0.113417
0.0460168
0.00288247
0.0584003
0.0120509
0.131588
0.137587
0.0017321
0.115256
0.053483
0.0548015
0.187434
0.0508187
0.110002
0.150258
0.0371508
0.0212093
0.0163486
0.0015329
0.0171233
0.200369
0.00398038
0.0133042
0.00118414
0.00144575
0.0191498
0.00875835
0.00203616
0.0142342
0.19279
0.235129
0.0202927
0.0260673
0.145252
0.00816306
0.00273439
0.0212785
0.0400998
0.0376581
0.0687852
0.00871206
0.00488659
0.00314794
0.0922494
0.00300449
0.14242
0.00802975
0.0753218
0.0025828
0.0376093
0.000685249
0.00942487
0.0221651
0.194055
0.0859689
0.0516209
0.0264883
0.0109544
0.0152019
0.0318352
0.00208239
0.0357063
0.0158521
0.00127294
0.00244087
0.0185653
0.0216412
0.00217468
0.00126871
0.0654293
0.108034
0.0464063
0.0192541
0.156098
0.020507
0.0301967
0.0192982
0.0135541
0.0195095
0.0880727
0.0424808
0.0371766
0.209503
0.00265021
0.00199232
0.01092
0.0185069
0.0690971
0.00245628
0.026343
0.00510497
0.0147356
0.0168017
0.0185576
0.037946
0.0293299
0.0155202
0.0236201
0.00849505
0.119244
0.141384
0.088083
0.0131968
0.0167258
0.0152013
0.025365
0.0630278
0.00314543
0.0292348
0.0575921
0.0260606
0.00211302
0.00330909
0.00234268
0.105506
0.0470116
0.0351005
0.0164305
0.0967172
0.0199332
0.00309442
0.0298884
0.0218012
0.0160862
0.00391421
0.0377613
0.00717577
0.0885651
0.00174954
0.0913845
0.0331362
0.0106913
0.0551858
0.00652047
0.0154852
0.113974
0.045461
0.00455668
0.0222989
0.0219995
0.257358
0.0087365
0.0362092
0.011345
0.0954264
0.00311724
0.00411462
0.0786059
0.0743031
0.0143143
0.319216
0.0141692
0.00974932
0.0115629
0.00820993
0.0712632
0.21133
0.42718
0.153157
0.150429
0.164183
0.00151783
0.00306237
0.000926871
0.00209772
0.198628
0.00487044
0.00394487
0.00331707
0.00423538
0.102395
0.392152
0.00761079
0.0159883
0.00335385
0.0689336
0.0215898
0.118683
0.00464949
0.00879718
0.131209
0.00217651
0.00744701
0.00759754
0.0155576
0.0299393
0.0848156
0.00259415
0.19193
0.042944
0.0162881
0.00287243
0.00162015
0.00286032
0.0466737
0.0158483
0.00731893
0.0347194
0.025436
0.201742
0.0565762
0.0111179
0.0252696
0.00982828
0.0063015
0.0213981
0.0913811
0.00288058
0.0167204
0.00140533
0.00339138
0.0156532
0.377135
0.0312297
0.151566
0.0840619
0.010455
0.00582668
0.00176657
6.00698e-006
0.00738272
0.0841292
0.0603255
0.0107413
0.0459883
0.0143193
0.0471948
0.0832969
0.0121866
0.0978028
0.0639678
0.113161
0
0.00235945
0.0372557
0.0647835
0.033149
0.00210889
0.0035697
0.0160036
0.0774819
0.0114671
0.0760856
0.189517
0.0914705
0.103607
0.126078
0.0123483
0.011582
0.00671008
0.0877392
0.125155
0.0113457
0.00021641
0.0318435
0.187446
0.0108855
0.00429911
0.0910207
0.222555
0.00755143
0.00129488
0.0026392
0.142939
0.00247106
0.0147412
0.00134946
0.00736056
0.0243017
0.026308
0.00475478
0.00398191
0.00458645
0.0921048
0.0181082
0.18531
0.000966512
0.0330175
0.0120548
0.0680624
0.0701057
0.00224433
0.0152217
0.0021722
0.045748
0.0315278
0.00435316
0.0772723
0.00607236
0.0118791
0.101508
0.23342
0.125295
0.0164313
0.0613778
0.00312726
0.00637768
0.0183172
0.0581142
0.00175867
0.00178209
0.00140042
0.0945257
0.0625152
0.0282264
0.187524
0.0064055
0.0124682
0.00116108
0.104224
0.0292061
0.00215109
0.010067
0.00275633
0.195011
0.00894897
0.0861172
0.00684337
0.0224163
0.00846259
0.00419092
0.0249098
0.0228539
0.135396
0.0149348
0.0030895
0.00172591
0.00246469
0.00121296
0.0026926
0.0832196
0.12841
0.131463
0.0123548
0.00817106
0.00329495
0.226845
0.000870964
0.00561982
0.00540426
0.0151289
0.0372513
0.0426047
0.0277939
0.00964505
0.000176681
0.020384
0.000643287
0.0255692
0.168007
0.0031629
0.0105335
0.0199521
0.011674
0.0206589
0.0370279
0.0368183
0.00237679
0.0250454
0.00328152
0.00388198
0.00444534
0.0103987
0.000392128
0.0373346
0.0710746
0.0239734
0.00500738
0.00604921
0.00954586
0.00490209
0.00235003
0.366501
0.0243913
0.0071096
0.275861
0.0508454
0.119493
0.00203811
0.220818
0.00260853
0.174967
0.0190375
0.125196
0.153506
0.0284693
0.00413136
0.0180105
0.0282724
0.01023
0.128774
0.0961892
0.0187892
0.00425432
0.00669344
0.228416
0.052313
0.0754589
0.0842296
0.00423399
0.0315932
0.076883
0.00098275
0.215042
0.0252943
0.0451609
0.0444283
0.00167648
0.0662133
0.0244833
0.00637182
0.0374368
0.0346531
0.175373
0.158589
0.139217
0.00186998
0.0665897
0.0731947
0.122071
0.00587534
0.0129796
0.0324471
0.0159858
0.00074552
0.0511912
0.153737
0.236181
0.0213121
0.00513196
0.134175
0.00688253
0.233179
0.00253062
0.00140819
0.00449197
0.048598
0.0035589
0.0351755
0.000779837
0
0.0173076
0.00138239
0.00159557
0.0404717
0.0312167
0.0187722
0.0353253
0.157352
0.207101
0.0777579
0.123102
0.0225483
0
0.00242757
0.0306715
0.0153379
0.182449
0.000795348
0.0940764
0.00113608
0.0453633
0.234853
0.00945081
0.0659448
0.0978952
0.0132724
0.201347
0.0409859
0.0178218
0.00608321
0.00289227
0.00169514
0.0188214
0.00677826
0.000862058
0.087395
0.0809963
0.0075395
0.00206309
0.0196062
0.124015
0.102791
0.00226544
0.00519234
0.0296298
0.00513398
0.167313
0.00269973
0.0113694
0.0075366
0.00172982
0.00557074
0.00221134
0.113974
0.011215
0.0213038
0
0.152725
0.203736
0.00278119
0.0112751
0.00108805
0.0115271
0.0034063
0.00167497
0.108985
0.111203
0.0095881
0.00388236
0.0550885
0.114627
0.00625796
0.00639636
0.0389566
0.136342
0.0849345
0.00410054
0.266434
0.0355242
0.00528105
0.278322
0
0.0414919
0.139493
0.0471556
0.0474681
0.231319
0.00738803
0.00986722
0.177887
0.0788134
0.00164286
0.00343911
0.0270411
0.00698592
0.287627
0.349789
0.00131084
0.0950418
0.000870963
0.0592597
0.0698362
0.174231
0.0466192
0.103075
0.118844
0.00692132
0.0519345
0.0334286
0.00248587
0.124291
0.211708
0.00191418
0.00270863
0.00191884
0.159957
0.115218
0.00571905
0.000891651
0.00560881
0.00388223
0.00154878
0.200045
0.00173203
0.00859065
0.00455835
0.0308891
0.0913981
0.0760232
0.0130766
0.00529407
0.0701966
0.00268813
0.029803
0.00448081
0.00170221
0.0371293
0.0629203
0.000187533
0.00154807
0.00766344
0.0167298
0.00201554
0.0020142
0.00624804
0.00624804
0.185239
0.0370097
0.0790684
0.0157868
0.0314497
0.00412405
0.0333562
0.00229071
0.00762541
0.0348226
0.178161
0.0656364
0.0462764
0.00731986
0.193254
0.0149541
0.0261501
0.0328439
0.144616
0.00464307
0.0552591
0.0964446
0.00246653
0.12417
0.019899
0.006511
0.0620243
0.0201031
0.00738606
0.0435693
0.0396562
0.0719184
0.141061
0.00261583
0.007004
0.0463989
0.00128356
0.00894311
0.101726
0.0162234
0.107464
0.00283941
0.224497
0.118562
0.0214078
0.00303394
0.0118653
0.000604603
0.0243891
0.00101192
0.0504291
0.0504125
0.136417
0.167764
0.0163314
0.0788389
0.00423786
0.0537247
0.02783
0.0500967
0.0452931
0.178488
0.00422311
0.0218612
0.011242
0.0434505
0.0175618
0.00345691
0.000633352
0.0114117
0.124541
0.00601724
0.362509
0.222171
0.0283242
0.108273
0.161324
0.0469022
0.00324836
0.039089
0.00122135
0.00533121
0.00172441
0.0105138
0.0693761
0.0648838
0.00347427
0.00656763
0.00666382
0.00523337
0.00331869
0.00360638
0.0682687
0.0126135
0.0434153
0.0802782
0.0407968
0.0281461
0.0781743
0.00183575
0.063251
0.048643
0.00756312
0.149603
0.00466404
0.0127753
0.158758
0.188109
0.102788
0.00310811
0.0344615
0.00447858
0.272162
0.00434292
0.0141328
0.00063757
0.00239948
0.0863217
0.0445471
0.00168669
0.212981
0.192226
0.0130836
0.106882
0.0480046
0.00145436
0.0768073
0.0103954
0
0.00102414
0.00952916
0.00387334
0.0345501
0.00324662
0.0969848
0.00580709
0.000662341
0.0316751
0.0290995
0.171781
0.214367
0.249096
0.0285445
0.00421515
0.00861301
0.00961006
0.00560145
0.249795
0.00312888
0.00855225
0.00533665
0.0069722
0.00365708
0.00569803
0.0195802
0.142655
0.0524752
0.0463521
0.000695663
0.0594945
0.00380132
0.0894606
0.0874958
0.123078
0.00506302
0.0350032
0.00617081
0.0155455
0.00992139
0.00553457
0.0338696
0.00759889
0.0618238
0.124476
0.00190315
0.0256879
0.0231583
0.02831
0.00443975
0.135347
0.121817
0.00125063
0.000637624
0.107256
0.00430701
0.00650565
0.00541465
0.0454869
0.00777164
0.00219982
0.018882
0.189327
0.124859
0.327262
0.287018
0.00204533
0.0107354
0.156074
0.0754653
0.0283668
0.00880719
0.0306564
0.0315204
0.242001
0.00541295
0.0421465
0.0591961
0.0568135
0.0130355
0.013928
0.000411359
0.11298
0.00915256
0.00268211
0.0179616
0.0107624
0.000970876
0.17168
0.0165208
0.0981224
0.248851
0.450954
0.0621886
0.00164077
0.0087367
0.0525319
0.152145
0.00490911
0.205778
0.193903
0.113556
0.001001
0.0244512
0.0273008
0.0894537
0.0111815
0.022747
0.0512915
0.00512154
0.00440319
0.00348262
0.0786635
0.44143
0.294956
0.153824
0.00671386
0.00354868
0.000777585
0.00469007
0.00580434
0.00401238
0.112052
0.0163409
0.160496
0.0678594
0.0172014
0.0207238
0.175915
0.209531
0.0318443
0.0779482
0.0848792
0.019385
0.06627
0.0132501
0.0160646
0.0104809
0
0.188595
0.00781162
0.00892481
0.00416637
0.0238877
0.295326
0.0760897
0.00027484
0.0146793
0.00170968
0.102451
0.0525946
0.0178898
0.0234088
0.103844
0.027215
0
0.00224259
0.00410085
0.256748
0.0890109
0.022378
0.0831104
0.171024
0.00194173
0.00134468
0.00937934
0.118365
0.00464572
0.0791213
0.0476843
0.0208904
0.286923
0.094542
0.163138
0.0183298
0.179319
0.132193
0.0283122
0.0344331
0.0292428
0.0666993
0.0419515
0.0515211
0.0268801
0.0810933
0.00558425
0.0106828
0.0290009
0.0280471
0.074432
0.0456557
0.000229355
0.000727387
0.0377673
0.0228689
0.0174632
0.00873089
0.00576274
0.02092
0.0371616
0.0883547
0.00585566
0.0137531
0.00156883
0.0158159
0.0026778
0.000876214
0.0341694
0.0660904
0.0168198
0.015416
0.0501396
0.0179133
0.0833374
0.151295
0.0510109
0.0388486
0.00139415
0.0105599
0.000485643
0.00337807
0.0461863
0.0122534
0.203258
0.00296055
0.201993
0.000454776
0.160517
0.000800784
0.00995218
0.00343276
0.00568432
0.0861286
0.0422537
0.00351694
0.126835
0.00551996
0.00257889
0.0049173
0.0119501
0.0895598
0.00271024
0.002986
0.000378629
0.0736831
0.177843
0.0922753
0.019791
0.0208007
0.00568898
0.113729
0.240789
0.158621
0.00679072
0.00202155
0.030612
0.271891
0.00439703
0.0199976
0.0167843
0.0211031
0.00605165
0.000153064
0.00497379
0.0306578
0.000531704
0.0995054
0.0441648
0.0231784
0.0775003
0.0964834
0.137758
0.0135572
0.0664301
0.0202346
0.00803408
0.0229976
0.00232402
0.0127379
0.00128405
0.0259503
0.0823968
0.0063892
0.049673
0.0270193
0.0145515
0.0161303
0.080281
0.00510722
0.0697777
0.00369582
0.260244
0.100264
0.204024
0.23121
0.00168308
0.00625683
0.0151908
0.00100472
0.00593239
0.0288023
0.0043957
0.137327
0.129564
0.0211968
0.0413975
0.00776424
0.0528087
0.377082
0.0163038
0.0308091
0.551947
0.0342626
0.0376518
0.00753207
0.0773473
0.0689962
0.0173715
0.0127489
0.0151593
0.0435005
0.0427772
0.166567
0.0016001
0.0880831
0.0815762
0.0145157
0.0921935
0.11946
0.0155199
0.00434488
0.00839439
0.0110535
0.0211347
0.0364988
0.0180769
0.00340343
0.221021
0.00080787
0.245429
0.00321637
0.00558425
0.00166187
0.00197806
0.0595638
0.0345975
0.0867365
0.115807
0.0194718
0.00586128
0.0295394
0.0484905
0.0386058
0.0511266
0.169529
0.0445787
0.00475241
0.002566
0.227324
0.0393717
0.0423764
0.0285966
0.0172803
0.0349377
0.099806
0.0179411
0.0619137
0.0516938
0.0161456
0.042776
0.0190754
0.0135853
0.0119764
0.0800494
0.0472178
0.00492739
0.00444904
0.113786
0.0317873
0.236598
0.031302
0.180137
0.00764046
0.102442
0.20675
0.0323552
0.021326
0.0122299
0.0047882
0.00359358
0.176684
0.00984459
0.0538648
0.0126508
0.00455945
0.0147981
0.0392828
0.00863777
0.0168207
0.0224578
0.00367557
0.0023814
0.00739513
0.113396
0.00580001
0.00164077
0.0681843
0.00433152
0.318874
0.0490253
0.049026
0.0060346
0.0529495
0.00598927
0.112948
0.213866
0.00686325
0.00878025
0.0784232
0.00522452
0.0113452
0.00873946
0.0769884
0.170205
0.00658113
0.0410438
0.0592089
0.049683
0.43248
0.192902
0.169774
0.0212179
0.0155712
0.0142912
0.000909138
0.0622981
0.00156576
0.20014
0.199283
0.00529137
0.206053
0.146047
0.00452314
0.151561
0.000219609
0.0581517
0.0628889
0.00159713
0.00762663
0.165848
0.00731132
0.0107184
0.00192316
0.00509182
0.0240124
0.0178949
0.00471932
0.00895006
0.00152658
0.0190992
0.0305571
0.103959
0.0083128
0.0393996
0.0563451
0.0300409
0.0483535
0.0017378
0.138023
0.0305552
0.110757
0.103211
0.0832775
0.0892039
0.0173072
0.0110466
0.0110999
0.00768953
0.00751835
0.320434
0.0268473
0.0290835
0.0571902
0.0458613
0.00282001
0.00601455
0.134441
0.120103
0.14212
0.00578788
0.155232
0.00139837
0.00542439
0.213584
0.0633138
0.00427157
0.00842742
0.00837906
0.0127614
0.201242
0.0589465
0.0339813
0.00695351
0.00236055
0.131304
0.00796206
0.0416986
0.0305674
0.0716322
0.00359818
0.00346829
0.200947
0.0132499
0.0779593
0.00682552
0.153988
0.0132874
0.00472426
0.00354871
0.0216662
0.112708
0.0121834
0.00320566
0.000112204
0.0469971
0.233337
0.0187977
0.145373
0.00190251
0.00338931
0.00498536
0.0243043
0.215449
0.00264563
0.032692
0.00447476
0.160583
0.0119597
0.0906362
0.0120967
0.122989
0.00328551
0.0433065
0.041292
0.0208633
0.00920334
0.0133076
0.00467158
0.0806753
0.0146846
0.00274867
0.00162917
0.00742386
0.315289
0.204982
0.0465016
0.0158043
0.0748201
0.00360228
0.0166829
0.0201203
0.00964538
0.13247
0.0420276
0.117887
0.074085
0.0010157
0.0113788
0.0132533
0.0142579
0.00248238
0.160957
0.045424
0.0240552
0.0107485
0.00170876
0.00262214
0.0595683
0.00597341
0.00680692
0.139972
0.024087
0.00139457
0.00277383
0.202802
0.153227
0.0397404
0.0719392
0.0522309
0.00952978
0.00786672
0.11257
0.0757265
0.0234869
0.0122793
0.0395687
0.0304973
0.010551
0.00295847
0.00636789
0.00858162
0.180604
0.00203893
0.103704
0.00269436
0.0125447
0.0154965
0.231197
0.00183765
0.00131318
0.230475
0.00421012
0.00343673
0.00206743
0.00638833
0.0837584
0.165347
0.00850131
0.0656649
0.201986
0.00392175
0.0240014
0.289315
0.00283716
0.0158267
0.0122909
0.00369049
0.00475883
0.092373
0.00563126
0.0578828
0.0342249
0.00945507
0.0189388
0.103463
0.180467
0.00146558
0.00936296
0.00195756
0.00464169
0.0907764
0.0593205
0.0393116
0.110321
0.0117333
0.185745
0.00288678
0.0125793
0.137035
0.00506245
0.193759
0.00541171
0.00321911
0.0540274
0.156514
0.0838985
0.0109493
0.0621968
0.171769
0.0273584
0.0178076
0.0228257
0.0339213
0.0289757
0.00200417
0.00192074
0.00445641
0.147924
0.009982
0.024502
0.0258052
0.0456194
0.00192223
0.00912136
0.014869
0.0763057
0.0149345
0.00923404
0.00357322
0.020948
0.0137366
0.00472334
0.000524086
0.00660205
0.0290761
0.0293118
0.214636
0.0986557
0.00596235
0.000911965
0.144505
0.152284
0.00236032
0.00309199
0.0105657
0.0941267
0.031084
0.000411056
0.0475544
0.0316649
0.00877173
0.0778375
0.0058101
0.10328
0.137947
0.105469
0.073774
0.00326451
0.00672759
0.0132335
0.0523819
0.0114455
0.00500375
0.0145335
0.141253
0.00426391
0.110022
0.00688378
0.00889013
0.00265147
0.0319622
0.0154873
0.119831
0.0521583
0.0291097
0.0026423
0.00742166
0.00923568
0.00440206
0.00179442
0.00415449
0.028438
0.0928788
0.00790855
0.126798
0.00175026
0.00960296
0.014916
0.0321287
0.0455099
0.234134
0.032463
0.044259
0.0964798
0.0106655
0.00990324
0.00265278
0.105061
0.0662873
0.00902861
0.0110446
0.141126
0.0103866
0.05873
0.0853599
0.00901798
0.0125525
0.0156062
0.000804655
0.000499523
0.287519
0.026784
0.123126
0.113674
0.00193622
0.00561631
0.151073
0.105459
0.00209989
0.00611826
0.0251701
0.0641175
0.00922905
0.0344051
0.0990058
0.0298969
0.0791072
0.00908988
0.00420595
0.00158024
0.0636169
0.145208
0.354821
0.0175381
0.00294886
0.0193284
0.00229931
0.0287623
0.0121056
0.0194986
0.0207381
0.0516242
0.00734629
0.177032
0.125782
0.00893785
0.119872
0.00297303
0.0698391
0.0865971
0.00566021
0.22783
0.00477567
0.00103254
0.0109722
0.00980608
0.0236636
0.162572
0.0132532
0.0193086
0.0256281
0.00280728
0.183656
0.0492185
0.0470355
0.0574691
0.0312251
0.00463167
0.0309317
0.0386533
0.224632
0.00424775
0.0415532
0.238223
0.0269349
0.0270204
0.00161295
0.00189819
0.0429673
0.0200381
0.0240532
0.0133408
0.0161872
0.00652165
0.00574142
0.00327333
0.00542092
0.00457213
0.0293364
0.147681
0.00593529
0.359772
0.00112087
0.135503
0.0229753
0.0758933
0.0398023
0.00142785
0.0125932
0.0835264
0.00210852
0.00644686
0.00587458
0.00175361
0.100256
0.00358601
0.197379
0.00837672
0.111783
0.00583538
0.0133229
0.147735
0.01302
0.0220142
0.00168785
0.00888546
0.019402
0.124026
0.0318815
0.0135093
0.0278435
0.00630862
0.0300148
0.047057
0.00994201
0.00161479
0.124609
0.0224896
0.0147185
0.000151612
0.0883982
0.0719996
0.118225
0.124144
0.00282074
0.000933923
0.000768944
0.0162276
0.012914
0.000189004
0.117527
0.0246295
0.00245013
0.0417736
0.00336075
0.00768707
0.0293323
0.00384931
0.011684
0.315979
0.234725
0.00366885
0.00438539
0.0919727
0.00361994
0.144042
0.145261
0.0940911
0.00366913
0.0149626
0.248091
0.0188602
0.00181271
0.0229782
0.00317233
0.127272
0.0049304
0.00188683
0.0225528
0.0502114
0.00716442
0.233015
0.0197886
0.00323714
0.132619
0.0408362
0.000677584
0.0472498
0.189165
0.0123346
0.00997979
0.00206703
0.0594847
0.0363143
0.00229931
0
0.199837
0.0654874
0.0599024
0.0170044
0.216091
0.00538223
0.00097392
0.0278159
0.179546
0.0690778
0.161345
0.0259461
0.00901453
0.0172798
0.0516714
0.183797
0.132897
0.0166426
0.000842873
0.00272568
0.00225416
0.0224953
0.00373862
0.0412214
0.0438461
0.0112274
0.151798
0.0032684
0.0120783
0.0203192
0.0223875
0.0267388
0.0656813
0.0370179
0.011205
0.0399118
0.012237
0.348092
0.11495
0.000515876
0.354837
0.173701
0.0567408
0.0918489
0.000288139
0.00366048
0.0642992
0.00276126
0.16747
0.0230443
0.00666165
0.0107364
0.119811
0.000949236
0.00206598
0.0016292
0.0163551
0.101079
0.00120606
0.102714
0.0257471
0.00435849
0.00217211
0.00324167
0.00157145
0.00542601
0.015067
0.0364227
0.0445717
0.0416496
0.00324463
0.0480529
0.367401
0.0165616
0.0218595
0.019181
0.018203
0.42639
0.00258678
0.014946
0.30794
0.0695781
0.0092482
0.0100879
0.0780904
0.00383493
0.166755
0.152415
0.00302517
0.0202672
0.161353
0.0677811
0.00261295
0.321413
0.00181042
0.0135628
0.00288864
0.0594401
0.035605
0.152851
0.207661
0.368477
0.0973673
0.146503
0.0715275
0.000968643
0.0114694
0.000296162
0.125534
0.142763
0.0317377
0.159213
0.328152
0.00996297
0.02026
0.00650829
0.0100045
0.0549032
0.0240554
0.0552015
0.0302883
0.0418792
0.0719117
0.249394
0.215464
0.00712312
0.00694862
0.206361
0.0049663
0.0464067
0.0291586
0.0215091
0.131781
0.00365524
0.00331155
0.0761392
0.11032
0.014876
0.280385
0.00615711
0.00525216
0.00414391
0.134318
0.00862541
0.00115217
0.022387
0.067642
0.0109057
0.0292564
0.0264037
0.0500457
0.00369434
0.0291109
0.132931
0.00188358
5.08782e-005
0.0632285
0.108723
0.0307635
0.00147896
0.0145929
0.221962
0.0138356
0.0201063
0.139764
0.0204163
0.0181685
0.00287047
0.0313264
0.0124591
0.00516696
0.0646513
0.0449325
0.0860768
0.0338628
0.00237199
0.0597633
0.0104853
0.134706
0.00174773
0.0666896
0.00330726
0.00988628
0.010292
0.00135675
0.0318026
0.000890817
0.0111882
0.0360354
0.019743
0.0409342
0.12088
0.138358
0.2784
0.00107683
0.00721333
0.00692296
0.116922
0.00468642
0.00201869
0.0760016
0.0806887
0.0614078
0.0414697
0.148923
0.12385
0.0186049
0.042375
0.166474
0.0170118
0.00101501
0.0216679
0.0218303
0.0714461
0.0466907
0.0465605
0.090709
0.247634
0.00245118
0.0632224
0.0846178
0.0593275
0.0956195
0.00539716
0.00653427
0.00191685
0.00445808
0.00350903
0.00122291
0.0143368
0.0900351
0.0119989
0.00297314
0.003172
0.0821115
0.00634357
0.0428116
0.00261476
0.00670459
0.10575
0.066016
0.222341
0.22272
0.0764597
0.144967
0.00965482
0.140629
0.106349
0.062872
0.0880056
0.0149249
0.0749481
0.034691
0.0349573
0.0261491
0.00131018
0.000777504
0.000148634
0.020283
0.0257723
0.0359322
0.00974781
0.00426878
0.0148295
0.00613117
0.00230121
0.00722546
0.0144539
0.249996
0.00331987
0.00730848
0.0227863
0.0264123
0.00193084
0.121643
0.00297285
0.00924319
0.00235004
0.019738
0.0335325
0.0341781
0.109133
0.00310729
0.113794
0.0354699
0.377343
0.279389
0.00362948
0.162861
0.0558096
0.0374836
0.0799408
0.0295286
0.00173052
0.0150623
0.0183009
0.0261489
0.00767204
0.154694
0.0297147
0.320526
0.00886483
0.0612515
0.0100961
0.0319832
0.101169
0.0041664
0.00389474
0.239766
0.224198
0.0199987
0.0259146
0.00335416
0.0545385
0.0550903
0.00220983
0.0228437
0.00128167
0.251427
0.00204173
0.0537338
0.0674597
0.00269679
0.00289502
0.00224513
0.0387625
0.0672824
0.0314597
0.114289
0.0434751
0.00348021
0.0200215
0.0190252
0.0371512
0.270605
0.00342707
0.181729
0.220432
0.125712
0.0090744
0.00235841
0.00666879
0.0289393
0.00148552
0.0043571
0.032829
0.00234702
0.0621868
0.00689106
0.0130293
0.00971767
0.0273664
0.00792406
0.00306243
0.000941905
0.00503921
0.00238534
0.0225539
0.0153993
0.0908583
0.0353436
0.057563
0.00654672
0.172286
0.160591
0.0573164
0.26856
0.0340663
0.172385
0.0401906
0.0363509
0.0236605
0.0443562
0.211457
0.0685254
0.17257
0.0174342
0.0169988
0.00258571
0.258257
0.030847
0.0207304
0.00172655
0.00450678
0.00531854
0.0158163
0.0280691
0.00185384
0.00386605
0.0026046
0.00316723
0.0217482
0.00254463
0.00496298
0.00435263
0.187706
0.0933772
0.00486032
0.00506396
0.002959
0.0578302
0.121528
0.047378
0.0439132
0.0919978
0.256889
0.00439569
0.00109529
0.0107063
0.0737828
0.0327276
0.0327275
0.00155567
0.00273202
0.005529
0.00129438
0.00390356
0.162949
0.0560782
0.00540617
0.00873026
0.117487
0.0833029
0.00444862
0.00688614
0.0209635
0.00832825
0.266526
0.0030228
0.248649
0.00177055
0.449521
0.0527039
0.0140421
0.009212
0.0259627
0.0983596
0.182077
0.0466218
0.119807
0.106731
0.0931096
0.00720583
0.0828428
0.0718316
0.195915
0.102885
0.0738767
0.40477
0.00169854
0.0215006
0.111707
0.0941878
0.00108907
0.377627
0.00616916
0.00576336
0.00781987
0.00363748
0.246187
0.0698894
0.002795
0.221769
0.121685
0.00231421
0.123048
0.00119251
0.1724
0.0355251
0.140881
0.0357737
0.18558
0.00737819
0.00621357
0.0325477
0.031539
0.00214004
0.169624
0.145143
0.00238303
0.00555613
0.0261551
0.230019
0.0484809
0.0732636
0.00129263
0.0333953
0.0241325
0.0038253
0.139702
0.139763
0.00454127
0.033655
0.102842
0.087202
0.10475
0.00339537
0.0049489
0.0894124
0.00258037
0.0132195
0.000684434
0.000874985
0.00317232
0.00498628
0.00398249
0.0918058
0.130863
0.00337763
0.282241
0.0100317
0.00815536
0.0017852
0.0213513
0.115389
0.0831009
0.175504
0.31203
0.00245278
0.0997043
0.00136099
0.0286791
0.00875901
0.00946207
0.00596132
0.0645992
0.0813238
0.105851
0.0370546
0.00425566
0.00356473
0.00247608
0.0245432
0.451768
0.0495774
0.0663752
0.0568935
0.074035
0.0804453
0.0406894
0.0938944
0.0102422
0.0568358
0.218847
0.0958417
0.228453
0.00525217
0.110329
0.0152385
0.00802055
0.341042
0.0623216
0.0499861
0.205359
0.0157441
0.00469698
0.00260888
0.0922134
0.00564177
0.00365582
0.00528531
0.00260507
0.0404443
0.0681692
0.0289536
0.0615589
0.0555848
0.0332885
0.281589
0.0138046
0.0562383
0.0362932
0.0199608
0.0454696
0.0723564
0.199698
0.261344
0.000103691
0.0976356
0.00428982
0.00853384
0.0353698
0.0748693
0.00914081
0.00386853
0.0309417
0.000399012
0.142013
0.00739812
0.142634
0.00891323
0.00941882
0.00833341
0.00653449
0.0258115
0.136516
0.0025861
0.0636534
0.00242657
0.320838
0.0154503
0.141679
0.048397
0.0518811
0.00850012
0.2419
0.105494
0.0776214
0.0297796
0.00606459
0.0577513
0.0034848
0.0430382
0.00442606
0.00739948
0.038971
0.081693
0.0618425
0.0038996
0.207898
0.0833896
0.141826
0.0431449
0.00821408
0.108007
0.0527644
0.002814
0.00569082
0.0554881
0.00831052
0.0677946
0.00898705
0.0896152
0.122284
0.00681393
0.00265041
0.119986
0.105531
0.011355
0.0118505
0.00203986
0.00401841
0.00462989
0.0154557
0.0135784
0.00222912
0.00799536
0.0148774
0.0853503
0.0201823
0.00193867
0.102208
0.0634832
0.00944764
0.115268
0.0672181
0.111216
0.137937
0.00171372
0.212218
0.00181089
0.0903877
0.00418828
0.029214
0.00554212
0.0789512
0.0352965
0.0529525
0.0227166
0.00713299
0.0205466
0.00347103
0.00374732
0.0439939
0.0471154
0.0908502
0.0324871
0.00169508
0.0841826
0.00418591
0.00104432
0.00188334
0.00877479
0.00349193
0.00108074
0.30588
0.179769
0.000180096
0.118358
0.0015498
0.00217097
0.291376
0.11764
0.0110748
0.00607356
0.0524524
0.0419159
0.0117642
0.0115403
0.0557529
0.00881276
0.00240974
0.303187
0.075895
0.00300138
0.0103501
0.3438
0.237724
0.0049005
0.0821027
0.00355769
0.00497516
0.00903496
0.172476
0.00158316
0.0907606
0.00193787
0.000791975
0.149352
0.230371
0.00174329
0.0148865
0.221433
0.000546701
0.00439103
0.00856822
0.0034022
0.159774
0.00227305
0.0825209
0.0167354
0.234163
0.0106805
0.172238
0.0072947
0.00298855
0.012808
0.00181477
0.177389
0.00676574
0.0141004
0.0139193
0.0135195
0.0594087
0.00341897
0.146509
0.0103697
0.00192085
0.123812
0.101972
0.0859708
0.241349
0.00276247
0.0158243
0.0609232
0.0712381
0.00164204
0.0286708
0.013953
0.0229933
0.0218142
0.00998524
0.00714987
0.00544308
0.0600647
0.00548235
0.147812
0.143445
0.00615448
0.00792603
0.151925
0.00879414
0.0597432
0.167329
0.0104008
0.0349582
0.0180427
0.0473141
0.158401
0.138712
0.00918586
0.143187
0.0143142
0.00275091
0.245888
0.117907
0.00298613
0.00300395
0.00154046
0.00219493
0.0148793
0.0201823
0.0945497
0.00712276
0.0142357
0.0910157
0.00122525
0.217857
0.120745
0.0954672
0.0954491
0.00369249
0.256845
0.00307512
0.0215793
0.00665843
0.170499
0.316767
0.00118156
0.0161392
0.0896523
0.0975191
0.107562
0.170273
0.00131073
0.00620761
0.00628854
0.0048678
0.00118726
0.0711173
0.00258911
0.0618801
0.099871
0.000872085
0.0111916
0.000660747
0.000662176
0.00829467
0.0112684
0.00433601
0.147828
0.0021377
0.0130897
0.00732331
0.00103378
0.0664869
0.226091
0.129218
0.0222498
0.058499
0.00127279
0.00118877
0.365172
0.0646443
0.00964406
0.00567835
0.00530717
0.00500479
0.031401
0.0244691
0.108723
0.0538046
0.00212452
0.0473556
0.0354301
0.0467447
0.0300511
0.0376779
0.0200022
0.00876318
0.0608723
0.0453439
0.264404
0.00317634
0.00939871
0.0301178
0.0356908
0.000509341
0.00738326
0.00842068
0.000749715
0.0538528
0.00394491
0.0029762
0.0300206
0.0655384
0.451447
0.286211
0.257487
0.110413
0.111547
0.443312
0.0143236
0.0106202
0.0135841
0.0231775
0.0129541
0.0108571
0.163845
0.00513008
0.00280999
0.00354446
0.220329
0.00307053
0.140989
0.0590817
0.00125288
0.0235674
0.0716586
0.000745316
0.0434167
0.0222912
0.0261198
0.0165979
0.170873
0.00715033
0.00784736
0.0114638
0.0249237
0.0572103
0.0470206
0.103801
0.00136313
0.00470139
0.0969231
0.00360251
0.00339017
0.00465241
0.00891731
0.00208213
0.0172453
0.00426259
0.00317232
0.00243463
0.0423227
0.149686
0.00393993
0.210611
0.399548
0.0127942
0.00708293
0.00520778
0.124658
0.000724636
0.00225002
0.00805602
0.124018
0.0250107
0.102053
0.0157173
0.00099626
0.0104252
0.0534748
0.00377424
0.00563018
0.00509928
0.0146363
0.046454
0.0600592
0.0134629
0.0114692
0.0418146
0.00371879
0.0804104
0.00398225
0.0025692
0.001112
0.0315386
0.249868
0.182811
0.0108074
0.225253
0.574427
0.0969559
0.00588863
0.0837684
0.00316688
0.00924688
0.00278434
0.185721
0.0399723
0.0025219
0.00282486
0.00278269
0.0132423
0.139414
0.008846
0.283927
0.235797
0.234296
0.122503
0.00490513
0.00650326
0.17543
0.0150653
0.047127
0.0104913
0.0162543
0.0203457
0.111826
0.000485778
0.0548356
0.124438
0.0149396
0.00351715
0.131254
0.00666626
0.00332378
0.0032416
0.0102471
0.00404633
0.077699
0.213245
0.125464
0.148862
0.077431
0.0216709
0.0235254
0.000277629
0.00356847
0.000492689
0.000614184
0.0696385
0.247549
0.00338529
0.0115107
0.00930506
0.195021
0.0439433
0.0748875
0.199625
0.00688438
0.0254217
0.0235372
0.00692539
0.179167
0.107705
0.0879683
0.000674788
0.000580234
0.110211
0.00571486
0.0549413
0.0127764
0.218185
0.117697
0.00283508
0.00208418
0.00242096
0.00206204
0.00158727
0.00878144
0.118173
0.00225552
0.123533
0.00563311
0.0406404
0.104709
0.00596602
0.332275
0.00329098
0.141856
0.0505316
0.0524432
0.0719789
0.0492659
0.00652234
0.218563
0.0498492
0.15433
0.00295284
0.00124727
0.0217958
0.0280912
0.00650603
0.0314846
0.0906587
0.0247294
0.00193721
0.220336
0.0129647
0.0705833
0.00978632
0.00225055
0.0214422
0.00224522
0.00306889
0.0564557
0.00277311
0.00176685
0.0261951
0.0322918
0.0392766
0.00789473
0.00140533
0.00150216
0.0197873
0.000516148
0.0158428
0.00454802
0.00231852
0.00299608
0.0111871
0.00269369
0.00773542
0.0283818
0.00472302
0.0369256
0.006024
0.00174151
0.173421
0.0339768
0.015219
0.00975891
0.617306
0.0439131
0.0166921
0.0155322
0.121071
0.00199604
0.00329826
0.0109269
0.0148463
0.00155312
0.00253558
0.313289
0.291323
0.000593849
0.00324341
0.0262434
0.00415519
0.0402436
0.0847853
0.0370771
0.0431697
0.000236809
0.0936924
0.00188883
0.11392
0.00758529
0.100318
0.000829508
0.011418
0.00283668
0.100959
0.117206
0.0038
0.0243978
0.0764277
0.00713222
0.0224941
0.00484754
0.00150788
0.00290254
0.0018878
0.00171836
0.00388068
0.042429
0.08668
0.00114638
0.00504766
0.0449833
0.000875456
0.263279
0.00180572
0.00220916
0.00423454
0.0933141
0.00951236
0.224787
0.00228461
0.0255642
0.000621811
0.00131906
0.0458414
0.00422717
0.00125056
0.0103093
0.295191
0.152912
0.0039404
0.0437651
0.0127793
0.0393706
0.000776132
0.00181532
0.0291661
0.000689864
0.0102294
0.224811
0.00183443
0.198688
0.0644852
0.0177812
0.0162754
0.22694
0.00304828
0.193604
0.0180223
0.00432556
0.0026672
0.0315176
0.00369815
0.000529872
0.0555026
0.0163559
0.205431
0.0688855
0.0883529
0.237174
0.0885317
0.0315459
0.00248375
0.00268438
0.000884984
0.0611699
0.00250415
0.497378
0.312566
0.00272695
0.18633
0.0101928
0.0047438
0.074593
0.0584468
0.0439624
0.0164049
0.0068273
0.019656
0.0144052
0.0204959
0.0733179
0.00317793
0.0556818
0.00236939
0.0267759
0.184303
0.0779089
0.216153
0.0201703
0.0291173
0.0895604
0.147021
0.0306844
0.117901
0.0806766
0.00526082
0.128642
0.00833458
0.0406375
0.00561392
0.144614
0.00404366
0.00537819
0.00276092
0.175195
0.00199687
0.00218162
0.0780186
0.118039
0.0527028
0.169016
0.0476185
0.0609659
0.0477641
0.129225
0.198303
0.171524
0.041913
0.0108475
0.0988457
0.0777978
0.0173479
0.0208421
0.00595248
0.00406685
0.0631125
0.0474753
0.00524632
0.208938
0.032886
0.0860017
0.00841906
0.00246042
0.00761325
0.0439624
0.0490059
0.0275659
0.0559407
0.00712665
0.0149449
0.530764
0.243029
0.0782131
0.217806
0.110603
0.100861
0.307216
0.0712276
0.000706767
0.180399
0.00387433
0.0198119
0.169812
0.352763
0.0427868
0.198154
0.0229965
0.119917
0.0286937
0.0216448
0.0143835
0.0354471
0.035242
0.0186531
0.00828416
0.0151229
0.00437259
0.0275232
0.0124452
0.0105812
0.00487883
5.19006e-005
0.249996
0.125411
0
0
0
0
0.00402923
0.0125431
0.0101779
0.00328057
0.0014858
0.238954
0.00320983
0.0080407
0.00257892
0.00436194
0.00385166
0.0014901
0.0088714
0.00179231
0.00139238
0.00412511
0.00785787
0.000689664
0.0101309
0.00359358
0.00787111
0.0119702
0.00954788
0.00966756
0.00276608
0.0038744
0.00303872
0.00541576
0.00327161
