-3.122159854396584083e-02 1.263039929357747948e-01 5.149237939153719287e-03
-4.467739927198684236e-02 1.312040013837313113e-01 5.704790489433273805e-03
-6.830109676280578246e-02 1.448280138103803238e-01 4.136880507459917561e-02
-6.000951058781839667e-03 1.303979975432092431e-01 1.789859697740413952e-02
-1.735679819234580909e-02 1.276130003405277491e-01 5.268849564308743759e-03
3.305130443525198386e-02 1.070339900068845995e-01 3.195429606683657803e-02
4.008730493566470265e-02 1.052099984929173865e-01 1.734190445494482313e-02
-3.018020109874230972e-02 1.063219976214705709e-01 3.997450335374207880e-02
3.041929743314309223e-02 1.185719889608125577e-01 1.880680038425285028e-02
-6.408219803376126456e-02 1.593910081767082043e-01 -1.690959914739986053e-02
4.470460855019805363e-02 9.278770507433961590e-02 5.075849667780481418e-03
-3.167539849689483822e-02 1.703950090664654304e-01 -6.350226506059365034e-03
-8.485230081224412468e-02 1.340779882791854616e-01 4.701770115801656019e-02
-6.885469725963107301e-02 1.220520061105438425e-01 5.175689625219713486e-02
5.954749771072225667e-03 1.310239953233794941e-01 1.782520131046397283e-02
4.046290360650837969e-02 1.051419896131808029e-01 6.409779290000048278e-03
3.873420499380533788e-02 1.021609974321311953e-01 -4.631116906832830407e-03
-9.145130240329001070e-02 1.341360134573735818e-01 1.710259929361496872e-02
-8.187209837574245530e-02 1.071659994198556620e-01 3.101599973381338748e-02
-6.721799840425311812e-02 1.561550123397782430e-01 1.788630355932373933e-02
-7.956869921754675112e-02 1.528749985164213898e-01 2.993110587496550234e-02
5.960069481789335120e-03 1.225040030494578269e-01 3.462719188449309149e-02
-5.163170042803024579e-02 1.450009865283612698e-01 1.848039793708484979e-02
-7.797809712252823378e-02 1.325499933967203281e-01 5.134939421472139998e-02
-5.907081195407294302e-03 1.279340011121326559e-01 2.746229634953598064e-02
-4.791330191628227070e-02 1.293010038491588520e-01 2.696459756242264999e-02
-8.242700271667464940e-02 9.281339472246083466e-02 -5.560457660173014766e-03
1.743999858878072726e-02 1.276940030211821120e-01 1.853480205326034358e-02
-9.068679832890465253e-02 1.203049940575009469e-01 6.680399290665489133e-03
-2.940379842443648431e-02 1.790299935728860425e-01 -7.879592269779450014e-03
-7.978910229650917896e-02 1.437599879815906756e-01 4.269940426170386327e-02
-1.828800156730274809e-02 1.083289903163877216e-01 4.150979980093725402e-02
-2.023259563225594457e-02 1.818459852338122074e-01 -1.832739988661331171e-02
-3.770390168369096295e-02 1.679870112304134855e-01 -1.303909700921127707e-02
5.821637696109611092e-03 1.280600053280819828e-01 2.790159748490695507e-02
-4.353889840297898994e-02 1.300139946272942104e-01 1.753330245556851408e-02
1.886989911423981106e-02 1.198619973655324911e-01 3.240900502311023362e-02
-4.401009918794086817e-02 1.670350058159273954e-01 2.318978507059203838e-03
-8.981099747731254024e-02 1.324010116708946305e-01 7.057428494030195364e-03
-5.735199917408451142e-02 1.449890059719513291e-01 3.151959945074592206e-02
4.426219307240280426e-02 9.345259486461313103e-02 1.764170089625443499e-02
4.123430691473823489e-02 9.217309173648159659e-02 2.856030325459531921e-02
-5.639529991696337619e-02 1.545649988333456792e-01 1.687800158311240223e-02
-2.061349912115458677e-02 1.597730143185390472e-01 -7.175221864205496083e-03
-7.298930011724796829e-02 6.561159310424720392e-02 1.816929879517498181e-02
-6.739670057880832454e-02 1.552559955037555728e-01 5.813889382734891559e-03
-9.048640006690973625e-02 1.186110001849508405e-01 4.121480152251544293e-02
2.731419345835074328e-02 1.179650050425765928e-01 2.861910328250032165e-02
4.190700494057227748e-02 9.163860204760955475e-02 -5.569450497941707927e-03
-7.021089662731276604e-02 1.653030140914446555e-01 -1.946610195953645678e-02
-6.184697281361719798e-03 1.227289956848548608e-01 3.478699193626704628e-02
3.001379212491993992e-02 9.327860886418742892e-02 4.214759928136040112e-02
-1.751290274756109669e-02 1.621259970938843387e-01 -1.454889757274541867e-02
-7.639770229666717483e-02 1.712909861611616735e-01 -4.110210001684124620e-02
-8.542270236298017683e-02 1.053859961599421247e-01 3.394857129265415035e-03
3.704310200875596260e-02 1.104430031831120512e-01 2.072290343752003494e-02
-6.597317904153746776e-03 4.272850561209580456e-02 4.693909737408280547e-02
6.397940086027937776e-03 4.370059776244336613e-02 4.682599756385521367e-02
-5.592469889223371932e-02 1.576059980301567354e-01 6.564550285702797951e-03
-9.114489728062120932e-02 1.188160103819734942e-01 2.984420223868722299e-02
-5.951090176681259752e-02 1.283520084746893331e-01 3.996259736288919340e-02
-1.763349785644974244e-02 1.276050132948655658e-01 1.793660238251663930e-02
-6.663300116886296254e-02 1.538309974107356926e-01 3.087029626720810827e-02
-4.364179836066343215e-02 1.694379968896970734e-01 -5.502261029321429443e-03
-5.727589896646331086e-02 4.324299802339397203e-02 4.286200555064025031e-02
-7.637730261287001277e-02 1.572210116765088150e-01 -1.688890143997039128e-02
-4.344610141468678577e-02 1.560499889721562727e-01 6.157949748937781818e-03
-4.271180202076611115e-02 4.216449667556267100e-02 4.270040245708451448e-02
-2.542009966017452424e-02 8.866219931467655968e-02 5.038269620787935027e-02
-1.417899890679438606e-02 1.262699884427714303e-01 2.664170429865080764e-02
-8.825819963031412974e-02 8.986870172761753095e-02 6.966248210495389753e-03
-6.886950154865568996e-02 1.577730102724690942e-01 -6.875932050825523875e-03
-6.796760131872044142e-02 1.428770048628166534e-01 -7.576428216146484894e-03
1.885379840557499867e-02 1.062929999483272214e-01 4.169019325936575843e-02
-3.648699835425040644e-02 1.712250037343229780e-01 5.450399768197708873e-04
-6.643520315762393991e-02 1.171979976619395292e-01 -9.871609421294813211e-03
-6.826060284146841239e-02 1.703979893750926233e-01 -4.369949907670533235e-02
-9.092500083758542351e-02 1.460499984826018338e-01 1.903820055246566167e-02
6.786219659828684331e-03 1.158409935088932918e-01 3.880769774934778038e-02
3.101389846813606965e-02 9.306960528711438752e-02 -1.779799903873642564e-02
5.697600423622961076e-03 1.058899980426647319e-01 4.355109497272212360e-02
-7.065189650917126640e-02 1.306300085772979791e-01 5.024970341575940580e-02
5.974598119241549161e-03 1.308579964096048265e-01 5.794793508706363831e-03
1.842170196982177016e-02 4.231820214108050759e-02 4.247700425593516765e-02
1.478759933188172546e-02 9.097471051375748130e-02 5.096580845761390643e-02
-5.982317162547870146e-03 1.154090088454487600e-01 4.020269975622720038e-02
-8.113119773260464573e-02 1.179720086703284487e-01 -3.594532513789009710e-03
-7.870320251909115883e-02 1.442739887219568196e-01 -3.890521680838550985e-03
5.819879360472825225e-03 1.062259895442470015e-01 -2.089679979987860148e-02
-1.927609756382958964e-02 1.198529970714166393e-01 3.280609116242642204e-02
-5.931161468822771302e-03 1.302150113054842406e-01 5.953997512463826518e-03
-8.933220081632933796e-02 1.427450103139059345e-01 2.903259563633935059e-02
-7.625378794731974171e-03 1.232730073607752191e-01 -9.815551234452052007e-03
-6.922630239309263134e-02 1.789219900501239913e-01 -5.427429810541716665e-02
-2.987570331386935063e-02 1.242519986992931119e-01 2.096740170793283398e-02
-8.482660375487136029e-02 1.489869875287255785e-01 3.276970257235006095e-02
-8.885160112380473263e-02 9.097229660817811314e-02 1.790340251922834663e-02
-3.058790431107685087e-02 1.223840040812808894e-01 -6.357706977201692256e-03
-3.071980194498471345e-02 1.179889959206047584e-01 3.061660393599691110e-02
-7.806120090110782450e-02 1.206529956915285418e-01 5.139990912932970030e-02
3.327139459147709227e-02 1.084979993661203401e-01 -7.431946607927323104e-03
-6.771119704706737852e-02 9.289180465051143087e-02 -1.688139882261550234e-02
-7.566600314718939513e-02 9.118170268208362905e-02 -1.369670030064964843e-02
-8.242200338108175706e-02 9.511210738831527012e-02 3.108780840744872209e-02
-8.569840364095458740e-02 1.369030101096591345e-01 1.921221750274911726e-03
-2.928040194441580008e-02 4.177469718058939713e-02 5.139700326370466588e-02
-1.773200200461128376e-02 4.238640474657880824e-02 5.168399963119393176e-02
-6.569869834655446550e-02 1.710069998571309702e-01 -5.664399998485774440e-02
-2.985230102583318404e-02 1.709049864262098262e-01 -1.656089704849765532e-02
-5.625019986572472180e-02 1.350130063626698018e-01 3.304549324184782172e-02
-6.661269834275801438e-02 1.330209893101731988e-01 4.470440018818172545e-02
-4.253790171427558608e-02 1.554410083406524423e-01 -7.493533030096061198e-03
-5.453079959101572033e-02 7.146029883667530391e-02 3.970419622222269573e-02
-4.131589847314500602e-02 9.069230385354842827e-02 -2.258809653300293541e-02
-1.728760466357993214e-02 9.217739813821215766e-02 5.362119538398299468e-02
-5.981192131070121529e-03 9.403078966511532744e-02 5.426429970438474693e-02
4.237239799816405750e-02 6.725629382676778789e-02 2.958009397878616498e-02
2.857410154378333192e-02 1.169089896093730846e-01 -3.917716337304847155e-03
-3.318110126530354753e-02 4.507439543070768800e-02 4.511459919629038501e-02
-5.394019950654468931e-02 1.185659986811861272e-01 3.537309929674670866e-02
4.227239631216175852e-02 7.955460967077443435e-02 -5.794607066054533601e-03
2.972730239024744259e-02 4.255019833967426529e-02 3.049749882299033349e-02
-3.156390057159887824e-02 9.593310185660793021e-02 -2.368009831930623088e-02
3.818040333413632442e-02 1.051210087413463057e-01 2.669470769656148712e-02
-2.849879876588643987e-02 9.049200245380137342e-02 -2.908539770124245194e-02
-1.731889711099408521e-02 4.379420686869025386e-02 4.326950761221355635e-02
3.767542405745012701e-03 4.775509941458020574e-02 5.020370338768465751e-02
4.326730213167113981e-02 4.582909455844537405e-02 2.782509477649945662e-02
-2.333220107822206110e-02 1.812390013206787442e-01 -1.128929832536667600e-02
-5.625799443962871578e-03 5.650379467507405523e-02 5.388180172820931230e-02
5.294307934283140268e-03 5.567980516231090665e-02 5.328809476183576227e-02
-8.832190209243249990e-02 1.057569903456740817e-01 1.729830364256093600e-02
-5.663739910737741745e-02 4.701840095414869247e-02 3.058090061997124215e-02
-2.962429838942786872e-02 5.431880763491933606e-02 3.989509497001568483e-02
-5.974069372280464522e-03 1.058970015899291794e-01 4.406689866668123123e-02
-2.141220139047686835e-02 5.469759514248991733e-02 4.464099560861751331e-02
-1.614879832601676807e-02 5.743629445027587099e-02 5.090399837541102757e-02
-5.683049950537392980e-02 1.463920099675080078e-01 -2.642601576784471811e-03
-9.314660006712348339e-02 1.190670055636600250e-01 1.799479884269872959e-02
-6.186199951759144278e-02 1.584170086975514313e-01 -2.930260435674077180e-02
-8.558580302496653081e-02 1.068400067338755033e-01 2.172900001866116121e-02
3.366420408560806543e-02 5.405429711783691499e-02 3.508409116701893121e-02
4.277100405800798172e-02 5.603509358123710121e-02 3.155899796953301473e-02
-4.345890152342499202e-02 1.171910089360171103e-01 3.170440360264848573e-02
-6.809619833280662615e-02 1.567209883564684436e-01 -4.261739912634034816e-02
2.723840614796894238e-02 1.031559925905997932e-01 3.970580561594421604e-02
-2.939320369810256156e-02 1.785359902886518857e-01 -1.455629597054185209e-02
-7.626970134831896619e-02 9.122449872145793615e-02 3.834190229556422302e-02
-1.912850156804151575e-02 9.859519417701892441e-02 4.566759629025002321e-02
-5.309100096771091765e-02 5.674020165270402677e-02 2.939630302538093209e-02
-4.319779966517201669e-02 5.557770244197266646e-02 3.908380124845817205e-02
-8.330550067757575006e-02 1.156430017839682189e-01 4.682799444088570073e-02
1.443450142636269057e-02 1.270809990375674770e-01 2.629699574130807405e-02
-3.889130072881510913e-02 1.237609905306875091e-01 2.497779592654078562e-02
-5.943590049891010058e-02 1.199050021192648585e-01 3.997560606109329395e-02
-7.023320366652223423e-02 1.542619987126888637e-01 -3.124009804974604149e-02
-5.744729954865587102e-02 1.525759918136225246e-01 2.845079471994166331e-02
-4.800380041002496462e-02 5.636600367862865807e-02 3.626630458841723775e-02
-1.072619867035275870e-02 1.796620114572015925e-01 -2.774719875229610805e-02
-8.822929882493422971e-02 1.060660106431292465e-01 8.467562584208550985e-03
-7.899399867939149722e-02 1.539840025814627200e-01 6.518617446782808654e-03
-2.956750259535611408e-02 1.260720116402193614e-01 1.463379724838338031e-02
-8.173560372752444736e-02 1.543899995997976560e-01 1.773320157342464509e-02
-7.954689882447456284e-02 1.041940075874981525e-01 -6.202742390623292197e-03
-2.486079946489587814e-02 1.229129952462673647e-01 2.454289808612558632e-02
-6.644160319209910237e-02 1.599570139517903500e-01 -5.337129894636649663e-02
-7.848779880123177288e-02 7.052829085344872184e-02 1.744610074642306136e-02
-9.671010193491293150e-03 1.732250078340868693e-01 -2.649449539377750351e-02
-5.662839880157102129e-02 5.470310864795359385e-02 7.445633407017421615e-03
-1.840149625275418893e-02 1.222189886220260702e-01 -7.751338078419149624e-03
-6.959520300188389019e-02 1.464120073568457303e-01 -1.803199933796783422e-02
-4.125170054013290594e-02 1.231959981662376497e-01 -9.580872850764332940e-03
-6.849720348567879535e-02 1.481940074433775179e-01 -2.872600394324386491e-02
-5.400360023326145759e-02 5.554299767899487095e-02 1.776739955990306458e-02
-1.692029849523165458e-02 6.821679284525007658e-02 5.314990141310733246e-02
-6.072208429534839934e-03 6.771019805916363155e-02 5.645009138956193218e-02
7.087282708788102299e-03 6.732179929145214181e-02 5.533690014207216790e-02
-1.431740089545054974e-02 1.169710081744909785e-01 3.783600792734183316e-02
5.389230691558936914e-02 5.575469843745210763e-02 2.662440392903928088e-02
5.178548271218598627e-03 9.317379408036879918e-02 5.358729524680182210e-02
-4.310379941267569737e-02 6.743880324659935754e-02 4.077369725992530808e-02
-2.930689620227701006e-02 6.807329468769407477e-02 4.101600504525496071e-02
-3.795550034147614910e-02 1.619540078922350190e-01 -1.280210150183879424e-02
-5.611649921145664410e-02 6.543289834596027754e-02 3.419790421852159784e-02
-7.617069801434486753e-02 1.555589957392925493e-01 -5.927197473131160486e-03
-5.521810073408939951e-02 1.225059998990025295e-01 -9.464882214861344845e-03
1.770039638095928861e-02 1.059829963016661047e-01 -1.861380034008324608e-02
5.345829569620597771e-02 6.563749128075187234e-02 2.643359457784540123e-02
-8.691520267226772456e-02 9.441559736366955669e-02 2.931177675445794870e-03
-7.642570158197814489e-02 1.617070062832191568e-01 -2.975169554908869279e-02
-4.409590008180783172e-02 1.274529916927543416e-01 -3.278747083403682223e-03
-3.129189478639983479e-02 7.982980424075554471e-02 4.349439600183669513e-02
-5.494479853856321094e-02 1.063480002606834590e-01 -1.856250310080959781e-02
-7.237350216688134830e-02 1.100569886802999497e-01 -9.432569071774981814e-03
-5.536590163182780050e-02 9.198289342651339018e-02 -2.117829767002629010e-02
-4.880910013826131322e-02 6.601270252132515615e-02 3.739590203294737569e-02
-4.730860161263484437e-02 1.451559884277261181e-01 6.884686811335543992e-03
-8.039130292176145665e-02 1.296339852626751388e-01 -4.697553698093787783e-03
-4.180200042607014332e-02 1.059340012983678303e-01 -1.986920082785441355e-02
-6.321393081671579893e-03 9.316519627188660224e-02 -3.289350120018653262e-02
-5.970537788927570561e-03 1.061379981922057764e-01 -2.222820365465903725e-02
-2.948270007760524919e-02 1.582930011846373219e-01 -6.192661649399524085e-03
-1.779530211509047430e-02 1.062889916604182056e-01 -2.177710080243830393e-02
-8.852610015108854091e-02 1.378390115816985062e-01 3.939639795421029378e-02
-6.749349852590599830e-02 1.283920032824774349e-01 -8.634708712056980706e-03
4.636930666973514831e-02 7.151281054083573341e-02 2.167540049288865095e-02
-4.095650108658388522e-02 1.171680016277487357e-01 -1.458089790204105535e-02
-1.066560310177825689e-02 1.675409896799654186e-01 -1.990129781193870906e-02
-5.325470137447717994e-02 1.574560029580987508e-01 -2.818956798938902948e-03
5.309879665823433702e-03 9.331289657440604290e-02 -3.018520024695540982e-02
-7.734359823703107484e-02 7.272260603409977375e-02 2.665459369685122676e-02
-6.250870246715313494e-02 1.499339862093906905e-01 -1.503189638963805044e-02
-6.880140326517798777e-02 6.857260282491990655e-02 3.066489850390322763e-02
-5.452520047041302387e-02 8.084779209216307050e-02 -2.017069607038331908e-02
-4.367680121321606407e-02 7.891600543427219894e-02 4.288550474917619121e-02
-1.857479677446460462e-02 7.897030523683003234e-02 5.573529760655102777e-02
-5.999930344778985417e-03 7.945480158606070542e-02 5.780079226813124305e-02
7.064849013428212317e-03 8.119171074022700496e-02 5.581869941307680133e-02
-8.502689771064192437e-02 1.460339946584748305e-01 5.859539070986644928e-03
3.701110921782958807e-02 1.103970033317056149e-01 2.652943237828301812e-03
-6.830839834522557663e-02 8.033160085746024470e-02 4.071090378722189845e-02
-5.589399879576584934e-02 7.925940269578053698e-02 4.353349664480413855e-02
3.814559422293384988e-02 8.810559634482000024e-02 -1.386749740222837507e-02
-6.428369901823749455e-02 3.964180459826475988e-02 3.962399811283556783e-02
-6.986960042877517207e-02 1.685359998522000247e-01 -3.133190407766591606e-02
-6.179599855089024790e-02 1.557409985466862712e-01 -2.079229787343900987e-02
-6.228480133845887279e-02 1.623600049850882354e-01 -3.962879987072676080e-02
-6.868640354994498542e-02 9.237039801001867279e-02 4.219780127976003464e-02
-4.935299995499334985e-02 1.392980141154050167e-01 1.479549722120235451e-02
-7.841770373356833634e-02 1.101260107660518295e-01 4.178860052318689178e-02
1.794160146330515612e-02 7.927470615751608385e-02 5.188619355992284826e-02
5.327321478909593719e-03 1.236610037940009399e-01 -9.971052299989553377e-03
-5.567739923876681429e-02 9.352060373643189539e-02 4.420699935555699733e-02
-4.319240171238256099e-02 9.211539443087965462e-02 4.326889675036118404e-02
-2.986259775178649184e-02 9.401240165518195968e-02 4.448049527250962087e-02
2.059549827722246401e-02 8.711300008169753362e-02 4.923250537897538165e-02
1.720999916709608363e-02 1.276630086305819423e-01 5.125932531432988472e-03
-2.901250139514729293e-02 1.067190093711445492e-01 -2.074789994980925228e-02
1.854430128404524827e-02 9.481119328697328041e-02 4.775869114200387289e-02
-5.886763459155253467e-03 1.166219932738765674e-01 -1.600489756771586447e-02
-5.281909945366065201e-02 1.626489980252829870e-01 2.967111955432241710e-03
3.580779574518311303e-02 9.585940067771327178e-02 -1.203279936453337598e-02
-9.120640182084936709e-02 1.314150017924013425e-01 2.953069673111300558e-02
-6.787399968794211036e-02 1.069520038235355769e-01 4.037249846512328683e-02
-4.416359979251120726e-02 1.049179953134316001e-01 4.017060263100762085e-02
7.495857655367053028e-03 9.835001045904263883e-02 4.882549508069400357e-02
-5.549610053303674628e-02 1.038980108290224330e-01 4.114050430990934260e-02
-6.690440347860067416e-02 1.157170009461591653e-01 4.734789595773038900e-02
-5.015239882356554296e-02 1.403259856454425469e-01 2.588182835626610511e-03
-5.545080099136152907e-02 1.324199957650043780e-01 -4.854448016327923311e-03
-1.475200069136993995e-02 1.818970068232862169e-01 -2.627810071531198194e-02
-2.955799564348686459e-02 1.617830021672258811e-01 -1.433680189672909173e-02
-5.618539844640033781e-02 1.112770062639028418e-01 3.737130029817679194e-02
-4.098400118730798763e-02 1.104960065997697694e-01 3.708829744484764407e-02
-3.200549648850328777e-02 1.104679924148919828e-01 3.704380257851207225e-02
2.500330647380581695e-02 1.106109988474759109e-01 3.684590026367405569e-02
-4.698700102446606852e-02 1.474339885636269387e-01 -2.225361609133408129e-03
-1.834069954037064604e-02 3.523620174980090364e-02 5.079380424712567205e-02
-1.784060163218087122e-02 1.704839988199768619e-01 -1.811429840072828479e-02
-5.694720170353518435e-02 3.494160581620981559e-02 4.237169772686764924e-02
5.833387240528032161e-03 3.510760473948802002e-02 4.209139199127145264e-02
-4.280240108228187262e-02 3.515740443118797742e-02 4.168719798753329348e-02
-6.646200289805684336e-02 1.047770006319641012e-01 -1.485820108754165939e-02
2.574520547455174529e-02 4.591370333653854025e-02 3.811850401574724129e-02
3.794509909751650478e-02 8.171670857435693602e-02 -1.415470239521953583e-02
-8.442620211527848695e-02 7.977139174567388080e-02 1.863320177070267730e-02
5.325039469219611243e-02 4.758999459689126216e-02 1.819030196415954287e-02
1.864240307044722628e-02 5.360349227033783109e-02 4.621500527037594036e-02
7.325149964512306378e-03 1.182430011911590750e-01 -1.530119767543833623e-02
-3.147039577519923637e-02 1.570660097552997181e-01 9.762125016432856781e-04
2.862290282872709604e-02 5.687599589680791129e-02 4.076350485497889226e-02
5.815910541807789436e-02 5.500160866586144975e-02 1.802539827783897208e-02
1.686400165033306170e-02 8.993499703417651148e-02 -2.691040185440428389e-02
1.457779842590287318e-02 5.857690383020755509e-02 5.016910291258282889e-02
3.672479829825344572e-02 9.181839938224471698e-02 3.662479680045313546e-02
-1.988010121728832000e-02 1.664040012631741450e-01 -1.126989704034466258e-02
1.502940046987647459e-02 6.773569394964512602e-02 5.206709363545401065e-02
2.105239767844044319e-02 6.811609079850146353e-02 4.843460776578804861e-02
2.987759550617068161e-02 6.799360326347932137e-02 4.191719748014792468e-02
3.683579704310431524e-02 6.784950904280553918e-02 3.664099431859892120e-02
5.747479939459106818e-02 6.822179968609597134e-02 1.714249704965910975e-02
3.168419740008229096e-02 7.850869719216492515e-02 -1.920799909344255568e-02
-7.602710296463573159e-02 1.757039948741461188e-01 -5.069369808440988417e-02
-6.553959868043106318e-02 6.078850445180700168e-02 1.757069678956056646e-02
-8.060260140216254920e-02 8.144699749878517303e-02 3.065159178918974020e-02
1.897490015187368664e-02 1.215059978510201477e-01 -6.945647189565956788e-03
3.068400164977775138e-02 7.954610102008574657e-02 4.315070072551670938e-02
3.718879065343637380e-02 7.924839073055590932e-02 3.679370143972347795e-02
4.193659863992417469e-02 7.959110254954214481e-02 2.959110595956662704e-02
4.603200398665034665e-02 7.936940309391675441e-02 1.776940382214708264e-02
-7.879210286358809268e-02 7.077728927686037508e-02 6.855852923677781784e-03
-2.939870223968448631e-02 1.159169895371231773e-01 -1.470649979079193329e-02
-8.699239813407232125e-02 1.135179919663192039e-01 4.104092813109289258e-03
-1.421859872629348612e-02 1.740130110413346254e-01 -2.598070335427476313e-02
1.747950155077612408e-02 3.521310504679402154e-02 -5.928561139396698772e-03
1.621410239257729466e-02 3.584750710344512120e-02 -1.621309673811368451e-02
1.932480174627234509e-02 3.583220352276379056e-02 3.132059425125435087e-02
4.355440280645416634e-02 4.111009055800138312e-02 5.799159388383425158e-03
2.261909831886732558e-02 4.060519454229347819e-02 -7.935442070370073500e-03
1.913479704727672273e-02 4.278200089717799220e-02 -1.920949672741882608e-02
4.146330795442637607e-02 4.563010450971421300e-02 -3.545127831934934051e-03
4.369249186597318896e-02 4.119680039313323300e-02 1.771999895161870814e-02
5.128719650602996116e-02 4.639590496748568355e-02 5.805306128054594367e-03
2.857770762360100150e-02 1.051810008937169999e-01 -1.423809670191222322e-02
3.067480763199685601e-02 4.451239821659175311e-02 -6.179928809167451256e-03
-1.841180040866573567e-02 9.480588862576815046e-02 -3.074339774612678405e-02
-3.154840337626648589e-02 3.430230142162959961e-02 -2.840810277499868086e-02
2.603810270637526084e-02 4.759020328282424078e-02 -1.657939706023237730e-02
5.541970574742524636e-02 6.863781032595110687e-02 5.896531078430437486e-03
5.203739547010385186e-02 5.507300016824656641e-02 -2.481602135206495158e-03
5.673750483749200740e-02 5.422239716777083746e-02 5.124829715190476302e-03
4.280490420421041026e-02 5.532859979501895953e-02 -6.047040232089419785e-03
-6.200369838010705292e-02 1.674219890776523223e-01 -5.271650093021577194e-02
3.411280354937912263e-02 5.417760430878355155e-02 -9.483464077716547216e-03
2.951800068855598216e-02 5.605640233497844599e-02 -1.758749785315938396e-02
-1.778870089939014673e-02 1.159109992698674485e-01 -1.578380159098684288e-02
-4.178379867154530941e-02 3.576020123080905777e-02 -2.641069897057386068e-02
-5.189389128432864151e-03 4.304600479042166444e-02 -2.733329689859104877e-02
-6.640590004214216857e-02 3.436490116257654576e-02 -4.166677651754938788e-03
4.754140221031311758e-02 7.121740995061236201e-02 5.426168477960875182e-03
2.491380265060087751e-02 8.251630490694662756e-02 -2.458769826423016364e-02
-2.990239875526159649e-02 4.260309758268786273e-02 -2.831789858012297156e-02
2.181210358587918133e-02 5.158650101882265859e-02 -2.364920083661673639e-02
-2.715370076691029505e-02 3.516080187566623244e-02 5.092670770276512549e-02
1.611810167796893026e-02 1.156299931623424593e-01 -1.454509785808759045e-02
3.173800549091530115e-02 6.799829723977279805e-02 -1.835320145040019585e-02
4.182260475840736402e-02 6.752010404956788892e-02 -5.515553042227440590e-03
5.148709558824780125e-02 6.372790752363466371e-02 -1.747943447048517628e-03
-8.933030092297909730e-02 1.283090037244485893e-01 4.280229675027925201e-02
4.593849920155845812e-02 7.963069497782941653e-02 5.796320788346506769e-03
-7.054329683135425466e-02 1.498970015725524241e-01 -3.873189900128641561e-02
-4.296170193733420128e-02 4.302420438161989186e-02 -1.762879645429276526e-02
-7.196769882474127189e-02 1.778480037449280959e-01 -4.746039941658990180e-02
-7.605289687471990245e-02 1.776510103939746288e-01 -4.714569806851361122e-02
3.041730067912021621e-02 1.184950095860362457e-01 5.738139274011988186e-03
-7.714509984172499002e-02 1.677060051715135169e-01 -2.987980082108169372e-02
2.026680102272938530e-02 9.286098904331589743e-02 -2.373629804814231942e-02
-2.548149989687401723e-02 7.986970953535484086e-02 5.105460445192667313e-02
-6.505409650155247192e-02 3.532590681369236069e-02 1.622369882437769972e-02
-6.476759932716619206e-02 3.507920316426399454e-02 2.944809942047056650e-02
-6.442669801031264409e-02 4.145910553317632558e-02 3.044759482058281147e-02
-6.431999824777426267e-02 3.522609879421131907e-02 3.879139572195533514e-02
-6.759999714662764947e-02 3.402989323791389548e-02 5.904912902905085775e-03
-6.795340053498033495e-02 4.185879942484486277e-02 6.683938174878738606e-03
-5.734970068988876762e-02 4.315479809221784563e-02 2.002289890247230947e-02
-6.346320382549386352e-02 4.143210465874470894e-02 1.420520243911991415e-02
-5.941300115054091308e-02 4.713820633558362533e-02 6.285376826684915472e-03
-2.338340149924040753e-02 6.564160398299317967e-02 4.509759701038967145e-02
-6.353800020076809385e-02 7.166499609337270704e-02 3.794630623325674634e-02
-1.930359765628216623e-02 8.101280757765712270e-02 -3.843180091083493038e-02
-4.272060115054740481e-02 3.435569226752158839e-02 -1.913020022108625345e-02
-6.902367019409821371e-03 3.464000641795700330e-02 -2.021709836561136342e-02
-6.567870102189232728e-02 4.083319722128590096e-02 -4.017926797959482134e-03
-3.839069995403408125e-02 4.192180158914509541e-02 -2.640389657872779794e-02
-5.565850084525368613e-02 4.328659891359510486e-02 -7.588341876291878653e-03
-4.167849961652871082e-02 4.202759980425287839e-02 -9.996794211941086028e-03
-3.222940134409491703e-02 4.465930879760637157e-02 -1.674989615933563519e-02
-3.073850290921869774e-02 5.633070292490560682e-02 -1.851700249412905480e-02
-4.290260020469036789e-02 5.618970812678789756e-02 -1.130429657662411838e-02
-5.502849837311758058e-02 5.665569723174222055e-02 -5.313746647746414933e-03
-2.618580327671177210e-02 5.688359562752705323e-02 -2.826940272422492212e-02
-5.521890167208376443e-02 1.174610031614370942e-01 -1.337440303392924308e-02
-1.906579748139045072e-02 5.466949169272609932e-02 -3.186459844259650898e-02
-6.876289866004005324e-02 6.866940083662503858e-02 -6.549410519705050129e-03
-7.305040232729650973e-02 6.541999399664889803e-02 5.528591584159366946e-03
-2.072340265145935709e-02 6.727930135457986516e-02 -3.655300292595880379e-02
-2.907919899994877364e-02 6.742600327466478916e-02 -2.905210109902839344e-02
-3.280559944095678276e-02 6.646370116796436467e-02 -1.952149720365289887e-02
-1.776079849086601575e-02 3.433189512032192026e-02 -2.591419972924718235e-02
-7.736869923922617964e-02 7.325711074338497886e-02 -4.097707556854878960e-03
1.516159614047918325e-02 1.261039895546448575e-01 -2.663947518761650233e-03
-8.452550345191145453e-02 8.005719604227191921e-02 5.307018793042518091e-03
-7.935170106824290803e-02 7.985589627592072637e-02 -6.405651547615738399e-03
-3.097280131114387922e-02 7.947009034654764492e-02 -3.124750405970062178e-02
-3.551439957779740225e-02 8.180098957325880604e-02 -2.268870173858200667e-02
-6.814099869323043956e-02 8.012270158352541305e-02 -1.642780004827466139e-02
-5.129320194400091570e-02 3.422700582962348581e-02 -1.290129876869383803e-02
1.619239886220523103e-02 8.047900325515316977e-02 -2.921739965081079915e-02
-1.444780095403977276e-02 8.792739341335097103e-02 -3.802970051277862473e-02
-1.731570080328649272e-02 4.326739134685678861e-02 -2.829059965002204274e-02
-1.933280393038267278e-02 9.792508908698412118e-02 -2.479200061208430145e-02
-5.554790070362608523e-02 3.368159351546443081e-02 -6.190128684477867217e-03
7.026269920355902518e-03 9.784179158994350811e-02 -2.460549767528227849e-02
-1.488920314782612303e-02 1.260679883551855673e-01 -2.521261453307388489e-03
1.752050210264671087e-02 5.521140220643795671e-02 -2.727559957721671646e-02
-9.536609188177256474e-03 7.941039630264092042e-02 -3.798589856446696333e-02
5.242660515242299896e-03 3.913360059384780876e-02 -2.194700396334461900e-02
1.756530244669949475e-02 6.793390934461863984e-02 -2.893880011311764089e-02
-5.790703122605996012e-03 1.280769927108829642e-01 -2.851046497874519699e-03
6.265558193583483509e-03 1.280470115725863556e-01 -3.170497590531538151e-03
5.599789194015335897e-03 3.466039119967275622e-02 -1.793179667584812037e-02
2.982399602709275011e-02 3.591420465935208500e-02 4.889771310667037456e-03
6.251931067299252610e-03 4.596229614601163305e-02 -2.637819951332953661e-02
1.432529825600219534e-02 4.734840215805359576e-02 -2.515129750019785837e-02
6.040863571798072915e-03 5.550729457284590829e-02 -3.043139730198692050e-02
-6.134130196813318038e-03 5.463720087508863732e-02 -3.263499592634502844e-02
-3.466939943545281622e-02 5.712399603227970302e-02 -1.149529965832162513e-02
-6.845429673516333947e-03 6.797420210253259099e-02 -3.594059499947258735e-02
5.655802667746126326e-03 6.762369698031543697e-02 -3.291989865281140515e-02
-5.697320049188843438e-02 6.516279997855969897e-02 -9.582191712240315656e-03
-4.227960127736388879e-02 6.999439720259578723e-02 -1.614630222728768300e-02
-1.757190391166832746e-02 7.054730482484128373e-02 -3.822610157521326435e-02
-5.558599923825686268e-02 7.229831044389006811e-02 -1.612179726505926641e-02
-6.378839930754086340e-02 7.126969818409391311e-02 -1.385349780469857101e-02
5.685612443267542074e-03 7.905470557382718311e-02 -3.391889483120353460e-02
-3.384292252489945734e-03 8.045109339811112870e-02 -3.672260046594382626e-02
-2.489879742713208347e-02 8.150040337358879783e-02 -3.710780293456504564e-02
-4.125130194205185730e-02 7.913779443254956303e-02 -1.977460085513790822e-02
-7.358189694068775766e-02 7.770260398436193428e-02 -1.220230012009650145e-02
-1.806200311361891644e-02 3.526269614379703987e-02 -1.954010135904007961e-02
-3.157699870558431515e-02 3.584869920957596545e-02 -1.796690381401860881e-02
-6.020337484884085745e-03 3.812370418368026675e-02 -1.451840257310068119e-02
-1.778110132347429997e-02 3.825459598794814925e-02 -1.545029884478619185e-02
7.534466557675584611e-03 3.555960175160390729e-02 -6.500631620083986532e-03
4.304371644635231892e-03 3.840170023158791940e-02 -7.175400898435787753e-03
-5.939349674571033598e-03 3.894799170263747723e-02 -5.921289368712453517e-03
-1.761420086841271673e-02 3.860550341563308979e-02 -5.845077381746974915e-03
-4.303079862519881837e-02 3.413910386457601198e-02 -5.659721848747161464e-03
1.892220217569461765e-02 3.510760480500217662e-02 4.997692967933096281e-03
-2.991289662696394736e-02 3.839119491761611158e-02 -5.826771307093786718e-03
5.120657253553728173e-03 3.483980113749936963e-02 5.584977531463065914e-03
1.035280390862216475e-03 3.759170289612620564e-02 9.522214162128057055e-04
-5.847141290559195771e-03 3.834190184969289011e-02 5.908027261075028506e-03
-4.246209953418859928e-02 3.431440110367905971e-02 5.905970888944802287e-03
-1.787299678727765143e-02 3.831659968031258384e-02 5.994707314332998159e-03
2.866200347403202384e-02 3.584109953718406238e-02 1.874960212448836816e-02
-5.502599870950983241e-02 3.362039442412215889e-02 5.838163152035647473e-03
-2.847330289410384546e-02 3.814890201714662976e-02 4.418529534893594728e-03
-9.470061856149874840e-04 3.573740237796715902e-02 1.034689691757917189e-02
1.932240266060445202e-02 3.518139532826044386e-02 1.966159789182449213e-02
-3.423250484645486841e-02 3.375900501890726629e-02 7.175169844624729870e-03
5.360223220802086581e-03 3.459560088467793226e-02 1.798710224952471820e-02
-3.857166961407814993e-04 3.514590077786887423e-02 1.341710237046705480e-02
3.341189762223422538e-02 3.761789909385474667e-02 2.100820093564403912e-02
-5.897909548285188742e-03 3.817819767091369665e-02 1.770620046472477088e-02
-3.524450231007127815e-02 3.505710475739028109e-02 1.782570031774140251e-02
-1.780780420844086526e-02 3.819619827595847200e-02 1.781140266146385293e-02
-2.618979679753518156e-02 3.775920682419174612e-02 1.770439742096886759e-02
-5.632470196582288480e-02 3.367619925162777805e-02 1.752649989663941643e-02
1.141138237518797907e-03 3.766100815754632597e-02 2.234140037488678565e-02
1.002529995805176086e-02 3.550290276613825291e-02 2.965600043162187199e-02
5.501270161663041405e-03 3.855559935655916010e-02 2.966090291872564705e-02
-5.965806690692140347e-03 3.889460077605881583e-02 2.992520481437570268e-02
-3.307449835804918831e-02 3.552170804140859783e-02 2.922359853032752836e-02
-2.777170407353395098e-02 3.825629463457975998e-02 3.228650242092053618e-02
-1.790910230372259535e-02 3.859019985787769808e-02 2.961670607177386422e-02
-4.194039870719332153e-02 3.436980357668512759e-02 2.996679394260020474e-02
1.524300115986896437e-02 3.561159181356075148e-02 4.126920552228537792e-02
-5.543009957793444686e-02 3.425549677216403049e-02 2.979519216821879812e-02
-6.605149827006621954e-02 6.111439286918882857e-02 5.855478350610600347e-03
-6.549120099634057370e-03 3.503719674927102679e-02 4.539590330244328009e-02
-3.078260290789193790e-02 3.475960302598106455e-02 4.329589755045176042e-02
-1.808340118920180942e-02 3.481420087325487467e-02 4.587719590662785174e-02
