7252
0.212965
0.000181482
0.0048105
0.00271873
0.000727161
0.0334214
0.000262894
0.0880889
0.00454314
0.246338
0.00358282
0.0176308
0.000553676
0.000684557
0.0876911
0.177415
0.0183737
0.122924
0.226677
0.0516847
0.249814
0.00161526
0.000440825
0.00208482
0.201256
0.157001
0.189802
0.0554162
0.0346157
0.00138063
0.00120309
0.0550606
0.00171809
0.249874
0.0332649
0.0465315
0.243809
0.000820006
0.038353
0
0.0733088
0.247878
0.200145
0.230707
0.0338588
0.00348797
0.00169985
0.230833
0.0614512
0.184849
0.219665
0.00493694
0.00350313
0.0355606
0.0723961
0.0473171
0.127925
0.00170713
0.133336
0.164171
0.00177541
0.0720398
0.231104
0.249821
0.00131169
0.0233405
0.0572866
0.000709377
0.239075
0.00259252
0.026823
0.243082
0.00737201
0.00167883
0.1175
0.00429808
0.121692
0.0211743
0.169646
0.000672523
0.21942
0
0.00090096
0
0.160698
0.215677
0.0829794
0.000667669
0.024599
0.150068
0.192599
0.130265
0.0379
0.464189
0.0661145
0.0815518
0.249761
0.00471135
0
0.019161
0.000889156
0.00455601
0.00082031
0.192646
0.00045747
0.0158824
0.0392053
0.0316671
0.00243379
0.238164
0.236302
0.103604
0.150039
0.245196
0.00436709
0.00339543
0.0378649
0.00314859
0.0634094
0.0312013
0.0202484
0.0123551
0.188271
0.426929
0.00641112
0.030184
0.000842273
0.0116493
0.126026
0
0.00771084
0.00331072
0.00617576
0.19337
0.0852839
0.027977
0
0.123374
0.211587
0
0.0457917
0.332806
0.16151
0.0709723
0.00168765
0.0746881
0.021226
0.0826545
0.0291048
0.00234068
0.177701
0.00140933
0.000266418
0.00454314
0.0474673
0.01642
0.00553629
0.184959
0.129756
0.0720399
0.216534
0.0551277
0.0373787
0.165536
0.00071201
0.0325363
0.0605937
0.207293
0.188405
0.219936
0.191373
0.13633
0.0262794
0.0569905
0.00104717
0.232243
0.0694342
0.0590962
0.0209578
0.0289231
0.0430194
0.0182972
0.164683
0.10771
0
0
0.0546323
0.00725866
0.0333699
0.126748
0.0986985
0.0194547
0.0767172
0.000498464
0.243582
0.244929
0.000437641
7.34404e-008
0.0028966
0
0
0.00157748
0.000742897
0.0041302
0.197436
0
0.0780226
0.0431576
0.218743
0.211216
0.00142842
0.091961
0.0372439
0.119904
0.0532103
0.0014722
0.0324848
0.00296288
0.0577861
0.274417
0.0319664
0.00045747
0.136703
0
0.172236
0.0128557
0.00129263
0.0022389
0.00920564
0.0347322
0
0
0.00548345
0.0612669
0.0328332
0.00177035
0.00812189
0.0708712
0.000437641
0.048322
0.191811
0.0673736
0.0160375
0
0.0013471
0.0473939
0.233626
0
0.386807
0.100175
0.0344794
0.00288064
0.0202441
0
0.000920926
0.0320862
0.206804
0.00215289
0.000654576
0.215649
0.0924903
0.0617279
0
0.0107651
0.021984
0.0315598
0.342036
0.0137193
0.0137193
0.00131232
0.148205
0.0122669
0.0785446
0.00226394
0.000711876
0.175356
0.267808
0.0209784
0
0
0.00129263
0.00331295
4.04923e-013
0.038415
0.289669
0.0644235
0.00662023
0
0.220967
0.0202441
0.233675
0.071461
0
0.0923434
0.0037721
0.000958856
0.00086364
0.0248248
0
2.92411e-006
0.242772
0.0200684
0.00452033
0.0657307
0.00111316
0.00282963
0.115368
0.00114508
0.0920843
0.497836
0.0659469
0
0.427292
0.00214479
0.087902
0.026694
0.249519
0.00104717
0.00220375
0.0177312
0.00103239
0.0820559
0.0101121
0.0930072
0.0110062
0.125994
0.000711876
0.0105308
0.00580143
0.0058641
0.249139
0.173046
0.0500156
0
0.220798
0.0344794
0.0077179
0.248595
0.0300406
0.0510375
0.00147286
0.0141223
0
0.0123936
0.221293
0.249998
0.130073
7.34377e-008
0.287409
0
0.0188878
0.13378
0.151286
0.00915251
0.249712
0
0.00059857
0.0509355
0.0644276
0.314749
0.0245584
0.249806
0.086599
0.0967803
0.0241161
0.131979
0
0.00112256
0
0.0559665
0.0379576
0
0.0369278
0
0.0518128
0.185695
0
0
0.0165061
0.12362
0.142691
0.120789
0.179393
0.0774394
0.0138216
0.00420969
0.054542
0.0854753
0.000997707
0.012452
0.184469
0.00460827
0.290274
0.0262452
0.149118
0.0324951
0.50751
0.0290846
0
0.00609523
0.0896381
0.132558
0.201417
0.15575
0.0231177
0.103122
0
0.00484398
0.0864112
0.0217039
0.535275
0.000725112
0.0526916
0.0582352
0.0730442
0.0018226
0.0319102
0.0675326
0.219259
0.391194
0.0039347
0.0821252
0.0413612
0.00431982
0.210579
0.00252105
0.0018303
0.193727
0.211891
0.000695762
0
0
0.0190023
0.0150647
0.24461
0.132653
0
0.0612765
0.174147
0.0635127
0.357782
0.01142
0.00512043
0.000986087
0
0
0.141726
0.00533547
0.013006
0.0443622
0.00796289
0.0120475
0.123799
0.247001
0.0374788
0.120057
0.243018
0.249969
0.02615
0.00155781
0.0381792
0.11001
0.00658455
0
0.0416662
0.00580144
0.00824635
0.0262725
0.0833435
0.0524454
0.193092
0.236511
0
0.0615746
0
0.229673
0.181981
0.248528
0.00396153
0.184804
0.0453903
0.00352629
0
1.57564e-006
0.000986086
0.0337518
0.221892
0.00530688
0.339302
0.0639793
0.0720289
0
0.0482094
0.238794
0.0199902
0.0349805
0.00245275
0.0796139
0
0.234826
0.00475601
0.152148
0.167401
0.365518
0.0651919
3.24016e-005
0
0.0544245
0.0207387
0.0161351
0.14516
0.00884118
4.04923e-013
0.0305385
0.0336361
0.000372858
0
1.57564e-006
0.0442962
0.000628943
0.0898143
0.128717
0.0156743
2.92416e-006
0.024963
0.039134
0
0.00786492
0.0227834
0.0211419
0.0218792
0.054842
0.155041
0.00358673
0.0423032
0.200353
0.382274
0.00549258
0.097402
0.000725112
0
0.136616
0.0250584
0.0979682
0.0849444
0.0380691
0.228902
0.0189627
0.109543
0.208149
0.0172633
0.05858
0.232515
0.0901835
0
0.00570509
0.00162668
0.00278975
0.116218
0.0130167
0.00576654
0.0711025
0.0145536
1.06119e-005
0
0
0.0530737
0.0174724
0.127693
0.053163
0.117701
0.0622319
0.207045
0.0643397
0.00219466
0.0210542
0.02355
0.178183
0.162722
0.0126496
0
0.015299
0
0.016177
0.219358
0.0105845
0.0126449
0.0138604
0
0.0156321
0.00311099
0.0367465
0.0675934
0
0.0144236
0.034436
0.0294172
0.0403204
0.182359
0.00214431
0.012579
0.0174488
0.0240523
0.0218373
0.0168212
0
0.012709
0.000667801
0.00212258
0.00406639
0.0197397
0.0427059
0.0314881
0.00545943
5.14061e-005
0.162257
0.346001
0.138346
0.148795
0.204536
0.00152026
0.0792281
0.0791
0
0.0421092
0.0244847
0.269258
0.2415
0.00951506
0.279015
0.117533
0.00694331
0.0243682
0.0764686
0.0843041
0.0115223
0
0.000372858
0.0390766
0.0671863
0.176832
0.157109
0.176582
0.123616
0.0186156
0.191811
0.0177997
6.19866e-010
6.19869e-010
0.092898
0.0370474
0.00743661
0.00617059
0.131786
0.0008177
0.156107
0.0153544
0.0190919
0.0395516
0.0549821
5.14059e-005
0.19643
0.0495102
0.202184
0.179306
0.0670867
0.0336772
0.0208022
0.12104
0.0643418
0.0501643
0.0192357
0
0.0524294
0.0622016
0.100913
0.0126636
0.0272874
0.376636
0.19065
0.307551
0.23461
0.218939
0.00940299
0
0.0356524
0.0282367
0.167358
0.476478
0.184707
0.207127
0.0534789
0.0180841
0.131742
0.0165729
0.0122311
0.194339
0.205818
0.184172
0
0.0123674
0.0520724
0.0320683
0.241791
0.00325705
0.00123132
0.0145032
0.234654
0.0918222
0.0931017
0.110033
0.288724
0.0161243
0.032334
0.0223277
0.139187
0.468082
0.31845
0.205163
0.164754
0.0790661
0.11495
0.0231374
0.0245109
0.00441229
0.00609731
0.018689
0.0135586
0.0197316
0.0354897
9.85005e-009
3.35638e-007
0.0165891
0
0.0711041
0.017141
0.00057612
0.185071
0
0.0595013
0.181573
0.0352149
0.045217
0.219151
0.00591209
0.0232568
0.116942
0.0209725
0.225542
0.0166457
0.103606
0
0.0303969
0.0209006
6.20902e-005
0.00682784
0.36313
0.0222848
0.0596721
0.0110994
0.0310256
0.00150596
0.032447
0.013179
0.0204214
0.203334
0.00909921
0
0.00360862
0
0.00446934
0.00499191
0.00143687
0.017858
0.0133641
0.0251755
0.0101944
0.152346
0.0850651
0.016973
0
0.192138
0.0206039
0.00873703
0.0934918
4.13476e-013
0.015866
0.211292
0.0232906
0.106705
0.0031198
0.262979
0.177095
0.0027274
0.00442483
0.0160097
0
0.167282
0.0377917
0.107485
0.00824544
0.0519755
0.127508
0.0402605
0.0212314
0.224578
0.00721539
0.0718005
0.0836194
9.85056e-009
0.0398545
0.1205
0.113279
0.0103401
0.247941
0.000127298
0.0766974
0.0370587
0.0582504
0.0270674
0.121067
0.00727181
0.0547022
0.00228469
0.0623357
0
0.0343483
0.248084
0.00844387
0.640707
0.182267
0.00138485
0.00556439
0.0148884
0.00488562
0.040453
0.0239127
0.00111208
0
0.00152193
0.00488342
0.061057
0.0450214
0.0354844
0.000542776
0.225629
0.00012031
0
0.167908
0
0.00196436
0.0328255
0.0123371
0.0747956
0.0620955
0.00121404
0.118594
0.151454
0.105695
0.00297023
0.00103568
0
0.069478
0.0294566
0.0385227
3.35641e-007
0.120479
0.00109839
0.0191488
0.314593
0.0323969
0.0860677
0.00993818
0.409364
0.0958239
0.188867
0.00456055
0.235298
0.249014
0.0063283
0.0079513
0.0266659
0.0169828
0.0476742
0.0684517
0.225089
0.0177326
0.127778
0.334728
0.00552453
0
0.182876
0.042432
0.0266579
0.0392509
0.163102
0
0.0290661
0.0651919
0.0456103
0.00456055
0.0341805
0.124443
0.0566296
0.0475772
0.0525014
0.0507437
0.0456104
0.188879
0.0590942
0.173085
0.0101066
0.0502296
0.0455228
0.248266
0.0197851
3.24017e-005
0.00119463
0.00348036
0.385847
0.107408
0.143502
0.0775953
0.155485
0.14688
0.154939
0.0190958
0.0318969
0.0170325
0.0485468
0
0.00337022
0.189737
0.040806
0.00643952
0.00124208
0.181317
0.0714316
0.252008
0.0145539
0.228406
0.269581
0
0
0.190324
0.000811302
0.0126288
0.103635
0.133517
0.183233
0.104449
0.0462073
0.0512139
0.0403817
0.0201706
0.110014
0.0784959
0.000825404
0.0299684
0.0053515
0.10811
0.0261402
0.210711
0.206726
0
0
0.0423904
0.0476136
0.00936763
0.00915678
0.000353253
0.436636
0.231434
0
0.0490608
0.249999
0.1837
0.0429031
0.144148
0.0170201
0.247923
0.116904
0.480578
0.064975
0.177594
0.0736779
0.109038
0.035209
0.0279662
0.0255415
0.177168
0.121971
0.208673
0.0581776
0.031494
0.0120351
7.63087e-005
0.188699
0.00145078
0.0841377
0.248687
0
0.0140686
0.0557297
0.245004
0.0414602
0.000950611
0.0472707
0.0889434
0.0607431
0
0.0815623
0.187352
0.109255
0.210929
0.0804581
0
0.0589718
0.0881893
4.17786e-005
0.0519994
0.0175689
0.104685
0.00482267
0.0357327
0.00107606
0.0436078
0.248248
0.00654765
0.27925
0.0609606
0.0604429
0.24924
0.183331
0.00892356
0.058251
0.0851522
0.0513507
0.101174
0.216111
0.000789443
0.032011
0
0.2991
0.177942
0.151484
0
0.00124208
0.148841
0.0120345
0.00162733
0.124779
0.00100696
0.219239
0.150304
0.301395
0.00798309
0.0181149
0.0127406
0.00012031
0.0200516
0.312581
0.0195237
0.051091
0.0698936
0.0175223
0.146738
0.0338151
0.0369145
0.0407239
0.000155894
0.229672
0.0190426
0
0.0739648
0.0108504
0.0224624
0.0198617
0.351399
0.000708841
0.129458
0.0614083
0.0299151
0.0132661
0.0228413
0.0526854
0.000929866
0.0127312
0
0.0592434
0.035425
4.72924e-007
0.211097
0.217718
0.15477
0.0331395
0.00250702
0.00143259
0.0415285
0.0472028
0.069884
0.0246908
0.188932
0.023574
0.0228519
0.0329754
0.00682611
0.0924095
0.002954
0.0587118
0.175968
0.0782173
0.0217872
0.0835854
0.0373923
0.205754
0.0976058
0.110104
0.106761
0.256668
0.0480642
0.00157214
0.128698
0
0.0469318
0.0139702
0.240116
0
0.00814957
0.0444619
0.156138
0.0782261
0.105317
0.0405106
0.0365661
0.145898
0.0671283
0.152188
0.0490077
0.00943747
0.0650371
0.0193367
0.171564
0.0793937
0
0.00192947
0.00140203
0.142624
0.0145425
0.139872
0.0325356
0.10728
0.0124075
0.0965617
0.190556
0.00185143
0.00720642
0.00153558
0.0207592
0.00524314
0.137521
0.0705486
0.174187
0.0922594
0.455744
0.0172498
0.00480584
0.0447863
0.052832
0.0904104
0.0951557
0.0834042
0.00697135
0
0.115739
0.00827184
0.00507572
0.123621
0.227856
0.0384429
0.284705
0.0100945
0.0777322
0.0460656
0
0.0157995
0.0875718
0.058251
0.402374
0.167354
0.00092781
0.112013
0.0588967
0.0403861
0.0469246
0.00104024
0.153651
0.0569055
0.061569
0.00318481
0.232057
0.0221621
0.0140036
0.00320232
0.230547
0
0.00733768
0.0102637
0.0577148
0.209518
0.345247
0.107115
0.121054
0.230937
0.0407396
0.00229209
0.0252085
0.00618963
0.0351464
0.0152271
0.146677
0.00356646
0.0274959
0.00226319
0.0710098
0.00212751
0.00153804
0.00507572
0.045671
0.0181674
0.0535499
0.00196436
0.00463629
0.0031257
0.0587463
0.0414657
0.0365331
0.159289
0.498142
0.0267236
0.235435
0.0084148
0.0278738
0.112044
0.0496997
0.00244977
0.522629
0.0768303
0.103705
0
0.0125599
0.0373279
0.0173501
0.0272481
0.0494152
0.0663954
0.0407778
0.0410435
0.0476431
0.061772
0.0837819
0.0862831
0.155867
0.0078993
0.165069
0
0.23523
0.187618
0.00328823
0.0979319
0.0145326
0.136703
0.0383411
0.000690332
0.00644991
0.0452309
0.0260163
0.0722624
0.00434324
0.246453
0.0175351
0.0143532
0.100127
0.0232568
0.0584862
0.249985
0.00341033
0.12022
0
0.048785
0.0032606
0.0407479
0.00440479
0.328601
0.0304138
0.385742
0.0632909
0
0.0659022
0.0296559
0.0524719
0.0179452
0.0149096
0.00527368
0.0360653
0.247958
0.0220315
0.000384265
0.0148378
0.100227
0.0014296
0.249029
0.186448
0.00184029
0.00191555
0.0929722
0.0325735
0.102145
0.0139281
0.0260024
0.000617747
0.210041
0
0.0605664
0.0522407
0.048957
0.00121207
0.00783676
0.0381406
0.00136009
0.0100035
0.0323392
0
0.013368
0
0.240092
0.00923767
0.113557
0
0.0767517
0.0406485
0.0104948
0.0769402
0.0157746
0.200557
0.0283494
0.186753
0.0302897
0.0485811
0.00862838
0.383395
0.373405
0.021789
0.0174258
0.257078
0.0494152
0.0116676
0.00560011
0.000697767
0.405555
0.0354982
0.174662
0.00100696
0.0795542
0
0.0523471
0.0244869
0.0248615
0.0086742
0.0437178
0.0688105
0.0843088
0.0214608
0.129693
0.159474
0
0.0182465
0.00318715
0.0280684
0.132865
0.130556
0.107912
0.0707595
0.0022204
0.0148738
0.00127935
0.0365764
0.0198115
0
0.0498859
0.00763962
0.316687
0.0948328
0.0726322
0.0110478
0.00210948
0.0405063
0.058307
0.00970394
0.000583618
0.00105437
0.236473
0.205031
0.0235389
0.00477619
0.00348254
0.00399802
0.0428893
0.0341718
0.0809149
0.108714
0.00685443
0.0130276
0.241612
0.0152476
0.0419308
0.193038
0.0792526
0.0321975
0.0417235
0.108598
0.108598
0.03326
0.0662782
0.00162733
0.042508
0.218437
0.205484
0.0271139
0.0227274
0.0372762
0.0442186
0.249074
0.00789657
0.0916962
0.0545532
0.0914625
0.218798
0.144332
0.00663356
0.0217788
0.0521554
0.0648308
0.00886995
0.0227386
0.00104869
0.0166587
0.131978
0.218795
0.0697007
0.0162241
0.0186898
0.0162604
0
0.0217675
0.00948044
0.142438
0.000693421
0.0737995
0.113923
0.00328239
0
0.0036742
0.0805626
0.012306
0.000109139
0.0500306
0.00211901
0.0144128
0.189661
0.114836
0.135466
0.00879017
0.00172193
0.0339984
0.0867561
0.000497583
0.0380996
0
0.110201
0.0122797
0.0208126
0.0340213
0.168111
0.00876698
0.290302
0.0525797
0.108714
0.0124702
0.0804308
0.0146055
0.0811842
0.0322263
0.0781579
0.0113672
0.0259124
0.00681935
0.251298
0.0867763
0.0142374
0.0134187
0.138334
0.013466
0.0142222
0.0648126
0.025204
0.0181152
0.00610671
0.0142306
0.0517517
0.00828421
0.0179553
0.198654
0.00481282
0.00285366
0.0654756
0.215013
0.0132035
0.275408
0.0182313
0.00260439
0.126372
0.0579387
0.00623546
0.00853376
0.191699
0.0898991
0.124385
0.00358629
0.185175
0.0843617
0.0042393
0.102652
0.00128958
0.0130455
0.00109418
0.00956978
0.057394
0.076577
0.0054118
0.0217812
0.00200227
0.0241754
0.0420157
0.00162988
0.0129376
0
0
0.07925
0.0208829
0.151545
0.00194109
0.00435582
0.00583751
0.00410411
0.00599483
0.0158413
0.0164448
0.0252323
0.076401
0.001077
0.235311
0.245469
0.0854414
0.0272137
0.0239386
0.0281448
0.0863326
0.0699806
0.285878
0.0287068
0.0430176
0.122687
0.0641821
0.0504052
0.0506135
0.0191254
0.00460227
0.0601148
0.0242464
0.111602
0.0206068
0.00274233
0.0712644
0.067035
0.00139116
0.170976
0.000570952
0.0290448
0.0171326
0
0.150251
0.00501508
0.0707488
0.108932
0.0815481
0.0391889
0.000344332
0.132085
0.0454936
0.0233485
0.0681353
0.0203621
0.035676
0
0.0259861
0.000849047
0.0332661
0.00538401
4.91151e-005
0
0.0166305
0.0472515
0.249303
0.015397
0.0428022
0.0138629
0.000334367
0.00111893
0.201187
0.00756234
0.0323251
0.0484765
0.0270317
0.0816032
0.474608
0.045809
0.050918
0.017048
0.0196154
0.348544
0.297557
0.0776239
0.048486
0.0439613
0.000244381
0.030672
0.139572
0.00294351
0.0105918
0.00259853
0.00978513
0.0271086
0.0072921
0.245829
0.0051267
0.00281938
0.103491
0.0407237
0.0581088
0.0914657
0.0321569
0.00212693
0.24002
0.0158826
0.184031
0.00214614
0.0229883
0.00356491
0.0178781
0.0123415
0.00896984
0
0.000497583
0.0277183
0.0580794
0.0112002
0.0232084
0.108303
0.139506
0.0157123
0.0281484
0.001196
0.000924365
0.0442202
0.00506822
0.0319976
0.0877642
0.000372869
0.179224
0.205136
0.244544
0.0336591
0.00502881
0.0147246
0.337352
0.143403
0.00274486
0.0193669
0.0187048
0.217974
4.72923e-007
0.0544117
0.152898
0.0630775
0.0280763
0.0128264
0.0317164
0.0654342
0.0427227
0.00416595
0.00365278
0.0551222
0.0855936
0.513682
0.00616512
0.162833
0.0579733
0.0449856
0.0245182
0.0023395
0.0171781
0.0825426
0.0194671
0.00319804
0.0124867
0.0104531
0.0150388
0.00261408
0.076846
0.0111164
0.0114647
0.004571
0.0692706
0.00231529
0.00591745
0.129176
0.0349612
0.228819
0.147032
0.00293922
0.059649
0.0236644
0.00740688
0.210081
0.118293
0.0801981
0.00371525
0.0770652
0.00254365
0.0904965
0.00971671
0.00159507
0.0582525
0.0581153
0.234092
0.0326506
0.034048
0.0014744
0.0820213
0.00434338
0.00783445
0.086973
0.0802856
0.0391639
4.63591e-005
0.156822
0.0662039
0.0407432
0.00821708
0.0289248
0.00975647
0.0625699
0.0248098
0.00625397
0.0354037
0.364443
0.0123943
0.0184526
0.15906
0.0612933
0.0174077
0.0934112
0.0029022
0.00341292
0.036593
0.112626
0.00250157
0.0214035
0.0701825
0.14904
0.000617747
0.00709008
0.485373
0.0420277
0.00288734
0.294548
0.093217
0.0721124
0.00733377
0.0329323
0.0902757
0.00733247
0.11954
0.0255997
0.010794
0.0653143
0
0.0795553
0.0242104
0.00548691
0.0151838
0.0276188
0.0433449
0.0468964
0.184962
0.0303151
0.241028
0.0057291
0.0982369
0.0387364
0.00256657
0
0.0106568
0.00858918
0.0199416
0.0904616
0.0368297
0.00727812
0.0140209
0.0189368
0.000708702
0.00168904
0.0244055
4.63591e-005
0
0.184707
0.02046
0.0242445
0.0543561
0.00311724
0.0336059
0
0.0008377
0.00359991
0.00325378
0.248311
0.0757591
0.0138457
0.0864669
0.0107995
0.0027161
0
0.0781579
0.0110396
0.0198043
0.204845
0.0144527
0.0182624
0.00842233
0.0052635
1.96835e-005
0.00147455
0.0379644
0.118577
0.000566024
0.0608781
0.00388838
0.0430556
0.151046
0.0178411
0.0456898
0.0106844
0.0014637
0.0042137
0.0166249
0.0321441
0.103041
0.0183303
0.0240914
0.0929463
0.212142
0.0507821
0.0286399
0.00934578
0.0511892
0.0266196
0.0428029
0.0198044
0
0.0652145
0.0200956
0.0184948
0.0132336
0.0785136
0.0114233
0.0636196
0.0694612
0.0101519
0
0
0.0490512
0.00225943
0.0411958
0.0206976
0.0322192
0.0376929
0.0260991
0.185182
0.0132469
0
0.00340201
0.0479587
0.0121471
0.12408
0.00033431
0.00589851
0.248981
0.084358
0.0417878
0.00491452
0.0227877
0.152898
0.00315115
0.186563
0.013526
0.0197439
0.0399941
0.00866017
0.0754692
0.0013292
0.00683102
0.0256542
0
0.249661
0
0.0290666
0.0415725
0.0508775
0.0517368
0.00929878
0.0608781
0.0212603
0.0888461
0.0348112
0.00776482
0.0178718
0.0182232
0.0380977
0.0223823
0.388958
0.185767
0.121798
0.0669672
0.217923
0.0181865
0.00880133
0.00185778
0.0199614
0.0809824
0.00621742
0.0928716
0.00446394
0.0916049
0.226816
0.115105
0.122594
0.0341634
0.0418594
0.186226
0.177177
0.0566952
0.0538112
0.0167211
0.0703037
0.0409319
0.00159701
0.12803
0.0303831
0.0265477
0.0304933
0
0.00755319
0.0111588
0.0499908
0.142933
0.178654
0.300554
0.0161422
0.247683
0.0103534
0.000381957
0.0340117
0.000380924
0.0553595
0.0581437
0.014106
0.0283914
0
0.0325473
0.0612103
0.00201911
0.00564166
0.0210751
0.0115867
0.249303
0.158751
0.0864
0.00127935
0.00806674
8.59255e-006
0.0173444
0.0256
0.0158
0.0125512
0.0351651
0.0168371
0
0.0158727
0.0630775
0.0732888
0.000745313
0.00807289
0
0.0176809
0.00465442
0.00170472
0.00969747
0.0406642
0.214408
0.0991618
0.0897965
0.105871
0.0560396
0.00649189
0.00486516
0.00466986
0.0226671
0.0642646
0.0395736
0.246991
0.221698
0.19353
1.96834e-005
0.0207546
0.000473904
0.0133357
0.0468447
0.043372
0.027506
0.0170563
0.0676615
0.068445
0.0327319
0.0768799
0.00355368
0.048421
0.00779159
0.0177653
0.0202645
0.0039475
0
0.0436699
0.0648251
0.00187223
0.00824373
0
0.0129823
0
0.0271351
0.0422543
0.0126132
0.0804356
0.171491
0.0680034
0.246138
0.102554
0.0364462
0.158694
0.149015
0.00374448
0.00937256
0.00951714
0.0650239
0.0210751
0.00411482
0.0200238
0.0300251
0.00888672
0.0240732
0.0573667
0.0322482
0.207501
0.0352543
0.00597932
0.0501542
0.00545589
0.0109646
0.0378762
0.0384
0.0106496
0.0203434
0.167489
0.00310891
0.076682
0.00181617
0.0740801
0.0194035
0.00517256
0.000193462
0.00422995
0.0032145
0.159931
0.00470186
0.0413047
0
0.0133295
0.0871677
0.00454888
0.00402134
0.0784805
0.00624337
0.154193
0.00929878
0.0130891
0
0.0266321
0.221791
0.022931
0.133651
0.0761157
0.0201428
0.182801
0.00941935
0.0545696
0.00812174
0.0844634
0.00845357
0.034944
0.0219635
0.0838214
0.0802382
0.0201632
0.0244102
0.00990388
0.0299681
0.0260033
0.0119398
0.114325
0.0738972
0.130865
0.170354
0
0.0137899
0.0132655
0.298928
0.0264924
0.146042
0.017789
0.000601905
0.0238963
0.0271348
0.00423666
0.0263265
0.0659126
0.0243426
0.00322082
0.185269
0.0178577
0.0963558
0.00429907
0.00299114
0.0546678
0.0197487
0.0266279
0.0519098
0.163122
0.00917441
0.24999
0.0170371
0.13472
0.0586001
0.0398004
0.125509
8.59257e-006
0.0226633
0.079144
0.053758
0.0598291
0.116921
0.0652681
0.0258437
0.0901894
0.119687
0.000686493
0.150487
0.038082
0.00827303
0.0204836
0.00181661
0.208253
0.00714906
0.00286644
0.0496582
0.0102376
5.44289e-005
0.000300509
0.0816494
0
0.122844
0.0221671
0.00474655
0.106103
0.00929001
0.0239544
0.00627254
0.00582367
0.0554584
0.00377338
0.108369
0.0736639
0.00888167
0.064294
0.0105463
0.0194987
0.0674785
0.15164
0.213167
0.0052887
0.01435
0.0184829
0.200717
0.207236
0.139785
0.00126189
0.159378
0.261147
0.0575367
0.0280185
0.0395261
0.2483
0.00301837
0.0697066
0.0124953
0.0291153
0.0204297
0.0814754
0.103617
0.0252442
0.0287702
0.0747247
0.00586109
0.0185072
0.103271
0.0244242
0.0611159
0.0199196
0.0727633
0.0486392
0.0305212
0.0605478
0.00393911
0.0316459
0.0634901
0.0112031
0.0459575
0.0255945
0.00767487
0.118053
0.0892721
0.0024775
0.0682078
0.224876
0
0.000109164
0.249421
0.00479604
0.0304442
0.010458
0.0166043
0.0598928
0.0558207
0.132003
0.00760067
0.0578304
0.00664319
0.0416793
0.0106758
0.0886347
0.0307984
0.00626661
0.0108381
0.00579923
0.00117457
0.150321
0.0303327
0.00527349
0.026207
0
0.0174508
0.099477
0.0141034
0.0161393
0.100391
0.0147366
0.00899898
0.0437989
0.017135
0.0339234
0.033868
0.0832662
0.0030317
0.0497463
0.209494
0.0516461
0.0534822
0.233802
0.106803
0.0194671
0.0273407
0.0299841
0.00562596
0.0293112
0.00754272
0.389919
0
0.248735
0.245118
0.0631784
0.0455722
0.031926
0.0180416
0.0489766
0.0490423
0.0932034
0.0955274
0.0592367
0.00877657
0.0142548
0.263091
0.0137889
0.0559643
0.0769591
0.0696116
0.00929357
0.0393461
0.0127271
0.280572
0.240282
0.0111656
0.0453193
0.164754
0.210502
0.0375415
0.00228784
0.0746781
0.0441734
0.0888275
0.000602661
0.0472826
0.0501049
0.00104899
0.0139231
0.060082
0.00159153
0.217487
0.00305268
0.019153
0.0218799
0.27007
0.0547108
0.0255414
0.0599102
0.0690534
0.00177932
0.179527
0.0596523
0.0641089
0.0258636
0.0248014
0.0291706
0.0294362
0.029015
0.000970258
0.0334287
0.00946002
0.0867516
0.00447595
0
0.188879
0.221698
0.104663
0.0102529
0.169795
0.644059
0.0175341
0.0125319
0.0131951
0.215241
0.0315917
0.0243254
0.00361421
0.0354113
0.00549792
0.0236157
0.0586413
0.138889
0.00810526
0.00536774
0.0225345
0.0626891
0.0051972
0.0563969
0.0223434
0.00286078
0.18197
0.0063826
0.0350075
0.0277108
0.0130233
0.000896687
0.177427
0.0359453
0.00342059
0.169772
0.162033
0.049241
0.0426069
0.0163418
0.0184562
0.0967218
0.0339337
0.0204761
0.0314921
0.19627
0.0782505
0.016431
0.0298233
0.0475225
0.000283251
0.00555726
0.023276
0.0499768
0.0772173
0.0633426
0.0033316
0.0139241
0.0266024
0.0352596
0.0254221
0.0065218
0.191604
0.249438
0.0389265
0.0419496
0.411047
0.0254676
0.0505628
0.202442
0.0061363
0.0440463
0.0037425
0.0286236
0.00410658
0.00375221
0.0120936
0.0172046
0.00260945
0.00712849
0.240989
0.00652342
0.00104791
0.00791716
0.0315853
0.00399736
0.00364854
0.0642946
0.0539407
0.0237241
0.00314959
0.0290442
0.00011058
0.0142912
0.166156
0.10756
0.0119777
0.317203
0.0120127
0.00533005
0.0605247
0.0675841
0.0682477
0.00754797
0.0271128
0.0855148
0.0121872
0.00648444
0.00590248
0
0.0149092
0.0612123
0.0796569
0.00256657
0.0250297
0.00570958
0.0383236
0.12642
0.225461
0.0374488
0.00377352
0.00306356
0.0253523
0.0171718
0.00536159
0.00665863
0.0295269
0.0436788
0.0282554
0.0192173
0.0131735
0.142686
0.0468482
0.181427
0
0.0397684
0.120378
0.00700011
0.0680104
0.206426
0.198994
0.00098016
0.00768563
0.239619
0.242744
0.0309194
0.000797881
0.0177098
0.00310443
0.0109616
0.00811661
0.139854
0.0141854
0.0118657
0.0232172
0.466047
0.0841519
0.0505743
0.00977885
0.0180218
0.027343
0.0045448
0.0422954
0.247721
0
0.00420532
0.0656424
0.0227594
0.0483867
0.0019097
0.015892
0.126381
0.235814
0.155103
0.004255
0.000684863
0.233631
0.0347299
0.0521148
0.198822
0.0481672
0.0259091
0.0674203
0.00201975
0.0252094
0.0286586
0.0101737
0.18737
0.0794856
0.0331335
0.0381806
0
0.104282
0.00404065
0
0
0.0355367
0.0650161
0.236397
0.00431279
0.013409
0.016506
0.000400582
0.0279948
0.0299348
0.00643674
0.0947342
0.015697
0.0106951
0
0.025183
0.0391763
0.00407192
0
0.0183579
0.00237593
0.00192434
0.00606731
0.0422722
0.0457442
0.025694
0.0102324
0.0528426
0.00283604
0.0170796
0.107685
0
0.00160571
0.019183
0.0205871
0.0341527
0.190033
0.00290706
0
0.0279658
0.0306513
0.00173404
0
0.00652415
0.173628
0.0510227
0.0440178
0.103013
0.0216283
0.102679
0.0568605
0.280254
0.0373449
0
0.0102018
0.0675709
0.00355222
0.236903
0.0765469
0.00425347
0.00268535
0.00521562
0.0191698
0.0253073
0.0508809
0.0163815
0.0175158
0.0072184
0.000389696
0.0896769
0.00687868
0.0913506
0.00629299
0.00161618
0.178058
0.00353845
0.0808827
0.0249279
0.018113
0.00489855
0.0101521
0.0172878
0.0793672
0.0761852
0.015731
0.0261899
0.0563098
0.0274685
0.0384033
0.00163439
0.230478
0.0932122
0.048188
0.00379051
0.0298463
0.133877
0.0061806
0.0388182
0.0868474
0.029155
0.0146377
0
0.0587498
0.0526026
0.00311202
0.00388868
0.0773601
0.0146072
0.176903
0.0186702
0.000604618
0.0351433
0.0734551
0.215105
0.0503831
0.0886886
0.00645149
0.0419395
0.0176658
0.00064671
0.00824641
0.0493977
0.106579
0.0359388
0.00187756
0.166233
0.0110761
0.066914
0.00182633
0.0225337
0.067811
0.0011324
0.00747409
0.00886506
0.00756158
0.0975057
0.0179993
0.0866995
0.00223092
0.00525813
0.126212
0.0196229
0.00246004
0.00585367
0.155268
0.130438
0.0493061
0.0524282
0.0732007
0.0355399
0.049571
0.000239207
0.0908199
0.171968
0.2185
0.0196235
0.146929
0.0168378
0.0665804
0.0340123
0.198134
0.103136
0.0445489
0.246699
0.0109652
0.227267
0.0633849
0.0459148
0.00157685
0.051721
0.0762818
0.0187896
0.196456
0.169983
0.00108496
0.0100251
0.0302681
0.0257905
0.000865273
0.0972208
0.0659335
0.0381248
0
0.00662906
0.0634978
0.0710895
0.0235751
0.0236772
0.093226
0.0247497
0.089931
0.173826
0
0.0128271
0.0549817
0.247916
0.0115422
0.022561
0.00844921
0.00200831
0.061596
0.00768387
0.00537427
0.00244447
0.00800494
0.0366507
0.0094342
0.0542928
0.0645507
0.00271526
0.0213353
0.015313
0.0155915
0.0713185
0.00134415
0.232251
0.154576
0.00798998
0.00983272
0.0660765
0.00926542
0.214531
0.000961877
0.0019848
0.189122
4.72923e-007
0.0292986
0.0576118
0.00160754
0
0.157377
0.00753266
0.0478861
0.0419691
0.0419691
0.00262382
0.150309
0.0620523
0.0767807
0.0280593
0.0299245
0.0688856
0.102557
0.169531
0.0708617
0.240447
0.00141144
0.0613976
0.00132559
0.0464441
0.0149332
0.0214466
0.172046
4.62304e-009
0.147542
0.0035169
0.221121
0.00179083
0.185549
0.0454327
0.0967218
0
0.115846
0.0324904
0
0.0599209
0.0216052
0.0656141
0.00435596
0.000563411
0.150348
0.0582216
0.0113205
0.0258266
0.0420454
0.00054206
0.176025
0
0.0270154
0.00583046
0.0066948
0.0240488
0.0699075
0.121048
0.00817163
0.0247276
0.0284974
0.0575444
0.00190914
0.062668
0.0180899
0.000167411
0.0238652
0.00152014
0.0176423
0.0052525
0.0727531
0
0.0621231
0.00234637
0.0771655
0.0501121
0.0182025
0.0144316
0.00242772
0.0164176
0.0124863
0.101703
0.162335
0.00421394
0.0301133
0.0328705
0.00144955
0.0141561
0.0773467
0.0443992
0.236955
0.0632728
0.0512161
0.0234228
0.228851
0.185013
0.00303685
0.228143
0.118981
0.113912
0
0.0555477
0.00577008
0.146411
0.0340681
0.0680642
0.155789
0.00526709
0.024464
0.019918
0.0038257
0.0219726
0.0409332
0.395583
0.181862
0.0208878
0.080254
0.0495479
0.0690913
0.0121045
0.0628097
0.00499911
0.0750221
0.0443135
0.0338297
0.0109026
0.00526873
0.00612136
0.092328
0.032231
0.102823
0.00658769
0.191929
0.0214265
0.00577474
0.215897
0.211407
0.00307792
0.00513167
0.0130102
0.15022
0
0.0647321
0.0129916
0
0.0156455
0.00849004
0.0127203
0.0132445
0.103226
0.178765
0.0213219
0.000778007
0.241086
0.278393
0.102495
0.0590067
0.0546083
0.24671
0.0252783
0.0328549
0.0494705
0.00333053
0.117404
0.0212848
0.0290047
0.0603332
0.0508466
0.0311582
0.0240646
0.00371626
0.00330547
0.0980015
0.000404262
0.0315782
0.117288
0.00578287
0.00505179
0.0526039
0.00567452
0.0341041
0.0022774
0.0171958
0.171125
0.0200296
0.124282
0.0116264
0
0.211531
0.220273
0.0102719
0.0282514
6.86235e-005
0.00906715
0.0253777
0
0.0340603
0.140343
0.0111249
0.137674
0
0.0133295
0.0274974
0.073443
0.0188393
0.0391882
0.00997565
0.16827
0.0354493
0.167157
0.149098
0.017062
0.023317
0.0843495
0.169856
0.0889708
0.00549074
0.0902731
0.00333989
0.103271
0.000512931
0.00115516
0.159738
0.0565616
0.185688
0
0.00948105
0.00721934
0.00445728
0.223223
0.0305038
0.0114215
0.0115385
0.23678
0.0150545
0.0948957
0.134682
0.161907
0.152475
0.0011678
0.221987
0.074991
0.0417245
0.00316888
0.0665293
0.178531
0.25682
0.0294594
0.0163794
0.212456
0.000415624
0.181496
0.100113
0.120375
0.0206268
0.163506
0.0044639
0.0838191
0.025097
0.246225
0.0399753
0.019425
0.187395
0.0386873
0.0996633
0.00631557
0.00903878
0.0437622
0.0147553
0.0049108
0.22818
0.00526583
0.0199684
0.00312406
0.00525632
0.159438
0.128123
0.244588
0.0105642
0.0373565
0.169726
0.0736317
0.109014
0.223151
0.00973878
0.062577
0.0464823
0.0430382
0.115714
0.000389695
0.0282452
0.00255526
0.034875
0.00625805
0.209988
0.0114111
0.0338642
0.138781
0.0631721
0.0556819
0.104012
0.0192624
0.0289725
0.0985934
0.0315125
5.66199e-005
0.0907807
0.0602597
0.022262
0.0172542
0.0235673
0.170159
0.220445
0.0185124
0.155849
0.0252519
0.0521939
0.025449
0.0471588
0.103119
0.148226
0.00196939
0.00238996
0.24889
0.0153266
0.0435109
0.0557607
0.000968788
0.00831191
0.0901604
0.0339814
0.010099
0.191312
0.241405
0.0470694
0.0195886
0.000796511
0.029854
0.0708634
0.00591581
0.00795365
0.0420638
0.00716456
0.0397494
0.0356272
0.0551884
0.0347392
0.0170492
0.242227
0.0682794
0.00508522
0.110885
0.0820293
0.00589047
0.000635314
0
0.0373893
0.100372
0.193812
0.0101345
0.243183
0.00824823
0.0683288
0.0465085
0.147397
0.00429373
0.0712375
0.0555873
0.00320499
0.0805709
0.248776
0.0813674
0.0831419
0.00535688
0.037916
0.00194931
0.0355619
0.115013
0.0270055
0
0.0192203
0.0716203
0.0197453
0.000579394
0.0184197
0.0300239
4.62273e-009
0.0427068
0.0144086
0.0391442
0.249515
0.00388564
0.06563
0.0181154
0.0519564
0.0601126
0.0554261
9.25863e-005
0.0401973
0.196842
4.62346e-009
0.00596653
0.000920381
0.0990823
0.00414259
0.0334505
0.219921
0.00988575
0.0101599
0
0.106928
0.0715681
0.0780602
0.0774545
0.0220895
0.0379708
0.0146262
0.0658708
0.0215087
0.0237778
0.0199804
0.00765924
0.105837
0.123573
0.0123263
0.0520061
0.0063242
0.0470115
0.000474678
0.212969
0.0331936
0.0575463
0.247056
0.0121885
0.0772988
0.0445105
0.0212513
0.0181559
0.00436678
0.0941249
0.0375517
0.00772743
0.0100507
0.0383261
0.00379631
0.0188627
0.0173425
0.0243343
0.00435202
0.0146381
0.0223624
0.0894438
0.0217272
0.0148765
0.033545
0.0599677
0.00289848
0.00673632
0.243041
0.0446595
0.378207
0.0319891
0.0165193
0.156547
0.0148429
0.0212167
0.0306079
0.0092971
0.115039
0.030874
0.0320172
0.00827766
0.00760221
0.0180899
0.0652543
0.249522
0.00952098
0.0673144
0.0103926
0.0862859
0.00151792
0.00348461
0.00502234
0.161518
0.0119024
0.0275221
0.00970122
0.000513996
0.0301144
0.00883316
0.0653321
0
0.0035873
0.0157356
0.0283866
0.0111275
0.0456002
0
0.0845488
0.0051438
0.11822
0.311862
0.0230558
0.191425
0.0903135
0.0294343
0.00278415
0.0106474
0.214521
0.00174505
0.0649103
0.0237893
0.109148
0.0648709
0.0305653
0.249796
0.109917
0.0655403
0.0152047
0.00486382
0.0201683
0.0320227
0.0185352
0.000225003
0.00670717
0.00767656
0.0479308
0.00437522
0.041737
0.157996
0.0164251
0.000972529
0.110429
0.00179481
0.0107983
0.0211055
0.150828
0.00713558
0.0243694
0.0577146
0.059312
0.0366831
0.0296916
0.0198311
0.0191618
0.00238544
0.0667065
0.00605175
0.00958068
0.0172029
0.00782128
0.000780321
0.000540862
0.0304666
0.0741054
0.0747851
0.0446916
0.0196224
0.0261626
0.0107159
0.00193136
0.00752774
0.0887091
0.0895639
0.0650352
0.0099827
0.00234162
0.0167753
0.00192007
0.0532345
0.126046
0.0538636
0.00635865
0.209156
0.0568721
0.0783602
0.00997565
0.245768
0.291284
0.0023422
0.241327
0.03442
0.174668
0.0948957
0.0522145
0.0512467
0.00144051
0.0916263
0.00908786
0.00358495
0.00816763
0.0690974
0.0237441
0.0761266
0.0126719
0.000112862
0.0145589
0.00596651
0.000846177
0.0225508
0.0166259
0.155146
0.0874265
0.16538
0.156374
0.00807226
0.106615
0.0479684
0.0695082
0.213644
0.0302224
0.00708933
0.167047
0.190894
0.120946
0.104412
0.0177388
0.00224258
0.0645943
0.0553301
0.0643457
0.0452365
0.00169234
0.0229948
0.00382361
0.0674206
0.00698488
0.155798
0.00264673
0.0044978
0.00276684
0.135648
0.0475757
0.00475567
0.00540156
0.18158
0.0223288
0.00277218
0.175503
0.0145806
0.00367649
0.0408197
0.123751
0.00684258
0.107196
0.0494776
0.144017
0.0185923
0.125665
0.112926
0.107285
0.00940932
0.0622202
0.000449839
0.032453
0.455418
0.000759708
0.00251133
0.00592667
0.0223489
0.059806
0.0534472
0.000112862
0.0500651
0.00884466
0.00120856
0.00192519
0.13763
0.00155458
0.0328255
0.0858094
0.00895467
0.0327069
0.0207155
0.0299049
0.00396856
0.0278904
0.0189681
0.249515
0.0413906
0.0218807
0.0100978
0.0967165
0.244354
0.143996
0.0384437
0.00564179
0.17522
0.06791
0.0019097
0.0238769
0.0780118
0.210806
0.16586
0.0620716
0.00740349
0.00114221
0.0979831
0.0925687
0.0122764
0.0675621
0.00620183
0.00286524
0.194366
0.0626127
0.0503747
0.0574283
0.0251985
0.00196862
0.0408812
0.0526393
0.0408801
0.000278552
0.158549
0.114533
0.0163499
0.00203474
0.162919
0.00708282
0.101028
0.0733563
0.0116672
0.0417496
0.00266224
0.0446031
0.00153312
0.04451
0.0597275
0.0032139
0.0483834
0.180112
0.0213683
0.0310434
0.0255674
0.000896243
0.0349386
0.0011324
0.00757554
0.0523366
0.122723
0.00888161
0.00576208
0.0932161
0.0503632
0.0500651
0.0198326
0.0283875
0.119502
0.182274
0.135967
0.00141671
0.016729
0.0107159
0.0320643
0.00389765
0.00378383
0.338161
0.0396953
0.246557
0.017507
0.214915
0.000404116
0.0885852
0.00360131
0.140592
0.0476533
0.163787
0.0748307
0.00274874
0.00313025
0.268094
0.0740514
0.0703052
0.0807033
0.0181005
0.0369779
0.0943111
0.0039736
0.174192
0.17078
0.0255092
0.0126617
0.0057699
0.00323962
0.0192134
0.0641941
0.0379034
0.0794991
0.000670657
0.206569
0.0901712
0.141
0.0119231
0.0784793
0.0247552
0.0211415
0.16005
0.0292498
0.0435693
0.0251048
0.00014165
0.0469623
0.0532052
0.00512187
0.0362011
0.00704074
0.00469822
0.033607
0.0257288
0
0.00957992
0.138177
0.0481035
0.0600188
0.00863597
0.00251133
0.145782
0.241039
0.249892
0.00889923
0.0989244
0.0721983
0.0044714
0.156282
0.0340396
0.000361656
0.0212935
0.000109164
0.15157
0.125571
0
0.0480218
0.0267532
0.229244
0.0633495
0.00556225
0.0679451
0.182426
0.010572
0.124616
0.0261613
0.00564287
0.211909
0.0272586
0.204084
0.090969
0.0357587
0.0298098
0.138314
0.120856
0.02493
0.0529196
0.0683202
0.0845967
0.00276638
0.0112437
0.0298547
0.000894972
8.36149e-005
0.0506981
0.168931
0.0193843
0.000591259
0.0545281
0.0455862
0.0846105
0.0167912
0.0684661
0.0562722
0.00722466
0.00474392
0.182273
0.0283633
0.0126891
0.526816
0.00240441
0.0473361
0.0604182
0.0163897
0.0159263
0.00794062
0.00908637
0.0785929
0.216613
0.0708145
0.0409228
0.000415624
0.0545801
0.0830961
0.008329
0
0.0805326
0.000840263
0.0815667
0.0882201
0
0.00360131
0.00291697
0.243077
0.101946
0.00356105
0.03088
0.205955
0.00260091
0.0825115
0.0776209
0.22457
0.0137642
0.00487414
0.143152
0.0342074
0.0256222
0.00927224
1.51342e-007
0.0346434
0.160659
0.0256273
0.00713184
0.00147925
0.0491111
0.0345288
0.048177
0.156089
0.0639927
0.037856
0.00283325
0.0298374
0.00432472
0.02782
0.146427
0.102255
0.000980324
0.00659605
0.00288419
0.00171956
0.00375531
0.0267532
0.0958672
0.00634691
0.0705863
0.0129066
0.0407576
0.0903544
0.0135332
0.0179612
0.0547806
0.0175701
0.0085055
0.0525905
0.226757
0.0367403
0.02365
0.00684812
0.0574416
0.0530925
0.0488535
0.00716429
0.048689
0.018477
0.00568226
0.0399474
0.248938
0.0180174
0.00797865
0.0760663
0.00926296
0
0.218647
0.0991334
0.00103932
0.000471814
0.0362217
0.0571874
0.0370631
0.00228672
0.068848
0.0299351
0.0313179
0.089462
0.00122509
0.00498277
0.0136541
0.146376
0.16866
0.0283224
0.0366203
0.079763
0.187561
0.249989
0.0284205
0.0300613
0.245846
0.0475955
0.0658725
0.0592496
0.053749
0.247252
0.000492522
0.10259
0.294468
0.0175867
0.0596579
0.14306
0.0024185
0.070569
0.0823971
0.222534
0.0558735
0.00407577
0.0267352
0.103769
0.102398
0.0450735
0.204428
0.0382437
0.0436113
0.00732168
0.0146822
0.0997743
0.238022
0.00183864
0.00582916
0.00200383
0.0049976
0.0136124
0.249086
0.389265
0.0356759
0.141843
0.0127462
0.0326613
0.0602372
0.20838
0.166585
0.00607594
0.0497291
0.163066
0.00580756
0.036916
0.0507357
0.207724
0.000140308
0.0289866
0.209479
0.16064
0.00452151
0.0360197
0.0225225
0.0171297
0.021764
0.0108479
0.209081
0.0317151
0.210805
0.0634478
0.00222487
0.00930987
0.08638
0.0152784
0.0492542
0.0199109
0.0236411
0.0601518
0.0648473
0.027597
0.0596839
0.12317
0.0068514
0.0354943
0.22932
0.0509375
0.0393466
0.0251714
0.101759
0.119723
0.0188656
0.0187471
0.0630363
0.00406806
0.0104045
0.00323417
0.00827917
0.0317131
0.017897
0.249539
0.0213223
0.0136021
0.123964
0.0247566
0.0371791
0.00889211
0.053592
0.230291
0.0199794
0.035217
0.24917
0.300677
0.000119323
0.0608608
0.158962
0.0182446
0.042867
0.0472386
0.0471481
0.000555186
0.195388
0.0449611
0.18565
0.00304958
0.199578
0.0292498
0.0764657
0.089165
0.0173333
0.00392434
0.00770784
0.00656329
0.113453
0.00146885
0.0462695
0.10128
0.0207494
0.0427602
0.0253835
0.00369015
0.00292071
0.00300552
0.0012858
0.297268
0.354382
0.00487381
0.0191811
0.00755445
0.140356
0.00184708
0.157763
0.0233976
0.00866935
0.0387529
0.189216
0.0200542
0.0486106
0.130835
0.221117
0.163518
0.0181938
0.0140738
0.00142672
0.023429
0.0243953
0.0388204
0.0367652
0.0520334
0.0370387
0.0280442
0.150119
0.00153447
0.00206069
0.0221827
0.0747286
0.0863136
0.0569366
0.0195067
0.0593099
0.00456231
0.0723305
0.0703658
0.00604014
0.0917762
0.0308956
0.0141364
0.00264311
0.062572
0.0504187
0.249841
0.00924514
0.00889084
0.104636
0.000473903
0.111968
0.0291964
0.00413569
1.34309e-010
0.00497214
0.0101465
0.0308418
0.0530862
0.144876
0.0145551
0.158049
0.0263875
0.00350007
0.00703798
0.00411259
0.0601169
0.00760215
0.0259458
0.191399
0.0191562
0.00396095
0.0116243
0.011569
0.264423
0.0157063
0.000862774
0.0108593
0.126191
0.00830469
0.00555772
0.0250336
0.011721
0.0622963
0.142474
0.00710524
0.031188
0.0231654
0.0508955
0.0150516
0.00681208
0.0143704
0.0183167
0.0345578
0.16464
0.124722
0.00467708
0.00565414
0.0164018
0.226213
0.0708541
0.0528409
0.0594133
0.00860848
0.0287179
0.00810878
0.0802158
0.137417
0.0353544
0.0699296
0.0445349
0.00545695
0.00747318
0.124299
0.173185
0.0911388
0
0.23725
0.0135182
0.0824068
0.0422439
0.00488003
0.0807996
0.0813181
0.00556157
0.00828206
0.0509614
0.093234
0.0442719
0.00293298
0.1141
0.0615536
0.0452814
0.071571
0.163894
0.213613
0.0169649
0.0188798
0.0111901
0.0108188
0.0359116
0.0233546
0.0349275
0.0280212
0.14359
0.107455
0.0913426
0.0321501
0.00029498
0.0367009
0.00372088
0.0845475
0.0035123
0.0141357
0.0301734
0.00834655
0.0262151
0.124479
0.0488175
0.00821354
0.0177239
0.000450026
0.00675755
0.0193517
0.215911
0.0224439
0.0279238
0.0962969
0.0303511
0.0140485
0.117103
0.0705807
0.0916246
0.0866411
0.0795652
0.00563661
0.00709963
0
0.00407705
0.0448406
0.159419
0.0392361
0.0195369
0.125827
0.0838616
0.107787
0.0283088
0.0158036
0.00478855
0.0332329
0.0176386
0.00198826
0.0254378
0.0236145
0.0201729
0.189305
0.124018
0.0746302
0.0057954
0.00150294
0.117945
0.0630904
0.0432957
0.0030551
0.0182123
0.0139947
0.0356386
0.151292
0.0528971
0.0401149
0.0433096
0.0513439
0.0292323
0.0425457
0.00490102
0.098713
0.00565476
0.0572025
0.213877
0.0136517
0.00546281
0.0395821
0.0609307
0.0324319
0.0210718
0.00524726
0.0619665
0.0130013
0.145297
0.168392
0.246217
1.58529e-006
0.152535
0.190731
0.0929657
0.0166535
0.217811
0.113211
0.188857
0.0696725
0.00218354
0.00459192
0.0717017
0.00750058
0.0516512
0.034093
0.0383491
0.055301
0.0135966
0.00251623
0.0023632
0.247135
0.131637
0.00524477
0.0078839
0
0
0.0183607
0.0316415
0.0183234
0.0301144
0.180995
0.0108041
0.0273113
0.0405126
0.0267614
0.00970954
0.00669756
0.148302
0.0134901
0.0136392
0.0211868
0.042849
0.0252842
0.0257425
0.245372
0.111286
0.0653446
0.0103578
0.0173944
0.0564022
0.00716074
0.0150212
0.0759989
0.0799715
0.0430745
0.00221234
0.00248637
0.0564319
0.0170202
0.0137367
0.0348344
0.0182487
0.0492021
0.0213654
0.0575404
0.0145639
0.0915717
0.00414671
0.00246829
0.0317198
0.00977189
0
0.0134606
0.0324766
0.0283355
0.0113423
0.203098
0.00927004
0.139165
0.117883
0.0674649
0.0332492
0.14165
0.27203
0.00899318
0.0122402
0.180419
0.0238926
0.0184274
0
0.0788983
0.0341761
0.00216456
0.112012
0.0644475
0.072888
0.00257916
0.236502
0.0038115
0.0226402
0.00738279
0.10285
0.05861
0.170395
0.00484678
0.0256541
0.0678328
0.0360804
0.0370469
0.0334043
0.0270827
0.00608496
0.00366912
0.001625
0.0106644
0.0387294
0.0491766
0.0393781
0
0.167367
0.0203753
0.00409769
0.0235363
0.00882557
0.0682295
0.00269173
0.0432852
0.0638684
0.00142021
0.0244268
0.0937271
0.00119242
0.094057
0.0282561
0.0468578
0.151002
0
0.0064842
0.160389
0.0131259
0.162869
0.113077
0.000946673
0.0133672
0.0754326
0.271217
0.314338
0.000946663
0.0214561
0.0938944
0.0051338
0.0222609
0.00131735
0.000341426
0.00684386
0.171521
0.0997088
0.0591032
0.0558032
0.0264742
0.0450764
0.126731
0.0592183
0.0106324
0.02899
0.0100382
0.184328
0.105847
0.120581
0.148376
0.0555581
0.0983813
0.0480336
0.00841385
0.152942
0.242237
0.0470617
0.111907
0.00243154
0.00188409
0.00947817
0
0.172791
0.133814
0.0886077
0.0783634
0.0894887
0.0639343
0.0127417
0.121118
0.0162335
0.0981557
0.110462
0.107801
0.0409288
0.0539269
0.0147103
0.0346399
0.000393073
0.173687
0.000610497
0.000993462
0.0237781
0.181072
0.0396783
0.00737125
0.0151173
0.0336396
0.0456122
0.0082103
0.120307
0.000213717
0.000410674
0.00990393
0.00269507
0.0538628
0.00146495
0.0636144
0.0549292
0.0225464
0.0448422
0.0238831
0.0403061
0.00402741
0.0635388
0.00262049
0.0421621
0.0137867
0.0551968
0.0123483
0.218666
0.00266636
0.0336683
0.00193823
0.021448
0.024831
0.213644
0.0491648
0.016971
0.0310259
0.025171
0.000488153
0.011468
0.0505913
0.0713185
0.0159145
0.186496
0.05652
0.0134583
0.109727
0
0.0240957
0.0454876
0.000866196
0.000503976
0.165151
0.0199804
0.0259415
0.0433608
0
0.0270205
0
0.00378891
0.0156526
0.0104943
0.011401
0.0339768
0.00213233
0.0105958
0.00927891
0.0234953
0.00105907
0.0820239
0.140325
0.00736987
0.00852787
0.0210566
0.118026
0.00031127
0.0149275
0.0167355
0.0129188
0.0367682
0.0337682
0.0131105
0.202323
0.00138267
0.000622076
0.109402
0.00465662
0.00681425
0.0233328
0.0130625
0.00525903
0.141824
0.00751354
0.0214803
0.0513176
0.0934101
0.00679597
0.00824296
0
0.323477
0.0861395
0
0.00719792
0.050822
0.00823095
0.0692058
0.0754369
0.0711654
0.0775325
0.0150732
0.063634
0.0402656
0.117422
0.0599538
0.0614866
0.0865132
0.0150038
0.00030486
0.0103721
0.27814
0.0379883
0.0244529
0.0262393
0.0329768
0.140372
0.00475588
0.00348843
0.168959
0.227135
0.0664445
0.171922
0.00319972
0.00170669
0.0207792
0.120563
0.107884
0.0011236
0.0743284
0.188812
0.112956
0.376981
0.0110684
0.00199216
0.0219031
0.0183979
0.16718
0.00556183
0.0496372
0.21147
0.0027042
0.0276577
0.00789789
0.194358
0.086122
0.165221
0.00368819
0.0138028
0.293129
0.0360489
0.0425339
0.0291595
0.187673
0.137709
0.00175492
0.0122348
0.00162272
0.161564
0.0560698
0.0175502
0.136385
0.101729
0.0287743
0.0729303
0.0922331
0.0532684
0.0674313
0.0311943
0.0470309
0.24224
0.0120187
0.00470213
0.00297899
0.245757
0.0835418
0.0331998
0.00443941
0.0982738
0
0.0860275
0.075079
0.0408031
0.0316473
0.0119686
0.00985841
0.0099847
0.00157308
0.0242378
0.00839804
0.0076072
0.0612479
0.00386595
0.0226947
0.0350685
0.245405
0.12466
0.065729
0.0107882
0.0134823
0.0998525
0.0022387
0.000681846
0.00138579
0.0064998
0.185229
0.0301839
0.0841188
0.0264532
0.0680166
0.00118446
0.00384093
0.060377
0.0227568
0.0658948
0.0135157
0.00678588
0.0111629
0.00160697
0.0315602
0.0921708
0.052205
0.218957
0.0552486
0.0400634
0.0106555
0.0114989
0.0287102
0.123743
0.023355
0.00114095
0.0227674
0.0265516
0.0181228
0.0167126
0.0882179
0.0111537
0.104536
0.07317
0.0603478
0.169669
0.0105031
0.0331635
0.0268048
0.189073
0
0.00841719
0.105647
0.210698
0.0290429
0.217843
0.0339142
0.00339664
0.0143488
0.00907222
0.135605
0.124328
0.0661708
0.0616944
0.0780562
0.0733571
0.046382
0.00734464
0.00972379
0.202999
0.000659413
0.0344857
0.22169
0.20787
0.0606113
0.0364583
0.0910323
0.15492
0.0226036
0.0377767
0.0822529
0.0779662
0.00407904
0.0858342
0.0832288
0.0271374
0.0166209
0.133786
0.0337978
0.100447
0.0335381
0.0623034
0.0469133
0.0906405
0.0311043
0
0.0347459
0.0499747
0.0461651
0.00708088
0.124563
0.0311796
0.00267066
0.00484819
0.029251
0.00773941
0.00483129
0.150175
0.152424
0.00117455
0.0849889
0.00618208
0.102337
0.000348776
0.0125564
0.0551908
0.00203705
0.0034331
0.0195588
0.220533
0
0.00107758
0.0176159
0.0460337
0.0742848
0.167304
0.0471565
0.00982107
0.00341706
0.00429249
0.0140633
0.0618128
0.0823376
0.101914
0.118631
0.0170887
0.00162079
0.0557531
0.000356024
0.0103747
0.0682833
0.0554386
0.0105528
0.190701
0.191446
0.00603031
0.00317674
0.219252
0.0803506
0.0588141
0.110817
0.223997
0.000838007
0.00205322
0.0390718
0.0816246
0.0293074
0.00259079
0.0277322
0.122353
0.0585267
0.0440002
0.052209
0.0119763
0.0506495
0.035787
0.00961343
0.00191648
0.0262513
0.016969
0.0802862
0.0636438
0.228137
0.0871901
0.0964014
0.0954709
0.019824
0.0656151
0.016313
0.000278552
0.00305331
0.00539493
0.061619
0.0390602
0.0280748
0.0190498
0.241068
0
0.0636625
0.0510619
0.133534
0.0611345
0.0542134
0.0722752
0.0160321
0.0691928
0.094738
0.176756
0.0359221
0.163019
0.00320002
0.0527411
0.0518061
0.0518073
0
0.0110677
0.000961401
0.054515
0.205364
0.265914
0.0750286
0.0456104
0.0345522
0.0094234
0.00686458
0.0417813
0.065474
0.00404304
0.121491
0.0357521
0.0055386
0.0193989
0.0593824
0.0794528
0.00444367
0.074679
0.0117009
0.109211
0.0225451
0.0226941
0.0148479
0.0217589
0.0316733
0.02253
0.0116787
0.0084054
0.00179634
0.00236363
0.034696
0.0534973
0.00657755
0.0264152
0.0198877
0.0031892
0.0181552
0.0790826
0.106958
0.0491756
0.00352941
0.0250505
0.127727
0.0141793
0.00981066
0.0211508
0.000245933
0.0686136
0.0724886
0.00537191
0.015313
0.00532205
0.242793
0.0578597
0.0129328
0.0320745
0.00748913
0.0350762
0.0181124
0.024501
0.0551419
0.0427001
0.0560627
0.056433
0.11842
0.170341
0.0162029
0.0435942
0.0140144
0.141825
0.00874281
0.0100773
0.0131941
0.133699
0.102997
0.0921039
0.240924
0.00351455
0.0953072
0
0.0989868
0.0158805
0.0301872
0.00805684
0.020586
0.00132279
0.093793
0.0471492
0.10226
0.109096
0.0180016
0.0641577
0.105033
0.065088
0.106823
0.0465271
0.00392966
0.00147167
0.024129
0.0555599
0.00479054
0.00752553
0.0165791
0.00894761
0.00911113
0.000920067
0.0561637
0.0327842
0.0284955
0.0985365
0.00475682
0.00374904
0.08488
0.20757
0.00445424
0.00132322
0.113768
0.0221827
0.218818
0.199439
0.0265722
0
0.0276326
0.00274792
0.107965
0.0355133
0.00904604
0.0546216
0.0137065
0.0349435
0.0173781
0.0736249
0.0815699
0.0175403
0.0882563
0.0381054
0.00938509
0.193787
0.102737
0.00225227
0.208653
0.00225798
0.0332235
0.00841294
0.0384603
0.246736
0.246181
0.220394
0.0039713
0.00890978
0.00705282
0.0134488
0.00402879
0.234691
0.0530068
0.0364999
0.0321026
0.000922033
0.0359824
0.00383843
0.0500465
0.0305122
0.0445211
0.00770561
0.0694256
0.00034062
0.0192414
0.00687705
0.0348333
0.00379766
0.0729291
0.0855553
0.0845895
0.0611339
0.0268059
0.00216301
0.10135
0.00411621
0.0959119
0.0901026
0.0333035
0.00697605
0.0701169
0.124834
0.159589
0.203658
0.0677171
0.155353
0.0193471
0.0223174
0.0657417
0.0738854
0.0648971
0.00484929
0.104546
0.154221
0.00751474
0.00173528
0.0593363
0.123059
0.00106291
0.0238865
0.0169376
0.0257854
0.113514
0.225446
0.0128904
0.0067942
0.0310312
0.11826
0.125099
0.00506647
0.115666
0.0729735
0.105737
0.168373
0.102191
0.0166492
9.23092e-005
0.0636468
0.00609624
0.0073628
0.124899
0.290312
0.142238
0.0322954
0.0174391
0.0148347
0.00342072
0.249718
0.00994645
0.0958233
0.0936122
0.0807684
0.0178853
0.0477857
0.0079683
0.0561351
0.0461835
0.0208342
0.0836112
0.0355518
0.0108975
0.0524366
0.0409278
0.0298187
0.0175787
0.0509931
0.0054348
0.00883712
0.123219
0.108671
0.0762919
0.0163261
0.00671576
0.040278
0.0191824
0.0414799
0.209824
0.111794
0.0442799
0.00992
0.0298307
0.0275081
0.0030875
0.00435858
0.0714949
0.00479492
0.00613032
0.0678604
0.107671
0.0367176
0.0116022
0.0264079
0.151545
0.0110498
0.00522877
0.00481304
0.00899254
0.0039055
0.00739818
0.00681413
0.00677832
0.00182997
0.0237163
0.044505
0.0841801
0.0204506
0.24984
0.0106252
0.00802782
0.00250292
0.0834327
0.06035
0.053775
0.0180148
0.0020861
0.0249926
0.0336083
0.00179155
0.0122575
0.0968864
0.0124199
0.326485
0.105141
0.0598858
0.14202
0.120106
0.0919064
0.0548937
0.0980143
0.0519136
0.00368562
0.0916168
0.0127478
0.0302143
0.169493
0.111135
0.0404915
0.00902992
0.134779
0.0149798
0.239188
0.00125101
0.0786716
0.0301776
0.00888196
0.00766564
0.0353199
0.009386
0.12237
0.0196181
0.00768628
0.0618451
0.0383049
0.00641733
0.043488
0.0152812
0.00783168
0.0683569
0.0701412
0.0484658
0.041215
0.051325
0.027729
0.168741
0.260002
0.0256329
0.141522
0.0570113
0.0146401
0.0052781
0.0277032
0.00441635
0.0340952
0.0495461
0.014717
0.236104
0.0120278
0.322973
0.0246472
0.00496356
0.249863
0.00307362
0.01352
0.00571226
0.080015
0.0010963
0.0464163
0.00420477
0.131474
0.00681524
0.00570799
0.115157
0.117435
0.1017
0.0841101
0.0759952
0.0848314
0.00310359
0.000204104
0.01703
0.0249343
0.0943863
0.0514871
0.00786397
0.0511104
0.00386911
0.117918
0.0223615
0.0610786
0.0405272
0.0219154
0.00420556
0.0297778
0.104468
0.00286551
0.0183454
0.0104909
0.00281399
0.043828
0.0333006
0.245334
0.101588
0.061316
0.00554874
0.00168489
0.0404968
0.0124167
0.00258784
0.00186173
0.0046961
0.0385685
0.0482189
0.11023
0.0631685
0.00506364
0.00227113
0.153659
0.177735
0.022811
0.0411203
0.0123295
0.00618265
0.010156
0.00246534
0.0181814
0.0127086
0.00553991
0.00490694
0.0487006
0.108996
0.00221208
0.0474034
0.00280768
0.138739
0.171555
0.00300696
0.0664182
0.0436241
0.0394828
0.0057036
0.00170414
0.0253899
0.0732089
0.00781936
0.0892829
0.0896427
0.0677612
0.0709019
0.0205085
0.0224644
0.0281411
0.0651141
0.229667
0.00248832
0.0856404
0.012613
0.000822867
0.0280413
0.00157507
0.127908
0.0186828
0.0025779
0.0701247
0.0811711
0.0354512
5.50171e-005
0.0791856
0.068009
0.0171464
0.0835186
0.128412
0.249704
0.316585
0.00771302
0.071444
0.0569928
0.0617025
0.168933
0.16255
0.0954598
0.115988
0.034742
0.0374067
0.0231678
0.0033447
0.0198896
0.00607205
0.147481
0.211646
0.0472989
0.0238986
0.0261395
0.00170004
0.182328
0.185204
0.00735333
0.00511428
0.002534
0.0382716
0.0476667
0.131371
0.00565315
0.00282383
0.098695
0.08873
0.0514247
0.0345345
0.00342986
0.186351
0.000115787
0.0433026
0.00406388
0.0436234
0.000620084
0.0281205
0.0813611
0.000328084
0.000724367
0.410031
0.266763
0.0167448
0.0899166
0.00356016
0.266504
0.0226904
0.0276044
0.303803
0.0288386
0.0897777
0.238852
0.0913714
0.0528335
0.0177026
0.0725175
0.21672
0.0271226
0.128792
0.134931
0.0705734
0.00182318
0.244603
0.0393142
0.0171805
0.0794697
0.16282
0.249926
0.0805939
0.00254891
0.00724453
0.0324605
0.006813
0.0251456
0.0599281
0.101254
0.000816374
0.0399898
0.00110507
0.0376536
0.101193
0.0242056
0.00846541
0.0422011
0.00241749
0.0140287
0.0192472
0.0726967
0.375271
0.018354
0.0608713
0.10584
0.00260757
0.00315852
0.00795252
0.00406204
0.00519241
0.00989106
0.00452148
0.00187263
0.0420654
0.00758005
5.16845e-005
0.0307644
0.0543347
0.0517
0.0538652
0.104141
0.0437418
0
0.00396667
0.148818
0.0696882
0.0631591
0.00548293
0.132729
0.0156979
0.0051801
0.0466641
0.063032
0.00938814
0.00472432
0.2187
0.245331
0.00456298
0.168159
0.14629
0.100767
0.00318539
0.17546
0.0631925
0.00441417
0.0452568
0
0.0787409
0.0486564
0.0527017
0.0110957
0.100055
0.11988
0.00376784
0.00301935
0.0581141
0.0486351
0.217449
0.0674647
0.0753139
0.00716413
0.00425534
0.00641868
0.00435529
0.053592
0.0479897
0.00657425
0.0590321
0.00477661
0.0439595
0.00244235
0.0116785
0.00287206
0.00225415
0.0429531
0.0458919
0.0742674
0.0236674
1.34615e-010
0.0826955
0.10922
0.00423294
0.0812875
0.00998022
0.0794707
0.10907
0.0247779
0.0540021
0.0086636
0.0107847
0.0828741
0.164365
0.214434
0.136851
0.065292
0.158023
0.00291505
0.00532117
0.00822985
0.158042
0.0835678
0.00345132
0.0015577
0.136368
0.0161681
0.0759363
0.0765919
0.0173351
0.0341031
0.0238773
0.0114297
0.0633138
0.0565117
0.16159
0.00363398
0.00293204
0.0975652
0.0639797
0.000621767
0.107368
0.141375
0.0152971
0.12729
0.0790969
0.00209049
0.224329
0.107835
0.02094
0.00514983
0.0161689
0.00298157
0.0713772
0.00514583
0.00346428
0.191341
0
0.00223819
0.182659
0.0110218
0.0256065
0.16371
0.0372431
0.0398131
0.0401115
0.0563756
0.000259058
0.0286555
0.0132214
0.0162443
0.0256804
0.00634354
0.00884356
0.0291356
0.00367296
0.304416
0.128735
0.00421138
0.00711861
0.029808
0.126033
0.0215263
0.00324115
0.0506709
0.107158
0.00271934
0.00349633
0.0587067
0.00989146
0.0207082
0.00887092
0.0477198
0.0470075
0.048376
0.0188634
0.0962459
0.0706835
0.124085
0.00192091
0.00128456
0.0105224
0.244403
0.0282787
0.0742459
0.018662
0.132868
0.160165
0.0546493
0.0495317
0.0255117
0.0871961
0.000873642
0.0874622
0.000293136
0.0522545
0.00979588
0.158324
0.00708146
0.0442919
0.0907971
0.205682
0
0.046871
0.0803702
0.0894641
0.00396508
0.0170942
0.0174788
0.0151472
0.0623866
0.0759466
0.0423375
0.00367674
0.00183109
0.00508387
0.0614522
0.0749919
0.000945393
0.206292
0.000685
0.00155908
0.0868567
0.0916121
0.0216427
0.0471136
0.161301
0.00818992
0.188261
0.165925
0.00121546
0.128812
0.00220932
0.0510638
0.0529832
0.0879277
0.0853054
0.00953391
0.234017
0.153359
0.0182825
0.151056
0.124502
0.0726595
0.0373991
0.00155383
0.0570204
0.0599724
0.0833035
0.0623128
0.0129266
0.0173819
0.10121
0.0345204
0.00131125
0.149151
0.0242504
0.180211
0.0160867
0.00582426
0.0243214
0.0176935
0.025034
0.12027
0.105375
0.0436246
0.249348
0.106335
0.0873968
0.0405653
0.0306373
0.0878748
0.220944
0.000623077
0.0160971
0.0251499
0.0335276
0.0428606
0.183738
0.0326063
0.0196541
0.0380204
0.012104
0.0979076
0.158092
0.125697
0.0010963
0.0613225
0.0311152
0.0483067
0.0344829
0.10285
0.0132089
0.0124698
0.0602873
0.134877
0.0525889
0.134698
0.000818305
0.103631
0.0561485
0.0162825
0.138506
0.0598157
0.0312991
0.0346253
0.221042
0.0433507
0.0196857
0.138017
0.0615964
0.00062513
0.00985913
0.0610408
0
0.0502157
0.0157777
0.0020101
0.0975232
0.0174298
0.0264699
0.0348827
0.0104906
0.0393906
0.00611239
0.131857
0.0113999
0.0751219
0.045599
0.10397
0.00533172
0.00895509
0.0452951
0.000890824
0.0924832
0.0781851
0.0653384
0.0544073
0.00989696
0.0287056
0.0789706
0.0687384
0.00559302
0.105466
0.0771073
0.00422527
0.0560305
0.0490119
0.0632237
0.039554
0.0158514
0.035002
0.0881474
0.0484215
0.00310915
0.0397188
0.0346368
0.0531722
0.0948689
0.00762182
0.00894043
0.0403104
0.0508934
0.0707322
0.0147533
0.058657
0.0374043
0.00759115
0
0.138928
0.133374
0.0113158
0.0428295
0.00623715
0.00171412
0.134594
0.00719286
0.00283823
0.0614021
0.00340276
0.00922378
0.0211844
0.00131835
0.00443184
0.0582126
0.00155384
0.0427617
0.0121089
0.00350565
0.0406132
0.044199
0.0119128
0.0609462
0.0213647
0.0572233
0.234951
0.0721974
0.0482845
0.0589357
0.0457935
0.0751211
0.116502
0.0965166
0.000789616
0.101117
0.014319
0.0022398
0.00185116
0.026055
0.00379834
0.00165037
0.256436
0.047913
0.0463377
0.0589053
0.130971
0.00160211
0.00145219
0.0701995
0.0714092
0.0307088
0.0113226
3.51933e-005
0.00808731
0.0508747
0.000617232
0.0693503
0.0603765
0.0015548
0.0338959
0.0286716
0.0465938
0.194577
0.161987
0.00244506
0.026274
0.129056
0.019747
0.0476769
0.0674834
0.0296611
0.103599
0.00115975
0.00763878
0.00525732
0.070018
0.00641032
0.043021
0.00882796
0.00625212
0.0496271
0.249908
0.0657234
0.0931499
0.0107701
0.00581285
0.16347
0.201273
0.0610408
0.240986
0.00320422
0.00482926
0.0259375
0.0228947
0.104855
0.036997
0.0584573
0.0186306
0.00414098
0.0080487
0.020367
0.0221188
0.0426777
0.0643729
0.004905
0.215287
0.000244811
0.125028
0.281556
0.293488
0.114716
0.0525477
0.213686
0.207114
0.0506902
0.0696745
0.0298934
0.00357996
0.00123017
0.00389896
0.0583156
0.132485
0.237434
0.00802819
0.0449221
0.00828755
0.0175443
0.00410955
0.00138843
0.0025023
0.00301281
0.0489049
0.0744935
0.00887733
0.00446118
0.000426142
0.000923275
0.0756621
0.114217
0.00553833
0.00810331
0.0959771
0.0675371
0.00820678
0.00132559
0.0155201
0.00198405
0.230182
0.0414195
0.0525247
0.00638019
0.00826914
0.00288988
0.00196178
0.0665169
0.018509
0.0056311
0.0912533
0.00301169
0.0492754
0.072044
0.0697763
0.00155626
0.0104348
0.0306736
0.0264737
0.00222587
0.0631667
0.0509802
0.129883
0.0386405
0.155743
0.021457
0.00963527
0.0020991
0.000728025
0.00175993
0.0307992
0.0259064
0.0754824
0.0127449
0.00112812
0.00272665
0.00846008
0.0941059
0.00919254
0.154086
0.0931467
0.0238124
0.0277146
0.0893481
0.0266793
0.218043
0.00301694
0.00789105
0.0154665
0.0348973
0.00733036
0.00360295
0.0573625
0.00697656
0.0573486
0.0614504
0.0489592
0.00167114
0.010474
0.560036
0.169052
0.052357
0.0393347
0.0117796
0.00571844
0.0815654
0.116748
0.0503889
0.116763
0.135121
0.0245385
0.0779057
0.00600666
0.0884941
0.102973
0.0639323
0.00117016
0.00371614
0.00865035
0.00103593
0.00627328
0.00438633
0.0285423
0.000562726
0.0051905
0.0315521
0.00190791
0.0331042
0.0438428
0.0579071
0.0992445
0.0786484
0.0970214
0.00498887
0.000823691
0.0367083
0.0445105
0.0142992
0.00664779
0.17389
0.105435
0.192914
0.130669
0.00113423
0.140166
0.0732629
0.0963248
0.0438363
0.0797944
0.202293
0.00738229
0.00450672
0.0660792
0.000329766
0.411462
0.0027725
0.00421279
0.0408568
0.0139231
0.0111499
0.0146048
0.275793
0.0196781
0.0152512
0.0012128
0.00293627
0.229579
0.262021
0.0159455
0.0532816
0.0188081
0.00092611
0.00148183
0.162518
0.00641785
0.0404465
0.109926
0.0919378
0.0668198
0.0750408
0.0701359
0.0978049
0.0827633
0.0143124
0.0676357
0.0141579
0.0515188
0.142238
0.00951871
0.0567657
0.0866089
0.0400698
0.00151928
0.0518875
0.0150991
0.00276027
0.0130751
0.0525393
0.0238422
0.155517
0.00174391
0.260749
0.0218929
0.0222953
0.00835827
0.00454874
0.147955
0.0310579
0.111219
0.117037
0.0178994
0.0259228
0.00128658
0.0316462
0.00741862
0.137368
0.00607513
0.0280754
0.0683362
0.0825086
0.279181
0.00476656
0.00280041
0.0951601
0.00364916
0.0166688
0.285167
0.269039
0.0374957
0.0685496
0.0565363
0.155422
0.00839441
0.0100153
0.01848
0.0116932
0.0187934
0.039019
0.0746908
0.105854
0.105313
0.00318741
0.0102499
0.102207
0.0391814
0.00233475
0.183826
0.0575591
0.240513
0.00303515
0.00269544
0.0224368
0.0368952
0.00654444
0.272006
0.30119
0.164451
0.2019
0.176111
0.0556716
0.00107018
0.00890835
0.56367
0.0343923
0.0414379
0.17788
0.113338
0.0112274
0.00788743
0.151711
0.0194742
0.0220419
0.0674363
0.00618763
0.0121456
0.163532
0.00736299
0.190208
0.178164
0.021165
0.00777378
0.0403871
0.0377687
0.00186624
0.0130118
0.0930522
0.195896
0.250658
0.186623
0.00770623
0.0100724
0.179186
0.00102901
0.108406
0.00308301
0.049391
0.000789616
0.00241885
0.00565733
0.0016137
0.0248865
0.0256218
0.0383967
0.0298638
0.0551373
0.12583
0.0391454
0.00870183
0.00455069
0.0495452
0.0262664
0.0125259
0.0113053
0.0460309
0.034809
0.160092
0.0370241
0.0798392
0.0268609
0.00251665
0.16711
0.00944137
0.0160816
0.0109693
0.00696133
0.0423296
0.00197908
0.000127034
0.00470728
0.0123943
0.000441664
0.013791
0.0143761
0.0314757
0.0045495
0.0920894
0.00121561
0.249685
0.0263178
0.0100702
0.217329
0.0216225
0.0579321
0.00137315
0.182983
0.0712563
0.149674
0.0166666
4.27241e-005
0.227876
0.00748382
0.0273206
0.0017841
0.00209549
0.0060618
0.121317
0.0264953
0.0590513
0.0380021
0.00328949
0.0996974
0.00174174
0.0170311
0.00403763
0.00372411
0.0152521
0.295862
0.232501
0.00615566
0.000593458
0.00335648
0.0442576
0.278505
0.00117143
0.000138051
0.0112417
0.210392
0.00268142
0.0112459
0.00260153
0.16176
0.0335943
0.0442211
0.006071
0.0391492
0.00432365
0.0615728
0.0813413
0.00188829
0.0524882
0.00935071
0.0180733
0.0213518
0.0232396
0.0422719
0.0256398
0.150158
0.0447083
0.0874965
0.000253188
0.00132434
0.062356
0.105239
0.134335
0.00530002
0.0320148
0.0443553
0.0696743
0.0361527
0.00478045
0.0429754
0.160859
0.00365818
0.00710881
0.0640327
0.0704658
0.0252525
0.0247908
0.0305442
0.00292443
0.059011
0.0814007
0.00690301
0.0109
0.0493163
0.0493913
0.104143
0.188527
0.104932
0.0742782
0.047287
0.0570582
0.0797645
0.02375
0.00207489
0.0727394
0.00994713
0.0149524
0.00453275
0.0935643
0.05174
0.151838
0.143042
0.16338
0.0439978
0.0651652
0.0171645
0.0171648
0.256076
0.00559691
0.141112
0.0064515
0.0259001
0.00473955
0.187666
0.184669
0.00225603
5.52872e-005
0.0106257
0.068151
0.035981
0.0101003
0.0811719
0.0286552
0.150802
0.20333
0.178088
0.0325115
0.0107367
0.093819
0.00493786
0.0383294
0.340637
0.0343657
0.00876407
0.159316
0.0532335
0.0395878
0.00972786
0.00414612
0.0193171
0.0126295
0.181417
0.00886438
0.308633
0.0104188
0.00285791
0.287103
0.148273
0.00439235
0.0603934
0.000951957
0.00256062
0.131506
0.0772864
0.00160365
0.00723703
0.00527816
0.306044
0.135323
0.00550528
0.0576423
0.0346492
0.0980932
0.00632144
0.0120595
0.00332713
0.007919
0.099145
0.0123797
0.00319471
0.00249172
0.438203
0.235092
0.00150065
0.0422173
0.0724498
0.000967071
0.0150253
0.0618936
0.0149026
0.0411759
0.385076
0.220014
0.0037694
0.0171794
0.00119079
0.230515
0.00867839
0.00163663
0.185459
0.18175
0.115777
0.145814
0.0140032
0.00294747
0.0438805
0.0809281
0.0236605
0.151606
0.178658
0.161508
0.0235137
0.00402459
0.00208671
0.0484041
0.0471528
0.00370183
0.0602523
0.0290382
0.00507084
0.0996794
0.0228528
0.0219875
0.00303393
0.0101999
0.0833486
0.137289
0.0200369
0.123976
0.000390282
0.0107317
0.075449
0.00243781
0.0742083
0.00193077
0.0272762
0.0188215
0.018257
0.0642033
0.0916186
0.0645809
0.00167242
0.0175406
0.0865909
0.147575
0.000171064
0.00180321
0.00333803
0.170044
0.186723
0.00238469
0.000140946
0.117335
0.122004
0.0110613
0.0694341
0.0311822
0.107542
0.00276818
0.00356123
0.114476
0.0331241
0.00372096
0.00093491
0.00360911
0.153373
0.00340083
0.00308562
0.003407
0.00293711
0.0663252
0.179285
0.00354057
0.113485
0.238208
0.00944671
0.00286791
0.102426
0.00140945
0.00147138
0.00262755
0.000507327
0.0133229
0.121456
0.0111849
0.136153
0.0461544
0.00929323
0.0364225
0.019417
0.180652
0.00424981
0.0964199
0.0728004
0.0160044
0.0278546
0.0173643
0.0192034
0.00476845
0.020982
0.0424306
0.0156809
0.0414538
0.0165959
0.00029529
0.0442578
0.0532309
0.051989
0.00415716
0.00140939
0.161413
0.00514683
0.0051451
0.00891772
0.00105003
0.0379523
0.0767343
0.00736109
0.0310994
0.0217883
0.00267739
0.027454
0.0457148
0.0952063
0.00386508
0.213411
0.0556896
0.298199
0.0677766
0.0614702
0.00272996
0.0154254
0.0224494
0.054599
0.0120854
0.0115797
0.00120827
0.0447083
0.0827421
0.00990579
0.000140249
0.168035
0.147718
0.00357783
0.00332713
0.11562
0.0126487
0.00143457
0.0142778
0.00170787
0.12282
0.123585
0.0506123
0.0714245
0.00279533
0.0969029
0.00207914
0.00538041
0.122897
0.00464326
0.122002
0.0529309
0.0308961
0.0122821
0.0380291
0.0523285
0.0439207
0.00183588
0.101292
0.00444009
0.0389555
0.379631
0.0695923
0.0771708
0.0367331
0.00373054
0.0127218
0.00345203
0.304551
0.0991229
0.0866759
0.0089177
0.113329
0.110878
0.084691
0.0866053
0.0338814
0.00397028
0.00501353
0.0057222
0.0792665
0.242525
0.197919
0.00771012
0.00439325
0.000924969
0.00717527
0.0337462
0.238657
0.0030611
0.061046
0.0665069
0.0517971
0.158964
0.00864986
0.136391
0.054461
0.00669027
0.0316222
0.0879875
0.00236687
0.00372732
0.0503148
0.00421216
0.00215272
0.0717409
0.0459679
0.00549292
0.0109851
0.00615461
0.0338975
0.00609096
0.081326
0.0013643
0.000558837
0.00697967
0.0611009
0.015597
0.00186458
0.242046
0.00667438
0.00585508
0.120793
0.175664
0.0213523
0.0067943
0.0186371
0.0407243
0.0019541
0.00396759
0.00112764
0.151345
0.058692
0.00519569
0.00638646
0.00631887
0.0531567
0.336113
0.0617129
0.100379
0.00184665
0.132151
0.226062
0.030936
0.0558247
0.00220104
0.00219537
0.034241
0.0490081
0.121432
0.23918
0.23473
0.0968256
0.0149316
0.0425401
0.00379501
0.0576943
0.00557776
0.235555
0.0109042
0.171614
0.222901
0.204646
0.106926
0.0558911
0.0106441
0.0168395
0.0261738
0.0608652
0.137467
0.0448105
0.139607
0.0539514
0.00216597
0.0191315
0.0107346
0.0046874
0.0689447
0.0448598
0.00770925
0.122338
0.0116971
0.0539668
0.00219639
0.0033472
0.0174581
0.065351
0.0594533
0.0942881
0.0862459
0.000754286
0.0421263
0.0785336
0.226506
0.0947826
0.127244
0.00738958
0.0229195
0.00376657
0.00190913
0.146114
0.153641
0.137436
0.00674563
0.00273774
0.00528689
0.00518222
0.00870828
0.0400712
0.07156
0.0035678
0.00145589
0.0986242
0.00575522
0.128294
0.00379457
0.318048
0.104416
0.111939
0.0356293
0.0807068
0.161029
0.0139875
0.0643367
0.139122
0.0652885
0.00271295
0.143621
0.102561
0.00746653
0.235829
0.230819
0.0503138
0.181401
0.0430128
0.0922822
0.00307925
0.0470826
0.00284823
0.0980444
0.0128738
0.111561
0.00565207
0.00527655
0.00146466
0.0176577
0.0649323
0.00491576
0.0870484
0.00374755
0.0252343
0.042298
0.00417845
0.0367906
0.0309117
0.19622
0.0959094
0.00130575
0.00626909
0.0161638
0.07928
0.0381493
0.0100045
0.00262722
0.0023451
0.00446552
0.000899906
0.00181452
0.0042055
0.323249
0.0140931
0.0240432
0.00649365
0.00428617
0.050914
0.03041
0.0808943
0.0409402
0.0413879
0.195107
0.00313285
0.0279324
0.00398671
0.00441734
0.00181713
0.00307835
0.00382446
0.0720268
0.164971
0.283733
0.00935422
0.00121044
0.00155242
0.0665322
0.117086
0.0468533
0.00975542
0.00240066
0.00728354
0.0585741
0.00265042
0.00651467
0.144119
0.0144408
0.0124995
0.0130756
0.0578751
0.0403243
0.147306
0.176609
0.0047916
0.32593
0.00168433
0.193148
0.0676552
0.0723444
0.181576
0.131283
0.135557
0.00180321
0.0970867
0.0177154
0.0518958
0.00278216
0.130875
0.212023
0.0497365
0.0560602
0.0363667
0.292614
0.350615
0.0256044
0.0325999
0.0268235
0.047641
0.0565239
0.0101491
0.0766043
0.0600179
0.0275307
0.0423364
0.0798834
0.0592706
0.0899328
0.203241
0.102147
0.00829075
0.0836199
0.0122004
0.047936
0.00470443
0.169054
0.12939
0.00680849
0.174841
0.0522376
0.00181519
0.00535742
0.0558283
0.0453375
0.0454278
0.055197
0.00278779
0.00480455
0.0187934
0.190938
0.01839
0.013791
0.299399
0.0206659
0.0213792
0.0640993
0.16006
0.105844
0.134336
0.0854402
0.149913
0.108665
0.00542934
0.00988114
0.0467169
0.0639215
0.0915644
0.00695472
0.00312866
0.0211848
0.0570356
0.00880728
0.00917831
0.0798657
0.35211
0.032122
0.027188
0.00135694
0.0012723
0.013836
0.00279216
0.118891
0.00365149
0.00696284
0.00398967
0.0460356
0.0163192
0.0352393
0.0460605
0.0307081
0.0342548
0.0589427
0.129935
0.132097
0.131983
0.131124
0.00346466
0.00148647
0.0578337
0.00641426
0.0350131
0.0281755
0.00117231
0.00137229
0.0584473
0.0779528
0.00119827
0.00197757
0.041654
0.0216331
0.0376854
0.002178
0.00476104
0.00320557
0.0246909
0.0288479
0.159956
0.0450049
0.0618009
0.0931016
0.0894863
0.189973
0.226303
0.0812003
0.0873459
0.0134579
0.140451
0.0292347
0.0315709
0.0282409
0.0140029
0.0161298
0.120519
0.11592
0.15005
0.200093
0.00500553
0.206293
0.130346
0.0826281
0.23169
0.165922
0.117007
0.0285836
0.105342
0.0254812
0.0104012
0.0516655
0.00490649
0.00320937
0.0638712
0.0491082
0.230423
0.0358398
0.00391968
0.0818566
0.153052
0.10407
0.00224172
0.00809471
0.0220346
0.0233454
0.0294052
0.00350806
0.0105663
0.0795693
0.00160528
0.124469
0.096095
0.145369
0.000287784
0.0948847
0.122816
0.0792085
0.0924531
0.00169287
0.0274088
0.00231142
0.0376256
0.042815
0.0370414
0.135832
0.00263489
0.00142256
0.0724526
0.0177301
0.0235552
0.0969417
0.0438899
0.0474076
0.0402748
0.35212
0.166524
0.231209
0.0627604
0.0276563
0.0342653
0.00478231
0.0476936
0.0899954
0.0872001
0.11995
0.0808022
0.00364919
0.00426579
0.0187605
0.0925359
0.046849
0.040134
0.00317579
0.00150088
0.00358371
0.0045531
0.107238
0.00118058
0.0350491
0.0367602
0.122659
0.0666571
0.0408845
0.00319008
0.0854205
0.00298133
0.0235581
0.0531468
0.0807397
0.0783008
0.0425814
0.0521455
0.00260846
0.0263206
0.01296
0.0830687
0.0347665
0.0233388
0.00363491
0.0450676
0.0134869
0.0348568
0.0243484
0.0342828
0.0543732
0.00808584
0.0513467
0.00208012
0.223073
0.00936764
0.00253266
0.209098
0.051113
0.0148546
0.00137171
0.103869
0.225965
0.141169
0.153483
0.0216947
0.00665277
0.027533
0.0637375
0.0983533
0.10549
0.00125246
0.066995
0.00199468
0.00340573
0.0977159
0.0918002
0.00179119
0.039249
0.0519165
0.228835
0.15787
0.693774
0.0387988
0.0145965
0.0856041
0.150783
0.0557015
0.112797
0.246412
0.0673041
0.0307996
0.0202981
0.0496698
0.240874
0.0228846
0.014243
0.0227431
0.0692023
0.00111542
0.0032039
0.00618173
0.0051144
0.0225632
0.00393932
0.00199589
0.00282749
0.225599
0.0689326
0.12574
0.122326
0.0189299
0.0359285
0.00339044
0.0019097
0.0657971
0.0505291
0.0467255
0.149314
0.164465
0.0898259
0.0637373
0.0226456
0.0181257
0.249857
0.00148647
0.0374019
0.181618
0.0744003
0.0532996
0.108109
0.00406512
0.0150496
0.00491932
0.0118269
0.0635188
0.029618
0.0761596
0.00173365
0.041286
0.0267723
0.183038
0.0266972
0.00288413
0.0996586
0.126936
0.00296743
0.051262
0.00337021
0.0911153
0.179799
0.1547
0.0453687
0.470921
0.129366
0.131588
0.247684
0.00241386
0.0011305
0.00203167
0.00277413
0.0241026
0.121648
0.00197959
0.0259289
0.00234087
0.0474991
0.0737962
0.0586353
0.0073952
0.0250235
0.00136287
0.00536999
0.129598
0.0265865
0.0647656
0.00705389
0.0507076
0.068969
0.00259914
0.0213443
0.0877502
0.119546
0.0413977
0.00320617
1.57901e-008
1.57902e-008
1.57869e-008
0.0100495
0.155675
0.094529
0.2043
0.0563172
0.0138943
0.00332699
0.202615
0.00668878
1.57901e-008
0.0450327
0.0945519
0.0748581
0.039126
0.0362253
0.102094
0.205243
0.160517
0.0596655
0.0306912
0.0262943
0.0422674
0.0142309
0.00620191
0.0351927
0.00278182
0.122297
0.104877
0.290163
0.0597694
0.0176617
0.150571
0.168231
0.0589323
0.00916851
0.080556
0.0662966
0.072086
0.211212
0.245956
0.224693
0.0738289
0.323888
0.571659
0.187348
0.0581759
0.0361656
0.0824964
0.00377621
0.0840936
0.0347344
0.0194025
0.0202304
0.0460492
0.0616062
0.0420482
0
0
0
0
0
0
0
0.153175
0.0939239
0.0217026
0.0130384
0.111144
0.00418411
0.0202017
0.0040249
0.00215177
0.00739274
0.00186435
0.0138797
0.0291943
0.0305642
0.0892462
0.11175
0.0730268
0.0562141
0.00819081
0.00496784
0.0244125
0.0304434
0.035848
0.0378002
0.0275993
0.0275993
0.164305
0.177994
0.181108
0.11426
0.164876
0.169156
2.61586e-005
0.0370148
0.0170086
0.0710276
0.0363546
0.0133392
