7252
0.106483
0.000154133
0.00340068
0.00164147
0.000517913
0.0180641
0.000149483
0.0440949
0.00227157
0.123169
0.00271378
0.00891379
0.000283291
0.000487245
0.0460747
0.0888556
0.013615
0.0686248
0.113441
0.0264682
0.124907
0.00132341
0.000290853
0.00134171
0.100628
0.0791328
0.0949618
0.028646
0.0226264
0.00106758
0.000602843
0.0292097
0.000945612
0.124937
0.0176458
0.0234253
0.121904
0.000418511
0.0203137
0
0.0371826
0.123939
0.109451
0.127684
0.0236169
0.00195394
0.00122845
0.115417
0.0314529
0.100301
0.109835
0.00329965
0.00180704
0.0177803
0.0361981
0.0250914
0.0639624
0.000909029
0.0714595
0.0820853
0.00153746
0.0360199
0.115552
0.12491
0.00086211
0.013009
0.0297108
0.000386133
0.125271
0.00204714
0.0144148
0.121541
0.00712359
0.00123134
0.0590796
0.00293563
0.060846
0.0105871
0.0995391
0.000382022
0.10971
0
0.000663176
0
0.0804752
0.107838
0.0416902
0.000418649
0.0146238
0.0796694
0.0968066
0.0652461
0.0336132
0.233755
0.0342008
0.0418143
0.12488
0.00252282
0
0.0112087
0.000535711
0.00270442
0.000657223
0.0964395
0.000228735
0.00794118
0.0314569
0.0189137
0.00177767
0.119082
0.118151
0.0903515
0.0767894
0.122598
0.0027259
0.00171619
0.0205907
0.00162712
0.0331118
0.0158447
0.0110456
0.00760323
0.0941355
0.268876
0.00349438
0.0160291
0.000531497
0.00657496
0.0684376
0
0.00385542
0.00239817
0.00322168
0.0975061
0.0431895
0.0142408
0
0.0706122
0.106072
0
0.0406651
0.179803
0.0809476
0.036396
0.00103154
0.0385776
0.0137433
0.0649118
0.0146915
0.00145899
0.0889586
0.00101543
0.000146706
0.00227157
0.0272164
0.00863709
0.00471193
0.0924795
0.0649643
0.0360199
0.108267
0.0275639
0.0209057
0.10078
0.000447049
0.0174943
0.0308871
0.110243
0.0995225
0.109981
0.0956866
0.0799371
0.0146025
0.0313938
0.000523583
0.116121
0.0355551
0.0307616
0.0114589
0.0149093
0.0217035
0.00937539
0.0858809
0.0539514
0
0
0.0287162
0.00367098
0.0173743
0.064486
0.0496525
0.0101649
0.0397457
0.000249759
0.121791
0.122465
0.00021882
3.67202e-008
0.00176067
0
0
0.000950764
0.000386399
0.00215298
0.0987553
0
0.0407426
0.0247488
0.109372
0.105608
0.00088515
0.0464309
0.0201958
0.0612941
0.0273732
0.000749003
0.0181635
0.00162664
0.0288931
0.175081
0.016347
0.000228735
0.0683515
0
0.0861182
0.00838298
0.000646317
0.0012899
0.00543943
0.0192435
0
0
0.00308588
0.0330601
0.0166183
0.00123398
0.00549775
0.0363773
0.00021882
0.0257816
0.0959055
0.0341168
0.00838789
0
0.000761773
0.0274919
0.118398
0
0.224614
0.080019
0.0172397
0.00226542
0.010122
0
0.000476515
0.0201852
0.103402
0.00134123
0.000495992
0.107856
0.047873
0.0325383
0
0.00543893
0.0121282
0.0165526
0.180622
0.00685965
0.00685965
0.00126673
0.0746442
0.0071419
0.0405911
0.00168137
0.000355938
0.0950172
0.158831
0.0106887
0
0
0.000646317
0.0021535
2.02462e-013
0.0228669
0.20756
0.0323972
0.00350692
0
0.110483
0.010122
0.116837
0.0397838
0
0.0495167
0.00199412
0.000775187
0.000642512
0.0135475
0
1.46206e-006
0.121386
0.0109221
0.00264594
0.0328653
0.000785274
0.00182239
0.0889731
0.000584504
0.0705783
0.255805
0.0381953
0
0.237631
0.00118735
0.0564113
0.0157536
0.124759
0.000523583
0.00110993
0.00994919
0.000597967
0.0415765
0.00774484
0.0472666
0.00672637
0.0636848
0.000355938
0.00556186
0.00290072
0.00396294
0.12457
0.0886557
0.027136
0
0.110399
0.0172397
0.00607968
0.124298
0.0158131
0.0260935
0.000980822
0.00790369
0
0.00836564
0.110647
0.124999
0.0668441
3.67189e-008
0.164878
0
0.0111072
0.0722812
0.104147
0.00749477
0.124856
0
0.00032518
0.027078
0.0352828
0.179468
0.0180239
0.124903
0.0437333
0.0487345
0.0172679
0.0664954
0
0.000643553
0
0.0299891
0.0281346
0
0.0196508
0
0.0261188
0.117942
0
0
0.0148866
0.0656635
0.0731136
0.0621309
0.0900249
0.0400598
0.0080083
0.0022383
0.0296789
0.0720682
0.000629119
0.00970618
0.0922774
0.00249435
0.155081
0.0133429
0.0760789
0.0171505
0.25838
0.0145478
0
0.00387188
0.0468898
0.068024
0.100708
0.0779416
0.0127233
0.0542598
0
0.00317728
0.0448039
0.011171
0.273623
0.000362556
0.0367679
0.0405178
0.0507285
0.000984638
0.0167685
0.0605343
0.196495
0.223787
0.00221002
0.0410626
0.0211787
0.00248258
0.105289
0.00131639
0.00100111
0.105483
0.109902
0.00051975
0
0
0.0114772
0.00844792
0.122305
0.0708374
0
0.0316505
0.098929
0.0498746
0.217541
0.00725092
0.00299019
0.000497021
0
0
0.101801
0.00273566
0.00659625
0.0237348
0.00503678
0.00988208
0.0635045
0.123501
0.0192613
0.0600861
0.121509
0.124985
0.0141876
0.000832487
0.0206634
0.0553101
0.00400512
0
0.0214846
0.00290072
0.00502485
0.0139625
0.0456928
0.0295461
0.124219
0.118256
0
0.0317799
0
0.126032
0.0917026
0.124264
0.00292605
0.109957
0.0233011
0.00278486
0
7.87819e-007
0.000497021
0.0184904
0.110946
0.00352373
0.198245
0.0340587
0.0379944
0
0.0327915
0.119397
0.0100994
0.018673
0.00207416
0.0421548
0
0.117413
0.002378
0.0760742
0.0837003
0.195991
0.032596
1.62008e-005
0
0.0310004
0.0125935
0.0103404
0.0730511
0.00539408
2.02462e-013
0.0175389
0.0199248
0.00018644
0
7.87818e-007
0.0246429
0.000478869
0.0455667
0.0643583
0.00914247
1.46208e-006
0.0132177
0.0211423
0
0.00498026
0.0130536
0.0129334
0.0128486
0.0534313
0.0785023
0.00217646
0.0211516
0.100176
0.215897
0.00378419
0.048701
0.000362556
0
0.0697609
0.0142209
0.0555905
0.0491063
0.0196093
0.114451
0.0112298
0.0556721
0.105647
0.010288
0.0325392
0.139769
0.0628271
0
0.00320762
0.00148177
0.00177017
0.0601529
0.00959926
0.00296482
0.0372605
0.00964145
5.30597e-006
0
0
0.0272141
0.0102026
0.0943788
0.0302537
0.0744181
0.0316596
0.127978
0.0345434
0.0015252
0.0122885
0.0120827
0.0966224
0.0813611
0.00733456
0
0.00777544
0
0.0100311
0.110779
0.00775204
0.00632243
0.00734223
0
0.0107672
0.00233584
0.0312209
0.0371432
0
0.00796543
0.0193373
0.0168857
0.0342008
0.0916145
0.00116088
0.00858962
0.00982497
0.0171267
0.0137052
0.00958866
0
0.00754886
0.000333906
0.0012786
0.00229316
0.0104149
0.0285875
0.0216879
0.0032281
2.57031e-005
0.0811403
0.193284
0.0691728
0.0757632
0.104178
0.00098382
0.0403608
0.0465341
0
0.0210546
0.013465
0.16687
0.12075
0.00587802
0.1764
0.0631237
0.00432137
0.0222164
0.0397402
0.043386
0.00748998
0
0.00018644
0.021098
0.0375022
0.0968333
0.0788599
0.0920548
0.0649356
0.0133044
0.0975064
0.0116402
3.09933e-010
3.09934e-010
0.0496365
0.0195398
0.00384904
0.00330852
0.0679634
0.000454208
0.080126
0.0078894
0.0133201
0.022323
0.027778
2.57029e-005
0.0988573
0.0287998
0.101428
0.089653
0.0406122
0.0200904
0.0113198
0.0669783
0.0351303
0.0339858
0.0164341
0
0.0332361
0.0386608
0.0504565
0.00689717
0.0144706
0.191941
0.108131
0.171446
0.117416
0.10947
0.00564177
0
0.0194628
0.020689
0.120191
0.251222
0.0923535
0.104263
0.0391387
0.0105387
0.0671592
0.0103852
0.00821003
0.0972467
0.102909
0.0921297
0
0.00716505
0.0405695
0.0216069
0.132551
0.0022878
0.000678183
0.00869117
0.117327
0.046855
0.0504742
0.0597636
0.182124
0.0110148
0.0208911
0.0135553
0.0804354
0.242602
0.183426
0.123475
0.0978413
0.0428416
0.0886354
0.0135274
0.0152049
0.00239877
0.00372254
0.0102317
0.00678717
0.0102658
0.0180258
4.92503e-009
1.67819e-007
0.00862338
0
0.0404667
0.00965674
0.000291242
0.0925353
0
0.0328061
0.093121
0.0197442
0.02345
0.141496
0.00334111
0.0120209
0.0773515
0.0153094
0.112848
0.0106645
0.0520525
0
0.020996
0.0114551
3.11185e-005
0.00490819
0.205539
0.013035
0.0307832
0.00629131
0.019685
0.000936609
0.0174453
0.00732022
0.0113972
0.101667
0.00585343
0
0.00272862
0
0.00250277
0.00255475
0.000783194
0.00897518
0.0078111
0.0136188
0.0064497
0.0769229
0.0484516
0.00970747
0
0.0980741
0.0107889
0.0048033
0.056195
2.06738e-013
0.00814964
0.105767
0.0119593
0.0533526
0.00156004
0.14987
0.0885611
0.00165056
0.00254983
0.0108532
0
0.0836412
0.0258951
0.0580017
0.00440948
0.0350513
0.0662891
0.022405
0.0142511
0.118237
0.00361068
0.0379574
0.0569469
4.92528e-009
0.0210298
0.0795871
0.074771
0.00569998
0.12397
6.36493e-005
0.0394547
0.0187086
0.0292976
0.0144147
0.0921
0.00381889
0.0279224
0.00145342
0.0316594
0
0.0236488
0.124042
0.00552219
0.32281
0.131036
0.000696019
0.00302439
0.0081101
0.00360949
0.020719
0.0123344
0.000556211
0
0.000760967
0.00348388
0.0326418
0.0334284
0.0260293
0.00030558
0.112814
6.0158e-005
0
0.112423
0
0.000989013
0.0293158
0.00790074
0.0381514
0.0383849
0.000637605
0.0653525
0.0762038
0.0541399
0.00220087
0.000739512
0
0.047802
0.0163279
0.020068
1.67821e-007
0.0616103
0.000658252
0.0128625
0.157403
0.0188072
0.0461764
0.00704981
0.251996
0.0609966
0.10118
0.00228027
0.117649
0.124507
0.00345461
0.00520599
0.013333
0.00925469
0.0254805
0.0348838
0.112544
0.0090835
0.0830408
0.178823
0.0031807
0
0.0914578
0.0215035
0.01347
0.0233949
0.0837315
0
0.0157588
0.0325959
0.0228052
0.00228027
0.0177379
0.0642331
0.0370437
0.0309102
0.039489
0.0310912
0.0228052
0.101186
0.0298588
0.102874
0.00580586
0.0256787
0.0255859
0.124133
0.0115866
1.62008e-005
0.000606132
0.00184218
0.19933
0.0537195
0.0717511
0.0398089
0.0895671
0.0775572
0.0774693
0.0161247
0.016709
0.00878576
0.0433666
0
0.0016876
0.112935
0.0209019
0.00387692
0.00062104
0.104176
0.0376974
0.154936
0.0078253
0.114203
0.158118
0
0
0.101408
0.00064232
0.00896193
0.0588626
0.0725888
0.0997141
0.0573101
0.0247717
0.0431803
0.0208407
0.0112826
0.0803117
0.0429483
0.000536559
0.0203648
0.00368901
0.0554218
0.0144628
0.105356
0.103363
0
0
0.0217968
0.0249539
0.0074497
0.0070138
0.000176627
0.236663
0.115717
0
0.0424069
0.124999
0.0918852
0.0221079
0.084779
0.0103147
0.123962
0.0648199
0.253048
0.0338621
0.0895349
0.0386682
0.0643318
0.0190184
0.0149488
0.0134092
0.0887243
0.0610581
0.163148
0.0319224
0.0168934
0.00853201
4.76604e-005
0.094554
0.00102931
0.0606771
0.152149
0
0.00889495
0.0280073
0.122502
0.0224565
0.000821778
0.0245719
0.0452997
0.0311722
0
0.0612306
0.0947101
0.0562583
0.10576
0.076043
0
0.0353834
0.046056
2.17635e-005
0.0310181
0.00906618
0.0725552
0.00298005
0.0180506
0.000554171
0.0242936
0.124124
0.00474038
0.139626
0.0329644
0.0305567
0.12462
0.0918428
0.00485496
0.0291255
0.0431
0.0307295
0.0528381
0.108055
0.000402145
0.0164215
0
0.153359
0.138184
0.0810344
0
0.00062104
0.0765457
0.0064138
0.000813664
0.0818377
0.000503479
0.110316
0.103223
0.156594
0.00536145
0.0117705
0.0064731
6.01581e-005
0.0128959
0.162224
0.0146771
0.0280785
0.0362738
0.0125172
0.0741847
0.0238483
0.02124
0.0217032
7.89037e-005
0.122802
0.00964186
0
0.0387622
0.00592771
0.0118289
0.0105204
0.192007
0.000402236
0.0829322
0.0381439
0.0177112
0.00729697
0.0154942
0.039938
0.000676194
0.00636562
0
0.0338636
0.0205349
2.36462e-007
0.107788
0.108859
0.0784492
0.0173233
0.00137213
0.000888146
0.035569
0.0285163
0.0453736
0.0142572
0.0952482
0.0128806
0.0146385
0.0179546
0.00341618
0.0524723
0.00154142
0.0366996
0.109022
0.0489713
0.0169793
0.0417927
0.0201812
0.102877
0.0495172
0.0583499
0.0563056
0.141558
0.0408486
0.00109969
0.0667102
0
0.0245365
0.00926412
0.120058
0
0.00468955
0.0406341
0.0952465
0.0511424
0.0543724
0.0214546
0.0346964
0.114911
0.0404457
0.077431
0.0249674
0.00566922
0.0349788
0.0133341
0.0883412
0.0513389
0
0.00123588
0.000763842
0.0735904
0.0103827
0.0789186
0.0174939
0.0536402
0.00815093
0.0632579
0.0953653
0.00149654
0.0045085
0.000769524
0.0103887
0.00262468
0.0687607
0.0554345
0.0924153
0.0598038
0.233095
0.0111525
0.00413036
0.0249323
0.0272674
0.0459648
0.0497548
0.0442188
0.00388277
0
0.0624844
0.00508326
0.00253786
0.0647814
0.122073
0.020137
0.145986
0.00840007
0.0441636
0.0244499
0
0.00851374
0.0485667
0.0291255
0.22853
0.12019
0.000683762
0.0651572
0.0309848
0.0207264
0.0339966
0.000557921
0.077174
0.0359949
0.0314784
0.00173744
0.141153
0.0116
0.00884015
0.00179146
0.139511
0
0.00614006
0.00657484
0.0309489
0.104763
0.190925
0.0751733
0.0627483
0.115468
0.0218098
0.00130676
0.015804
0.00430943
0.0188883
0.00855276
0.100285
0.00191877
0.0169944
0.00197178
0.0482824
0.00144811
0.00129362
0.00253786
0.0328226
0.0092517
0.0299109
0.000989013
0.00257125
0.00228496
0.0331997
0.0219561
0.0195195
0.128351
0.259399
0.014059
0.143883
0.0050346
0.0175947
0.0560221
0.0262966
0.00192627
0.29709
0.0471162
0.0575849
0
0.00951776
0.018664
0.0121304
0.0157234
0.0247076
0.034198
0.0314817
0.0225098
0.026258
0.0340283
0.044002
0.0737285
0.0846781
0.00419087
0.119593
0
0.129871
0.117559
0.00236906
0.0511314
0.00880224
0.112485
0.0202789
0.000366483
0.00484599
0.0244133
0.0135297
0.0672039
0.00253203
0.123227
0.00973614
0.00809053
0.0938194
0.0182289
0.0432581
0.124992
0.0019438
0.0622621
0
0.026698
0.00179996
0.0213608
0.00277292
0.171156
0.0159572
0.211932
0.0332898
0
0.0337777
0.0156336
0.0390058
0.00898183
0.00843543
0.00349605
0.027402
0.123979
0.01225
0.000337896
0.00764008
0.0522366
0.000716681
0.124515
0.0940867
0.00129581
0.00130053
0.0495074
0.0169395
0.0548928
0.0107436
0.0151627
0.00031247
0.10527
0
0.0332435
0.0295952
0.0336141
0.000709624
0.00450137
0.0198813
0.000766839
0.00561546
0.0172994
0
0.00696817
0
0.120046
0.00498304
0.0889199
0
0.0598439
0.0214097
0.00525063
0.0407431
0.00928756
0.100535
0.0153068
0.100235
0.0174053
0.0274821
0.00609374
0.217595
0.207313
0.0143944
0.00998958
0.157319
0.0247076
0.0064542
0.00379967
0.000526781
0.219622
0.0205187
0.087375
0.000503479
0.0406178
0
0.02763
0.0135448
0.0125493
0.00498418
0.0231989
0.0350372
0.0446834
0.0116199
0.0745214
0.0808363
0
0.0129551
0.00169418
0.0173331
0.100928
0.0734411
0.0577063
0.0512935
0.00114458
0.00973319
0.00064004
0.0201093
0.0144798
0
0.0282067
0.00463435
0.164503
0.0603234
0.037276
0.00606001
0.00179307
0.0257382
0.0327847
0.00490702
0.000298637
0.000642923
0.118237
0.10255
0.0125185
0.00367192
0.00174127
0.00242499
0.0231297
0.0184037
0.0455154
0.0543572
0.0035175
0.00758319
0.120806
0.00769113
0.0215631
0.0991642
0.0441941
0.0295709
0.0327131
0.0542989
0.0542989
0.020141
0.0391128
0.000813664
0.0247738
0.109218
0.112545
0.0152359
0.0129125
0.0217713
0.0227195
0.124537
0.00545574
0.0609378
0.0352198
0.0474967
0.1094
0.115218
0.00483849
0.0116253
0.0358256
0.0429699
0.00466229
0.0130481
0.000811046
0.00918754
0.104997
0.11012
0.0352778
0.00842086
0.0099312
0.0113853
0
0.0117278
0.00578506
0.0790411
0.00047857
0.0406299
0.0604301
0.00307362
0
0.00351743
0.0524403
0.00726378
6.19891e-005
0.0257472
0.00123792
0.00818645
0.102433
0.0627454
0.0728533
0.00467996
0.00125545
0.0326407
0.0437659
0.000248792
0.0191935
0
0.0561429
0.00867152
0.0112945
0.0222929
0.0976948
0.00464254
0.152917
0.0483064
0.0543572
0.00642095
0.0408076
0.00816298
0.0561148
0.0171612
0.0390789
0.00682493
0.014555
0.00340974
0.13394
0.0435604
0.00803146
0.00773131
0.0907047
0.00712462
0.00759285
0.0340897
0.0143887
0.0117707
0.00400448
0.00898751
0.027187
0.00481383
0.009247
0.0994431
0.00307412
0.00251416
0.0331448
0.13507
0.00743145
0.143833
0.00934809
0.00211653
0.0654541
0.0302391
0.00393464
0.00448825
0.119166
0.0459029
0.0662574
0.00181349
0.0926231
0.0436935
0.00255928
0.0554152
0.00100852
0.00652273
0.000560799
0.00509654
0.0376765
0.0401815
0.00281793
0.0116798
0.00128487
0.0126197
0.0215228
0.000851521
0.00653897
0
0
0.0436532
0.0127822
0.077
0.00131421
0.00268752
0.00336408
0.00254783
0.00389297
0.0141212
0.0102917
0.0126162
0.0385267
0.000645659
0.117656
0.12553
0.044339
0.01367
0.0226495
0.0263778
0.0445807
0.037512
0.143015
0.0220405
0.0221539
0.0613434
0.0326499
0.0253273
0.0273167
0.00985015
0.00277373
0.0304028
0.0130903
0.0651936
0.0108258
0.0017711
0.0365596
0.0341118
0.000928233
0.086453
0.000307033
0.0225132
0.00975532
0
0.0933241
0.00265945
0.0373425
0.0671045
0.0544195
0.0195944
0.000178328
0.0686202
0.0270194
0.0142847
0.0370121
0.0104519
0.0192718
0
0.0182318
0.000612266
0.0170203
0.00403224
2.64465e-005
0
0.0088535
0.0246242
0.124652
0.00811039
0.0214011
0.00856155
0.000200244
0.000686615
0.115494
0.004734
0.0167834
0.0242383
0.0166923
0.0420497
0.241766
0.0229045
0.025459
0.0103711
0.0103786
0.18263
0.15373
0.0458952
0.0288114
0.023269
0.000154072
0.0202376
0.069786
0.00220894
0.00841769
0.00153651
0.00513075
0.0146057
0.00376493
0.122914
0.00483857
0.0014113
0.0733673
0.0218012
0.0310516
0.0706453
0.0163645
0.00188307
0.12001
0.0113426
0.103071
0.00113852
0.0130936
0.00198391
0.00947085
0.0068437
0.00594453
0
0.000248792
0.014541
0.032869
0.00604424
0.0148631
0.0549264
0.0888313
0.0100467
0.0151228
0.000659597
0.000511341
0.0227203
0.002606
0.0220286
0.0455796
0.000224735
0.107854
0.102568
0.122272
0.0208836
0.00385802
0.00941963
0.179063
0.0727512
0.00138559
0.0107883
0.011314
0.124631
2.36462e-007
0.0435297
0.0764492
0.0315388
0.0150864
0.00740273
0.0200188
0.0518556
0.0261207
0.00316327
0.00326021
0.0281884
0.0440273
0.271764
0.00408221
0.0868471
0.029289
0.0228258
0.0136054
0.00124053
0.0105406
0.0432647
0.0108779
0.00219022
0.00640315
0.00569423
0.00792303
0.00171923
0.0422508
0.00555818
0.00675899
0.0037649
0.0506914
0.00159651
0.00358811
0.0837856
0.0174944
0.11441
0.0735159
0.00198879
0.0302827
0.0143995
0.00619951
0.116832
0.0957833
0.0418198
0.00206642
0.0391156
0.00170108
0.0525981
0.00495379
0.00142089
0.0302099
0.0296728
0.117046
0.0209654
0.0177567
0.000857064
0.0423836
0.00242006
0.00424866
0.0441234
0.041107
0.0209347
2.31796e-005
0.0784111
0.03482
0.0217785
0.00426146
0.0157139
0.0053563
0.0314058
0.0126491
0.00372121
0.0186119
0.187078
0.00727163
0.010561
0.0921508
0.0309639
0.0091871
0.047005
0.00145349
0.0017415
0.0217179
0.0563128
0.00150847
0.013934
0.0402467
0.110667
0.00031247
0.00401082
0.252814
0.0225203
0.00166611
0.161107
0.0731024
0.0409318
0.00501106
0.0167123
0.0451378
0.00466117
0.0607543
0.0141621
0.00711539
0.0344579
0
0.0411822
0.0125438
0.0027727
0.0107673
0.0148052
0.0222446
0.0243622
0.119287
0.0229623
0.120514
0.00326122
0.0500239
0.0197753
0.00128332
0
0.00636541
0.0049549
0.0103754
0.0528201
0.018969
0.00574133
0.00883182
0.0107393
0.000608375
0.00102964
0.0140609
2.31795e-005
0
0.0923535
0.0140761
0.0139441
0.0281125
0.00166392
0.0215027
0
0.000462
0.00201026
0.00172027
0.124155
0.0438764
0.00730395
0.0446102
0.00694788
0.00181953
0
0.0390789
0.0075823
0.0124728
0.103325
0.0079682
0.0148988
0.00501281
0.00343069
9.84173e-006
0.000767469
0.0195406
0.073641
0.000388235
0.0304391
0.0024179
0.0236584
0.0806509
0.0106242
0.0251321
0.0069961
0.00128492
0.0030798
0.00994749
0.0186152
0.0717436
0.0109951
0.0140699
0.0476078
0.113413
0.0334046
0.0145709
0.00516262
0.0263472
0.0149807
0.0241386
0.0113965
0
0.0338462
0.0106879
0.0107813
0.00943715
0.0392568
0.0061526
0.0328427
0.0354659
0.00619721
0
0
0.0300778
0.00120693
0.0229635
0.0121324
0.0190921
0.0232879
0.0130496
0.0939763
0.00921697
0
0.00176821
0.0256417
0.00837597
0.0620399
0.000196371
0.00317259
0.124491
0.0434152
0.0225148
0.00274601
0.0115235
0.0764492
0.00172478
0.093775
0.00700317
0.0118215
0.0204217
0.00436309
0.0388635
0.000862523
0.00378515
0.0143477
0
0.12483
0
0.0157591
0.022996
0.0343223
0.0267139
0.00464939
0.0304391
0.0126674
0.0659153
0.0174056
0.00701758
0.0113853
0.0119959
0.0196304
0.0115844
0.199568
0.092932
0.0645285
0.0339285
0.109005
0.0122228
0.00461813
0.0011036
0.0112251
0.0418935
0.00324232
0.0470857
0.00224755
0.0524798
0.121917
0.0629964
0.066753
0.0294108
0.024703
0.0933936
0.0885919
0.0294962
0.0312849
0.00997268
0.0386096
0.0240794
0.00106923
0.0782098
0.019496
0.0139829
0.0206526
0
0.00402453
0.00590948
0.0362446
0.0930613
0.0934718
0.17652
0.00819136
0.123842
0.00531631
0.00026067
0.0274286
0.000246955
0.0284201
0.0447837
0.0102524
0.0146974
0
0.0170439
0.0308595
0.00102051
0.00382969
0.0105376
0.00768761
0.124652
0.079448
0.0545219
0.00064004
0.00583102
4.29649e-006
0.0133794
0.0128177
0.00862421
0.00676652
0.0183952
0.00925365
0
0.00907026
0.0315388
0.0375681
0.000396618
0.00408378
0
0.00997971
0.00372591
0.00103476
0.00502647
0.0222278
0.107512
0.0503438
0.0506658
0.0533469
0.031813
0.0037432
0.00263298
0.00248844
0.0138079
0.0499607
0.0198858
0.123495
0.110849
0.11021
9.84172e-006
0.0134613
0.000238205
0.00836488
0.0234223
0.0269213
0.0168679
0.0156752
0.0344825
0.0603608
0.01715
0.0543076
0.00203355
0.0248454
0.00457823
0.00925906
0.0109482
0.00278841
0
0.022798
0.0536078
0.000936906
0.00422842
0
0.00811454
0
0.0151597
0.0347001
0.00690653
0.0602229
0.0897707
0.0355891
0.123069
0.0639718
0.0196812
0.0907216
0.0806667
0.00242087
0.0056909
0.00777227
0.0333058
0.0105376
0.00318771
0.010063
0.017394
0.00570478
0.0120366
0.0323451
0.0167348
0.113841
0.0177267
0.00333712
0.0261657
0.00321109
0.00549062
0.0199617
0.0240358
0.00600349
0.0107404
0.12037
0.00157807
0.0388046
0.000943912
0.037508
0.0120445
0.00443898
0.000100703
0.00357949
0.00246953
0.0858384
0.00256343
0.0242792
0
0.00666476
0.0440037
0.00331538
0.00283769
0.0439369
0.00323902
0.0773466
0.00464939
0.0104987
0
0.0159424
0.110896
0.0124003
0.0753763
0.0387399
0.0137988
0.0914004
0.0082989
0.0527541
0.0072101
0.0549359
0.00442632
0.0199679
0.0127756
0.0438743
0.0401296
0.0102113
0.0133589
0.00551972
0.0180717
0.0139972
0.0071999
0.0830226
0.0373282
0.068922
0.0865792
0
0.00933753
0.00701732
0.149488
0.0161936
0.0731769
0.00961392
0.000324059
0.0131979
0.0184439
0.00375873
0.0138749
0.0346182
0.0207359
0.0023726
0.0991603
0.00928528
0.0661154
0.00314485
0.00209158
0.0296165
0.0104414
0.0135319
0.0264499
0.0851551
0.00691266
0.124995
0.0113186
0.0851091
0.0426298
0.0205533
0.064793
4.2965e-006
0.0125546
0.0404316
0.0272088
0.0331452
0.0687464
0.0331849
0.0152159
0.0459937
0.0858593
0.000358062
0.0839425
0.0205238
0.00419686
0.0115995
0.00141675
0.10491
0.00404842
0.00158349
0.0295826
0.00608606
3.12184e-005
0.000190797
0.046011
0
0.077926
0.0129275
0.00355177
0.0538503
0.00470179
0.0126819
0.00401761
0.00387848
0.0278731
0.00196085
0.0592402
0.0374114
0.00563146
0.0325351
0.00571722
0.0119837
0.0348869
0.0910855
0.135654
0.00386337
0.00865644
0.0113499
0.102132
0.106027
0.0752018
0.000637571
0.0833673
0.172305
0.0379464
0.0156359
0.0213216
0.12415
0.00178934
0.0349722
0.00648533
0.0207131
0.0105118
0.042497
0.0518087
0.0134924
0.01456
0.0438906
0.00361278
0.0114558
0.0605193
0.0124067
0.036145
0.0103326
0.0373823
0.027964
0.0156652
0.0317013
0.00337769
0.0252676
0.0330215
0.00562492
0.0250689
0.0130388
0.005163
0.0645147
0.0446361
0.0014904
0.0485099
0.112775
0
5.45823e-005
0.12471
0.00265869
0.017555
0.00625949
0.0148541
0.0312973
0.0283848
0.0860997
0.0038691
0.0299157
0.00352391
0.0247074
0.00565911
0.0443173
0.0183349
0.00365197
0.00725874
0.00304127
0.000587338
0.0999334
0.0176439
0.00328464
0.0132961
0
0.0090672
0.0624024
0.00943604
0.011223
0.057829
0.00879619
0.00563486
0.0218995
0.0124594
0.0269573
0.0197474
0.0684653
0.00153056
0.0272096
0.106845
0.0324263
0.0324921
0.116901
0.0618316
0.0108779
0.0157608
0.0179702
0.00333395
0.0153946
0.0046643
0.2067
0
0.124367
0.122559
0.032023
0.0282588
0.0225747
0.00975999
0.0302048
0.0296725
0.0533311
0.0483386
0.0323277
0.00544084
0.00864738
0.145248
0.00971073
0.0286305
0.0392257
0.0485244
0.00475098
0.0214375
0.0107292
0.158342
0.120141
0.00687861
0.0321975
0.0938907
0.105251
0.0208069
0.00114392
0.0381591
0.034471
0.0454611
0.000323031
0.0301313
0.0357634
0.000591503
0.00844173
0.0397311
0.000933452
0.108743
0.00183945
0.0100822
0.0117475
0.159622
0.0281225
0.0150634
0.0325187
0.0355579
0.000896674
0.0901216
0.0378753
0.0323668
0.0139172
0.0193959
0.0275748
0.019014
0.0207556
0.000565615
0.0175441
0.00549607
0.0502549
0.00316882
0
0.0944396
0.110849
0.0534435
0.00528263
0.0882837
0.322502
0.00931207
0.00628426
0.00993278
0.11242
0.0160477
0.0122669
0.00274806
0.0216786
0.0052036
0.0180849
0.0296435
0.0698104
0.00451171
0.0034638
0.016347
0.0316072
0.00266419
0.0323577
0.0142932
0.0022307
0.0909851
0.0036509
0.0273493
0.0152545
0.00686979
0.000799821
0.111213
0.0245426
0.0018305
0.0939225
0.0810164
0.0262964
0.0235103
0.0107235
0.0102828
0.0483609
0.0239121
0.0126364
0.016443
0.0981352
0.0420693
0.00908396
0.0158095
0.0421193
0.000168117
0.00306915
0.0150943
0.0270777
0.043464
0.0323263
0.00207164
0.00802824
0.0144854
0.0277886
0.015243
0.00571297
0.0961087
0.124719
0.0275446
0.0217806
0.207973
0.020575
0.030718
0.108265
0.00306815
0.0230162
0.00231609
0.0145275
0.00205763
0.00215782
0.00762906
0.0148505
0.00178131
0.00471324
0.120494
0.00328738
0.000576842
0.00414138
0.0162171
0.0031755
0.00203544
0.0347516
0.0291494
0.011862
0.00187275
0.0147962
6.85407e-005
0.00850897
0.106023
0.0785753
0.00642711
0.163455
0.00678861
0.00317871
0.0369115
0.0398766
0.0364745
0.00440587
0.0150182
0.0435153
0.00644968
0.00389903
0.00332272
0
0.0100748
0.0322328
0.0407875
0.00128332
0.0146789
0.00315113
0.0211837
0.0632101
0.13041
0.0256735
0.00195859
0.00153304
0.0135471
0.00956083
0.00341072
0.00405456
0.0189124
0.0233446
0.0221998
0.0162843
0.00678967
0.0716851
0.0237153
0.0907133
0
0.0206831
0.0879503
0.00384819
0.0416278
0.105689
0.129538
0.00050118
0.00436227
0.140292
0.121372
0.0225439
0.000399626
0.0118194
0.00196286
0.0076195
0.00580016
0.069927
0.012468
0.00696048
0.0164262
0.241327
0.0427137
0.0322043
0.00663388
0.0107356
0.0143376
0.00262065
0.0231158
0.12386
0
0.00315986
0.0345695
0.0115499
0.0359064
0.000954848
0.00846194
0.0711345
0.117907
0.0997238
0.00304603
0.000495027
0.131819
0.0269165
0.0274526
0.0994362
0.0268464
0.0171532
0.039743
0.00113411
0.0137029
0.0224733
0.00588572
0.0936937
0.0403642
0.0174806
0.0197684
0
0.0540803
0.0029326
0
0
0.0180929
0.033163
0.13153
0.00251595
0.00903112
0.0106942
0.000248851
0.0176222
0.0219317
0.00581148
0.0551505
0.00900754
0.00564216
0
0.0222501
0.0245667
0.00228629
0
0.0149225
0.00118797
0.00129792
0.00457608
0.0265611
0.0312851
0.013046
0.00514295
0.027715
0.00143502
0.0096369
0.0555698
0
0.00089244
0.0131363
0.0122615
0.0192038
0.0976408
0.00197052
0
0.0177681
0.0164868
0.000965819
0
0.00424236
0.0874917
0.0304162
0.027472
0.0533759
0.0165876
0.0637999
0.0435282
0.151475
0.0190872
0
0.00753272
0.0362156
0.00201818
0.118451
0.0395652
0.00319626
0.00159489
0.00442057
0.00998646
0.0127186
0.0266184
0.00869653
0.0145828
0.00544114
0.000194848
0.0502493
0.00408929
0.0505093
0.00339298
0.00119613
0.0890562
0.00179297
0.0427666
0.0143093
0.0106114
0.00297493
0.00543562
0.0102207
0.0416188
0.0413531
0.0121801
0.0151327
0.0431775
0.0187376
0.0232986
0.00092098
0.115239
0.0626933
0.0246092
0.00199468
0.0149735
0.0685533
0.0034486
0.0205225
0.0438427
0.0156689
0.00778099
0
0.0348868
0.0309209
0.00167273
0.00222375
0.0600271
0.0102106
0.090825
0.00996886
0.000335124
0.0194744
0.045307
0.107552
0.0259758
0.0640149
0.00379702
0.0260262
0.0123976
0.000412209
0.00435698
0.0259818
0.0636919
0.026048
0.00147651
0.09342
0.0075028
0.0462016
0.000964294
0.0145279
0.0417502
0.000566199
0.00394931
0.00515696
0.00538734
0.0524162
0.0120865
0.0574064
0.00121562
0.00293726
0.0668349
0.0105626
0.00208105
0.00369945
0.082706
0.070763
0.0281627
0.0271224
0.0386533
0.0184534
0.0261946
0.00012071
0.0535588
0.100926
0.109258
0.0146178
0.0761858
0.011744
0.0338423
0.0211549
0.0990669
0.053049
0.0225785
0.12335
0.00566877
0.113661
0.0342878
0.0229574
0.000791763
0.0271716
0.0385132
0.0149541
0.10801
0.0931951
0.00054948
0.00696552
0.0158987
0.0138456
0.000564111
0.0494703
0.034058
0.023627
0
0.00517189
0.0517022
0.0373236
0.0125977
0.0122797
0.0492052
0.0128534
0.0498616
0.144473
0
0.00857544
0.0281195
0.124412
0.00655357
0.0126161
0.00590061
0.00132565
0.032777
0.00530584
0.00272184
0.00139637
0.00457081
0.0184473
0.00914784
0.031395
0.0334751
0.00135763
0.0112974
0.00982502
0.00822951
0.048684
0.000672618
0.124464
0.0808272
0.00427387
0.00504922
0.0345762
0.00541366
0.107348
0.00051502
0.00121603
0.0945612
2.36462e-007
0.01481
0.0310881
0.000890431
0
0.079283
0.00411958
0.0288864
0.0209846
0.0209846
0.00172192
0.0785522
0.0314758
0.0454949
0.0152011
0.0155772
0.0354994
0.0536073
0.0850562
0.0360335
0.163431
0.000770142
0.0472207
0.000702264
0.028701
0.012139
0.0118586
0.0881535
2.31502e-009
0.0973261
0.00212304
0.110561
0.00143413
0.102006
0.0229921
0.0483609
0
0.0720083
0.0269487
0
0.0402013
0.0113129
0.0340869
0.00232807
0.000304687
0.0753703
0.0294294
0.00688296
0.0148125
0.0252434
0.00034378
0.0881639
0
0.0135077
0.00483044
0.00354846
0.0129467
0.0429588
0.0698447
0.00449506
0.0155652
0.0146915
0.0294862
0.000973214
0.0317085
0.00904493
9.55145e-005
0.0125501
0.00109665
0.00900021
0.00318088
0.0380091
0
0.0505595
0.00150943
0.0398209
0.0260873
0.0121241
0.00788112
0.0013107
0.0118691
0.0100118
0.0617181
0.0830266
0.00388292
0.0230673
0.0239593
0.000744965
0.00767232
0.03985
0.0268381
0.118478
0.0408875
0.0287048
0.015
0.114426
0.0934903
0.00202937
0.114277
0.0719376
0.0605771
0
0.0511347
0.00328839
0.0772021
0.0214711
0.0346716
0.0779286
0.00272111
0.0144911
0.0105671
0.00200468
0.0120695
0.0277743
0.221553
0.0911129
0.0128125
0.0401499
0.0258865
0.0355617
0.00785703
0.0325984
0.00281064
0.0388
0.022913
0.017924
0.00585122
0.00293482
0.00348911
0.05635
0.0216171
0.0514113
0.00396968
0.102767
0.0175178
0.00296757
0.109198
0.105703
0.00196556
0.00264153
0.00723833
0.0753833
0
0.0335611
0.0102332
0
0.012006
0.00537189
0.00713392
0.00662836
0.0516131
0.0893825
0.0138006
0.000392897
0.120543
0.139508
0.0711888
0.030258
0.0335469
0.123355
0.0131143
0.0234743
0.0351932
0.00183232
0.0603883
0.0122144
0.0206515
0.0314797
0.029226
0.0164225
0.0147103
0.00211495
0.00240578
0.0498306
0.000217596
0.0160571
0.0750167
0.00313102
0.0036445
0.0281236
0.00381968
0.0202268
0.0015736
0.0104555
0.0898881
0.0112272
0.0776633
0.00708799
0
0.105878
0.110652
0.00835484
0.0157785
3.43117e-005
0.00477193
0.0172551
0
0.0234446
0.0810937
0.00662518
0.0740535
0
0.00666476
0.017995
0.0397662
0.0111119
0.0245169
0.00498783
0.0841352
0.0197558
0.0837913
0.0906954
0.00899197
0.0116585
0.0471565
0.108719
0.0452125
0.00337079
0.047334
0.0021064
0.0793586
0.000329861
0.000615831
0.080175
0.0372643
0.0928439
0
0.00492068
0.00405373
0.00245982
0.111612
0.0159918
0.00870126
0.00820681
0.11839
0.011844
0.0474478
0.0673411
0.0809583
0.0775808
0.00085799
0.116036
0.0433775
0.0221111
0.00222887
0.0354224
0.113866
0.138511
0.0149959
0.0128289
0.106827
0.000208757
0.0911364
0.0579551
0.0879484
0.0111119
0.0818459
0.0024002
0.0552328
0.0145877
0.123113
0.0236288
0.0136133
0.0942503
0.0231393
0.0544628
0.00408625
0.00499631
0.0232748
0.00809758
0.00266531
0.11409
0.00292004
0.0102697
0.00156324
0.00291772
0.0986664
0.0690941
0.122304
0.00661425
0.0247951
0.101759
0.0612487
0.0774128
0.111575
0.00545907
0.0607179
0.0348611
0.0325
0.0719896
0.000194847
0.0144111
0.00191294
0.0271307
0.00386291
0.106367
0.00668348
0.0245619
0.078212
0.0377419
0.0303318
0.0596066
0.0111044
0.0227501
0.0501918
0.0167058
4.78199e-005
0.0565879
0.0306183
0.0115448
0.0115397
0.0172288
0.0877731
0.110319
0.0094198
0.10667
0.016425
0.0272568
0.0143156
0.0265208
0.0546927
0.0820136
0.00120833
0.00120582
0.124445
0.00836206
0.0263397
0.0413966
0.000500452
0.00493427
0.0482685
0.0212908
0.00549623
0.109328
0.134078
0.0271163
0.0100848
0.000555591
0.0153566
0.0409917
0.00399093
0.00443433
0.023182
0.00384895
0.0205233
0.0192475
0.0331441
0.017552
0.0121069
0.121113
0.0398264
0.00413961
0.0902523
0.0609583
0.00392356
0.000335297
0
0.022193
0.0532472
0.112876
0.00549775
0.121592
0.00440051
0.0355958
0.0241934
0.0817846
0.00306418
0.0398368
0.0293636
0.00199335
0.0424007
0.124388
0.0426335
0.0455979
0.00286958
0.023966
0.00112429
0.0187124
0.0575066
0.0144638
0
0.00979652
0.038331
0.00994103
0.000350614
0.0105846
0.0224164
2.31489e-009
0.028588
0.00775921
0.0293556
0.124758
0.00216366
0.0360069
0.0104437
0.0265183
0.0315517
0.0283431
5.00215e-005
0.0233904
0.12584
2.31523e-009
0.00298327
0.000511184
0.0495411
0.00234758
0.020353
0.109961
0.00671806
0.00624152
0
0.0582815
0.0483591
0.0613871
0.0650985
0.0151815
0.0197559
0.00764728
0.0595712
0.0141589
0.0123581
0.0099902
0.00395102
0.0671769
0.0621488
0.00908721
0.0342569
0.00455761
0.0243505
0.000237846
0.113918
0.0173299
0.0341225
0.123528
0.00610856
0.0396617
0.0257731
0.014475
0.0107557
0.00236505
0.0478397
0.0257034
0.00489803
0.00606793
0.0225218
0.00367241
0.00984449
0.0106634
0.0130325
0.00259079
0.00788539
0.0136918
0.0552493
0.0135845
0.00766393
0.0180187
0.0304186
0.00175877
0.0044271
0.124345
0.023681
0.235026
0.0162165
0.0140682
0.0869088
0.00918544
0.0143356
0.0207478
0.00543758
0.0583242
0.021078
0.0173778
0.00653526
0.00702463
0.00904493
0.0426384
0.124761
0.00643143
0.0346446
0.00698232
0.0492797
0.00116929
0.00192864
0.00325737
0.0807592
0.0083627
0.0144248
0.00726991
0.00025741
0.0150572
0.0051087
0.0598156
0
0.00195862
0.00904783
0.0145554
0.00657584
0.0319723
0
0.0462601
0.00276221
0.0757944
0.177306
0.012225
0.0957125
0.0487924
0.0166082
0.00256903
0.00655493
0.107306
0.00146404
0.0348576
0.0153632
0.0545932
0.0324355
0.016178
0.124898
0.0589228
0.0338048
0.00785951
0.00246257
0.0108796
0.0199607
0.0124531
0.000112502
0.00350373
0.00393933
0.026584
0.00366421
0.0255323
0.0810731
0.0123484
0.000543576
0.055497
0.00130972
0.00627891
0.0145556
0.0754141
0.00441784
0.0183063
0.0307474
0.0305382
0.0198234
0.0155715
0.0174805
0.00994423
0.00128433
0.0355121
0.00380045
0.00556384
0.0134896
0.00594196
0.000417172
0.000301094
0.0152333
0.0445066
0.0443903
0.0231414
0.00987437
0.0130901
0.00573881
0.00140775
0.00478364
0.0514241
0.0558783
0.0352218
0.00565797
0.00130406
0.0113106
0.00125797
0.0272609
0.0755864
0.0330839
0.0035533
0.104578
0.0292451
0.0399024
0.00498782
0.122884
0.145767
0.00137788
0.120663
0.0212442
0.10776
0.0474478
0.0270807
0.02584
0.000838049
0.049113
0.00475711
0.00186649
0.00436688
0.0356538
0.0122494
0.0512759
0.00652759
5.64316e-005
0.00783948
0.00394053
0.00048332
0.0135335
0.0110637
0.0775732
0.0487793
0.0844929
0.0871591
0.00420869
0.0617772
0.0279817
0.0419308
0.106822
0.0192576
0.00422464
0.083589
0.108681
0.0733873
0.0588297
0.0120153
0.00117211
0.0336968
0.0362222
0.0382794
0.0286576
0.000889628
0.0124488
0.00207255
0.0392234
0.00414285
0.0931464
0.00136846
0.00325857
0.00171105
0.103918
0.0278607
0.00311503
0.0043918
0.0909362
0.0118467
0.00143136
0.10922
0.00781186
0.00206725
0.0207649
0.0741413
0.0044937
0.073421
0.0344856
0.0731295
0.0101652
0.0679145
0.0634477
0.0798596
0.0047567
0.0430311
0.000241902
0.0184351
0.242201
0.000505217
0.00139446
0.00348757
0.0157166
0.0479486
0.0460528
5.64316e-005
0.0250326
0.00717101
0.000658823
0.00124101
0.101544
0.00108663
0.0173938
0.0434953
0.00478069
0.0188706
0.0118051
0.0166707
0.00215208
0.014141
0.0108841
0.124758
0.0217503
0.0119889
0.00640203
0.0691422
0.122177
0.0723954
0.0204139
0.00362549
0.0988023
0.0374237
0.000954848
0.0131621
0.0531764
0.105403
0.0917184
0.032359
0.00508088
0.000974634
0.056011
0.0579656
0.00648738
0.0415842
0.00471693
0.00161121
0.115194
0.0324576
0.027788
0.0291915
0.0156348
0.00133224
0.0216065
0.0294841
0.021604
0.000139276
0.0792743
0.0717209
0.00842529
0.00110897
0.0851339
0.00590735
0.0628093
0.0438875
0.00619588
0.0262845
0.00203012
0.029841
0.000787171
0.0234652
0.0387
0.00236177
0.0252225
0.091056
0.0183918
0.0263876
0.0145432
0.000507987
0.0206439
0.000566199
0.00613413
0.0303582
0.0656975
0.00716605
0.00395053
0.0567723
0.0284637
0.0250326
0.0102507
0.0153526
0.0600366
0.0915551
0.0702644
0.000735987
0.0117941
0.0057388
0.0167241
0.00344315
0.00208471
0.179952
0.0202888
0.123279
0.00951175
0.107457
0.00022073
0.0508849
0.00180725
0.105469
0.0336773
0.0821516
0.0386658
0.00140608
0.00163544
0.134261
0.0378721
0.0422927
0.0515182
0.00974994
0.0190644
0.048705
0.00277832
0.096778
0.101977
0.0132388
0.0102409
0.00474373
0.00163246
0.00985837
0.032097
0.030477
0.0428775
0.000534457
0.103285
0.0460466
0.0877131
0.00614972
0.0397466
0.0128992
0.0113227
0.0800863
0.0146249
0.0251924
0.0152748
7.15468e-005
0.0238142
0.0275501
0.00282287
0.0186362
0.00408825
0.00291548
0.0206235
0.0186415
0
0.00559306
0.077325
0.0272151
0.0324069
0.0053383
0.00139446
0.092303
0.137553
0.142266
0.00546042
0.0502523
0.0429581
0.00277713
0.080684
0.0206114
0.000181099
0.0148992
5.45823e-005
0.0777984
0.0627857
0
0.0241453
0.0133766
0.114622
0.0332045
0.0029229
0.0355909
0.0912131
0.00566535
0.080994
0.0144904
0.003004
0.106936
0.0166357
0.112773
0.0473003
0.0251056
0.0176284
0.0702277
0.0614882
0.0169854
0.0282243
0.0347675
0.0433842
0.00173928
0.00618716
0.025632
0.000493356
4.25169e-005
0.025349
0.0845041
0.0100965
0.000317306
0.0314241
0.0325452
0.0431896
0.0127929
0.0359984
0.0518291
0.00459788
0.00308783
0.0915014
0.0147661
0.00681629
0.271226
0.00129723
0.0294521
0.0355305
0.0134541
0.00899901
0.00422547
0.00488472
0.0547691
0.113396
0.0387303
0.0218397
0.000208757
0.0277952
0.0483096
0.00433525
0
0.0434718
0.000708298
0.0591986
0.0715161
0
0.00180725
0.00180039
0.121539
0.0607755
0.00260587
0.0163903
0.102978
0.00149543
0.0484444
0.0407722
0.112453
0.0097846
0.00273479
0.0784902
0.0287403
0.0231992
0.00571199
7.56708e-008
0.0245846
0.0862812
0.0135068
0.00469974
0.000744019
0.0286234
0.0187216
0.0319294
0.0814258
0.0322178
0.0309378
0.00180905
0.0221869
0.00375304
0.0212352
0.114086
0.0536662
0.000535564
0.00368786
0.00148992
0.00111427
0.00212927
0.0133766
0.0481339
0.00365102
0.0412097
0.00841398
0.0371686
0.0648846
0.0104645
0.0111839
0.0277681
0.00879035
0.0053943
0.028645
0.113379
0.020034
0.0138253
0.00520728
0.0296853
0.0321921
0.0282039
0.00409487
0.0246959
0.0139964
0.00287824
0.0204076
0.124469
0.00958273
0.00419761
0.0397703
0.0048066
0
0.121666
0.0520057
0.000521457
0.000246204
0.0238774
0.0428772
0.0200435
0.00151602
0.0375274
0.0175864
0.0168028
0.0644096
0.000970605
0.00250115
0.00775252
0.0744179
0.0843301
0.0218442
0.0246112
0.0446943
0.0944899
0.124995
0.0192905
0.023496
0.122923
0.024222
0.0580417
0.0353535
0.0291327
0.123626
0.00025365
0.0635497
0.15839
0.0109192
0.0393718
0.0717345
0.0013177
0.0381293
0.0550715
0.111267
0.0310811
0.0024418
0.0138998
0.0528888
0.071457
0.0354913
0.135967
0.0203116
0.0344736
0.00383993
0.00944508
0.0645927
0.119011
0.001183
0.00291704
0.00104251
0.0026172
0.00777748
0.124543
0.208329
0.0186073
0.0768121
0.00759471
0.0165258
0.0406897
0.13865
0.125405
0.00464085
0.0262147
0.0823241
0.00308674
0.0191201
0.0263355
0.119465
8.07931e-005
0.0146557
0.104868
0.0805679
0.00230172
0.0212138
0.0115416
0.00982603
0.0120976
0.00586945
0.11811
0.0162712
0.105403
0.0442479
0.00122867
0.00470492
0.0448084
0.0108088
0.0279496
0.0124349
0.0144023
0.0317463
0.0344019
0.0151879
0.0303462
0.0729416
0.0034257
0.0205521
0.13934
0.0256739
0.0267391
0.0183916
0.0634353
0.0659774
0.0123802
0.00999398
0.033481
0.00215858
0.00651534
0.00182293
0.00542785
0.0178444
0.00901353
0.12477
0.0155484
0.00728498
0.108565
0.0144258
0.0265071
0.00519189
0.0400153
0.115146
0.0115874
0.0233665
0.124585
0.182491
8.21366e-005
0.0322409
0.0794809
0.0119807
0.0232685
0.0274236
0.025171
0.00033306
0.0980861
0.024477
0.092825
0.00269486
0.0997892
0.0146249
0.0396433
0.0453331
0.009057
0.00196248
0.00523723
0.00551097
0.0619376
0.000893178
0.0250927
0.0526775
0.0106427
0.0274606
0.0138989
0.00194464
0.00163752
0.00220867
0.000861466
0.173714
0.189383
0.00287715
0.0100353
0.00379529
0.0706388
0.00120391
0.0788813
0.0124227
0.00576944
0.0254257
0.124248
0.0142427
0.0271421
0.0859684
0.110559
0.107225
0.00961472
0.00733102
0.000979396
0.0122393
0.0130364
0.0239023
0.025289
0.0285003
0.0192995
0.0153849
0.0780474
0.000820062
0.00124096
0.0110913
0.0398616
0.0435937
0.0387111
0.0101432
0.0528425
0.00306468
0.0512587
0.038911
0.00446257
0.06152
0.0186478
0.00908477
0.00180516
0.032387
0.0272723
0.12492
0.00462257
0.00508907
0.0667908
0.000238205
0.0668265
0.0151899
0.00230864
6.71546e-011
0.00255233
0.00567555
0.0155826
0.0281039
0.0730476
0.00766348
0.0844987
0.0171231
0.00228881
0.004503
0.00283103
0.0309338
0.00702461
0.0132764
0.0956997
0.0115151
0.00200567
0.00798396
0.00791198
0.142594
0.00957003
0.000545453
0.00578417
0.0634934
0.0041526
0.00383041
0.0205764
0.00694723
0.0321926
0.0714557
0.00377682
0.0169124
0.0145501
0.0258827
0.00773579
0.00341118
0.00735564
0.00936538
0.0178529
0.110806
0.0983636
0.00291479
0.00282707
0.0105114
0.113106
0.0370214
0.0474307
0.0366672
0.00475372
0.0155387
0.00518864
0.0410288
0.0687165
0.0186178
0.0631084
0.0266195
0.00282353
0.00446114
0.0805426
0.112209
0.0582938
0
0.118625
0.00784535
0.0412034
0.0290603
0.00258273
0.0469688
0.0472708
0.00333902
0.0045413
0.0351465
0.0519234
0.0242301
0.00162327
0.0602643
0.0325479
0.0258732
0.040092
0.082009
0.106913
0.0123242
0.0130348
0.00609237
0.00683147
0.0180851
0.0129043
0.0244979
0.0144077
0.0818743
0.0679048
0.0566198
0.0172545
0.00016205
0.0245324
0.00242641
0.0433298
0.00175738
0.00971292
0.0174097
0.00632805
0.0215923
0.0665542
0.0274262
0.0065619
0.00958151
0.000228846
0.00400745
0.0123722
0.108005
0.0143624
0.0152401
0.0514364
0.0206289
0.00788204
0.0664537
0.0566424
0.0738665
0.0544489
0.0466338
0.00303354
0.00440166
0
0.00223457
0.0299917
0.0928394
0.0266541
0.0101054
0.0705739
0.0435311
0.0576155
0.0164071
0.00841423
0.00348168
0.0229609
0.0113097
0.00103605
0.0190034
0.0120993
0.0105349
0.0946523
0.0620218
0.0558348
0.00300468
0.000787136
0.0624586
0.0338319
0.0246466
0.00249978
0.0122826
0.00787851
0.0233968
0.0858189
0.0379255
0.0210111
0.0276344
0.0292201
0.0160955
0.0245303
0.00322932
0.050393
0.00411752
0.0290696
0.106975
0.00714036
0.00327689
0.0206853
0.031622
0.017052
0.0105528
0.00276085
0.0328237
0.00993144
0.0916642
0.0841959
0.123109
8.792e-007
0.116397
0.128072
0.0511645
0.0105141
0.111837
0.0625187
0.0959478
0.043302
0.00130554
0.00293185
0.0653342
0.00408985
0.0294955
0.0233912
0.0285259
0.0292341
0.0085797
0.0016087
0.00143539
0.123567
0.118318
0.00287029
0.00407816
0
0
0.0100382
0.0166801
0.0149669
0.0150572
0.0907093
0.00663465
0.0141314
0.0227575
0.0194154
0.0057131
0.00414706
0.0836309
0.00743391
0.0100616
0.0127102
0.0219556
0.0204336
0.0168302
0.122686
0.0607695
0.043157
0.00677338
0.00935388
0.0329567
0.00385963
0.00752434
0.0530646
0.0549187
0.0329131
0.00115379
0.00135966
0.0293148
0.00966558
0.00726185
0.0260198
0.00976501
0.0300929
0.0127738
0.0422139
0.00856402
0.0515546
0.0022949
0.00128834
0.0229323
0.00635359
0
0.00898117
0.0226647
0.0174052
0.00616292
0.103285
0.00504418
0.0726428
0.0789619
0.035725
0.0171886
0.0711116
0.146791
0.00535143
0.00667556
0.0904132
0.0159568
0.01045
0
0.0514558
0.0222659
0.00112431
0.0565312
0.0327655
0.0370323
0.00134888
0.1283
0.00280304
0.0133812
0.00369218
0.0596842
0.0370772
0.0858663
0.00319518
0.0131048
0.0544434
0.0217507
0.0222329
0.0214905
0.0164028
0.0039657
0.00184005
0.00117822
0.00577393
0.0215873
0.0296058
0.0200549
0
0.0836833
0.0127601
0.00219143
0.0136039
0.0045155
0.0346566
0.00171753
0.0228954
0.0404082
0.000811878
0.0126263
0.0542808
0.000608522
0.0475046
0.0152012
0.0240442
0.0755011
0
0.00342485
0.0892992
0.00734672
0.0824895
0.0905412
0.000473341
0.00733841
0.0386464
0.142983
0.165172
0.000473336
0.0138249
0.0684565
0.00271347
0.0113754
0.000790346
0.000171326
0.00356178
0.102116
0.0601921
0.0372495
0.0297853
0.0140639
0.0228848
0.0709521
0.0311352
0.00664887
0.0149525
0.00538027
0.0923694
0.0670759
0.0634689
0.0741878
0.0281059
0.0559017
0.0244544
0.00524049
0.0851644
0.121118
0.0373568
0.069766
0.00167919
0.00108896
0.00808387
0
0.108024
0.0781616
0.0490321
0.0430819
0.0465587
0.0415545
0.00766254
0.0613816
0.00907536
0.0764666
0.0743176
0.0745246
0.0333601
0.0431514
0.0117699
0.028765
0.000366756
0.0883005
0.000402439
0.000693869
0.0129012
0.0906716
0.0329901
0.00435778
0.00907364
0.0183964
0.023545
0.00464711
0.077269
0.000151201
0.000330208
0.00684812
0.00193481
0.0420721
0.00133199
0.0326047
0.0383209
0.0123112
0.0237256
0.012419
0.0212435
0.00366299
0.0322352
0.00216178
0.0243182
0.0113908
0.0383165
0.00649898
0.109333
0.00223356
0.0193814
0.00147288
0.0138185
0.0169485
0.106822
0.024873
0.00964624
0.022037
0.0180462
0.000429254
0.00755182
0.0259022
0.0356592
0.0114242
0.0934248
0.0286568
0.00721816
0.101333
0
0.0180065
0.0251355
0.000532695
0.000298473
0.088282
0.0099902
0.0215826
0.0249033
0
0.0140617
0
0.00198056
0.00834403
0.00654812
0.00742263
0.0183675
0.00203222
0.00579933
0.00578233
0.0133182
0.000546095
0.0459978
0.0706107
0.00407641
0.0054434
0.0114177
0.06196
0.000155635
0.00846988
0.00918248
0.010998
0.0255554
0.0207758
0.00668858
0.101161
0.000716051
0.000318679
0.0571716
0.00283889
0.00580297
0.0160632
0.00692517
0.00271213
0.0731056
0.00470075
0.0125845
0.0400934
0.0572165
0.00559006
0.00641338
0
0.165456
0.0463956
0
0.00492271
0.0262959
0.00438111
0.0354759
0.0391869
0.0397892
0.0525816
0.0079774
0.0326699
0.0204284
0.0633325
0.034892
0.0330382
0.0513935
0.0107766
0.000165614
0.0057228
0.140502
0.0308454
0.0131142
0.0142114
0.0229408
0.0962319
0.00455329
0.00213975
0.0848071
0.148243
0.0588081
0.104855
0.00215356
0.00141635
0.0153685
0.0698265
0.06958
0.000567649
0.0382107
0.124277
0.0828793
0.208784
0.00676957
0.00115428
0.0161914
0.0109061
0.0836434
0.00326384
0.0255029
0.105735
0.00135795
0.0164686
0.00552819
0.0973193
0.0534128
0.101614
0.00194705
0.00857223
0.187539
0.0208769
0.0283819
0.0263482
0.09395
0.0769001
0.00136976
0.00664288
0.00120055
0.0807821
0.0295734
0.0152071
0.0699679
0.0527063
0.014626
0.0578346
0.0575297
0.0322933
0.0376871
0.0274726
0.0360956
0.12112
0.00709508
0.0028334
0.0024555
0.122879
0.0469091
0.021795
0.00341115
0.0667471
0
0.0434085
0.049069
0.0256798
0.0175346
0.00715957
0.00795711
0.00555328
0.00105541
0.0159167
0.00623472
0.00390024
0.0350414
0.00196682
0.0150679
0.0315021
0.137517
0.0749275
0.0361915
0.00539411
0.00727521
0.0547557
0.00171077
0.000494802
0.00070982
0.00425551
0.106743
0.0157982
0.0424661
0.0141643
0.0347457
0.000817489
0.00250769
0.0311475
0.0125031
0.0584181
0.0114018
0.00366202
0.00603349
0.00106174
0.0196859
0.050654
0.0294352
0.109478
0.0276243
0.0200317
0.006002
0.00643542
0.0157708
0.0767344
0.0183789
0.000608389
0.0119272
0.013797
0.0129851
0.011217
0.0540299
0.00919881
0.0613649
0.0588957
0.0418392
0.0859248
0.0052556
0.0165817
0.0179123
0.0967911
0
0.00471165
0.0723233
0.105349
0.0147775
0.108922
0.031683
0.00265421
0.00813233
0.00504376
0.0914531
0.0897733
0.0330854
0.0397605
0.0477282
0.0403116
0.0283822
0.00389648
0.00530815
0.104258
0.000329714
0.0191104
0.123473
0.117986
0.0347033
0.0226595
0.0561569
0.0906578
0.0128783
0.0192282
0.0594091
0.0405991
0.00336194
0.0566268
0.0537478
0.0254599
0.0107787
0.0803893
0.0297187
0.0506076
0.0205901
0.054309
0.0272795
0.0496893
0.025491
0
0.0269645
0.0260969
0.028235
0.00398624
0.0770813
0.015899
0.00143441
0.00264644
0.0150972
0.00453586
0.00323201
0.0836198
0.0830599
0.000587327
0.0510699
0.00324792
0.077897
0.000210233
0.00644024
0.0294486
0.00101978
0.0018637
0.0125437
0.11031
0
0.000580669
0.00936803
0.0301464
0.0387781
0.0850297
0.0249716
0.00564487
0.00175125
0.00214733
0.00708041
0.0315987
0.059567
0.0919887
0.0666533
0.00899459
0.00085659
0.028353
0.000196955
0.00546348
0.0598154
0.0295423
0.0062779
0.0964403
0.0958939
0.00362086
0.00160532
0.110278
0.0422164
0.0335156
0.0555313
0.114185
0.000431986
0.00124668
0.0204782
0.0433081
0.0157282
0.00172816
0.0187788
0.0619037
0.0397534
0.0231159
0.0383289
0.00767298
0.0338545
0.019274
0.00561982
0.000975408
0.0139542
0.0115335
0.0603855
0.0329295
0.114068
0.0484777
0.0540007
0.0553444
0.0101812
0.0441742
0.00939019
0.000139276
0.00161146
0.00296912
0.0423097
0.0203994
0.015164
0.00994582
0.142268
0
0.0515961
0.02804
0.0994488
0.0476202
0.0283846
0.0372591
0.00842013
0.0352226
0.07252
0.0883778
0.0191066
0.105064
0.00204075
0.0270902
0.0342065
0.0342073
0
0.00714914
0.000488968
0.0281544
0.105436
0.141499
0.0558008
0.0283847
0.0179964
0.00615201
0.00372775
0.0225734
0.0345498
0.00211406
0.068275
0.0217809
0.00414202
0.0104535
0.0305571
0.0435169
0.0030297
0.0382501
0.00700969
0.0574973
0.0164565
0.0158184
0.0083835
0.0174842
0.0216551
0.0174251
0.00683593
0.00459234
0.00112531
0.00179847
0.0175436
0.0274959
0.00403739
0.019846
0.0114434
0.00247317
0.00957087
0.0539986
0.0544448
0.0245981
0.00229743
0.013039
0.0691621
0.00718443
0.00521773
0.0135279
0.000163238
0.035855
0.0420489
0.00309323
0.00770864
0.00342678
0.121396
0.0294912
0.0065954
0.0265903
0.00451309
0.0199255
0.0126149
0.0167974
0.0370774
0.0221203
0.0331085
0.0380369
0.059992
0.0853043
0.0102565
0.0236773
0.00723517
0.0987979
0.0058063
0.0057961
0.0100343
0.0886672
0.0606937
0.0639127
0.120462
0.00215988
0.0491072
0
0.051595
0.0089845
0.0160689
0.00477803
0.0105232
0.000772526
0.0492029
0.0259136
0.071276
0.0762728
0.0107613
0.0425734
0.0647243
0.041134
0.0543592
0.0311886
0.00223922
0.000831414
0.0124881
0.0299525
0.00269296
0.00445425
0.00990511
0.00807101
0.0051861
0.000472426
0.0310007
0.0184326
0.0196411
0.0501312
0.00244059
0.00222653
0.0531782
0.103785
0.00236497
0.00114513
0.0719788
0.0110913
0.109495
0.116448
0.0132861
0
0.0148903
0.00145962
0.080089
0.0220753
0.0072521
0.0308848
0.0088436
0.0200226
0.0097255
0.0498232
0.044086
0.00890816
0.0644438
0.01938
0.00601472
0.100136
0.054985
0.00144655
0.105218
0.0019563
0.0180943
0.00428465
0.0202189
0.123368
0.123091
0.111516
0.0026374
0.0047236
0.00389216
0.0076251
0.00289357
0.117346
0.0291582
0.0261891
0.0165443
0.000508776
0.0234259
0.00227453
0.0259793
0.0162521
0.0228098
0.00392501
0.0350812
0.000172226
0.0102592
0.0053682
0.0179109
0.00216223
0.0381859
0.0738585
0.0716274
0.030567
0.0154833
0.00148947
0.053214
0.00206379
0.054966
0.0565508
0.0184584
0.00387046
0.0506092
0.0648727
0.0856587
0.105361
0.0378244
0.0946478
0.0141696
0.0174686
0.034159
0.0408354
0.0333155
0.00347328
0.0570978
0.0793156
0.00617817
0.00102359
0.0398948
0.0721933
0.000806452
0.0127698
0.0131217
0.0137422
0.0606384
0.112723
0.00772365
0.00462783
0.027196
0.0804433
0.0787913
0.0028202
0.0759021
0.0406169
0.0528684
0.0841985
0.0656707
0.00963955
5.00048e-005
0.0318345
0.00354629
0.0037681
0.064459
0.16279
0.0939571
0.0175106
0.0114232
0.00874461
0.00190467
0.124859
0.00564213
0.0501015
0.0688746
0.0451119
0.0100362
0.0270237
0.00445606
0.0447379
0.0242088
0.0115574
0.0451349
0.02275
0.00629527
0.0417563
0.0283699
0.0151445
0.0101461
0.027265
0.00377862
0.00527209
0.0829165
0.0587649
0.0398511
0.00836407
0.00363194
0.0205716
0.00997843
0.0298862
0.111493
0.067294
0.0240303
0.00637551
0.0206788
0.02162
0.00220497
0.00263563
0.0417802
0.00275532
0.00468342
0.0462746
0.0567336
0.0201013
0.00598576
0.013395
0.0762518
0.00771999
0.0046524
0.00361902
0.00645266
0.0034337
0.00408176
0.00377117
0.00458842
0.000943084
0.0127491
0.0231215
0.0571667
0.0110314
0.12492
0.00591893
0.00420149
0.00208115
0.0453946
0.0317234
0.0279957
0.00961275
0.0014353
0.013148
0.0175491
0.00139931
0.00747099
0.0583881
0.00631596
0.17415
0.063821
0.0415398
0.0781863
0.0643258
0.0523469
0.0284856
0.0493226
0.0298837
0.00225127
0.0517553
0.00675743
0.020321
0.101438
0.0648866
0.0306098
0.0073796
0.0678908
0.00783975
0.119594
0.00063333
0.0400869
0.0167667
0.00447565
0.00424578
0.0248665
0.00529797
0.075707
0.0100199
0.00392669
0.0469812
0.030151
0.00475666
0.0223512
0.0105117
0.00410819
0.0442305
0.0423749
0.0277842
0.0251412
0.0335972
0.0166572
0.0843725
0.134647
0.0176232
0.0993553
0.0434907
0.00863325
0.00320954
0.0144384
0.00266933
0.0238137
0.0257073
0.0101627
0.143043
0.00741838
0.170532
0.0132791
0.00257231
0.124932
0.00155109
0.00691968
0.00351554
0.0439513
0.000678552
0.0236508
0.00214188
0.0658426
0.00384732
0.00291449
0.1014
0.0603832
0.0524951
0.0503373
0.0413201
0.0434892
0.00168547
0.000114174
0.0147349
0.0129279
0.0586296
0.0271839
0.00427936
0.0291434
0.00217596
0.0793577
0.0120271
0.0311142
0.0214119
0.0123151
0.00339055
0.0158487
0.0646875
0.00146
0.0100194
0.00619413
0.0014117
0.0236688
0.0175065
0.122667
0.0580506
0.0317352
0.00460037
0.000978615
0.0221097
0.00772601
0.00180219
0.00104151
0.00295706
0.0199546
0.0246785
0.0575526
0.0454284
0.00254621
0.00149331
0.0797233
0.0922746
0.0116366
0.0212428
0.0065798
0.00380154
0.00619072
0.00126704
0.0104903
0.0064375
0.00333192
0.00256207
0.0307413
0.0849252
0.00115004
0.0430414
0.00173799
0.0718565
0.11667
0.00180923
0.0351281
0.027857
0.0199017
0.00293894
0.00127729
0.0164499
0.0466243
0.00445642
0.064968
0.0569738
0.046889
0.0363505
0.0124627
0.012518
0.0154696
0.0440593
0.137749
0.00213471
0.0550776
0.0077187
0.000525214
0.0221193
0.000845371
0.0671404
0.010589
0.00183981
0.0616498
0.0518649
0.0183445
3.84995e-005
0.0666141
0.0362432
0.00905322
0.0509036
0.0835096
0.13714
0.172183
0.00563755
0.0439032
0.0540256
0.032338
0.0855022
0.0820669
0.0558254
0.0587831
0.0231181
0.0268161
0.0171917
0.00208882
0.013333
0.00313435
0.0790757
0.105823
0.0252191
0.0139678
0.0186468
0.000995929
0.095881
0.092732
0.00575522
0.00342589
0.00221795
0.0347888
0.0369505
0.0659872
0.00338386
0.00177226
0.0802492
0.0636629
0.0403979
0.0205999
0.00172228
0.094821
9.09163e-005
0.0232098
0.00270831
0.0222476
0.000312256
0.0231858
0.041558
0.000164044
0.000377745
0.220596
0.18461
0.0105519
0.0629267
0.00189644
0.16425
0.0154205
0.0155539
0.168831
0.0157732
0.0777774
0.119426
0.0542239
0.0340911
0.00900417
0.0387847
0.110163
0.0175022
0.0682642
0.0732242
0.0570673
0.00138159
0.122301
0.0256447
0.00950239
0.0410279
0.0821578
0.124963
0.040806
0.00203773
0.003948
0.0195495
0.00386034
0.0218712
0.0352874
0.06408
0.000430006
0.0209949
0.000730489
0.0215675
0.0597824
0.0128073
0.00636699
0.0267126
0.00135882
0.00803168
0.0122046
0.0462057
0.215802
0.0108227
0.0488256
0.0756598
0.00137948
0.00160451
0.00546869
0.00259004
0.00344055
0.00559566
0.0023017
0.00122288
0.0227254
0.00394631
2.75523e-005
0.0156362
0.0283864
0.0264727
0.0308628
0.0539856
0.0261947
0
0.00251802
0.0875573
0.0357876
0.0326297
0.00444512
0.0764386
0.00839849
0.00278347
0.02365
0.0408532
0.0052997
0.00261215
0.128585
0.122666
0.00395516
0.0909314
0.0801793
0.0643632
0.00175452
0.109432
0.0319803
0.0038413
0.0235867
0
0.0428706
0.0320057
0.0430742
0.00683395
0.0516283
0.0830069
0.00192222
0.00164788
0.0420296
0.037185
0.111682
0.0420507
0.0413153
0.00364673
0.0028255
0.00419837
0.0025745
0.0321903
0.0244305
0.00415814
0.0347619
0.00283833
0.0234936
0.00126223
0.00674077
0.00262799
0.0015614
0.0236954
0.0264871
0.0657618
0.0167366
6.73075e-011
0.0485339
0.0647177
0.00383213
0.0413228
0.00548838
0.0452037
0.0913941
0.0126443
0.027323
0.00768014
0.00701054
0.0714821
0.0832604
0.107217
0.0812937
0.0394051
0.0983604
0.0018675
0.00387909
0.00452727
0.0927757
0.0569488
0.00190092
0.000897672
0.0710595
0.0102188
0.040456
0.0493208
0.00906671
0.0198096
0.0124823
0.00979948
0.0413045
0.0302883
0.0925732
0.00228139
0.00225522
0.0633461
0.0471962
0.000375021
0.0590752
0.0734513
0.00942127
0.0798153
0.0572285
0.00179639
0.113324
0.0575683
0.0126336
0.00334849
0.010951
0.00188468
0.0398747
0.00299446
0.00173998
0.098219
0
0.00146953
0.0997941
0.00604147
0.0137018
0.0858457
0.025511
0.0207845
0.0206505
0.0380308
0.000143837
0.0183009
0.00762099
0.00935172
0.0134629
0.00569441
0.0046594
0.014776
0.00241163
0.182417
0.0726698
0.00333678
0.00467627
0.0152152
0.068686
0.0131915
0.00200061
0.0270042
0.0567836
0.00154159
0.00200638
0.0399962
0.00721076
0.0123868
0.00457803
0.024441
0.0246889
0.0245979
0.0118002
0.0491887
0.0384231
0.0703977
0.00112072
0.000719512
0.00552102
0.122416
0.015637
0.0382912
0.00952912
0.0754843
0.08038
0.0290116
0.0259836
0.0131515
0.0448229
0.000449636
0.0582232
0.000220172
0.0288571
0.00540862
0.0939288
0.00519763
0.0225313
0.0495834
0.102841
0
0.0264239
0.0513339
0.0543695
0.00257686
0.00965638
0.0111013
0.010411
0.03218
0.0491622
0.0222313
0.00198729
0.00112713
0.00268826
0.0356789
0.0559653
0.000663032
0.109446
0.000352176
0.00135384
0.0830771
0.0725213
0.0143583
0.0329888
0.128922
0.00434882
0.0941511
0.108717
0.000695026
0.081225
0.00128305
0.0258117
0.0268145
0.0470954
0.0461557
0.00525577
0.12252
0.115804
0.00965638
0.0813276
0.0722233
0.0479276
0.0269614
0.00110742
0.0292194
0.0350554
0.0471561
0.0373635
0.00715329
0.0108023
0.0669838
0.0186482
0.000731829
0.0783704
0.0149791
0.109443
0.00817101
0.00390959
0.012543
0.0120136
0.014003
0.0613232
0.0532664
0.024915
0.124674
0.0560653
0.0459521
0.021207
0.0192067
0.0454329
0.150751
0.000317614
0.0106467
0.0133628
0.0200454
0.0342885
0.091869
0.0194053
0.0129149
0.0193388
0.0100255
0.0498358
0.0953223
0.0751656
0.000678552
0.0349535
0.0164367
0.0245967
0.02605
0.0755879
0.00731444
0.00702214
0.031039
0.0740618
0.0271971
0.0675847
0.000485945
0.0534995
0.0285871
0.0112525
0.0783463
0.0308662
0.0157681
0.0198272
0.118673
0.0233637
0.0122858
0.0715509
0.0442763
0.00041032
0.00526187
0.0329573
0
0.0458316
0.00824785
0.00148986
0.0516493
0.0167272
0.0212469
0.0189425
0.00642018
0.0313705
0.00443687
0.0696168
0.00751721
0.0663105
0.0294799
0.0595676
0.00307997
0.00655012
0.0382472
0.000448266
0.0676075
0.0481719
0.0371733
0.0282483
0.00691099
0.0157174
0.050334
0.0394321
0.00340011
0.0537748
0.0449823
0.00234904
0.0306995
0.0284626
0.0419287
0.0223035
0.0110541
0.0199849
0.0477994
0.0253738
0.0015967
0.0207274
0.0223167
0.0312622
0.0579625
0.00481025
0.00538801
0.0238428
0.0375109
0.0361258
0.00767567
0.0346813
0.0238292
0.00488652
0
0.0897547
0.0871344
0.00833848
0.0240178
0.00408162
0.00137447
0.0692389
0.00410301
0.00232313
0.0416396
0.00175087
0.00508023
0.0176856
0.000871252
0.00244385
0.0294802
0.00110743
0.0221054
0.00734056
0.00186007
0.0226915
0.0229884
0.00727929
0.0307567
0.01238
0.0401485
0.117476
0.0470611
0.0372277
0.0458457
0.0305923
0.0543576
0.0907338
0.058104
0.00061481
0.0519179
0.00740811
0.00137925
0.00147641
0.0140375
0.00239115
0.00108386
0.136405
0.0294905
0.0316566
0.0317946
0.0734342
0.00104037
0.000733365
0.0583212
0.043711
0.0168317
0.00600703
2.25432e-005
0.00431576
0.0279619
0.000355101
0.0390026
0.0323048
0.000795567
0.0192811
0.0152977
0.0248921
0.0972886
0.087991
0.0019012
0.0161941
0.0901229
0.0113207
0.0279122
0.0367816
0.0160285
0.0548679
0.00074619
0.00394754
0.00327236
0.0365132
0.00427003
0.022142
0.00554749
0.00331295
0.0250909
0.124954
0.0384684
0.047708
0.00583763
0.00300736
0.0924719
0.121559
0.0329573
0.125041
0.0026564
0.00271455
0.0156283
0.0142486
0.0625817
0.0246981
0.0353196
0.00972424
0.00241325
0.0047562
0.0130357
0.0137427
0.0292518
0.0345558
0.00305371
0.10976
0.000128412
0.062693
0.160925
0.168
0.058345
0.0275696
0.109395
0.137351
0.0371353
0.0439276
0.0152548
0.00241367
0.00120083
0.00267493
0.0303169
0.087487
0.118717
0.00456117
0.0228595
0.00423507
0.0119619
0.00275629
0.000952458
0.00138694
0.00169334
0.0268168
0.0708796
0.00707521
0.00333223
0.000279957
0.000477078
0.0466006
0.064833
0.00451793
0.00612688
0.0665035
0.0370345
0.00608895
0.000691184
0.0082224
0.000992333
0.123919
0.0239145
0.0267152
0.00470923
0.00424572
0.00148648
0.00131022
0.0515953
0.0166748
0.00306468
0.0473786
0.00171873
0.0278135
0.0600993
0.0605435
0.000796649
0.00624212
0.018026
0.0152528
0.00127245
0.0339857
0.0268368
0.0658353
0.0198517
0.0957764
0.0146841
0.00595947
0.00110912
0.000396041
0.00105373
0.0269134
0.0207219
0.0579572
0.00673762
0.000626708
0.00165168
0.00476179
0.0487829
0.00686878
0.0787875
0.0475712
0.0143287
0.0190011
0.0582281
0.0173474
0.109022
0.00168506
0.00472628
0.00965684
0.0187112
0.00501446
0.00221568
0.0364302
0.00412456
0.0317265
0.0317339
0.0280741
0.000870392
0.00530673
0.283358
0.0934662
0.0295355
0.0218098
0.0091476
0.00356142
0.0442415
0.0779916
0.0335058
0.0608769
0.0744327
0.0154379
0.0492844
0.00371739
0.0813565
0.0877914
0.032929
0.000672828
0.00211821
0.00504507
0.000731306
0.00338234
0.00244781
0.0144609
0.000284075
0.00287368
0.0159168
0.00114837
0.0200644
0.0229407
0.0464526
0.071822
0.0405964
0.0710888
0.0034124
0.000453192
0.0203483
0.0257731
0.00933362
0.00335971
0.0885504
0.0539004
0.0977876
0.0678478
0.000571791
0.0703244
0.0466781
0.0534839
0.0341095
0.0484139
0.101147
0.004547
0.00351912
0.0350465
0.000240065
0.222913
0.00185257
0.00291081
0.0211229
0.00898273
0.00782564
0.00815438
0.149735
0.0139189
0.0136403
0.000641542
0.0014721
0.12295
0.140766
0.00923911
0.0283907
0.0117012
0.000736979
0.00129228
0.0812592
0.00405494
0.0329138
0.0661848
0.0470773
0.0346735
0.0399654
0.0383062
0.0509942
0.0453349
0.00750358
0.0366385
0.00782958
0.0311155
0.0869966
0.0076219
0.0421913
0.0618863
0.0219264
0.000845837
0.0267033
0.010162
0.00145591
0.00704131
0.0278585
0.0166545
0.1015
0.000888945
0.151199
0.014309
0.0131704
0.00451702
0.00275568
0.075808
0.0197654
0.0579124
0.0639585
0.00908987
0.0181788
0.000768235
0.0194784
0.00482589
0.0695221
0.00457152
0.015086
0.0410153
0.0490458
0.149301
0.00241564
0.00159951
0.0530363
0.00236907
0.00979492
0.181002
0.142222
0.0192118
0.0350193
0.0325555
0.102822
0.00623782
0.00894479
0.0125346
0.00993665
0.0160114
0.0303043
0.0605524
0.0578889
0.055364
0.00160364
0.0072403
0.0520583
0.0292201
0.00125056
0.0919948
0.0359812
0.129635
0.00206287
0.00248472
0.0151456
0.0202427
0.0049555
0.145146
0.157979
0.0967831
0.10095
0.0896741
0.049075
0.000621989
0.00692824
0.290082
0.025138
0.0284903
0.0965741
0.0587969
0.00760311
0.00505054
0.0884367
0.0102396
0.0137199
0.0382617
0.00320088
0.00824298
0.0818019
0.00458982
0.0969835
0.101358
0.0185722
0.00471748
0.0208153
0.0208793
0.000967929
0.00770029
0.0513276
0.100169
0.126685
0.0950384
0.00399188
0.0090442
0.0895932
0.000814127
0.0576725
0.00190735
0.0372977
0.000614809
0.00208514
0.00300593
0.000864993
0.0161028
0.0131817
0.0197529
0.0164091
0.0296287
0.0721026
0.0201096
0.00509502
0.00363477
0.0284866
0.0158567
0.00819932
0.00658495
0.0318407
0.0184203
0.108799
0.01949
0.0477255
0.0198718
0.00153143
0.0902984
0.00677136
0.00883456
0.00631001
0.00538118
0.0214255
0.00132629
6.41394e-005
0.00252186
0.00780351
0.000326694
0.010421
0.0116895
0.0249998
0.0024173
0.0605875
0.000757298
0.124842
0.0142212
0.00602958
0.125552
0.0112729
0.0324565
0.00104703
0.0914976
0.0368836
0.0758095
0.0126549
2.50946e-005
0.115644
0.00577772
0.0145081
0.000950546
0.00105733
0.00387281
0.0712719
0.0134782
0.0326449
0.0218298
0.00215864
0.057431
0.00104016
0.0100231
0.00275214
0.00192829
0.00784908
0.212399
0.188211
0.00420409
0.000351249
0.0017894
0.0339686
0.141884
0.000637035
0.000114082
0.00605398
0.115552
0.00134219
0.00665679
0.0014958
0.101177
0.0307007
0.0273724
0.00486435
0.0204654
0.00241216
0.0325868
0.0432017
0.00136216
0.0287886
0.00624619
0.0127904
0.0141342
0.0149746
0.0235466
0.0134291
0.0919189
0.0294137
0.0461594
0.000204144
0.000998086
0.0317497
0.0726669
0.0745074
0.00282055
0.016537
0.030053
0.0509297
0.0189672
0.00266124
0.0242869
0.0811138
0.00189983
0.00392495
0.0399637
0.0364705
0.0154804
0.0153264
0.0192491
0.00182619
0.032617
0.0456334
0.0038358
0.00652604
0.0279518
0.0333085
0.094416
0.0951078
0.0714902
0.0460424
0.0258351
0.0287332
0.0566643
0.0129738
0.0013223
0.0372656
0.0056059
0.0105939
0.0024006
0.0579379
0.035069
0.102881
0.105855
0.100148
0.0251307
0.0440199
0.00896299
0.00896314
0.176938
0.00298822
0.0831651
0.00472891
0.0159176
0.00278327
0.104805
0.0985052
0.00157371
3.06352e-005
0.00663488
0.0419467
0.0182943
0.00554947
0.0506998
0.0152992
0.0802054
0.105063
0.0927025
0.0168019
0.00583545
0.0665019
0.00259673
0.0206896
0.187378
0.0206518
0.00570718
0.0872822
0.0308984
0.0223079
0.0052551
0.00209258
0.0133882
0.010058
0.0938179
0.00462198
0.161025
0.00528744
0.00171292
0.160057
0.0755269
0.00225567
0.0317544
0.000510465
0.00130269
0.0710117
0.0453649
0.000815394
0.00386759
0.00303066
0.166117
0.0677912
0.0028881
0.035092
0.0177012
0.051109
0.00434975
0.00703333
0.00203483
0.00447668
0.0622332
0.00972568
0.00237844
0.00192021
0.27319
0.145006
0.000758653
0.0362862
0.0503484
0.000528488
0.00937299
0.0340232
0.0101959
0.0209268
0.201703
0.129597
0.00199405
0.0115383
0.000779035
0.127312
0.00523471
0.000871469
0.142232
0.0982023
0.065895
0.116389
0.00839603
0.00212767
0.0262107
0.0545905
0.0156922
0.0832914
0.0973211
0.0898086
0.0138981
0.00226082
0.00104363
0.0260202
0.0259154
0.00227792
0.0351064
0.0212398
0.00318845
0.0668522
0.0115115
0.0112032
0.00162957
0.00605512
0.0480576
0.0845032
0.0109687
0.0634521
0.00020619
0.00568568
0.0392946
0.00147858
0.0638463
0.000967172
0.0177667
0.0155261
0.0129949
0.0371265
0.0470806
0.0345569
0.000961807
0.0112902
0.044676
0.0924398
9.10789e-005
0.00105792
0.00171868
0.124491
0.113009
0.00126043
7.77979e-005
0.0842598
0.0625157
0.00590914
0.0413053
0.0168633
0.0738773
0.0014424
0.00254502
0.0594957
0.0169821
0.00219444
0.000645796
0.00185881
0.110924
0.00284434
0.00218068
0.00249813
0.00180582
0.0491526
0.134843
0.00178778
0.0596689
0.119359
0.00525219
0.00146981
0.0583512
0.00116901
0.000841191
0.00140766
0.000302717
0.00901468
0.0740602
0.00684599
0.0810228
0.0242325
0.00545552
0.0208535
0.0162116
0.0930501
0.00348024
0.0499209
0.038655
0.0104884
0.020708
0.0131184
0.0132574
0.00246651
0.0135236
0.0221431
0.00883007
0.0265481
0.0123484
0.000174832
0.0339682
0.0281326
0.0434807
0.00219996
0.000741359
0.110466
0.00331728
0.00271938
0.00526716
0.000780907
0.0205373
0.051415
0.00446042
0.017237
0.0128833
0.00175377
0.0140455
0.0333615
0.060936
0.00203983
0.1094
0.0311301
0.156379
0.0385224
0.0365322
0.00146478
0.00965501
0.0142436
0.0288564
0.00903109
0.00610792
0.000656035
0.0294138
0.0535255
0.00513736
7.21236e-005
0.093983
0.106256
0.00193583
0.00203483
0.0647805
0.00650786
0.000825812
0.0115174
0.00103089
0.0637836
0.075917
0.0262689
0.0381119
0.00157052
0.0501615
0.00113322
0.00464937
0.0990602
0.00317615
0.0688645
0.0327866
0.0211144
0.00766309
0.023974
0.0327882
0.0248342
0.00141707
0.071107
0.00269647
0.0207222
0.208741
0.063052
0.065171
0.0193988
0.00197894
0.00799444
0.00196171
0.168338
0.0573119
0.0533043
0.00526714
0.0689857
0.0618221
0.0437869
0.0447395
0.0214178
0.00258834
0.0043099
0.00476962
0.0401866
0.12261
0.101333
0.0055422
0.00312334
0.000688242
0.00384991
0.017524
0.12188
0.00262112
0.0312578
0.0349246
0.0268928
0.0896105
0.00540491
0.0702435
0.0360775
0.0045871
0.0198607
0.0760242
0.00144989
0.0019112
0.0301446
0.0023691
0.00114863
0.0370483
0.025571
0.00297093
0.0063956
0.00548377
0.0254281
0.00534818
0.0522736
0.000792946
0.000401957
0.00628506
0.0348732
0.0104573
0.00117346
0.176968
0.00406339
0.00305043
0.0890717
0.0916575
0.0141345
0.00341153
0.0124255
0.0248957
0.0012449
0.00276979
0.000804989
0.0857992
0.0364094
0.00287742
0.00361822
0.00328916
0.0423514
0.176799
0.0479626
0.059535
0.00116275
0.115701
0.138451
0.0236288
0.0291026
0.00116356
0.00146348
0.0238562
0.0343295
0.0658013
0.122729
0.124097
0.0569298
0.0111224
0.0388405
0.00249434
0.0346718
0.00379622
0.139765
0.0065528
0.0947218
0.113532
0.103939
0.0550586
0.0300525
0.00650335
0.00923688
0.0135132
0.0443497
0.0872035
0.0241915
0.0845251
0.0344904
0.0011858
0.0116656
0.00888631
0.00301738
0.0553133
0.0322597
0.00574381
0.0641625
0.00820344
0.0328731
0.00125362
0.00213544
0.0122568
0.0337458
0.0458201
0.0666777
0.0660712
0.000473313
0.0278495
0.0419435
0.118981
0.0556276
0.072375
0.00600473
0.0124212
0.00249695
0.00122354
0.0858318
0.0797144
0.0855467
0.00504534
0.00149975
0.00325593
0.00314992
0.00542625
0.0225151
0.0456949
0.00198027
0.000970347
0.0519051
0.00316678
0.0644814
0.0025089
0.170935
0.0817184
0.0759763
0.023352
0.0426687
0.0806469
0.00835271
0.0382055
0.0775903
0.0391601
0.00144748
0.0871079
0.057285
0.00390481
0.11979
0.117235
0.0301907
0.104181
0.0259107
0.0567014
0.0020065
0.0268459
0.00165843
0.0750544
0.00930337
0.0869051
0.00343018
0.00366473
0.000864928
0.0150924
0.0461552
0.00357007
0.0453691
0.00202695
0.0131606
0.0232068
0.00247338
0.0244783
0.0208316
0.09948
0.0580495
0.00106088
0.00370223
0.00915134
0.0500852
0.0229406
0.00738718
0.00134388
0.00157532
0.00246983
0.000605191
0.000987027
0.00212631
0.172852
0.00968829
0.0141998
0.00375196
0.00393073
0.0295907
0.0168406
0.0428057
0.0340709
0.0216954
0.120089
0.00193412
0.0234053
0.00233872
0.00256292
0.0014796
0.00272825
0.00261654
0.0540212
0.0964039
0.174154
0.00552203
0.00064761
0.00120608
0.0347334
0.075028
0.0393519
0.00637972
0.00170701
0.00471321
0.0395162
0.0016446
0.00401286
0.0775812
0.00849649
0.00898032
0.00732219
0.0418211
0.0247705
0.0771903
0.0903021
0.00400313
0.170885
0.00110713
0.113669
0.0450547
0.042245
0.103044
0.0742412
0.077602
0.00105792
0.0521045
0.0135839
0.0290111
0.00189409
0.0676269
0.108661
0.0275402
0.0286405
0.0223379
0.151442
0.193699
0.0157823
0.0285448
0.0143623
0.0274177
0.0316377
0.00692407
0.0423684
0.0324936
0.0165189
0.0256812
0.0414302
0.0319225
0.0453227
0.109055
0.0784672
0.00614512
0.0464916
0.00771023
0.0372509
0.0025864
0.120376
0.0996565
0.00373234
0.0972043
0.0466681
0.000989407
0.00295458
0.0416305
0.0356915
0.0252689
0.0288701
0.00172243
0.00326535
0.0160114
0.115859
0.010097
0.010421
0.180642
0.0136326
0.0139188
0.0399473
0.0857406
0.057264
0.0730289
0.0434667
0.0876297
0.0587251
0.00284168
0.00527471
0.0244376
0.0342715
0.057176
0.00414638
0.0017456
0.0141531
0.0503139
0.00699987
0.00685104
0.0445943
0.239523
0.0214234
0.0212429
0.000907456
0.000878826
0.00986711
0.00159276
0.0776166
0.002896
0.00452704
0.00211932
0.0266267
0.0107096
0.0193717
0.0252874
0.0191168
0.0206151
0.0375118
0.116218
0.115669
0.106123
0.084351
0.00226338
0.000908808
0.0431937
0.00423963
0.0181711
0.0181781
0.000753084
0.00106553
0.0393009
0.0495674
0.00105698
0.00100628
0.0249164
0.0118029
0.0323612
0.00176975
0.00340699
0.00173645
0.0151931
0.0262055
0.0963348
0.0279578
0.0461031
0.0575354
0.0567871
0.096324
0.11562
0.0689131
0.0572145
0.00717498
0.072084
0.0174766
0.0193061
0.0169594
0.0111851
0.0114429
0.0747933
0.0597905
0.0771298
0.101805
0.00270215
0.107603
0.0805609
0.0537845
0.131435
0.0854859
0.0596828
0.0172975
0.0716951
0.0242637
0.00546044
0.0372403
0.00335611
0.00210228
0.0368177
0.0295372
0.136768
0.0180204
0.00246499
0.0508228
0.0879717
0.0607969
0.00183758
0.00452651
0.0127983
0.0122751
0.0197065
0.00225927
0.00607478
0.0414491
0.00144193
0.0673477
0.0562913
0.0746315
0.000200881
0.0723463
0.0716295
0.0451382
0.0651376
0.00119862
0.0203104
0.00154755
0.0218653
0.025101
0.0221689
0.0792407
0.00181217
0.000850129
0.0392141
0.0122258
0.0147847
0.0743536
0.0258355
0.0255269
0.023574
0.23953
0.101587
0.128636
0.0395389
0.0178863
0.0201051
0.00268391
0.0247992
0.0505956
0.0448572
0.0608459
0.0413215
0.00280304
0.00320609
0.0108341
0.0516439
0.0276773
0.0204772
0.00199901
0.000931851
0.00199107
0.00276381
0.0666831
0.000905239
0.0188908
0.0193652
0.0658991
0.0391011
0.0219805
0.00209392
0.0477721
0.0017827
0.0137317
0.0354003
0.0493893
0.0599769
0.0282433
0.0320399
0.00150899
0.0146499
0.00867136
0.0562123
0.0206625
0.0152593
0.0033705
0.027127
0.00898503
0.0258265
0.0168782
0.0285259
0.029992
0.00415006
0.0292215
0.00106645
0.113059
0.00727118
0.00156664
0.121306
0.0278595
0.00745228
0.00114581
0.072794
0.114606
0.0720355
0.0848647
0.0112441
0.00575507
0.0180668
0.0414352
0.0536872
0.0593518
0.000663233
0.0384624
0.00124886
0.00202397
0.074627
0.0489025
0.00115359
0.0218385
0.0275872
0.121212
0.0986757
0.369795
0.019853
0.0105685
0.0602162
0.093878
0.0378198
0.0697462
0.123206
0.0411347
0.0214949
0.0116149
0.0253256
0.124542
0.0155016
0.011936
0.0161985
0.0388287
0.00103167
0.00206812
0.00357243
0.00340853
0.0129268
0.00339556
0.001424
0.00245316
0.129681
0.0357293
0.0773394
0.0663625
0.0109013
0.0267103
0.0024152
0.00143849
0.0480726
0.0272909
0.0252218
0.091652
0.151335
0.0766308
0.035516
0.0136523
0.0155206
0.128252
0.000908808
0.0226515
0.0938443
0.0629809
0.0405747
0.06304
0.00299632
0.0104758
0.00251876
0.00847016
0.0464541
0.0153675
0.0447828
0.00091983
0.0243355
0.0166259
0.103212
0.0145062
0.00150988
0.05703
0.068598
0.00214042
0.0293516
0.00256957
0.0479241
0.0988031
0.092316
0.0363405
0.262313
0.0854179
0.085704
0.14412
0.0017355
0.000846273
0.00137492
0.00180355
0.0143075
0.0652128
0.0018606
0.0139614
0.00139958
0.0305655
0.041701
0.0304281
0.00459554
0.0147646
0.000883957
0.00333473
0.0811427
0.0140573
0.0461917
0.00452117
0.0294311
0.0404049
0.00196754
0.0111337
0.0549001
0.0688728
0.0236442
0.00242795
7.90279e-009
7.9028e-009
7.90115e-009
0.0080014
0.104273
0.0532315
0.125222
0.0308533
0.00866606
0.00231022
0.110148
0.00356012
7.90279e-009
0.0237636
0.04864
0.0556719
0.030911
0.021521
0.0743424
0.123809
0.106681
0.0382902
0.0175789
0.0136103
0.0224075
0.0101577
0.00357522
0.0231134
0.00168928
0.0739306
0.0535767
0.154048
0.0299738
0.00943121
0.0862394
0.0871547
0.035744
0.00668022
0.0463251
0.037555
0.0404713
0.107539
0.124376
0.122197
0.0409086
0.238008
0.306724
0.133698
0.032621
0.0195538
0.0515439
0.00229157
0.0496659
0.0192449
0.0118471
0.0116089
0.0294123
0.0308031
0.0236295
0
0
0
0
0
0
0
0.0765874
0.0571848
0.012653
0.0082215
0.0555719
0.00228111
0.0101008
0.00202083
0.0017594
0.00509601
0.00116513
0.00857395
0.0169409
0.0203143
0.0565532
0.0671211
0.053113
0.0357159
0.00582336
0.00276156
0.0140049
0.0170589
0.0202353
0.0206736
0.0158878
0.0158878
0.0822221
0.0890779
0.0906349
0.0571306
0.0825078
0.084654
1.31103e-005
0.0298285
0.00989488
0.04714
0.0204637
0.0089263
