2654
2115
1154
967
454
2072
2195
1633
1248
4188
816
305
816
315
652
2129
2128
627
627
1450
1560
104
1416
792
7323
323
1696
2984
558
1710
1642
329
1693
2128
2146
681
793
4828
4467
118
1263
6199
7697
858
65
4467
4467
239
1441
2519
1052
352
5673
736
247
1222
988
2789
5848
1967
125
2809
7012
1658
1036
2228
1702
118
1492
6711
954
1706
7482
1333
4467
168
7921
2789
721
1148
3054
7697
2061
387
1264
1326
300
794
1982
407
5772
3912
547
275
86
832
21
7620
262
611
1058
37
7869
1396
366
1185
4789
661
1368
3012
305
1746
652
1438
646
1510
1511
1712
777
5048
4920
720
2957
1611
1039
557
816
776
1349
1438
976
2317
938
938
54
1595
5495
4168
164
449
1034
1392
1698
1364
164
342
634
1485
5783
1312
896
1069
1377
1377
330
330
6320
5882
3165
1738
3049
1591
99
2553
22
1441
139
415
718
1104
1591
106
843
1100
1018
1224
756
1150
2005
2005
1861
1044
4858
4157
1438
5072
1282
1291
1109
7289
8890
2088
274
1485
1145
689
1463
359
3095
5268
390
896
6433
6964
5794
380
1950
2088
3775
5074
1696
663
1109
3397
1034
319
4426
5812
5656
1633
977
568
478
7378
1442
339
8881
1333
1027
8680
1104
3691
275
5524
2916
1172
7036
1301
315
1349
2065
230
8917
22
1275
602
64
2842
7869
1760
8003
725
5989
5495
3158
5412
7577
125
4467
1542
7757
1213
4828
8952
3803
8952
3064
858
3081
688
1262
6921
6964
5548
8685
794
5693
826
2145
1065
2088
1005
1080
1741
7100
5137
4789
5516
721
362
1175
938
476
1050
1220
511
4744
870
661
5180
1042
1248
310
2821
173
466
466
3494
3338
6170
2017
721
4891
2195
3265
976
2319
1448
1224
1849
4756
7767
2699
7147
4319
4127
4186
8752
4717
3165
5783
8017
878
2750
748
53
1375
1340
1774
386
788
5548
1831
1831
1849
5963
5695
1368
4489
1292
1333
863
8160
1335
397
469
386
5291
8149
1080
6095
1226
1326
2626
8003
5242
2021
225
5632
1628
1215
1377
8956
2463
1340
8917
6354
1825
4534
8917
1454
159
1021
368
1798
1461
8967
1962
1262
5547
4789
2131
1387
3598
416
115
941
941
977
8687
1879
4157
8418
2461
3226
1236
2551
3686
454
2648
103
1981
7074
1879
3474
5656
5184
5079
6200
1188
8862
8785
1409
1633
65
40
558
2228
1494
646
7372
4127
413
6246
713
777
958
1673
941
138
1593
8530
294
1275
341
7535
4632
5851
846
470
5927
7349
2588
174
8258
698
7319
7091
5479
3798
18
271
1789
2317
4489
7056
1168
1110
1267
1226
626
6150
1084
3262
6326
1301
8047
811
1041
7869
8545
147
425
826
882
3023
8903
159
8135
2510
3256
1237
4920
174
52
152
345
5380
368
1814
1462
457
1114
1154
353
8915
1879
4548
1137
419
5442
1879
273
4731
110
2224
1549
6929
5327
2177
2177
705
6141
1673
6026
793
3033
7012
5929
4066
7585
1218
1986
7825
940
1673
7956
5074
6200
1045
5587
1831
3764
1866
3300
7307
246
256
1595
3893
4783
3263
3803
441
219
905
7727
1392
368
251
1069
494
7727
3816
7526
209
3426
6068
8967
3345
234
4115
1605
12
552
117
8599
24
8685
2626
1642
1514
5516
5523
1067
1153
2145
480
166
1266
71
1340
6513
69
7490
8967
5479
152
1214
8117
7588
5795
1188
8505
855
4272
65
126
471
8679
1547
6137
177
81
1462
509
165
6872
855
923
5823
1626
2088
2002
625
638
162
2162
1279
2229
1364
3920
2240
8087
5152
649
460
76
1555
1157
4891
1431
6771
7529
4392
4580
353
56
141
2789
3741
21
2310
6781
749
5838
1152
1553
1576
1306
5771
6646
37
8167
7726
768
6740
2840
405
625
7085
294
8962
8559
500
1116
708
1153
3376
36
599
7830
1079
5772
315
366
1224
1289
1085
3518
3518
8446
65
5783
5783
3945
1547
837
475
484
6002
1236
1829
1126
1450
967
4859
3798
45
40
849
915
4426
1670
7319
4525
1127
4016
2402
190
6247
1147
4525
5783
8872
5291
832
907
997
1219
4885
2002
378
253
1125
4592
7322
878
264
535
1861
4101
5970
5186
6466
8959
910
484
980
1329
196
5249
1107
7048
1045
3064
4272
2313
613
207
745
7085
2144
58
1396
6410
1185
181
5268
8967
534
1658
7320
913
2650
951
462
2650
1039
1446
582
51
816
857
991
3169
1658
7520
757
1167
4768
387
982
6455
4313
2290
6954
8861
1967
8970
190
160
400
323
8967
5635
940
5
255
8964
30
682
389
7153
1835
767
7085
289
618
463
6086
1958
2128
8967
1489
5323
573
185
1080
1902
801
1517
6167
213
1909
218
189
114
1154
1409
7762
2324
1511
99
1100
2842
442
6002
1450
126
3095
3674
71
275
627
4975
8178
1023
549
74
471
296
216
8967
1314
8969
5632
1646
4975
4929
1317
673
250
6041
8952
8104
6667
5237
3188
3222
1179
3547
2836
2668
2446
284
7475
1510
5496
1866
3376
6986
8020
263
966
3906
1042
1282
5409
19
1848
710
1044
6879
4082
1100
1863
54
2528
2480
996
7269
8204
4828
5350
1055
2224
3346
166
8967
8820
5048
675
4761
2688
230
4465
4790
6900
3078
4279
4195
12
70
4641
6
8884
281
4907
1735
1710
6992
167
428
7901
4065
5493
8917
4548
4307
936
462
6874
150
1159
6650
210
409
119
1301
903
1000
6848
4920
174
997
6119
1347
75
2402
3095
3962
567
391
202
162
3912
7360
4006
1145
2735
6497
2206
1879
1982
4670
737
7951
2883
3525
100
1060
18
549
430
527
8917
1110
419
3369
361
5074
2763
1879
7766
3009
3923
4521
2423
1279
8967
861
8378
4645
8867
1441
2280
7764
275
2499
6470
6030
6143
4763
155
2486
2486
725
5323
1011
6078
2146
6580
7875
7025
2290
4942
863
5480
2568
8254
5262
2973
3169
3169
4402
8398
1967
1409
1506
3530
1192
2003
7277
2478
2450
31
5412
8832
6867
5189
5608
8711
2272
1863
1946
8964
4916
4840
5327
3126
317
5941
1868
1694
5071
5804
5465
7400
1658
8962
918
4531
570
5035
440
281
2870
1790
4271
7352
5718
6078
5312
4024
457
2789
696
1856
655
3604
5442
2331
2378
3161
5206
983
6984
1243
5445
2422
1644
4174
3607
1946
2238
2909
423
2155
4683
3109
847
2031
5214
6163
1707
86
2241
6725
4487
296
2208
1939
5863
5967
503
948
1084
2334
6442
3671
209
204
1634
5579
3603
2987
330
4567
4314
2590
739
5271
8249
5537
7085
5970
5258
663
4790
3334
257
4784
3966
3228
4652
156
5558
4391
4548
5711
36
1279
6707
2224
3453
6401
8643
659
2489
4050
612
612
247
2224
5395
6658
1167
1215
152
2647
947
937
147
5749
448
593
3216
7085
7698
1932
4987
1420
5357
1000
269
3312
5749
8555
3523
3049
1415
1264
7024
114
3862
3331
4652
2036
792
7568
3803
1000
1942
2953
2567
7816
6917
5346
4253
551
1962
4688
448
1704
657
1825
4447
107
2281
3360
4994
3912
2033
5427
5321
8095
8851
587
3581
605
1528
8816
8821
4925
7118
1283
971
323
1386
4645
982
4207
2298
841
865
1611
6714
2132
3768
5822
6746
6497
2643
599
7268
4191
665
3161
3406
2050
8876
6818
5500
597
4917
7698
5437
1576
1866
3025
5262
6854
4325
3853
4094
882
3496
3576
3451
1723
3119
329
5371
6720
8851
5930
1060
3119
66
5123
1749
7090
1834
258
3474
2113
5527
5520
1710
2973
3797
1099
1282
832
8967
1152
1366
2793
3790
2113
8493
7119
5423
1317
6213
2080
1608
2129
2341
4339
2147
4864
4856
2645
3802
5735
710
1974
3360
772
372
4941
3998
6742
8828
2146
4272
4452
5504
5028
8851
6135
6135
4624
5495
4911
8422
5638
3486
2006
878
1958
2725
4749
7307
5338
3989
5807
4895
2834
8548
5185
3637
8884
466
6259
3480
4463
963
198
6908
459
3962
1601
3869
527
496
281
2618
592
838
2440
2144
5438
4948
8
527
5805
6408
5699
5066
7871
3439
5352
6013
440
440
4796
1627
8177
909
461
6401
6925
1035
1523
4265
7124
7124
4948
4426
8384
1434
6149
7036
1940
1738
4886
8288
466
466
4925
7089
2567
6550
7697
5390
2207
8547
2119
4961
6139
470
3943
6616
4689
6385
1737
5579
3056
2520
1605
175
6113
1746
3673
6223
6938
3228
2495
3072
4658
44
24
253
2428
4488
3016
6548
4939
1749
4648
3650
4018
2834
1569
1279
7516
956
7886
1230
5332
3531
3504
722
3085
1225
3944
7697
2371
7562
2365
8189
5987
4182
7195
3950
2704
1713
6000
1580
4222
4476
6040
6040
2956
1541
1138
5233
728
6571
6247
1613
1539
4264
1665
1950
4187
1235
7601
1267
2413
1757
6875
2138
977
6413
4036
4568
8667
932
6705
180
964
4304
6209
1038
44
3564
1138
1133
2057
409
204
3168
2322
4855
2341
747
3001
4042
129
6091
8852
1970
196
5500
2010
518
3242
5782
329
7059
838
7016
5022
169
4008
6974
858
1087
95
6676
3231
1709
737
1388
1980
542
3244
5607
1673
340
4913
4986
271
4579
3120
1294
3509
1856
1856
7333
1217
4022
97
3222
6407
2221
2889
5534
7930
589
3239
358
1364
6204
1805
784
3153
2552
1788
3768
5960
4628
7922
2412
423
8413
5803
8901
8438
3199
4891
156
5515
3589
2086
6030
1214
3148
4651
2772
6500
2430
1747
2613
2946
976
4573
2166
2365
2666
27
2012
2072
1521
5437
5525
3706
7635
2243
1347
2176
762
2701
1323
3001
5268
1641
5250
5445
1774
1083
321
2772
1119
2592
673
1115
2407
3612
1927
1757
5163
4571
1230
282
3265
3561
3724
698
4293
58
6945
201
4802
1323
7639
2104
2437
8273
234
363
3400
2454
4994
5161
5119
281
2730
356
8147
5729
5471
161
2599
2123
3241
7179
8162
3374
2313
3800
6608
5632
1327
6099
5948
4915
8128
1506
5006
5006
2439
2345
3829
2206
1688
3946
535
8884
5892
4059
4578
6260
6260
3480
9
4374
6348
5616
1579
4395
1118
507
3268
5773
3547
4768
3539
728
3283
4545
4694
6871
1401
6486
500
4029
4084
1922
2417
618
4381
4634
1258
3840
7423
1375
3616
3741
3741
1347
4096
1091
6403
2146
4203
2818
8321
4217
4264
2950
5682
8266
137
137
4218
4544
6997
5985
3556
2812
4272
5726
4109
6102
7570
2825
5611
3192
793
3811
5625
7565
5656
902
1352
3965
465
4685
4598
4947
739
1025
2807
2193
243
8630
3705
2251
2134
2036
2188
6839
5819
5119
6515
3174
5478
620
3425
1430
3012
511
5879
2784
479
556
8765
4801
628
556
6527
1901
3581
4944
7353
1549
1775
311
5258
1173
5356
6368
7188
7697
380
3783
3086
1957
4070
3998
6581
4988
4232
6090
7492
5873
6576
6333
2097
1830
6491
932
932
6656
1384
6279
1034
1219
1885
2531
1036
4303
1226
6857
2022
8689
4671
241
4435
3525
3958
2809
3635
6561
5649
1653
1085
5
478
1380
2389
175
175
3709
1767
5748
6762
2905
1594
2158
3114
6916
2422
753
3200
2909
2426
68
3467
3960
3889
2283
115
28
5292
1895
5214
216
278
3604
2952
2896
5232
850
1107
2947
5638
5007
1694
6529
1247
4811
1286
3948
7918
4667
4667
3878
1648
8742
7273
2854
8851
4222
594
2454
5496
101
5107
5375
6446
5948
745
7749
4270
1034
6084
884
5356
1335
3887
5818
6316
18
5397
2012
2927
5203
7085
5523
8837
3020
6277
1938
6295
4712
2346
2588
1491
7293
2083
2538
2080
6144
547
407
2272
3651
1348
57
3386
4069
1507
2137
8007
7049
1796
1512
1529
3331
1225
2729
2286
7716
6857
2318
8095
1318
2371
4378
321
395
2792
4396
4810
6844
1108
3768
7165
7419
3833
1919
1926
4428
3709
6330
4865
822
5515
5714
1902
1098
7348
6583
6466
2538
6535
6031
2087
7687
3241
4547
3389
5699
3330
925
1782
1525
2469
1943
1585
4420
2600
8911
1476
4169
5181
8580
3148
3918
8400
6023
6090
8797
6331
7682
8855
865
617
118
5593
4758
2990
8964
2113
599
599
2686
2368
42
305
4207
5805
2486
3148
15
354
5285
6605
3351
1790
5173
8437
2374
1687
1872
1238
3929
4852
5234
2870
5833
5571
5986
2891
2268
3027
3001
1125
5349
1297
2809
2273
612
982
2770
4668
816
1977
4106
4106
7155
6285
321
8964
3217
5929
424
4796
790
6685
2233
7573
1820
7124
968
2309
6114
5448
1879
6662
4989
5660
970
3402
8595
2565
1174
1172
1693
2538
2493
1046
1506
3001
1613
6251
5368
4717
2769
7604
2360
6212
4085
1521
1989
2050
5186
909
8541
3221
4675
8922
2478
6527
311
8094
2824
1863
3915
4442
2759
2759
5961
6370
3668
7765
5649
192
139
3576
6586
4145
3174
2157
2110
3206
5783
5593
5062
736
5881
2477
3462
3500
3962
1980
6401
2509
4396
6164
4649
6400
6255
1174
6523
2251
1532
1514
2157
1573
2368
5033
841
3159
1525
1474
3267
4008
4088
6157
7366
7366
1893
3402
6285
3364
7419
6911
4568
8891
6930
6769
3547
5547
4955
5452
627
6284
2452
4931
1957
2426
768
5909
3720
2531
2047
4304
850
8901
1484
83
83
7355
6948
5002
5798
5516
7135
4831
714
6620
2844
3678
201
1672
6813
4434
3171
3367
503
1380
7431
1232
3964
7569
5148
1429
3236
6216
7611
4944
1560
1560
4569
2466
4410
6720
1054
4298
606
606
2258
3912
1723
1688
4704
8901
6603
5296
5826
5826
1819
1908
2120
174
876
4474
6530
5440
4287
3103
3462
2461
8793
1608
5891
4838
6390
3011
3691
5882
1958
6381
789
2179
8193
234
3083
7014
6524
2440
682
4660
2493
8913
1909
923
1557
4314
3964
1528
5654
2452
4592
8541
1610
3214
4645
5001
3067
8359
3728
979
1297
3146
1352
938
6693
4429
4178
5706
1348
2959
1339
8849
3797
1547
1434
3047
5216
2249
3171
5413
4111
1716
1716
3059
2406
5573
2384
181
6408
4608
1281
4317
2414
1025
6661
3760
2651
5363
8851
1052
1466
1035
2176
1444
1117
4272
304
650
8894
2386
5542
5146
1270
6118
5419
7799
5647
3275
1641
2251
4020
1538
8964
283
3459
1736
3283
2456
8384
811
6577
6288
5354
2916
2088
6035
1608
2637
7980
6453
8094
7483
1076
32
6342
92
2490
1590
2150
6908
1802
4514
8170
1954
2669
1776
96
78
4233
2958
8944
489
5422
2327
5339
1022
7658
2524
6813
3556
2741
269
2113
2653
7124
3239
2540
1115
3425
4168
2659
796
1093
8439
8414
1022
7968
4397
6104
7527
5474
3407
1684
328
2144
75
4302
5478
687
1153
7921
2571
5292
6938
1535
1649
695
5772
5019
6105
2990
6520
5282
667
639
5397
3218
4279
3334
801
2170
5897
2708
4863
7483
3400
2426
4282
6760
4223
5174
3651
2348
2138
4558
4203
456
292
2946
8578
5860
1605
6342
5226
4953
518
1257
6054
6209
2809
1176
1178
2790
1648
5951
1030
494
2203
7504
971
3419
6330
2483
2491
2491
5267
5422
522
5193
5623
4638
1138
1401
6434
226
2900
355
2085
399
1816
5956
2534
4757
6007
1819
2476
3964
8967
1928
843
2034
970
1166
4031
180
658
2099
6609
4853
6053
6053
1653
1337
8078
2854
3502
2839
2280
8170
1585
4568
6136
5680
3253
6613
2082
1750
6451
7850
490
3518
5656
1887
1895
3374
6418
5928
941
6035
1965
2297
1166
7144
3732
6551
2737
4620
1560
1816
4263
2214
6034
1401
2371
475
4514
2777
4662
1046
2619
5362
4524
8693
6582
1643
3594
2736
4906
3545
806
1089
5631
3068
3068
81
3800
1957
6387
3061
28
7036
1735
2095
6256
1967
5312
5401
2956
4186
7230
3057
7885
6745
5599
963
1775
1174
1488
625
440
8922
1985
3530
4615
3922
3421
4182
6478
2238
5593
1089
6523
5972
3548
7877
4489
2360
1693
3560
4382
1215
7239
1769
5863
6366
2324
3568
1709
7144
235
235
8275
5620
4344
5244
3734
1612
3204
816
4233
4412
2092
4020
4811
3274
2611
4438
2440
4960
3204
4935
5647
3478
1750
4750
8032
3633
514
4373
4796
5657
4183
1709
948
4049
5326
5284
2539
3233
673
4547
1539
6367
5275
7210
4108
3767
5407
2772
4083
1258
1258
1776
4379
2207
1634
2034
4325
545
7710
6260
498
2599
2075
3639
265
8849
1774
2328
3139
475
2183
2183
3369
123
970
4772
4945
8
2418
5084
8354
1118
1741
4668
3077
498
498
1024
3426
4793
4501
6977
983
735
2692
310
3612
8154
1587
8657
2696
1058
7404
3918
753
302
13
348
288
5609
2134
5748
4131
8622
1235
5613
1712
1699
2675
2675
988
2612
3742
2757
3052
6480
1216
991
7243
6662
715
2505
1061
3314
963
6303
3681
6084
5832
5177
2707
6340
3552
7027
435
435
5882
3493
1336
8894
3789
486
535
2865
7016
2409
994
5720
4682
5782
5782
2304
3246
3927
4933
6871
3827
1696
6470
8237
310
4233
5198
1391
6833
1704
6294
4713
1183
2558
5275
4180
5110
3942
2279
825
3148
2532
2636
7764
4432
3743
2527
1899
6494
3253
1623
6488
8889
6984
8910
4390
3448
1743
2892
4810
6275
6609
3533
4993
7704
5911
1156
2305
5847
3930
1668
1293
5138
1590
5576
1115
7022
2288
5518
3987
952
8165
1717
5702
1436
1352
2888
8273
1201
2969
1027
8813
1804
1804
8622
1660
2527
3631
5543
3351
6675
3995
1195
2311
7534
6
5125
7479
3865
3919
2187
6017
8484
3174
3286
5843
3736
4404
758
873
6351
6351
5627
3554
8174
423
6118
6102
6517
3769
5817
3584
8922
1306
7913
7913
44
4120
6454
2645
1809
4364
7439
5069
8431
2131
1673
5084
4216
42
6591
3503
3275
296
700
7192
2171
6991
2669
5762
6300
7218
3595
6460
2331
165
4767
3558
5696
5679
7375
6528
812
8523
2776
294
5296
6913
2589
1470
1663
7961
902
8494
1131
4058
3294
6742
7037
5860
5332
4442
3994
8616
3534
5908
4651
3804
3973
8962
6235
7496
1238
6888
6820
3769
3587
573
8708
2034
7659
3794
4185
1609
2670
4567
2365
7580
6090
3294
8187
3960
2543
2297
27
897
5111
5550
7669
2796
1929
3035
4059
3810
1543
3726
5877
4115
1747
1747
1083
7162
7198
5395
1694
7344
1759
2255
8701
3028
1161
6091
8086
2644
5762
6803
2263
5608
8541
1553
1963
4392
5474
4791
365
847
503
4273
1617
1960
8902
5842
5201
5261
5901
2858
744
2431
2522
1200
1166
1087
2599
2599
8859
8242
8241
8549
5227
8691
6487
6037
3939
8712
2952
8484
3567
1078
3552
5151
4870
102
66
2260
5090
2570
197
3623
241
6007
74
2305
3067
669
6573
3953
5336
5941
2396
6840
971
6398
6142
7191
5466
1333
4160
3638
1656
88
3119
6030
4146
6315
5943
2316
6930
3457
1687
1402
5865
2191
7358
7899
2798
47
14
7541
117
3140
7562
809
809
2557
3276
1660
5018
3266
4041
1738
7044
3322
2358
6713
3335
5580
7412
967
1946
3980
810
1656
494
494
23
2135
6158
2141
7569
5042
1929
2211
242
8265
3860
1946
2089
3732
5304
8321
6577
6497
7772
1994
8774
3760
1182
3978
6590
7833
7552
4855
5533
1846
7753
6608
5690
4512
8150
4026
3768
3473
509
7088
1928
1567
8728
4432
4303
2187
948
4659
4425
1756
1588
5740
8929
5719
2631
4347
6789
2572
6664
8678
5112
3858
6789
4872
3108
807
2844
2001
4241
435
8968
1401
4448
3583
2877
3593
4025
4025
7660
8156
5986
3809
3307
5444
5682
2953
3917
8960
4961
177
261
3917
3576
3337
3294
4241
1835
1233
5947
5931
2700
7851
5401
2287
3512
2540
5670
5232
471
1341
1212
2603
2442
4950
5600
142
5378
4944
1657
1667
413
1833
5804
8400
6368
7740
5005
5395
5203
7085
900
1040
4516
7257
5336
7331
4283
4283
4049
1064
2263
4748
841
732
4498
5782
3184
2504
7059
1034
104
3682
2418
436
8334
2394
2766
522
2582
743
2787
3557
59
7785
3154
8276
230
8686
7446
4150
4841
525
2996
1374
2054
872
196
486
6674
6054
681
4649
1875
8858
5788
4595
239
8371
7500
5269
2050
391
6364
4476
2090
5930
4683
642
4318
1454
3884
4912
1954
1159
5580
8020
2048
3229
7889
8961
1038
7085
8229
3192
7959
2096
2318
2123
3017
6936
8153
968
1938
3877
2808
7077
2551
2497
3160
2453
1235
4931
8171
7202
4027
2871
8334
6400
3473
3938
452
173
1970
3634
1656
2534
6345
4082
1327
1825
8250
1380
5667
3124
2387
3224
82
145
6123
3438
7862
1244
1181
2458
7253
7690
5506
2322
6329
2612
8641
3554
4902
4131
3796
6115
6746
3722
3836
2403
596
909
7525
2279
4819
2657
4765
425
898
7631
1557
6657
6657
8963
4065
6826
4930
4930
5804
3069
920
3367
3998
3998
1989
2240
2823
3340
3180
3034
6144
2123
725
6342
352
8326
4037
4667
8421
4037
3162
749
6950
5006
3436
2027
3786
5775
5035
8534
727
19
3486
978
2918
1076
2092
8721
6828
3805
2976
2756
7077
7077
5656
8222
5295
5977
3575
943
5069
2032
4885
4015
5551
4551
5460
1598
1531
5551
189
189
3380
7942
8842
4796
7515
6754
6952
7022
2143
4817
4817
1996
4830
3878
4095
1962
3916
8240
5784
1712
1687
350
116
4585
4323
4909
5458
7541
47
1874
68
8317
5941
352
5567
306
5613
8833
163
163
1434
4317
968
7245
5863
5478
6352
298
4853
5221
8452
6298
783
2589
4461
3472
8954
3684
838
3039
6184
924
3997
3247
4759
5506
5506
3974
4215
6069
4282
3180
4358
1779
815
3955
116
5316
5020
8567
2731
1034
550
8701
7124
2068
3895
4515
183
328
328
7704
409
1705
1738
6828
1965
5634
4961
2454
2008
894
1506
4654
1757
7741
4965
1001
4737
4194
3164
7085
2266
8347
6642
889
7573
5082
5656
3502
893
4631
6088
5573
490
3713
3148
4435
810
7397
4550
2473
1802
5292
98
8170
1667
610
3274
2831
2133
2831
967
6716
8887
4573
3157
2350
8273
1879
4222
4696
2414
1903
7555
7555
3686
6502
4902
6853
3834
1511
1418
1176
5778
3184
4311
2737
131
6908
4698
2355
2325
8036
6851
2128
1278
1228
4456
1298
3015
3385
5781
8496
3812
5269
4275
6745
3355
5531
8023
2997
7348
1797
6104
1550
1278
2734
2672
7331
4199
6817
257
1123
3125
5523
2905
3164
6188
5866
1806
956
4985
6789
4975
4698
3725
3496
2709
428
1537
6838
1899
6447
1087
1196
1470
1207
6817
6817
2655
6585
1278
1278
8380
7458
2238
6901
3966
5160
4025
4306
2043
6889
3638
1120
6314
1114
8875
3252
1200
1051
5195
3185
3207
6194
1487
994
8833
5639
5811
278
2133
2951
783
1080
2116
4490
3152
2553
5893
1129
4514
1054
8185
7716
6366
4912
2831
2077
6191
2180
5427
5427
6429
6187
3356
1391
1050
1672
7206
422
5827
6859
6849
6830
5001
964
899
108
628
1614
5177
5519
4102
3052
2696
643
4302
3007
6802
8855
8644
2006
5906
8570
1779
1779
2969
391
2951
5820
6235
3536
329
2712
4645
432
2166
3097
3167
3742
8901
4279
7522
7292
3140
655
4941
3370
1278
138
8359
3411
2213
2334
2035
1713
1713
7781
7574
4102
7085
8901
6761
7066
6833
6751
7941
8196
2178
4674
3898
4625
511
5261
4277
4379
1537
4546
5648
2392
6394
8330
5261
8789
2857
7164
4003
3150
6422
1816
7450
3431
1781
291
4116
4629
2662
2027
2027
4393
1174
4290
2597
2795
5203
107
2814
3142
2665
1645
4909
5007
4384
2619
1891
8719
622
610
4274
3651
6011
5378
6509
4941
1570
1883
7631
7631
8359
3368
2775
3058
1523
5300
4821
3935
823
2040
2040
2763
6660
6578
6578
293
837
293
1734
7941
8481
7371
3022
4585
6261
7872
5884
4808
6827
7110
6628
2576
2573
6013
4279
1914
2398
748
2652
6391
5756
153
4615
4404
2510
324
7965
2191
2080
1166
4821
2690
2027
4755
5764
3782
4224
6156
5496
4197
1908
2273
3581
275
1681
1681
756
2787
4474
2307
2307
3072
8113
8208
8030
100
700
817
184
756
5382
5382
683
4945
1423
265
1688
3098
2316
4929
2690
8444
4348
5132
3426
112
6685
2760
5963
921
571
2828
571
3223
8851
2118
3055
2789
418
5252
5206
4979
7085
50
1073
8010
1921
5444
4237
8375
3860
1348
5198
5190
4212
3075
857
1722
5074
6002
812
1372
7090
7570
4455
6968
5288
7022
1958
3371
2858
633
659
1098
5864
359
8884
7162
7198
2083
8647
7110
1058
2000
8901
3614
6144
6078
2696
1275
1275
3242
507
5074
6742
1073
2954
4544
585
857
585
4825
3524
1314
4381
195
201
2660
8384
6217
7567
3593
3687
1594
2616
2751
2751
2751
1434
3098
145
6517
3154
4039
3146
3322
6214
370
5759
3946
6955
7192
2722
2164
1933
3412
8384
6660
2178
2
1166
80
119
4667
4821
4383
1870
6828
3304
8918
3908
221
4272
324
199
7203
5061
5001
6739
6529
3998
3771
7919
2070
128
2940
1203
1626
8921
658
6219
963
1601
3674
6648
2601
2039
3473
3728
6218
8474
3841
6184
2080
8222
8868
4605
5356
3673
6689
82
7184
1836
1285
6328
1291
1599
4458
4458
1572
5802
1999
4951
6123
6361
528
4310
4765
6244
4620
1957
2273
833
4140
6280
479
1971
3176
3275
562
3444
1448
400
6104
6789
7063
7082
7082
908
6402
5336
8837
3502
3181
4102
6827
6827
100
5524
789
2700
3176
812
7292
2841
3099
1366
2948
7339
297
1143
1729
3216
7200
7484
7484
6782
6007
2663
6377
4167
6402
2336
5456
5012
3640
3334
5948
3299
7413
5673
5673
6809
2697
86
6751
379
6635
6635
4239
2865
7049
3768
1436
6364
2116
4731
1451
1838
827
1181
7364
5130
1667
3092
5646
540
8917
8420
2719
6514
958
527
4922
4330
4330
4452
8438
1939
2204
1665
8722
1761
565
5608
6375
1543
2687
2120
8920
5659
1821
3371
2136
2729
8078
6836
4654
5868
758
5035
5284
1044
1215
2497
5600
5600
2177
1958
5270
3188
8420
3920
2426
5988
50
5247
512
8851
5930
7337
4857
2456
6117
2082
4938
2290
1156
3065
3846
5120
241
1263
4931
6429
1837
5238
5238
621
3303
4198
6889
7202
2756
2908
4683
1203
8291
6642
6898
5007
4706
2814
4731
4854
5109
2528
8883
3619
5769
361
1233
3348
3760
2288
7466
70
3772
6503
4226
685
3703
6908
2449
4237
2331
795
3926
5508
2977
7243
6515
5164
445
1590
30
4975
1780
8020
2419
6314
3625
1174
628
2803
4173
3198
7573
5370
1750
4018
4652
4756
1134
1233
5286
4196
5269
323
6251
6284
6745
7211
5237
218
8901
2384
7443
3877
8100
1889
6933
231
715
715
2211
1549
6866
6248
6544
8620
4330
748
3337
1433
6609
6275
5680
6705
4778
4423
2356
1296
2522
5522
6468
2651
3212
5206
7010
8267
207
5252
529
2144
1585
6261
3261
2389
5322
1692
6576
5313
5639
5567
1852
5341
4918
402
516
5616
3614
667
1372
4841
2722
4758
2106
2106
2106
180
7562
6302
7911
5062
4039
1887
3189
5963
493
952
4208
7096
6350
144
4186
5956
1908
3559
3975
8851
456
7598
5749
564
3997
2508
1878
1015
884
6398
908
6072
806
1359
988
5711
7123
2090
1217
237
551
2355
2355
5035
2355
8811
5685
2978
2978
7278
6451
5462
3413
324
1924
5100
2748
2341
358
6543
5994
2687
3153
131
7544
2345
299
857
2488
7337
550
313
6195
6195
22
1457
1348
4228
7375
4598
5702
7119
7473
1476
729
7321
2657
8962
1969
2380
3258
997
7680
7680
4853
3015
1690
639
5764
8964
5253
1181
986
193
37
4381
4381
5439
7826
4513
4062
3364
6178
5103
6452
6452
2339
1586
1046
7694
4627
100
4374
6113
4654
6228
1111
4140
2876
1025
3166
3045
2609
5308
1676
4949
5958
8921
4212
8193
7439
7192
1550
1093
6998
7107
6554
6492
3059
2369
7578
3583
1723
2453
8917
1655
5395
287
4299
5682
1360
1360
3963
4738
2277
3465
6188
5517
5243
2516
8901
2516
4420
4785
4785
6506
3642
61
4771
760
4645
4645
3690
2745
3778
4237
5858
2861
6134
188
7764
8398
2284
6279
6048
4388
7127
6420
8589
8281
5141
4791
2040
1705
3690
618
7285
8129
5608
2103
3261
831
7689
8123
7959
6722
3723
6435
8789
7146
8598
95
95
2222
1821
2222
3039
8331
8123
2573
780
1374
435
928
2368
1690
1690
1401
1278
5265
6642
171
2268
7974
6911
3911
4634
403
6859
6100
7573
4808
4276
5894
4212
6385
4154
139
4577
145
4273
7260
6202
4689
490
3304
3666
3480
1934
4658
3763
7355
7519
6228
59
5706
978
429
6187
5846
2801
3587
3243
2632
8534
514
2137
758
542
6722
5881
4772
6530
6530
7519
5321
3179
8875
1347
6057
7189
7740
148
148
1552
2295
4407
5556
6074
1960
5556
7107
7857
7942
8215
5890
4585
6546
5697
7587
8384
633
5939
4115
2834
2217
246
291
5680
5680
5924
1281
2612
1970
3319
1463
2076
3057
245
7011
4274
753
1179
2163
1669
2557
5462
8620
3086
7242
3652
6946
1142
3206
2803
2571
6601
7364
1737
4474
5666
2006
2121
5821
7519
4677
5172
4370
6699
6710
592
351
2961
521
3245
2650
3166
899
3895
2693
465
2094
1452
6752
2620
3074
1858
960
434
3227
3245
859
6446
2844
2322
3097
3345
1179
5621
6720
5331
350
1241
1087
3139
3998
4540
4235
868
1293
1150
8438
6809
3642
6729
6060
5717
1466
3664
3884
3608
3918
6879
8970
4986
1985
1014
2007
2225
4945
297
5284
683
3917
6300
7566
1546
2389
1449
6218
322
447
447
7353
1322
8901
546
8190
2980
3329
669
2056
4370
2154
8280
4094
6635
3975
5404
6248
2106
6934
4690
2718
5063
1242
3809
3283
2048
4739
6119
6816
3913
7514
7514
1044
2876
3693
4347
3081
1804
6710
7366
3412
6300
4923
7517
7517
1413
7296
5494
3368
8703
2905
4753
8641
2090
3134
3799
323
2251
6842
6543
516
8969
3995
4919
5071
3727
1318
6713
4273
3183
885
8767
5516
899
5105
4198
897
284
4793
2247
4739
4683
4508
6309
5326
174
4016
290
5893
3303
3181
3004
3576
5789
5160
5347
5347
7495
5347
4928
6230
466
856
668
4499
592
6490
1525
2831
202
8659
6380
6380
7013
3509
2106
3825
3431
2617
6672
3527
2269
8594
825
3411
604
2504
429
354
3359
384
8732
7467
997
3858
6390
6390
7678
3060
1181
2996
2650
6270
1816
211
157
2402
1670
211
5319
6244
4485
2945
5764
1285
4791
1059
59
1985
5007
4883
338
2803
5907
6772
5196
2857
6618
6329
2027
5321
3591
2472
8428
1775
6450
1199
5242
3500
2886
467
373
2138
3242
480
480
5338
5690
5999
2268
360
3401
1715
2369
1378
3928
8921
3464
3464
240
4946
3927
6618
3858
8718
1170
583
1575
4631
6486
6376
3340
4909
6470
2267
6251
4510
1669
1219
613
4681
3922
3530
3530
5289
3413
172
5159
3881
3716
4149
7291
2636
5822
3895
5105
3878
4515
6398
668
683
2105
4791
6920
4690
4222
1949
1949
1531
1531
5083
1329
12
7552
7552
6280
8700
1278
476
4507
6328
445
706
4094
3465
5618
1359
3891
7698
8592
6668
3425
3376
1357
5426
1933
8931
1730
5893
4254
8384
4276
3207
7584
5397
2679
4941
5519
5988
1572
3187
1264
3781
4899
6565
6974
3348
3551
8792
1655
3856
3856
3935
8969
1284
755
3562
3577
2143
3502
3502
6044
7879
7099
3045
5273
1034
7693
8283
7343
2169
2238
8094
7295
8827
5499
5610
3372
1133
6361
1108
43
3901
879
3247
4914
6079
5642
1491
1042
2960
5063
3029
3562
620
3318
718
587
2801
779
3413
1360
4014
703
6251
6368
4729
1526
6073
4645
748
8673
1489
7504
2674
3743
2225
1894
7211
8968
1670
3395
3146
1527
7913
3869
2108
7011
1159
1159
3088
3283
4555
5017
7255
6372
4555
3807
5789
6087
5131
4984
8855
5944
5944
4859
429
3835
6393
4089
3825
7941
4622
4471
647
3353
7088
2027
5189
278
3395
6935
1415
1083
5261
451
1440
2280
3034
6380
742
3686
4345
6254
6399
4627
733
3002
3471
155
4926
3966
6163
1614
2226
7775
7755
5619
6351
3254
1640
1640
1690
7531
4492
4785
4923
6508
2101
1687
4368
841
8130
5160
6842
8851
240
6680
2621
6209
5356
5899
7850
5983
2368
2368
3247
4106
7293
7567
1539
1485
6529
5208
6187
7135
7254
5690
5947
2754
4645
4577
7599
7881
4729
6286
1718
1718
2700
1657
2366
3125
3125
4620
7063
2522
7627
710
8315
3236
516
3846
4176
149
62
4274
3877
5621
7800
7800
6785
8030
4140
4366
8692
2222
5282
544
1073
4711
6976
101
422
4561
1741
2510
859
7408
7809
236
1434
5977
6953
6953
3204
8257
2386
5583
610
5636
2121
3015
1542
3924
7516
6347
5463
943
1741
1842
3608
1547
3229
410
6372
593
290
8918
8906
7079
4403
6638
8363
5856
7177
5789
8892
4289
1235
895
859
6832
4830
3315
8202
1961
1535
900
6844
3856
4208
4667
3289
719
1196
8546
189
5160
1927
1927
6975
5327
7299
5665
203
7331
7440
897
6573
7410
3430
5167
7656
340
7281
7793
7281
3313
6664
1648
6877
1633
3146
5921
5587
3769
6471
1015
1391
1793
5672
3998
2088
2296
5201
3252
5583
3052
7124
2237
6144
6991
2191
6078
6074
884
5624
6487
7587
4902
1546
101
6173
1109
2617
146
6920
4585
5020
8621
1025
3298
4040
383
5556
1917
5587
2995
4040
177
4230
3079
8699
4739
588
3130
1375
3021
6301
7082
7239
8772
3613
2712
2193
5457
6953
4772
1520
1199
3192
2497
7340
5713
319
7457
3796
226
3772
2603
1648
1415
6173
3587
3588
2488
2013
205
1833
161
1394
6411
1508
5717
5717
7020
872
232
7519
677
6034
6889
8927
8945
3955
483
3187
3187
291
6702
3903
8367
6558
7268
4936
5171
6003
3572
1526
897
933
8906
126
7598
4289
178
1314
3861
3861
3423
4906
634
163
6157
6464
6464
3171
3097
5511
2225
5652
5519
4125
4285
5627
4140
7061
4317
4317
4186
6853
1296
8901
8339
8462
7700
7833
6830
4683
6263
6421
2922
8719
7691
7329
1588
6523
3189
7409
7246
206
6212
5772
1069
4778
518
7905
4622
6709
945
440
4276
7012
5223
5063
2441
6367
7638
5128
5442
1195
668
668
4540
662
579
579
5881
6583
5154
2165
1949
3497
5633
254
254
4461
7375
4795
4325
7002
3206
4817
7126
5045
2960
479
7436
3340
6290
1218
855
5820
2228
7467
3407
1523
1176
5781
6202
3895
1567
6691
6385
4561
3130
5145
7716
7512
7512
2989
2441
2441
2441
2651
2417
2520
8875
3806
768
1489
1314
7887
7887
6247
2121
3916
6538
5743
5743
1696
1322
5374
5132
6057
5457
6366
4492
3960
8968
282
672
1118
730
3514
4039
3551
8302
5715
5281
144
6564
7382
7383
3313
1067
1370
3998
149
8333
6817
2278
2278
3276
516
5132
7240
933
5122
1105
5446
6398
2030
3861
3016
6543
1572
5138
5711
7775
7099
4066
3471
1665
6963
4173
8943
3730
714
3288
5213
2171
3345
4785
4208
8524
2798
5338
1599
591
5894
6758
3860
2195
708
2797
1122
2267
3588
3588
1887
5864
8913
227
2681
6631
6391
5105
7888
3207
7466
3967
4715
5870
5717
1920
1624
1920
152
7802
7628
5981
2764
8260
7590
2252
8421
5846
460
8202
8466
4824
4555
5994
6911
8914
3960
6168
8150
8931
8946
6361
7331
3185
3747
3879
1591
3318
5870
6639
6958
1177
3486
7196
7196
3222
2217
7744
221
812
485
6558
4731
4437
3394
3623
3884
367
8261
8537
4442
733
5253
1903
7911
3464
897
2325
4961
283
5289
1199
1199
6074
4824
7413
642
3236
7239
5571
2632
7567
2335
3664
7802
7041
4592
6583
2995
7060
3106
7189
7460
5134
3568
313
7781
5952
451
7699
4621
6117
1532
3231
3231
8557
4153
3863
591
6210
3329
1817
2348
7914
8586
6615
4758
7888
1067
1579
1579
8547
7198
7046
3185
1903
2451
3544
8626
2027
99
5397
4482
5017
3928
3204
3002
146
4385
3762
2638
7714
4275
6119
648
4260
5382
1306
4077
1267
8670
2224
5235
6302
6446
356
6576
5634
8560
2963
3017
2622
8235
7948
8235
4225
6574
6366
6366
2083
710
3425
6719
2553
6479
6272
8281
7086
4537
4537
7781
5762
5762
3551
3572
6913
362
742
1656
318
3052
5867
6830
6312
1934
6516
2490
724
7020
7967
7818
394
716
1955
1657
1661
1154
7446
2127
1472
516
2749
5658
5781
6957
3553
7023
3015
7385
1806
2668
1936
6181
83
2532
2532
5541
3376
6970
1550
6357
3806
1444
4000
6664
1602
6285
6930
786
1094
6276
1190
7338
6708
6708
6708
8384
6938
1666
317
7832
8960
3106
6710
3587
3995
6803
841
3622
4570
1553
1464
1852
3287
916
1470
1313
7884
7787
902
902
3400
7292
6974
8110
7165
1811
6930
385
3440
7680
3464
3177
3482
4222
7839
7119
3836
5947
5947
5346
2944
7583
5850
1623
3349
6030
1543
1640
8034
8879
6286
8663
6191
4153
7833
6034
899
5299
1920
7151
5958
1889
6034
3938
1837
3111
1903
6515
5802
6660
39
3953
8596
6926
5541
4672
5822
5293
6585
6967
173
634
1235
1287
5846
3953
5115
7755
8930
1248
217
572
4858
2642
6861
4430
7293
5890
5899
2419
2880
6622
2990
2851
8345
2872
6984
3884
5141
7192
6891
622
8146
3401
3772
2259
6228
2617
8632
7081
3035
8203
8203
4993
5351
5857
5798
4089
1609
4100
434
8521
734
8948
4441
7439
6301
581
281
8295
7779
8453
6456
6973
2641
6782
6043
1485
6913
1202
328
8039
6367
4066
4759
2378
1200
225
8908
1057
1427
5367
3717
3426
3426
7012
4040
1954
4236
7587
195
1913
1633
7522
6212
3638
6030
5809
7837
2702
2984
2984
3835
2969
8438
7698
4090
7198
4858
7521
472
4497
2194
4765
357
1274
1274
8010
710
822
5906
5474
6302
6785
8547
1604
4278
483
4583
2235
7288
601
451
1090
2266
2302
86
3930
1357
7884
3562
6618
2080
8776
7440
7383
6509
6405
780
5707
6558
249
922
6957
6975
7417
1525
950
5386
5922
3776
1856
6376
2634
1682
1588
4062
867
286
362
3431
5881
2272
4675
4675
6195
3353
1767
6500
4302
4209
446
446
862
4354
436
427
136
433
912
879
611
611
1018
654
2518
4851
1951
2235
3572
2093
2650
1182
1823
325
325
418
408
6087
6087
5964
675
893
6514
6194
2966
7387
63
26
1059
148
8744
217
911
7281
6508
310
7141
2821
194
77
77
5710
98
2970
5446
3276
4325
1373
4739
970
5347
6470
2254
128
6291
7528
3101
5583
868
3410
5282
7081
3574
3916
3949
4235
5246
5246
1785
391
113
182
1672
5351
6452
151
3130
6019
7282
6967
5618
6228
3861
3400
2765
536
5393
3478
6553
4306
1130
1565
7333
7045
1504
2847
620
5034
2272
2900
1177
1255
8914
491
4980
7439
1349
3614
7151
6227
6227
4508
4508
2004
5281
4460
3836
1379
1937
7742
6828
6828
2575
7177
7177
4851
1256
1129
408
4231
4231
121
6102
6660
2283
654
4159
1316
1292
8544
1262
4388
377
5574
6232
3206
6665
5844
5993
1749
5499
8913
7375
72
4054
4196
7744
6188
6504
5666
5673
34
978
8889
3431
1860
20
34
7521
6903
2743
1764
3141
3141
3107
1422
7587
491
5376
1147
48
39
6339
4108
1262
1594
1823
3737
235
7319
191
3862
1565
1565
3895
4374
6181
5781
1323
1323
7758
3052
2668
1022
2574
2574
2813
4858
8650
748
3836
6860
5754
7731
7731
3440
8697
3410
675
3077
2251
1884
6913
8147
4778
4906
3661
3661
6530
1485
2161
4736
5454
820
6506
2269
2269
1751
1917
7628
8949
2783
87
1981
1099
3100
4492
7020
7517
5658
6930
7626
1473
6635
1022
4068
6703
6051
6051
8701
732
770
7061
4222
2366
2075
7230
2110
2970
666
4544
7162
7375
7528
821
691
3526
1650
1648
8124
2419
2419
5450
2649
4122
5132
1672
820
2341
3778
3065
2379
2235
1449
5474
229
8033
8879
44
4499
1147
7493
5944
3002
4557
3412
1956
6181
3562
4048
5397
8924
7742
866
1378
4841
2127
2041
786
5358
5168
7398
2185
4288
5251
3775
868
1263
4540
1108
6376
4859
1422
5822
1712
185
217
572
572
26
4939
5983
7363
8281
3903
8917
8295
5474
424
1505
7659
5213
3975
3510
1040
6230
3785
2540
921
2717
6290
2040
611
7324
7324
8039
7933
5001
6566
6566
6758
2004
3785
5160
3192
3733
4714
5172
6395
1338
8947
7968
5400
1373
7045
6835
869
869
4423
5403
3949
8626
1968
537
1355
5517
7419
261
506
7701
4700
4176
7838
7544
4580
1094
451
137
3572
2171
1692
7151
7798
5582
2453
8453
3319
8854
6308
113
7865
7914
7797
922
3431
7281
1813
2969
1474
398
7865
2898
5529
5529
8918
6194
2843
4451
4741
7691
8889
259
72
5639
6435
6136
7858
1793
3733
3937
4862
4862
7
343
7
1862
224
7111
1650
6309
5454
5454
8918
5456
6076
879
1955
4980
7116
7042
2656
400
3690
7933
5265
2284
6796
7196
26
1057
1071
828
799
2266
1830
7037
5046
6471
249
1204
383
8260
8202
3180
6654
326
326
8534
3308
1485
1357
3088
5781
3955
5469
8150
4768
4104
3862
8166
3313
4585
4222
427
5295
8345
8129
950
4174
437
1574
3938
3336
769
957
614
703
765
2633
2470
5891
1506
4817
3712
1541
687
6503
825
212
6795
7463
895
6019
1820
34
7962
6970
4984
5122
7291
3410
3743
7381
8717
7851
491
244
1415
604
1734
55
369
63
5457
392
5329
7811
7691
2923
2960
450
746
4980
122
2127
7436
1644
8621
3805
6514
7194
802
1121
4423
7141
1140
1140
1140
90
2423
4749
5626
192
451
537
4325
320
320
5349
5715
131
7461
2361
2360
6730
365
5330
4423
8544
2266
2597
3672
357
220
220
3593
3955
5160
2355
1226
2664
381
425
5474
4964
8627
7552
8291
5982
2266
6914
5864
6119
3308
7933
7427
4370
7469
2709
1199
6349
7801
5935
3610
626
26
1978
4760
98
1529
2342
2742
7872
5136
8213
8213
293
3569
3787
4597
7165
5885
5791
6772
6730
7704
5604
1487
3562
8744
6094
8465
770
1852
4839
6958
1951
1208
571
3276
802
3178
1460
1103
20
1245
4203
2445
3879
8121
6829
8121
1756
285
1579
5055
1550
1561
6435
3998
4128
3432
8686
5790
1525
2842
5711
6963
3187
2830
5492
6464
144
7929
3772
5492
5492
4423
5282
5282
4818
8014
1341
6261
1029
5055
6566
6566
7583
1455
7420
6790
2811
7592
2323
3624
174
946
6773
6654
401
401
1776
5575
39
59
3623
2789
5781
2660
5191
6009
6351
29
2360
2360
2663
4552
2884
3445
7967
7442
6050
1212
4764
4764
4764
3353
3240
4630
3440
2041
2384
434
541
541
1819
2905
3357
4138
7655
3383
3569
6203
6916
6329
1113
4964
2257
2257
2257
8264
6797
7020
6242
6242
7282
268
561
1032
5760
1332
4423
90
1484
6076
6076
4423
4980
3825
4550
4340
4700
6394
6452
7516
6978
6978
3484
5343
786
184
1631
1631
3014
5606
864
127
112
90
6934
6967
2011
4664
3030
1631
1607
3527
7512
1758
3968
5565
4833
278
4423
8239
2718
606
4669
3478
4354
862
6273
814
2977
1452
6755
6654
8850
8342
3863
541
2663
3559
2004
1819
4135
5899
5969
5969
8561
8170
525
73
214
3237
3150
4709
3454
4209
1726
2259
8917
5949
5949
131
5722
3777
866
384
2642
1539
105
540
5418
200
1135
944
2857
7851
6101
2265
3695
4762
5454
406
6790
351
6457
365
6492
6492
3340
1103
2717
2377
8056
632
5365
2847
2847
8261
2934
7888
8146
4883
4754
4025
8490
921
1460
805
1048
1048
3988
3988
4053
6046
6046
3277
8014
3975
4458
1026
1026
6434
385
8199
4608
5969
765
6955
6449
5958
4929
374
3988
1855
1555
847
6457
6489
6723
4212
7082
1029
6456
6489
6589
7811
774
450
2367
2261
1443
1443
610
4370
303
303
7111
7832
2697
4176
2004
2368
4472
3011
2857
6006
3975
8281
3606
6915
6915
7108
2861
218
6145
4025
6452
685
1204
73
5756
6692
4700
8950
485
217
6440
6457
3291
1690
3402
5572
5981
1490
1191
4157
279
1490
433
1620
5650
4127
5003
3551
3787
1937
7342
3839
4834
4903
7929
7467
8044
5757
6721
184
2133
1485
410
109
7451
7394
7112
1001
508
2782
1002
364
6958
1261
3416
1499
2806
267
5572
8031
16
8939
5310
5310
2564
7023
2266
5609
5806
5565
4340
4340
4340
1041
4107
4053
226
2270
2667
1855
465
768
6619
3894
4583
7327
7452
7452
1981
1793
4842
4842
746
2419
223
7968
7968
8143
8044
6230
7337
6565
7625
2167
332
293
3336
3611
7023
7454
5769
769
1695
5089
4099
8256
1199
1199
157
1367
824
2289
7763
508
1182
1460
6751
2074
2642
7840
7953
692
848
945
848
5422
5606
3785
5792
1950
6124
7306
5128
5885
6489
6703
3894
3894
4788
1194
1913
8822
1208
5650
2025
2838
4458
4098
7569
7569
7586
4677
2765
1389
268
4067
8192
8099
4450
3729
6797
1031
2779
2838
2325
7641
1944
7934
1469
5491
5555
7508
4333
216
1620
5387
3882
3336
4842
4584
1095
3336
7484
2869
2829
4985
7090
6797
4762
4762
6619
7745
8683
8683
8825
5246
5246
1003
935
3894
7450
2831
7077
7181
7054
6931
6059
6578
4345
3088
401
2448
2133
7104
8342
8918
3295
2920
7803
3277
506
5517
222
16
3816
268
1103
1103
3832
3859
4108
4921
370
8800
4328
993
993
750
4729
6741
6232
7858
5513
230
38
454
3277
3858
3571
3571
4274
8967
2703
576
586
1028
4339
935
5295
579
8713
1047
1158
1564
403
272
1133
3328
949
7097
8064
7657
8164
7876
6915
7098
6556
7676
7104
4320
4320
4471
1312
4099
560
109
4357
8213
4472
754
830
2091
7854
5732
8423
560
4863
3517
1619
5016
4871
8084
6449
4223
4149
6619
7254
1077
184
4640
3291
2200
4064
426
7942
6503
3981
7823
8625
1607
1607
5347
7495
660
5085
2853
2212
7628
6973
1966
116
4672
3727
6802
6802
8214
990
7119
4555
2078
228
5996
6713
143
1685
6551
252
7882
7334
7827
1075
834
853
8653
8511
6876
7717
4063
4063
1824
706
915
1260
2468
791
4471
5129
4312
3141
4046
2323
7569
7673
7673
7061
5496
259
6440
1382
7504
8039
8649
259
608
2756
8292
2025
6036
4611
3824
7201
7021
6589
7421
41
3302
414
2986
8800
8349
8510
7792
7192
6051
1814
1506
1801
8129
7241
3568
6353
5429
7686
8787
2325
3641
3076
2634
4611
954
4389
7652
2269
1229
7205
7326
7326
6142
8551
5949
285
5534
1539
6887
270
6799
2361
8291
7454
426
1304
1574
598
1453
418
1793
2519
1376
7359
7720
433
3787
4496
6979
1471
999
6131
6655
4496
3870
7494
5274
3093
8637
2744
804
7494
4765
4389
4871
1568
1371
1629
8939
1952
2843
2122
5615
7986
130
8427
8584
1370
4641
3715
1792
8188
8489
8528
8004
4079
5812
8775
1212
4908
998
1002
8716
3230
4792
3163
1721
4230
4451
2701
3079
8716
2261
2219
4450
4021
1251
4079
4389
6541
844
880
1616
6683
7126
7979
151
84
1439
2047
7103
7649
6036
692
898
750
1431
953
273
2231
1240
7421
2432
1758
2541
1358
1273
1850
6979
2181
2078
1832
1155
485
8467
965
676
2519
5950
4806
3442
1047
993
4687
4693
3127
504
94
569
228
3441
3900
5793
886
2354
5076
4602
2901
7283
3661
3416
1150
8015
134
7754
5770
1727
2332
2919
1012
5502
333
2663
5913
684
3080
1106
230
8758
6788
7018
1904
3904
2595
6628
4063
3350
6768
266
892
5477
1910
179
7173
7991
7390
7246
7263
7474
7259
1305
818
1358
8794
2845
775
569
5364
5187
3393
4881
2904
3424
3347
1056
3702
7609
6886
4809
773
8356
91
636
6628
2619
1979
1405
5702
1575
1139
1325
2914
1334
4323
7466
8180
5165
6712
5942
7015
7754
7264
7205
1128
8205
2778
8205
2705
8558
8035
1398
2749
5541
8101
7725
969
6067
8148
8937
8944
7901
8938
463
5435
6397
5827
8811
