739
1559
4779
514
627
627
5766
4100
4078
2666
4633
331
974
998
4046
561
6005
1577
1860
740
6013
1043
4633
2760
3840
5172
167
3819
2502
3650
627
1006
513
1410
444
1919
397
1376
3840
3336
2646
2255
346
4977
1878
3125
513
637
5931
731
1149
334
2321
718
3017
2356
1145
974
391
3518
2356
1289
6947
266
3227
3613
2255
4597
5379
2543
1945
5973
3834
6214
1484
5203
1230
1661
3430
1945
2934
2802
4928
2320
3303
3409
2619
1081
2556
3734
2170
2291
748
580
4385
580
3401
6172
3227
637
2258
510
5919
2840
6452
2665
1228
414
819
1878
339
647
5706
3888
4618
2084
4827
4603
5049
324
514
1682
592
2666
4801
6701
5244
5244
2924
1773
5248
1600
3434
592
2585
4673
6946
3786
627
3127
4604
1197
2235
3409
1763
6900
4874
1800
623
6383
2965
692
5864
4078
4990
4467
5697
3094
6383
315
3288
2256
6919
5203
2702
3918
299
3422
527
4411
1175
4467
5172
3756
2243
165
3126
5172
3072
6656
6534
6709
2057
6007
3040
6458
2828
3036
1895
1624
5433
3325
5960
658
1804
1043
6732
5700
2346
2683
5692
4537
6007
2966
5636
1798
5608
2256
1876
3647
4046
1658
1819
1132
5091
1969
260
334
911
5119
3336
368
4827
6147
3878
2802
1658
984
6020
4265
331
1341
1754
299
1338
4473
950
804
1287
413
2596
1095
5418
529
507
2105
5966
627
2346
3253
253
1296
2149
3025
1618
5041
1095
5448
1043
3731
6499
2154
3613
2284
1426
3127
173
3650
5960
1417
741
1161
1354
6901
4292
2728
5436
5279
2724
4634
6436
6007
1132
2749
3821
788
6946
6263
184
2830
2322
1051
6942
4884
331
3517
2598
2828
3572
4248
6883
1168
2260
6486
2986
3195
3071
2619
2336
4633
5692
6775
911
1256
2027
1561
951
974
253
4060
4036
998
1948
618
2911
1969
950
2640
381
4467
3928
2096
2747
5448
5448
492
4811
1183
4374
1443
3478
5312
3526
1959
1763
5884
290
1878
2585
355
4422
600
4631
291
5406
5212
1715
4651
5700
5644
6306
1278
5872
6207
946
1354
2540
6214
500
5290
2704
5330
6324
2828
470
618
3830
3893
4887
6594
5769
579
413
4113
2444
4751
6883
4394
3046
603
1250
2057
2830
998
6629
3859
2038
339
721
1146
512
5531
5041
2667
4831
3930
463
6735
6474
5568
687
3559
4990
2405
2702
1354
1354
6828
2830
1624
3853
4130
1798
5627
1332
2938
6950
529
1818
4416
6222
5423
6079
1095
6670
323
428
6148
5029
3278
998
6237
2558
4012
4597
431
3132
804
513
1163
5383
4830
1347
5958
3807
3297
4674
261
4852
1902
5683
1696
1802
1802
1600
6151
153
4622
925
4873
5198
1081
6185
2243
3126
3195
5597
5921
391
1897
6604
1168
2333
2333
5167
3419
2493
635
6263
1637
1854
5919
984
6399
6828
804
175
6643
3380
6520
5550
3486
5380
1865
4187
470
3498
1404
1162
1975
623
3900
2582
3028
492
5693
516
1902
5522
1184
5241
2870
6640
5638
1715
6612
1494
4432
6732
2753
2166
1170
5154
1168
3746
1877
2612
1069
4051
5866
2779
417
3960
1161
1287
699
310
1488
6486
437
5943
1316
2802
395
3738
6934
692
1135
556
3779
6222
5271
3304
1293
592
4622
5718
6670
1469
3895
2426
384
2096
661
6220
253
513
1006
6928
6214
2255
2702
5991
4533
1069
413
731
1043
4046
4090
947
4386
6409
344
498
4045
5273
3966
2160
4073
3746
463
4938
3089
1043
3202
3036
741
199
1342
2690
440
6510
2965
2138
397
2097
4263
5379
1116
1287
4355
3425
932
6530
6530
6396
1058
6616
1135
3042
6722
4646
5966
5841
5628
3960
2336
5104
1399
4108
1677
1878
5296
835
1594
6166
2158
4702
2980
6670
4148
3126
1203
918
5967
4099
323
6577
6435
1041
4148
4148
3237
3237
2289
2977
355
2260
581
1878
3965
1412
2590
4633
951
3881
3008
5176
2647
5554
902
783
889
4645
4215
253
1393
2113
951
5386
6172
2710
3712
4430
304
982
2552
2027
6629
162
1008
5582
3296
344
4325
2000
6887
3157
1354
5906
4129
3223
1347
1463
6804
1770
557
6661
3429
1272
741
5564
3774
747
3926
1477
6290
3023
4715
1618
1007
4811
6594
1754
5393
288
6454
1095
5012
834
162
581
580
5816
175
4985
312
5524
3077
6230
6846
2097
444
4015
3893
1229
3997
3888
3960
1548
2694
748
290
4885
6043
1661
162
3185
3880
3422
3200
6188
2561
4051
658
1279
1152
1048
1376
3210
1003
241
3131
6084
2766
1568
925
2105
2948
6735
5274
2028
4698
4977
6413
125
6396
710
2314
1799
306
1857
820
235
1436
1465
1143
4036
6258
1037
3526
1579
32
5719
4741
2206
5835
3805
3041
4053
344
5938
6086
5737
6433
1980
5156
1602
6928
1907
1477
1610
2506
4450
922
6596
1987
760
2177
1629
2371
4612
1579
1142
5816
1503
1440
3818
277
2455
5040
2169
5890
431
431
1390
5564
1038
1129
319
4191
1924
5128
133
1985
3507
2455
1310
6648
6732
2260
143
185
1376
1856
1528
1716
1509
301
159
811
165
934
3328
1802
1532
1060
4603
4066
6145
5928
2493
289
980
1694
1480
2904
4830
3740
6356
5469
623
592
1177
2276
2384
6934
4353
5806
4673
3307
1806
1149
5363
7
1241
395
4678
2420
1128
6651
432
1458
315
4490
1038
1500
2336
1449
539
1727
1326
1721
393
552
6255
2098
4085
2806
5027
1066
1905
2105
608
719
2682
2364
3248
266
1258
5284
738
247
645
3523
1906
476
235
2045
2232
3784
881
1050
3094
915
503
1773
1068
3741
3771
1821
830
1130
1416
6525
796
1600
3401
1495
1138
584
5766
5766
3707
21
1369
5178
5290
1955
1194
1326
2710
2268
118
3442
1492
5555
1095
4
429
1112
1112
1568
2955
1017
6509
6928
3691
1799
1847
1799
334
621
1557
5237
4141
1708
2755
2463
861
4845
1169
101
6701
972
3727
1333
4322
2803
2674
323
839
4825
4789
1828
1065
1479
76
1041
2311
915
4893
1202
513
2284
1593
1296
685
2014
2518
117
4707
3863
3002
832
4071
2978
555
4078
623
647
1503
143
4209
1666
1867
2395
2020
1357
2771
5156
826
694
1416
1757
6034
6433
6141
190
4375
1141
2499
850
739
1961
1149
2085
1333
6508
6541
2314
1981
970
2909
5524
1095
727
3684
3559
6154
6604
51
2240
2229
2859
1392
690
2227
4847
5890
2803
6255
6212
3954
472
3225
5506
5555
1884
145
3352
3743
4316
4121
1376
2177
669
2413
6254
1028
4807
5471
5471
1202
4036
4752
1479
4676
2702
2702
1509
341
1963
1561
2608
4216
6486
2682
227
5935
1014
4317
2814
1066
2553
1094
6255
424
3261
173
3339
2053
2731
1201
6693
3367
2879
29
3480
507
1882
1038
1343
2024
3150
1857
2431
170
3352
652
3782
3407
570
2020
6000
391
516
1856
2295
170
6072
3771
1541
5964
3394
2985
1780
2297
1219
3680
591
3299
1188
4577
2208
4699
971
529
529
1640
5862
2329
5746
6334
2020
732
579
6643
135
3298
1931
2325
6309
599
1283
799
6641
189
3382
975
2523
758
4790
2474
2011
1700
5029
5549
5392
928
731
5547
3464
6052
5615
1550
2564
1772
4729
2263
1710
3483
5631
2475
1351
1491
4884
49
1730
6068
4577
228
25
4374
74
3552
3425
2434
3502
2024
1024
1241
1489
3551
1212
188
2661
5564
2335
2818
1037
6105
3825
5615
3310
2907
2881
2263
2352
4882
795
2623
2368
261
1839
1730
2066
1842
5375
1217
4827
3089
1742
2324
361
1053
1843
2907
5853
5853
1855
539
3082
970
729
729
673
677
913
913
2227
331
3179
53
4274
3461
2818
609
1090
2839
366
1503
4378
1126
5700
646
2377
5927
2879
6756
973
4810
5213
2542
4512
2452
3149
5225
1491
2881
4552
3553
4050
4050
3619
2058
2160
1157
1053
1739
1807
5929
1802
3643
6066
4746
5129
1883
1303
987
1170
3732
956
909
3991
3457
2325
3771
2620
2182
664
2354
2451
1825
1268
2121
228
2544
2044
6886
5880
6000
2417
1438
943
4068
5271
657
2246
1336
6661
1055
5091
4985
8
719
5830
1054
1326
1047
1716
2287
3528
952
2483
4542
4251
6269
595
1865
3024
1060
593
2483
157
1878
3223
1686
669
179
567
567
2091
745
3281
4524
588
3186
5983
5983
5696
1573
2124
866
2861
4230
1348
2662
430
1860
1937
231
1164
3512
1532
1333
910
5404
3987
5547
603
1855
2265
1550
4418
2253
2906
1406
5926
1411
5555
5466
6175
4576
1296
1204
1277
2249
4221
4453
1263
3029
1773
3398
3967
1547
4530
1979
1291
249
842
2420
1085
2560
1382
5909
129
2336
6254
406
5139
1178
966
5118
1764
1016
2291
1903
733
2368
2276
1961
6903
1425
345
1066
3784
1920
4253
2015
521
626
2264
1609
1842
1523
554
697
2043
3944
226
1367
638
952
2789
913
5630
2097
4698
2114
3052
1716
6608
4742
2301
1707
1707
626
626
47
60
3375
3452
601
875
3482
245
4300
1990
5463
4134
2467
2464
1400
1758
2032
1487
1619
4080
1007
304
304
6459
4462
2606
314
490
3702
5070
705
1161
3976
3299
6255
516
4569
1439
3353
1546
88
6155
1222
1226
1435
1435
4302
6865
19
2719
5245
2729
5077
1343
1762
2997
6265
1985
2013
1913
4688
4497
1002
652
4427
1532
4202
134
4034
301
2460
1730
1411
5707
386
3770
1192
1242
1089
993
878
313
6071
2271
12
391
3294
1743
6038
1468
968
557
3997
1637
2326
3321
4007
5681
443
2296
6128
4876
2051
4921
5189
4404
6703
645
5179
5760
3220
6277
2960
434
107
1565
1679
1112
5787
1189
2746
660
660
5839
1054
1374
3131
1043
2370
4061
4061
772
2044
6136
1985
5237
2216
523
5118
637
294
3105
402
6950
6945
5447
1289
1546
2263
1057
1907
993
3406
4753
478
1264
1846
334
4716
201
1523
3473
2895
2987
636
2341
6710
1907
2818
425
425
2566
1977
2258
3255
5395
762
2507
5212
3143
3136
4379
1578
3941
472
1679
4636
2680
1450
1532
5740
2124
3147
2559
5524
6674
3415
664
6552
5561
250
217
4754
1838
720
4109
3774
1629
1164
3990
472
3691
5294
5740
1639
1368
4985
842
1726
3089
2494
3724
1797
1436
733
5860
3088
1370
4199
2232
1755
6576
3828
1480
4648
184
3170
6950
521
845
6326
6325
563
2337
3818
3027
1368
612
1500
2325
1211
836
789
3018
1956
4356
1170
1397
4839
182
36
2899
1350
312
2284
2455
711
1248
4245
6564
1981
346
5521
2630
3662
1303
551
3765
3776
1547
1547
2593
4063
5183
5629
209
5768
2506
1856
4335
3511
2264
1951
2056
6379
927
1050
4922
5163
878
931
5061
2997
265
202
2594
2880
4358
1521
4390
4774
955
569
972
2512
478
478
6128
5769
954
2120
3740
4732
6814
5360
2208
572
3530
1909
1188
6209
1910
5099
5453
5831
3373
440
5684
1137
82
1108
5190
2842
5266
5414
2368
4607
1434
339
3977
3451
5059
3291
72
6826
4140
3381
1657
1359
1359
1861
5032
2014
275
527
5527
3608
4246
646
3843
500
2087
2854
686
2111
731
5654
3506
5546
5211
828
17
941
6577
3088
2754
1413
2671
5901
1352
2056
5905
2032
670
6273
1481
4505
4291
2564
5168
848
5806
5806
343
1896
1481
4960
4591
386
2760
1387
595
699
6110
1178
99
1985
5023
557
2873
4319
5365
1110
1110
933
6671
585
3530
1541
3060
719
1560
4282
2494
5026
6404
6136
2703
4440
732
1937
3730
4057
6595
380
222
1870
1730
1328
4105
1687
1757
2776
256
421
5035
3386
1339
1240
6029
3504
2716
3540
5754
6457
6229
102
2915
1140
1140
3836
1091
4314
1281
6075
971
1034
2879
1975
1128
2287
3156
1004
2097
4974
1037
2297
5002
5475
5716
816
2663
62
1360
1021
1503
4755
3522
1701
431
5054
3986
6552
6721
67
1755
1499
2687
4413
3684
6175
4129
5083
3838
2026
1217
6010
1282
2230
1590
604
2799
5700
3905
2313
1500
3647
1126
5147
1487
6111
6582
3394
3466
6661
848
1187
1131
4060
6566
6141
5911
2194
3201
1802
1746
104
5002
6709
72
3399
3522
6382
2358
3052
1089
2715
6248
271
1288
3782
5681
6712
4
3515
2579
2955
4463
1703
5631
759
457
5141
2600
5780
3707
2993
2679
2149
248
67
2981
6210
1086
207
873
2138
2815
3480
5439
679
2913
3005
4313
4313
1596
1025
4585
219
1380
4931
6473
5340
2090
3278
897
971
1857
4772
552
5992
50
3950
789
2024
2801
796
5092
5189
990
543
514
2181
1418
6094
3090
4436
1212
5671
759
5831
3090
1380
6879
2631
2561
366
2851
816
4091
3348
5334
1666
595
1449
794
6079
1047
4293
784
3485
2549
5566
1720
1568
3748
2479
597
3011
1139
1544
977
2254
5908
6441
2107
5743
715
715
1131
1155
5622
4331
2494
841
927
1194
437
2868
3502
863
4262
1609
4759
3161
4766
3521
4255
3159
140
2992
4943
5709
1310
5533
1695
6557
2893
1364
844
255
589
6908
6908
398
4360
5712
1907
652
4538
2063
2100
1885
2184
5547
3315
5965
823
3951
1740
1068
5891
6165
1016
5749
621
3914
6170
6695
707
344
1188
643
2895
1818
4229
1161
3504
3386
1023
2548
350
721
1950
981
364
5806
4876
4033
939
4590
2645
6059
1054
5385
2210
1199
5147
154
2276
982
5122
1084
187
4280
5150
6146
966
5747
3589
3344
824
2127
2216
3464
285
4198
1278
5839
1170
3847
5615
1906
6588
5357
4019
3480
1449
140
4903
602
3745
5412
334
5503
4451
344
534
2356
3833
993
878
6102
4868
679
679
3890
3538
6433
2318
1207
2118
3350
5585
5585
1534
841
5822
6868
424
4194
6075
6853
6588
1906
1017
1017
3004
3419
6295
4196
742
1317
66
6146
4317
485
6936
3102
1837
2904
3719
1384
5789
1783
1302
107
680
6067
1573
2998
3726
4739
6951
1085
1579
1016
2301
2063
3509
6890
1126
5926
3229
3872
3538
5316
1082
1358
1501
1556
91
3450
4999
2297
6094
5911
1173
792
3209
3502
1938
3785
6492
472
2112
848
3612
897
3334
137
2826
1216
152
787
4779
3703
6051
634
564
852
6018
5782
748
6702
3385
792
1204
3921
6036
5357
3829
4595
3557
850
4420
3627
2513
3052
1687
1194
1637
917
1793
4440
5196
702
1474
3065
6034
6187
3825
740
1390
2355
5737
4026
973
1793
399
2733
3129
2254
1824
869
1359
2644
4300
1981
790
866
1911
2350
6816
144
212
5933
5686
4428
3587
4774
5230
1083
5877
747
3090
2642
5519
5189
2907
3927
5831
541
595
3696
2925
2925
5466
4764
5212
6247
3950
1721
3102
3906
1454
841
5414
1135
537
776
745
6762
6571
5566
5366
4114
941
5841
360
1595
2904
2051
4710
2333
5838
4090
5033
4672
4161
3090
6298
6075
5340
2788
1580
891
961
856
5772
6618
2722
3638
4170
5621
2709
3794
6539
915
3130
6616
1154
3679
5655
603
3013
2962
5549
1047
1121
1452
5603
1243
1925
4504
1454
5223
1398
1145
900
2227
2427
1924
3811
406
5440
3946
3946
1374
812
4895
5670
1384
2297
1105
2791
2660
5682
5600
3571
3689
5571
276
4447
1053
5294
3588
2301
1802
3903
1492
847
40
5339
1741
4861
4324
1387
6833
87
5419
931
5410
703
444
2237
6435
6435
136
5872
5084
3103
6034
1454
993
2455
2138
3663
3095
5655
5391
1854
4892
4892
2417
2417
3439
5611
3231
3014
4075
5040
4997
2682
521
521
5179
4205
4205
5526
3558
4453
1912
4371
977
4761
6153
796
1266
2267
5108
4465
6323
305
4310
5872
399
1348
1264
759
1756
1746
4316
4751
3236
2691
996
791
873
3715
3473
3042
6831
1169
4937
1050
6672
3820
2544
1216
13
5367
2569
5782
2510
2758
1260
3853
3309
4676
1935
45
1345
795
6430
5600
5935
4019
4509
3012
2567
2455
2167
2698
2162
2012
444
2823
4233
4134
4927
1405
386
525
6605
1901
908
3612
4684
3897
1523
2032
5027
5144
4515
1286
3477
3477
3447
1018
3937
1924
3833
3898
1244
5179
6705
354
4153
2522
4674
3408
4117
1607
966
1785
4892
2699
1331
3717
3708
1028
130
4907
1024
6351
3172
4344
5650
805
1586
1594
2139
4590
5002
972
4002
2948
468
3269
4358
6019
3948
6087
4457
1878
3942
1605
397
1191
2136
2029
4419
693
693
5192
4115
6023
517
124
664
6830
6357
2730
1906
4695
2334
1064
1294
3345
2494
6082
3250
4060
5072
3807
3827
2416
1984
2217
5206
5992
5450
5450
5334
3833
3922
3848
812
6550
2714
1846
1059
3922
2246
124
785
6304
4407
3852
3852
5251
1124
1129
1362
490
355
2124
20
1112
3335
2094
2677
4038
5390
1481
5
812
706
706
93
3662
928
6619
4957
5861
6277
6334
3761
1188
2184
2543
1956
6597
909
1549
1258
6392
3637
1050
3621
6356
4840
1094
152
2038
2576
385
1671
994
4070
4223
5609
2943
996
1656
6633
2174
5831
3335
1951
744
3708
1633
6226
4523
956
3399
5122
2509
2955
1956
2660
2948
3504
841
2354
789
1780
1818
1307
2372
5899
4815
557
4709
4581
6097
6876
5393
5393
4593
1671
6141
2301
2301
3950
1034
6795
6411
796
3543
1319
4689
2987
4598
1644
3871
1390
3370
5179
2722
4567
993
1030
1410
3621
5018
5435
1729
5831
5300
6376
4634
2132
6191
85
4718
1550
3648
6788
2047
4062
5298
1143
5650
221
2021
1497
1396
460
4276
2297
4900
3217
1425
4795
3691
1639
4041
4041
4892
5952
4846
3438
3169
5611
1573
1644
5003
1079
3154
3850
3037
784
6436
3400
2173
4344
1568
3723
5837
2213
1293
5742
323
3086
1057
1068
671
1015
4234
6658
3443
6000
925
2904
2347
2010
1985
3844
3106
5553
3305
850
3913
4957
6305
2251
1397
4072
1291
3939
5968
4730
1129
1332
375
1668
6873
5018
1755
467
3070
4507
2324
2228
6338
2167
6261
5919
1668
5276
3584
4074
2844
1276
3095
3992
2698
2513
1458
3280
895
850
3969
5915
2409
2025
3752
1738
6323
1980
1007
4240
3641
4967
1759
2921
629
1758
5319
3330
2115
2095
2064
4210
786
4442
3231
6294
606
6000
1224
6354
348
1208
6124
2429
296
4234
2542
3668
2638
2018
233
4096
1397
1053
1506
1436
73
5952
5952
4579
2250
3575
3230
1740
4312
2471
2471
2471
1621
6277
4845
2907
3095
2548
1504
4851
1802
225
3591
3591
2847
5259
687
6081
308
4281
2794
4321
4085
5300
5831
1907
3294
4593
956
1668
5136
6054
5252
3168
831
1374
970
3954
6004
4563
284
1424
948
4948
6504
693
4997
3763
1386
3415
3131
1075
1756
6951
2812
5258
3563
2387
2537
1160
5482
2167
3885
621
3351
2142
3003
4909
3408
3408
5151
6767
4031
6706
6176
6706
3597
444
4502
987
1138
4443
4973
3332
721
4495
1439
5669
1825
1726
5660
2868
1481
1016
2216
375
2408
1138
1332
1601
1059
5841
3852
4638
168
464
558
2693
4368
1319
3122
2899
5128
2208
4600
2765
3370
2518
5676
6252
954
5501
1602
594
3115
2402
1759
2498
4483
1549
4806
3384
6590
4238
4296
6618
931
401
2828
3051
2934
4552
1681
935
3932
2730
122
6793
5994
4867
5620
1960
2716
3846
5899
1793
5536
6363
4649
2904
6341
4213
5849
6176
5150
5415
1188
4424
3588
3251
2417
4837
610
610
3643
4466
3361
2148
4784
5118
6816
4981
6217
850
6634
4981
3017
4412
433
5914
6135
5712
1089
4944
3737
3175
3440
1046
1090
3065
4907
2618
6186
3349
6414
1656
2547
3571
6348
448
2051
3747
6376
6834
4991
6885
913
472
1973
1348
4745
3892
5600
2842
4513
2180
2210
2180
5859
715
1246
749
3954
1772
5124
3095
3747
6144
2513
3435
142
6550
1807
1839
3115
5607
3080
6217
4319
1387
6356
3204
6506
2676
2631
1059
3256
1469
6669
2429
3791
3791
2070
1050
3496
2325
3239
3892
395
4090
6839
5636
5105
2246
4293
1303
4940
1104
6283
6552
3753
4403
3830
3590
4943
3574
5263
1384
1204
2044
5544
1758
15
4368
5430
1263
1491
3525
4799
2792
2494
595
339
3391
1626
3038
5090
909
2276
6150
5239
3298
2765
681
3431
4228
2257
2108
5179
695
1656
4676
5479
670
618
652
670
6522
6454
5842
2529
5036
3357
4013
4107
4817
6682
2930
4377
4377
4927
6638
593
5287
2681
1510
2318
1391
5500
3113
5181
1713
4265
5666
5828
5887
2955
3460
3115
2519
3098
5116
2114
1293
225
1047
3940
2709
1802
4898
2479
2762
3383
2908
2908
6514
6141
3653
4458
5072
4011
1298
3994
2828
1573
5779
4734
3067
358
715
5754
4427
695
403
3851
2621
6150
5805
6484
3315
4441
3593
4118
5423
2317
4856
2141
5497
6075
6291
5834
5916
6085
3357
3493
1033
3070
2383
2138
4834
969
6274
3667
2629
2029
6589
2824
4585
1113
3971
5924
6175
5607
3324
6015
5581
1057
6348
1504
1149
5617
6042
6510
4180
2745
1718
3725
3708
6775
5983
1668
1668
4997
3358
1535
3264
6106
868
4005
2794
455
4131
5961
3851
6550
5446
1618
5679
193
5184
679
599
2292
6351
3758
2406
4813
6816
110
111
4651
4489
3579
6252
4215
2970
2328
2008
6359
5331
4518
4674
2814
2382
4315
3360
586
1304
2865
247
3315
3904
278
787
3671
4689
6508
5419
2518
3114
4918
1714
5155
2046
4154
1089
4541
2797
1279
6300
6222
339
3775
5072
5302
4283
5674
4161
5504
1021
4197
4161
2813
3662
344
4991
2372
6329
6413
820
6091
3074
3070
2292
1903
1851
1315
6427
2095
3736
835
835
246
4579
1478
2312
2661
1836
6686
1210
2919
6206
5884
5298
4853
4792
4712
984
5105
2861
5834
5645
3445
4711
4507
6412
1481
6707
1078
1668
1156
4190
879
5761
5761
4290
1967
6537
5308
3076
2277
1030
1867
5442
3773
3578
661
4834
695
4677
5901
2089
4997
6719
2861
1851
391
481
6863
6934
346
5481
3662
5154
2642
6304
1964
6250
6756
2449
1720
6756
4732
6387
3812
4128
1786
1826
6504
4800
2786
4898
3948
1508
646
1974
5809
4716
703
2455
1824
4949
3612
6241
1539
5484
4521
2512
2512
6918
1510
1449
5714
4020
3298
4848
4848
841
6781
4098
4708
516
856
4634
1826
782
4363
6816
2356
4968
1279
5381
6444
3402
2331
4377
1186
5615
2604
1540
3104
3131
4444
3770
1618
3588
3322
5526
2919
5154
5159
6561
1879
4818
5125
2210
3240
2639
2877
2290
856
2213
5002
5002
721
1094
2640
611
3673
3896
3943
5611
6150
4943
4270
599
599
5238
3843
5723
433
598
2819
4742
1406
1675
6663
3885
4618
733
1238
6920
155
3898
1410
2889
631
4560
2642
2517
2530
6420
6934
6524
5486
2787
3673
1905
3967
1906
832
2873
624
4064
2406
4935
5054
2589
1633
4121
3406
3093
3879
6600
2567
3758
1181
1181
623
321
5162
1129
3645
6795
681
6592
2328
6618
6618
2548
5397
6222
1360
703
6446
6862
784
2514
928
1073
328
6002
6514
879
5395
2768
6380
5992
5992
1905
6457
2386
84
5599
5482
6419
1726
5249
6547
1637
6087
1511
1128
339
4509
2037
1335
2331
792
1775
1609
1609
1069
5727
1098
3534
1590
1666
5714
5648
707
5547
3812
2742
3279
2137
4721
1963
6830
4835
2655
2897
594
594
5143
2993
5906
5906
2348
5857
5603
6300
3610
3887
1006
1006
5179
6853
5347
2760
1602
6378
4641
691
6490
5805
5332
4304
5858
5515
3567
1078
3324
1602
3571
996
3560
1510
1712
5335
433
2691
5860
1504
5356
4526
977
3907
3898
6890
2649
5172
1755
385
4101
1759
1663
6105
6279
833
4279
5030
6566
3853
6754
3922
3164
609
3814
3814
4666
660
4872
5957
6060
3823
1157
3440
1616
856
2920
5956
5956
6756
4311
3673
4669
5828
6778
1116
2450
1700
5462
1627
897
967
2188
5599
87
4800
4800
3418
6161
3019
3776
260
3266
3587
2569
5896
6257
3686
6083
2723
3327
6908
100
3665
4408
4408
3677
1786
1510
6391
4708
4954
6351
1406
5393
2823
1976
3333
908
2250
3534
2568
4350
3172
4954
23
3545
5311
4200
3896
4072
2948
571
2495
2254
4452
2013
4740
5461
5740
5136
6538
4799
6216
1241
6085
5505
6146
4166
3060
4869
4609
4162
6857
4272
6491
1047
3010
6849
5120
5563
3225
5233
4073
4585
5301
908
865
4463
3338
3338
394
5150
5063
3722
2314
2684
4776
6670
5417
6542
6489
5275
384
2457
2129
1596
759
4446
1510
1967
3018
2842
5727
1315
3358
897
812
5484
3039
2703
4830
2730
2710
2630
1391
166
4894
1956
6483
3456
6273
6239
680
164
1179
3057
2785
4131
3355
6127
5461
6181
2218
4116
3517
1471
2116
5925
6666
6426
4892
4892
1951
1573
1573
6725
5002
2805
5952
6307
6557
1869
2476
4921
1168
3287
6573
5711
6573
3440
364
260
3035
1247
3525
5252
1718
6369
6193
6150
3010
6138
4778
3629
5887
2494
2096
2394
2044
2722
5838
5046
5831
3476
6106
6106
391
977
5952
4671
5263
6458
5164
2051
1940
4943
699
2264
865
1170
6231
5388
4787
6092
5691
2024
848
2290
896
6040
896
4764
6740
4897
2331
5853
6300
5154
3541
1679
5740
3658
1780
2925
6439
6295
4179
2762
4076
3410
443
2656
6918
1726
1730
4159
1610
5514
3148
4500
2722
3974
3452
3761
5987
5614
6728
2471
4864
2116
1193
1193
5819
240
4088
5003
3234
2566
6178
3257
5588
3018
4621
6481
3686
3686
5664
6314
4392
3747
3136
6201
6550
5415
6873
646
1412
6481
2599
5335
1963
1125
1985
4015
6241
6092
4890
913
4918
4918
4918
4027
6598
702
702
5209
5335
4309
5167
1096
5691
5691
4742
4742
5718
4215
6042
5395
2897
2354
1718
1718
861
5064
5654
2750
1276
1276
6012
5325
4764
5505
4414
3509
1066
2049
6051
4358
4279
3842
6670
6663
6396
1712
2562
2516
1981
381
2624
2624
3239
2532
4371
908
1981
6839
1716
2097
6375
3823
2834
4810
3825
5130
1644
718
3759
2647
984
2028
5947
3747
1826
115
2924
2005
6899
2530
6397
4205
472
4209
6791
4691
1926
658
4787
5155
394
6235
2182
599
6603
6000
4265
1507
6502
3931
2752
4421
3298
2959
847
847
3696
5016
5435
3216
6550
6150
3716
2291
2291
925
3421
3522
2908
2440
1057
6316
5381
4781
3992
5828
4668
5155
6514
5125
4961
1351
3831
3693
580
351
433
6173
3999
4912
5209
3267
4060
908
2356
1669
3384
5427
5430
1057
5481
5155
6137
787
5796
6300
3396
3396
3396
3396
3787
5278
6413
5605
5780
5020
813
2029
4257
2642
4957
3071
5661
3791
6573
6322
5887
3188
3487
908
2925
5983
2569
3861
1907
6291
2997
2230
1775
681
3467
6173
3721
4622
1548
3289
5660
3818
787
3199
6163
2592
2434
4395
2943
3120
670
3358
4548
3261
5222
3137
1662
6920
2891
6593
1637
339
4871
3406
6676
485
6556
4831
2495
2981
6542
1326
5732
3190
5114
6457
1210
3847
1762
483
6849
5886
346
71
6779
4606
6755
3825
2501
2919
4858
1730
3620
6278
6688
5365
4907
3396
4481
6667
972
2217
23
6083
6278
6249
6579
2125
4669
440
6663
6476
6856
1718
4781
5714
2806
987
5556
1142
756
5228
3986
5375
2553
6106
4831
464
6074
6247
2301
2705
6796
6493
4808
6184
5255
1060
5236
1359
517
3652
5992
5902
5987
4916
2979
3823
4685
6178
1850
2182
1775
4742
4742
5614
2495
4133
1435
2917
1431
5570
5643
4468
2592
3145
2856
4521
2112
5696
5691
2394
4170
6367
6367
954
452
3256
1786
2114
1107
1107
4939
2945
2014
5740
3134
5865
1264
3391
6243
6908
4289
5551
2290
2418
5112
3896
4943
4317
898
4242
6844
3693
1976
3972
3972
6375
1759
5461
6367
5777
5300
1410
723
1094
3042
6498
5885
279
1090
1090
837
2561
5560
5646
679
859
2616
6450
6374
6374
4309
2026
4982
5631
5260
5834
865
6403
1740
6870
5800
6345
6321
4613
2917
1384
4069
2927
4069
2533
1096
2925
481
601
1669
4647
3825
5718
6282
1791
1718
4358
5714
5011
5509
3690
3718
4590
6799
3560
1613
1613
2050
4283
5108
5663
6845
2336
6165
3477
431
431
2969
471
699
6667
818
3261
2973
6287
6308
5478
6556
3985
5050
1263
4699
1311
1352
1964
5838
408
2583
2583
2290
2290
2291
1263
4692
471
3884
6891
1193
1268
2115
1384
3036
248
2655
4740
3690
6676
1663
2503
5688
3137
2762
1712
2206
1775
1168
2938
2938
4242
2022
2540
2513
6677
1967
710
2951
1893
5147
2924
6684
1637
1452
4299
2518
4904
2967
1448
2655
5260
2169
6574
3817
3817
1791
6624
3232
1775
5007
2089
5164
1429
6310
6908
886
886
2992
2696
4015
5159
1269
2476
2255
1206
5210
4279
2828
3908
4409
6776
2513
908
802
3010
4884
595
4098
5647
800
2334
3479
3530
2519
1210
5358
6663
2022
2722
1771
3460
3662
1096
4592
2290
6300
3396
2326
5276
6751
1239
1712
2925
2476
1801
1801
1801
368
5505
352
4860
5774
1892
716
6072
4786
6935
5774
1149
1149
3999
4459
5201
3996
4356
2997
1343
3460
2102
842
2493
5166
5438
6001
3338
3338
6161
3963
3370
1015
6677
6920
5813
2007
6627
6309
1116
3277
391
4830
4015
6012
4358
517
1181
5697
2628
998
5315
6768
6374
3898
3584
4259
3584
3737
3341
5646
4140
4140
2678
1538
5021
6327
5332
1452
4520
4520
2291
5992
3852
679
3970
5982
5894
6308
6308
2089
433
5248
2856
915
5421
3972
6291
275
2589
3065
3994
3719
4654
2618
6525
1616
847
4475
4742
6387
732
4834
4834
6355
6332
3338
3338
1510
913
5340
5340
5563
368
2837
6618
1805
4006
3761
2742
6918
5304
4218
5281
6360
5089
2213
3098
3098
1149
642
896
909
5589
4551
3735
5573
5710
5710
5710
4105
3479
3594
2042
2042
4693
3232
4197
4948
3287
1745
4691
5154
5885
5885
893
1428
459
3752
5691
965
3994
2761
6102
6255
3956
2562
3444
6850
1850
3240
4354
3157
3691
992
5173
4017
1435
1110
1110
5536
3261
5304
6748
6123
5415
5008
4494
4446
3317
4019
2265
6414
3102
1930
4669
1676
5913
1352
5725
3085
5281
6751
5467
4807
6768
5276
2563
860
2722
6381
954
5179
3771
1359
2891
2356
2206
6821
446
860
860
3522
3953
6707
654
2302
4884
3539
5501
2013
4868
4438
2373
2373
656
5879
4946
2888
2385
6044
6516
6572
6572
4891
1797
4676
4691
4783
2446
4171
681
786
2879
2775
617
617
3165
4161
3412
3418
4691
3992
3155
1940
4903
4652
2761
383
4683
679
5505
3605
1802
5987
371
4740
1351
966
5868
3735
2875
5385
2524
5300
1140
4776
2210
6925
6257
6257
6042
5654
3952
1700
3065
2979
1533
5098
848
5304
1704
5764
1310
3479
1138
4919
2317
4021
1936
4242
2945
4424
3956
4716
2699
2699
5884
3232
3530
1866
3747
1096
5489
2548
1850
2169
6106
6106
6106
965
1159
1429
2563
2524
4264
5182
147
713
6647
2456
1311
5774
4386
6905
5422
2789
5956
5886
5444
6580
743
1733
4944
1340
4629
731
2268
617
5136
5321
4410
3585
715
4918
860
2062
2062
4878
916
1138
6425
6497
2206
5983
5520
4774
4774
1292
2210
2193
6023
6652
2254
5397
6399
3328
1273
5182
4399
4399
1462
6305
594
3601
3631
2723
3479
3656
2169
5740
3992
3167
2213
4453
6399
1123
1807
2060
1426
1866
2411
5397
4259
4259
4342
668
2437
1159
4781
6903
3418
3418
5656
1332
3915
433
5107
617
5135
833
1583
1267
1940
6655
5854
6756
5964
6155
5359
3036
2925
2202
2202
4777
626
2750
2750
5665
5660
6816
4582
5926
797
3087
557
1416
6316
6794
6317
6920
2411
2924
2587
2187
5054
4786
4786
1699
3938
6011
4021
5968
6051
2106
668
530
4786
5541
5774
2692
668
4140
6316
1234
4623
6665
4588
6497
6314
5325
3582
1347
6190
3605
3275
6463
3240
3752
3560
5599
4593
5135
5475
4130
892
3645
3701
4207
806
4784
987
4615
4380
5053
4380
459
530
4620
5340
3232
3232
3232
2516
3093
1456
914
1159
2513
5415
592
5906
6351
511
158
6441
1969
841
2281
2281
3367
2738
2888
2396
599
5601
1069
5774
3435
2920
1636
3151
6001
6001
4369
5491
6806
1176
3656
6436
274
4160
5869
431
5924
5016
4674
4792
1069
6742
3761
2533
1731
3522
3857
1094
3879
5908
726
2486
2052
1805
1901
6132
670
654
670
4606
4605
6756
1267
5847
5847
3523
369
369
6342
4329
577
1942
813
5125
458
1640
3055
6042
112
4659
5869
1325
4288
2193
1033
1033
627
5657
5099
2835
1688
1879
6652
784
6663
4579
2697
6057
2022
2202
2202
6629
4897
481
6178
833
2533
477
477
4498
5477
681
944
3682
5606
4976
4666
4666
3823
3686
6513
6177
375
1346
6057
5886
1889
2145
2828
1944
2829
2829
2292
4076
1215
1618
189
4816
4449
2214
3601
5156
4774
4549
635
6531
4630
2333
5834
4897
1996
5956
4928
6677
6677
6280
5882
1160
2840
1159
1405
1850
710
1510
1788
3240
2891
2342
5031
6241
576
2480
576
540
2589
2979
3093
564
734
564
4670
2493
5814
356
6270
1231
2932
440
590
6514
3596
3823
2141
5503
1697
2790
4351
481
1132
3045
2838
2692
1745
320
1445
3644
6397
1449
4693
2743
1076
6391
6057
2897
4259
5300
2089
576
5681
2476
3592
679
440
603
440
4592
2016
5541
2484
2318
3092
977
700
700
1928
2411
617
5343
2910
915
4834
2710
4185
329
3802
6931
5481
3946
6247
4109
6538
6011
6011
4790
2762
771
675
5875
5136
6266
2037
2037
3867
6707
5911
1670
6374
3081
3081
2580
3153
1869
5503
894
1384
860
6428
1082
1771
5855
2744
1504
2475
592
1159
5098
4668
4238
748
1660
3100
521
965
1215
6621
5136
206
1160
6329
2513
477
458
2877
5385
645
817
817
1924
1888
6572
6572
6439
1609
5315
1493
2790
4579
5652
718
1745
2020
2602
2365
6174
531
5389
3370
4579
4270
6573
2202
2291
5444
2022
2351
3376
4095
459
4610
1300
1214
396
3629
3289
6739
2331
5745
5664
2669
5340
1393
5911
477
5153
6790
743
2954
3808
1952
2858
531
1888
2685
2396
4170
1689
2686
3596
2056
5504
2230
6331
867
5292
5657
2656
1082
627
6501
5925
4408
4408
559
750
5889
5163
2056
2926
4128
3808
681
2292
4198
3216
2888
5368
972
3216
3216
1110
5300
3532
3532
1940
5968
458
806
4259
4592
5700
1176
2042
2130
2130
5691
2980
3580
3036
2605
6615
4659
2561
1850
1300
1300
1300
3545
2743
619
876
6858
4786
4212
4682
5959
3042
2708
1507
6826
4691
4050
4390
4340
6756
6127
3823
3568
2305
2669
3561
654
481
481
6662
1889
4897
4003
810
771
5853
6751
4140
6819
4250
916
3454
6703
6192
1558
1558
396
6542
4927
4694
4212
1252
3194
1324
14
4610
2446
3096
1275
1325
2346
3092
5807
5807
5644
5144
3924
3943
5139
1111
567
1138
2520
6085
1554
4670
3416
2130
1031
3390
1813
1813
2171
903
2486
2486
6784
5869
6207
800
6449
2238
2145
2172
4386
5251
1888
1888
530
1383
6013
567
2790
806
1176
4986
6139
6139
522
3194
1241
5761
6874
914
1702
1702
871
3580
4864
4864
6699
6699
6139
3497
2990
3497
103
3265
4520
2292
1269
5834
3505
3328
2924
3036
2411
3036
1261
6518
1167
6241
861
5477
1609
1359
1894
440
6780
5358
3444
6542
1899
2685
2277
5991
3188
5321
2742
5663
6032
6032
4224
4820
1524
1866
4620
2277
6213
2925
3180
3531
3180
4627
2685
1673
5942
459
5053
3993
3992
1160
2925
6207
6569
1082
3605
916
6662
1275
771
1021
3265
930
1274
4841
4518
1928
6123
4787
4145
1295
2990
2990
1300
6678
5224
3108
1231
4479
833
4916
5450
4264
1659
3532
1745
5152
4657
4967
2072
1496
3471
6397
5924
4726
4726
6343
4867
5594
3686
2856
4590
5573
4943
6276
6842
3617
2002
810
5804
716
4883
4903
6944
4344
1419
1982
3808
4612
4205
2255
3376
3714
5942
5162
1340
3365
903
1878
2292
5640
5509
3781
5663
1168
2435
2461
4169
3572
6397
5461
2687
6516
3216
2366
4019
1688
1869
6518
1973
6032
5385
2056
930
4711
487
1591
6891
3097
530
1973
4681
3655
3855
5968
2634
3699
6497
599
2449
2449
2989
937
1572
2190
2130
6425
5807
6425
2635
4127
1096
298
258
6434
2375
3097
3560
5656
4250
2020
6819
5022
4403
3333
3812
5509
6280
4889
4250
1717
5251
396
4957
1702
871
2411
6921
5450
2424
1769
2396
1869
801
1021
1967
732
2376
3314
2376
4663
764
3265
2528
616
6674
6387
5044
258
4212
4212
2618
2353
2099
369
4789
5572
5572
1074
6844
3912
2933
2726
4849
5523
4380
4144
4554
4554
5818
5395
5717
1850
2856
2072
3177
3300
1074
1889
1889
3477
3592
2980
6010
732
5042
3701
1898
2924
2922
4287
3961
2565
2396
2396
687
1476
2353
5450
5660
3171
2112
6495
530
3618
930
5242
6613
2798
5445
5461
2202
3045
2404
903
3616
1918
2624
3007
2922
2590
4889
3584
5750
2353
2099
3714
751
2927
332
2172
710
332
1456
2447
2261
6272
2456
2411
2150
2375
4641
3611
6806
2211
2026
2026
3564
6132
1456
5663
2396
833
833
833
4786
5365
1609
2062
3563
3701
1301
2380
5243
2685
6572
1435
369
6413
818
2172
2530
3835
3933
2401
5364
3573
6748
6842
964
1419
3314
4943
5375
1241
2602
6200
3695
6200
2288
5028
1889
1724
5690
5611
4585
2906
1840
4145
3365
4615
1110
2461
710
6531
2200
5853
5572
876
4663
1688
2924
6279
5476
5234
6666
2178
5053
5053
4793
4435
3365
6118
2288
5481
5983
1168
560
654
5193
1115
532
2922
4019
2941
336
2941
2161
3963
1660
6573
3421
4390
4145
5688
3444
3240
5807
4774
2223
1720
2685
2920
1117
1991
2922
562
3081
4862
1609
1359
3454
4482
3007
4482
5363
1659
2012
5116
4849
6139
887
481
590
439
2456
5229
5229
4925
4406
4652
3994
5764
5022
1015
1015
1015
5729
4351
3333
2543
4590
5434
6116
3635
3635
3767
6786
4140
2317
2317
4529
5008
2685
3045
2083
6699
6787
3068
2411
6344
5437
4663
1015
5523
2172
6425
5807
2685
2602
4259
3126
2026
560
1794
5956
1716
491
2708
4654
654
2954
1111
1111
886
886
968
1548
2064
3193
2565
3420
3635
6667
4726
4889
4443
6255
5781
6367
5781
1660
1991
6545
3137
4424
5753
2990
2938
3252
4471
4471
4317
6573
4103
3616
4103
1817
3489
6065
1259
2038
1988
4909
2101
2391
3160
3160
4979
5054
5481
3343
6161
4929
2071
4585
6916
2251
3915
4896
5868
3546
2064
2519
5216
1427
3531
689
1214
930
1964
3497
5349
887
3915
5363
1035
4061
2916
5364
5022
2366
861
4069
3573
2906
4227
2519
5000
1874
2773
2634
5324
4774
2362
5762
6408
3841
590
1554
734
5807
2790
4150
2891
6829
1888
304
3760
1214
2435
396
3825
538
1594
2089
6277
6439
1485
403
3273
3365
2056
6393
964
656
3420
2214
6542
716
375
2238
3183
3183
2790
2858
5721
4392
2339
6941
2685
1127
5219
6466
5156
2853
6104
347
6455
3993
2214
2214
2214
732
3962
4706
5324
6130
516
5781
5696
568
3047
746
1592
1898
2113
4110
6915
5675
4406
741
5477
1900
4323
4056
2022
1092
2453
4054
3369
3676
3882
1325
2375
619
4501
1889
3252
2238
4706
4540
2725
2485
5364
4307
593
590
1582
3676
5696
2923
3635
4546
947
5870
6922
5853
6741
619
801
3481
734
1582
5013
2440
1432
3497
3182
4664
6662
6037
5219
2053
507
5781
1100
2231
1645
3676
1849
3754
4716
5350
3963
3962
5156
6662
6542
619
4966
5082
2577
4594
4511
4862
4862
6943
435
3203
1327
5048
2484
2994
6058
6445
1100
560
2532
6467
3530
6859
1296
4910
4578
3203
3238
905
3393
2846
4514
1674
2168
6739
1604
2261
4834
4510
1053
5720
4771
4849
640
6760
4499
5483
6164
5074
4899
4077
4326
3929
6188
907
6859
4487
3346
2532
2532
4643
2224
4625
2532
1684
5264
2528
3319
4306
5776
4562
1684
2817
4971
5827
884
755
5774
6938
6663
6458
4950
6944
6944
5351
5242
6941
6627
6627
6895
3461
3461
3799
369
6941
6950
369
369
2196
