3314
3419
3314
3730
3117
3419
3117
3548
3498
3548
3498
3743
3498
3117
3117
3419
3376
3716
3475
3899
3393
3375
3834
2946
3475
3474
3816
3664
3517
3375
2946
2490
3474
2743
3743
3816
3393
4050
3899
3393
2490
3025
2490
2639
3025
3664
2639
2639
2743
2639
2490
4050
2743
2972
2490
3200
3025
4010
2972
2743
2566
3374
3393
2704
2704
2109
2639
2972
3703
3936
2109
3899
3007
2490
2639
2971
2704
2109
4103
3745
3341
2704
4103
2568
2704
2704
2565
2565
2971
4216
3900
2704
4292
3007
2568
3341
2566
2109
3935
4492
4216
2567
3342
2566
4011
3007
1510
2704
1854
2971
3374
3935
4103
1931
3518
3341
2445
1510
1931
1854
2566
2971
3546
2568
1931
4000
1510
1361
2566
1854
2970
2091
1202
1361
3546
4215
2568
2445
1110
3418
3374
4001
3045
2091
1854
2658
3744
1721
1361
1931
1854
1854
2132
3418
3250
4492
1361
1931
2090
3744
3045
1885
2091
2445
1510
1110
1110
3342
2090
1854
2658
4614
2180
2091
1931
3342
3374
3374
3315
2363
2363
2091
1721
1510
1202
3315
1854
2658
2658
2658
2180
3250
2180
1110
929
1361
2090
2090
3142
3272
2363
2446
2091
1361
1202
2744
2180
1885
929
1202
1202
2132
3272
4292
4215
1778
1885
1202
2090
2224
2224
3250
2744
2925
1778
1721
1110
1110
1110
1361
1361
2090
3418
1778
1885
1202
3783
3418
1721
929
929
1202
2090
2132
4001
2744
1443
1443
2090
3315
1930
1930
4675
4464
2180
929
1202
1141
3394
2224
3998
2863
1778
1721
1141
1361
3394
1630
2132
3142
3744
3784
4464
2925
2226
2446
2179
1584
929
691
711
711
1630
4177
4583
2925
1429
1265
1361
1930
4177
4783
4024
2863
2179
1584
1141
2090
2224
3142
3783
4248
2226
2005
1443
929
1141
1141
4658
4036
4023
3273
2226
2179
1053
711
2225
2970
3354
4614
4404
3273
2925
3044
2179
1429
1265
1443
579
711
806
3394
3547
1584
1584
1053
1074
1361
3257
3784
1630
1630
1630
1884
3605
4739
4707
4706
2926
2005
2005
1265
1443
711
3704
4531
2925
691
806
3547
3704
1630
2742
3272
3353
4372
4706
2426
1429
1265
771
691
711
711
1074
1630
3257
4036
3784
4595
3143
2926
2588
2092
2092
1265
1265
1053
1053
579
3547
1171
2444
2970
2742
3142
3999
4248
4783
4531
2926
2092
806
806
524
3476
3999
4783
4707
4531
2426
1053
691
579
2444
1884
3950
3143
3143
1429
516
516
1074
1074
1509
4372
4531
2588
1429
771
1053
691
691
601
579
806
1074
3354
3354
3353
2926
1631
903
1265
1265
601
475
806
806
3476
1720
1884
4783
2426
1823
771
771
903
516
3476
1930
4330
4784
2640
1631
1429
1333
1142
771
579
524
3704
3476
1171
2296
2296
1823
903
588
516
588
524
1630
1171
4387
4112
3058
2133
771
691
902
3257
1171
1720
3606
601
579
475
588
902
1171
1171
1629
1720
2005
1142
903
903
1053
601
579
475
588
2444
3026
3026
1333
601
475
588
902
5119
770
771
771
691
516
516
3704
2444
2742
3354
4594
5098
3143
3058
2640
2640
1823
1631
1333
771
846
588
524
524
1074
3058
1171
1720
1509
2444
3798
3026
2133
601
601
579
475
516
524
902
902
989
1171
1679
4739
4313
2615
770
3798
2742
2903
3216
3353
1631
846
846
930
875
516
3478
4727
4727
1932
875
524
690
3798
3798
989
1509
1509
3216
3950
4688
4595
4932
3058
1333
1142
930
771
588
588
3651
1442
4232
4739
4784
1020
601
1629
4932
1973
1142
633
930
475
989
3478
3843
4176
3843
3702
5097
5119
2615
1298
930
875
475
475
475
516
690
728
3979
1751
1629
1679
2742
4387
4313
1632
904
770
475
496
496
588
690
989
2383
3407
4176
5098
4112
3145
2705
1632
1632
692
580
516
690
690
3798
3651
1509
1751
2383
4313
3145
2615
2705
1973
1632
1172
930
875
496
690
728
4112
3478
3651
3478
3651
953
2004
4232
3843
4932
1973
692
875
455
601
392
474
690
690
690
3651
3058
1751
953
5097
1513
1298
904
904
692
392
496
474
414
728
728
3216
3702
5098
2227
692
633
633
692
875
392
3218
2004
2383
2227
1513
1362
1172
1020
392
461
728
3979
3665
3478
988
4726
4739
4932
5305
5119
2864
2705
2133
1973
580
875
455
402
462
989
3921
3921
2383
953
1083
2903
4726
5522
3145
2832
1973
1512
847
904
904
455
4293
3651
3665
3218
1751
5570
5222
5305
2864
2227
847
506
875
580
392
474
728
3218
3921
3763
989
988
1442
3639
4313
2864
1511
1513
1172
1143
1020
693
516
496
474
414
3665
2295
1442
1442
3216
3407
4998
4998
4293
3144
2227
2227
580
455
392
423
402
474
414
2383
5222
4833
3145
1680
2272
1362
1143
847
747
633
633
392
402
461
988
953
953
1441
1083
2759
4512
4491
3997
5222
4999
2832
2832
633
506
580
580
455
392
474
474
728
4293
2295
2759
2832
1511
1362
1362
1143
1021
550
384
455
392
402
496
402
988
3763
1441
4126
5662
4424
4999
3145
3144
1362
506
455
302
3763
3665
3871
1441
1083
3639
5522
3145
2832
1512
1463
1143
1143
747
540
455
402
462
461
3665
3145
953
953
3327
4450
4424
4833
2832
1680
1021
571
384
455
323
423
323
302
302
4424
3144
2272
1054
550
506
323
302
462
462
414
3871
988
2004
3477
384
384
580
455
323
2295
1083
2759
3639
4833
3144
2892
2272
2272
1512
1299
747
550
506
384
423
392
3665
3145
4931
5380
4999
1299
580
461
461
5570
5522
3146
2181
1633
1021
1022
393
625
323
474
402
3477
4194
845
953
3146
3146
2892
1054
672
368
455
423
423
323
331
414
3665
3857
3871
461
1441
2759
2759
4564
5570
4999
3477
2892
1512
1395
423
423
331
331
3665
1972
3327
4231
4615
4833
4833
5663
3477
3146
2892
2892
2993
2447
2181
672
481
360
368
455
305
423
562
3477
4164
845
2295
2295
3327
5058
3146
2447
2384
1633
1531
1531
1633
1075
360
393
455
402
4164
2759
5662
4423
2447
2384
1215
671
360
304
304
368
415
3871
4164
3871
1972
885
4564
4512
5522
5380
3146
1531
1022
432
393
956
304
378
455
423
423
323
461
414
3477
3871
562
3392
3407
5569
5097
5663
4423
4615
4615
3377
3274
1144
443
403
271
305
423
2969
1083
1441
885
2295
3327
3663
4704
4450
5058
2993
1544
1531
1363
1144
914
830
266
305
302
331
3857
4154
5662
4194
5057
2447
2384
1300
542
1097
1084
703
415
272
305
323
392
323
302
462
414
845
1628
2969
5057
5057
5502
2947
954
2384
345
1116
591
415
305
562
440
3857
1971
845
1201
5220
5259
5569
4194
3377
3274
2947
2947
1824
361
794
1203
532
272
368
415
440
414
3857
1972
4231
5380
449
404
848
877
212
305
276
323
323
266
462
331
440
3857
3968
5663
3386
2947
2447
2491
1364
1111
324
1023
627
212
415
293
293
323
302
279
509
3549
4012
1628
3392
5854
3377
1824
1544
1364
850
513
565
675
304
303
304
288
213
342
305
265
440
3857
781
4704
5019
5569
6036
4933
4933
5713
3274
2947
1364
404
628
288
266
293
266
292
562
440
4294
5854
2947
2182
476
564
305
303
292
440
4294
1628
1318
781
2924
2924
3429
5662
2491
435
656
212
303
303
298
266
279
4294
1971
1628
3429
3676
3479
2659
1086
1824
380
324
1335
456
773
273
213
213
293
509
845
885
2924
3782
3663
3676
4490
5057
3274
2659
2509
1086
1147
1025
957
732
303
415
213
298
303
222
154
331
509
1628
3392
4490
5634
5634
6015
3479
2973
1886
1722
1722
273
335
992
418
534
613
761
819
243
161
243
3549
2969
4547
4933
3386
3274
2659
2182
338
1336
1234
855
212
212
176
273
222
276
440
440
3938
3938
3938
4294
4294
4218
2969
1678
1971
1972
2969
3676
6253
3549
3185
2509
2182
1886
261
464
714
819
161
303
440
1971
2924
3663
4883
5663
4933
4959
3274
2182
1886
371
1027
405
567
212
243
276
293
293
222
222
154
154
292
509
1971
781
885
3968
3968
4154
5854
5502
3479
3185
1886
1722
1722
281
291
239
1365
1234
1148
514
539
680
810
890
176
164
3938
4217
2969
4704
5602
5994
2659
2865
2182
336
287
1267
760
176
223
164
164
161
176
191
276
293
266
265
260
4218
1628
2341
1318
781
780
4689
5713
5502
3549
3274
2659
1301
1235
417
417
946
696
1011
223
292
440
3938
3549
4616
3199
3199
3199
3429
3429
3676
5220
4689
4689
4959
5713
3479
3185
2659
2509
2492
2157
1723
245
1284
1088
798
714
176
273
260
781
4547
3549
3479
2093
1634
231
291
239
187
1398
514
411
666
975
878
1100
921
164
161
265
222
331
3782
4547
4883
5602
6036
5778
3549
3549
3937
2865
2782
2448
2782
372
336
239
1336
1365
889
566
1028
1190
223
155
293
223
222
265
154
279
2341
1628
885
3797
4884
4482
5602
5634
5755
2865
339
245
224
224
224
666
1205
161
100
223
158
292
509
509
480
4217
4218
2876
3199
3676
3676
6397
6752
5712
2782
1723
339
317
1464
1235
657
585
1061
223
223
311
1678
1201
4247
4247
3676
5965
5712
6015
5778
3479
3420
2448
2093
231
239
1634
880
1190
176
147
180
279
292
4217
2876
1678
2341
1628
781
1318
5994
3420
2093
274
188
1464
1267
401
636
457
457
1090
1204
1029
1205
223
147
191
100
239
187
222
265
279
3937
4217
4218
3797
4984
5056
3764
3937
3185
3078
2706
2448
2093
396
274
220
275
192
156
1366
1466
425
1117
1031
1089
853
155
154
260
260
624
480
509
1318
5711
5994
4616
4689
2706
1886
1464
339
139
1637
1285
709
594
993
657
223
105
100
100
187
147
155
292
3937
1678
3096
4247
4247
6015
6015
4405
3420
3078
2706
2660
381
1464
1827
1381
1205
1177
1268
879
180
238
260
311
3937
4218
4449
6253
5965
5994
4689
3764
3666
2364
1723
1545
339
274
128
192
1545
1564
1285
425
585
515
1271
936
1177
223
105
168
188
168
158
158
260
3937
1678
1678
5938
6082
4959
3275
3118
2364
1545
388
156
188
1564
615
100
161
137
180
215
2341
624
3199
4449
5096
5965
5712
4616
5120
3764
2706
2364
381
145
139
109
515
709
742
1305
1236
1270
1302
1268
1030
180
105
158
186
154
480
311
1750
2341
2108
1750
1318
639
2876
3782
6183
5755
4767
4113
3550
3666
2706
220
275
139
128
145
188
168
169
108
1637
425
1286
1303
865
105
104
161
180
180
624
311
4218
2876
3729
4959
3078
3078
2846
2033
321
282
275
108
128
156
1380
616
1304
1269
1251
1030
100
100
158
158
265
639
780
1318
4482
5274
381
321
169
2057
1380
436
535
105
94
168
399
2876
3096
4049
4948
4948
5894
6752
6056
4113
3275
2846
381
321
301
301
282
169
109
1724
681
616
1270
1251
1269
1092
1149
821
155
158
158
186
215
4405
2876
1440
639
780
3729
3782
4481
4481
6398
4767
3872
2660
2134
379
220
181
282
1825
1486
522
558
1305
1271
1367
1286
1271
910
104
155
238
2876
1440
3096
4449
5964
5274
5274
2589
2404
282
98
168
109
1753
1752
358
557
557
1467
1302
821
94
105
104
94
186
4113
3096
5325
6752
3078
2404
2134
1826
181
181
108
98
127
108
2057
1752
1755
1305
1305
1305
180
137
104
180
158
186
3782
3797
4449
4948
5938
6113
6459
5120
3666
3343
2660
295
170
1825
1753
419
557
682
1467
1681
1546
1725
1887
97
138
155
138
158
160
364
3797
5096
6459
5523
4405
2833
2589
2405
228
86
99
1486
558
682
1604
1209
1367
94
104
160
238
530
530
3729
6845
6397
6459
6183
3872
3219
2405
1825
181
170
119
99
99
2061
558
358
358
557
1367
1887
1725
2035
866
788
97
104
94
138
137
158
186
215
364
1750
2108
780
4329
5753
5964
5274
3872
3844
379
295
98
98
86
127
2183
419
469
1604
891
160
399
780
5096
6398
6056
6082
4113
2589
2405
2034
381
419
119
165
2110
1753
1781
2035
1152
910
94
83
186
160
1233
5443
6459
3219
2034
2034
2034
406
301
301
86
80
76
2202
2202
2061
1486
1640
629
558
499
1640
1638
1754
1781
1828
960
138
138
126
238
4114
2108
2178
1750
1440
3096
3729
3290
3729
4329
6183
5523
3844
3844
2589
2407
2321
252
98
86
499
1828
1828
1237
1151
994
788
79
137
158
158
135
1440
780
3096
3797
4984
6752
6183
5120
3939
3343
3276
406
86
80
94
117
2008
1801
406
445
629
1640
1656
97
79
83
167
2876
5894
6183
4767
5260
4114
385
165
2494
2184
2184
1638
115
167
399
364
4676
2178
2945
3096
3729
3797
6398
4676
4676
3343
2405
385
385
76
42
102
102
102
2135
2008
2202
2230
603
629
1487
2035
1012
644
104
112
126
190
4676
3729
6845
6134
5260
4114
2846
3009
72
2409
2298
644
603
469
789
1382
1975
2231
2035
2494
2323
2035
994
891
789
83
138
138
126
4114
1750
780
4867
4481
4984
6113
6459
6134
5120
4934
3939
3551
385
295
337
42
117
102
2386
2036
644
1802
2616
2036
922
1012
867
137
137
115
3290
6778
6441
5523
3872
3844
3276
337
228
178
178
2110
2322
2298
2061
2494
2410
1975
2323
2494
1272
922
126
167
530
4049
3797
3797
4329
5501
5993
6939
6845
6533
6562
6845
2834
2834
2406
379
385
337
165
76
80
102
2411
1801
2724
2386
2136
2036
1702
1382
2231
1217
1162
867
644
79
97
112
135
2178
4049
5443
5260
3008
228
42
42
178
165
2411
2324
595
595
1803
1803
2323
1180
789
137
126
115
115
218
218
670
1440
639
780
1233
5963
4934
3551
3276
3008
2834
252
50
72
205
205
87
2616
2299
79
83
55
83
138
78
130
4114
3290
5937
6337
6134
5604
5260
3343
228
72
165
2322
603
498
2570
1802
1320
1273
1218
70
135
190
399
2178
2108
1483
2108
3290
3729
3797
4867
5203
5443
6737
5544
445
72
54
80
205
205
50
117
87
2408
2541
2388
469
1547
1565
1274
1218
790
836
743
83
83
115
126
364
670
4493
2178
1440
1483
3949
4329
6459
4934
5544
3551
3008
2834
2707
252
210
31
118
118
87
2408
1856
2570
2616
2410
2726
2062
2570
2299
1488
1208
1218
790
135
2178
1750
670
1233
2945
6697
7135
4493
5186
387
31
42
159
118
56
2541
2386
2428
743
1857
1782
2542
1401
1444
1131
83
115
468
399
2108
3729
4291
6201
6134
5204
4425
3939
2835
337
54
178
159
2708
2570
2681
2681
2726
1469
1131
70
479
2489
670
570
6532
6737
6669
5544
3129
205
56
2388
2904
2681
2542
1321
743
70
130
190
247
670
2945
3290
3290
4832
4425
3343
3009
387
387
244
31
54
210
159
159
118
87
2409
2724
1726
2342
2837
2663
2663
2726
2388
2387
1684
1514
1657
1013
114
135
190
2178
570
670
4867
6778
5186
4799
3785
3551
41
72
54
118
87
116
2661
2661
679
498
1783
1321
1131
55
55
112
247
364
479
2489
1233
3290
3128
4291
6877
5895
5895
5408
4425
3009
337
31
31
210
210
159
118
57
2680
2680
2663
2681
2342
112
112
146
377
377
479
1439
670
3715
3326
3537
5219
6669
3316
2927
2927
31
34
2662
2951
2541
2641
2708
679
679
452
2009
2158
2343
2387
1339
1252
836
79
40
112
190
468
1800
570
6649
6778
5895
5204
326
41
31
262
262
255
626
2680
2805
1703
961
55
70
70
114
114
146
199
3715
4291
4291
5754
6938
7099
5604
4452
3456
395
252
54
255
56
159
116
57
2904
3028
573
2010
1784
2429
2837
2761
1218
626
1439
1439
1233
1233
2945
3949
4582
4832
3640
326
31
262
262
263
262
118
2662
573
2429
2761
2837
2837
2726
2343
1013
70
114
67
199
377
2250
1483
3128
3128
3537
4312
5661
5919
6317
5604
4452
4075
4075
3692
3316
2707
2661
387
56
24
41
263
262
178
3189
2784
2724
2641
2641
2495
2037
1829
1756
2343
2725
1642
1383
1252
1252
55
70
82
320
468
570
3715
3128
3537
6225
6778
5604
5408
3316
354
354
244
44
34
201
57
57
2467
2837
2837
3099
2907
2806
1042
1042
82
78
67
1483
3326
5289
6886
6697
5604
5408
4075
3785
2974
354
34
40
262
116
3166
452
2111
2011
2664
3029
2662
1703
961
78
67
479
479
3537
6877
5895
5020
4076
31
234
255
255
201
177
92
3060
3028
3060
3098
593
1906
2591
2837
2805
2907
2806
2878
2906
1757
1383
864
38
38
82
1483
6112
6886
6575
5895
5408
3456
3317
2974
24
262
262
182
116
2784
2641
512
2204
2160
2805
2878
2725
1533
961
40
130
320
570
4425
2489
1019
3537
3128
5895
4452
5079
5204
4408
4408
3785
3901
3220
3317
27
116
2951
2906
1933
2806
3029
2878
3064
3099
3099
2907
55
70
28
82
146
199
247
2804
5219
4799
3717
3220
2835
263
27
263
234
263
159
116
3060
3060
3189
2661
2495
2064
2592
2878
2907
2725
1858
1219
40
40
82
377
570
2804
6993
6338
5408
4514
4708
5020
4868
3692
3119
416
395
395
34
262
201
44
3189
3166
512
2664
2682
3061
3236
3064
2805
1383
864
18
36
38
78
67
67
123
90
1800
1483
5633
7135
5895
4076
3552
3640
44
284
177
107
3028
3166
626
512
2159
2785
2807
2682
2878
3061
3409
3029
3064
2847
3166
1042
704
36
28
377
1019
2804
3128
4816
6338
4408
3119
416
7
201
107
3028
2111
2806
3099
2976
2976
1253
1216
123
199
173
1439
3537
5500
7112
6993
5504
5079
44
7
107
92
3356
3344
3460
2784
2950
3098
2525
2325
2205
2994
2847
3061
2907
3130
1655
1858
1042
36
2250
2489
3326
6012
6200
5504
5079
3119
332
44
201
107
107
2905
3060
626
2512
3061
3201
3409
3292
2805
2907
3203
2847
3166
18
377
1019
3949
4546
6200
6734
6840
6182
4708
4514
3221
24
280
225
177
3098
3318
593
602
2365
2465
2205
3539
3099
3099
2907
3203
864
18
28
78
468
570
3714
6993
7069
4785
4868
3901
3640
416
332
7
201
132
3344
2682
3130
3357
3292
3064
3329
3130
3166
3202
1533
1533
1216
1216
18
36
3095
4074
5184
6435
4280
3457
332
24
182
2905
3098
2326
2427
2205
2785
2994
3237
2976
3236
3167
3357
1757
40
28
63
398
398
468
1249
1800
2250
1019
570
3920
4279
4581
5423
6111
6338
6980
6111
6295
5504
4514
4641
3553
234
234
162
201
2762
2787
3063
3409
3502
3539
3203
1465
643
18
90
1249
2804
3326
4816
5813
6526
7057
5504
4708
3746
3490
3220
2974
355
44
27
284
201
201
280
3318
602
574
602
2427
2465
2787
3237
3201
3203
643
45
36
82
173
1249
6055
6055
5962
7027
5504
4548
3677
2905
16
284
201
107
3344
3356
602
2593
2593
2786
2682
3130
3130
3202
3540
3539
3203
1266
864
704
14
14
570
3077
3473
6133
6582
4868
4104
4178
3221
7
27
234
162
92
44
3318
2594
3063
3168
3062
3063
3540
3203
2006
906
82
173
1249
1749
2223
4613
5853
6338
4494
4280
3718
3120
332
352
352
107
3493
643
433
2879
3237
3167
3329
1465
1266
67
75
300
1019
710
2223
3701
3856
6846
6846
5079
5381
4785
4408
3458
3221
3120
10
7
306
92
92
3460
3538
552
2593
2465
2510
3573
1266
906
33
495
2804
5078
6944
6295
6941
4494
3677
433
7
280
225
225
107
92
92
3460
3260
3538
3237
3329
28
90
300
495
495
495
1749
3095
3762
5704
6754
5996
5381
4407
3717
3553
3120
7
21
200
124
52
52
3356
3492
2593
2952
2594
2427
3062
3063
3431
3502
3539
3572
3431
3167
1655
906
704
14
45
67
398
2223
1749
3095
3473
5813
5996
6203
4548
3746
3718
355
352
200
200
84
3344
2848
3131
3582
3202
3202
2060
1655
906
704
643
23
14
63
74
320
2944
3077
3473
4152
4657
5520
7034
6524
5996
6295
5681
3817
16
2
9
280
3260
3680
552
487
583
2449
2449
3047
3168
3168
3047
3481
3481
3047
3358
3432
3431
3582
3693
3167
3693
3693
3388
14
2804
4279
7035
5504
5040
4104
3501
3120
352
306
284
162
132
66
3460
3538
3538
2848
3047
3432
3358
3539
3519
23
74
144
143
300
1417
1019
3842
5040
9
200
2952
2594
3204
2995
3359
3431
3572
2060
1484
2465
2297
1484
1087
14
23
33
45
45
63
174
398
333
1417
2320
3289
4463
3856
5678
6203
5681
6295
3581
3667
3902
13
9
306
251
200
132
3493
3786
2995
3358
1266
786
643
1249
3095
4035
5379
7129
5632
6718
5681
4280
3940
3499
16
13
10
10
124
200
66
16
3460
3260
2449
3503
3622
3572
3922
3329
1484
1250
6
6
254
2804
2944
4613
5499
6154
4960
3718
3120
3
352
280
226
52
3492
3680
3732
487
2297
3204
3047
2995
3358
1250
1087
6
23
9
2320
3141
4151
6692
6291
5681
4960
4629
4406
3458
497
352
3
193
15
3679
2449
2590
3204
3235
3359
3047
3800
3800
3923
3573
3519
3388
1904
2060
2060
1250
6
23
48
174
1249
2944
5600
4406
5040
3608
482
306
251
132
3680
3235
3481
3574
3800
3681
3572
3681
1484
786
583
6
48
495
5117
5464
6155
5041
4249
3499
16
13
13
482
251
226
193
124
66
3593
3622
2836
2297
3235
3574
3359
3800
3582
3519
3519
1701
6
29
75
144
1749
1417
3289
3141
4489
5360
5359
5358
5709
7094
6670
6940
4596
511
280
66
52
15
3492
3492
3204
3654
3682
3922
1250
3
3
48
439
1417
710
3373
3966
7128
4960
4249
13
124
66
3732
2836
2949
2590
3204
3575
3800
33
152
757
710
4290
4902
6178
6670
4596
5040
3667
3817
4025
346
290
124
194
84
66
66
3234
3481
3541
3388
3503
3503
3682
1701
29
29
29
48
3
439
757
3271
3271
6416
6291
5681
5466
3940
3499
2
3
193
251
84
15
3732
3574
3541
3622
3800
3582
3681
3388
333
710
2320
3372
3473
3845
306
353
290
289
226
71
3100
3204
3234
3100
3654
3837
3574
3621
3519
3623
1904
29
48
74
254
1438
3141
4246
6477
6865
5707
6399
4406
4178
482
206
194
194
15
3786
2949
2590
2385
3575
3655
3622
3681
3733
3952
3733
3519
1904
254
333
2944
4073
3619
4139
5256
5357
4314
3608
497
5
353
113
46
3705
3652
2948
3626
3234
3656
3656
3575
3923
3952
3594
1701
1
1
20
74
2294
3076
5273
5162
6360
4798
5000
4249
3501
15
227
251
66
77
3501
3621
3905
2948
2949
3541
3654
3681
3922
1087
20
101
174
333
1438
3489
3886
4886
4596
4179
3571
3501
5
227
66
572
3430
3575
3655
3574
3594
3623
3623
1701
48
143
75
439
710
2294
3691
6152
5995
4219
511
290
277
194
66
2948
2385
2007
3291
3626
3080
3734
3594
3952
3765
3922
1485
1087
6
174
2177
4815
7150
26
334
194
59
46
46
3653
3786
862
2877
3654
3681
943
3076
5958
5631
5939
4728
13
277
277
194
113
66
85
3679
3835
3905
3835
2877
2007
3541
3738
3733
3765
4142
1603
1603
934
1
20
37
37
1438
3455
4617
4314
3846
370
71
59
26
46
2949
3430
3430
3735
3625
3736
3654
3836
3922
1176
37
428
943
2177
2320
2294
4289
5146
5462
4513
3903
3818
346
277
206
113
85
77
3653
620
642
3080
2746
1485
3626
3626
3188
3575
3654
3861
3861
3734
4237
3765
3922
3766
1176
93
505
5494
6839
6691
6399
3652
12
227
149
149
85
620
3626
3421
3291
3734
3624
3952
3923
3765
1176
74
75
101
93
2177
5038
5733
5939
5000
4852
4451
5383
3818
12
113
4059
2975
2877
2385
2385
3836
3923
1603
1485
861
786
11
20
37
333
1417
943
2922
4637
5076
5255
5304
5407
7163
5383
3818
313
290
85
71
59
3731
3705
3679
4059
3188
2464
3735
3736
3952
4197
4197
4142
3836
1176
862
1
20
101
1283
2177
2294
4703
4314
5382
3903
511
12
5
268
88
59
4026
3731
2975
3010
3735
3624
3706
3706
3767
3981
3837
3889
3889
4037
3733
1485
11
73
254
367
3076
3163
2922
6753
5466
26
5
289
175
183
219
113
88
59
4026
4091
2464
3079
3736
3738
3889
4142
4037
3925
3925
1176
920
1
11
73
233
230
2294
5116
6460
6159
4179
3749
511
269
149
85
3765
2464
2007
3721
3863
3981
3982
3801
3924
428
230
1214
2320
2294
3545
3713
3516
4009
4343
4358
4656
5255
5635
4219
370
394
313
269
268
206
175
85
77
2783
2746
3491
3421
3735
3624
4039
3706
1603
3385
6160
5239
4315
19
3765
3188
3079
3863
3736
3736
3859
3862
3862
3862
920
65
1283
2177
3288
4763
7150
6719
4025
26
219
206
175
175
3652
3010
3491
3925
3862
3862
4145
3863
4237
4237
4142
367
207
439
756
3406
3093
4421
6659
5462
5997
555
26
59
59
120
53
4026
4026
3010
2229
2229
3421
3624
3889
4237
3925
1176
3406
3324
2830
7109
3748
346
314
219
219
183
113
103
4059
4091
4059
3926
3926
4196
4197
1337
152
157
214
1929
4655
4982
4929
6433
7003
4409
334
19
4026
3731
3980
3721
3926
3737
4200
4037
4196
4197
4143
1636
11
93
1283
2088
2088
2830
4327
5378
551
346
219
53
3731
4013
3860
3926
3926
4039
3737
3874
3981
3983
4145
4091
1780
920
4
8
39
111
111
943
2177
6053
6756
5425
4886
4453
5341
3904
463
17
113
53
26
3731
3980
664
3721
3459
3890
3767
3890
4145
3983
4142
3924
2058
8
20
39
505
2088
3324
3093
3021
2830
4214
5218
7095
3873
175
175
183
61
2229
1974
3747
3747
3187
4039
3859
3890
4199
4236
4037
4142
157
2830
5183
6294
3904
3969
3904
664
8
349
88
77
4235
2569
3079
3459
4038
4269
4092
4265
1974
1780
11
1214
2088
3021
2874
3781
3854
4725
6965
4127
4373
17
394
334
316
270
241
141
17
4165
3187
4039
3926
3926
3951
4236
4430
4143
65
214
505
4814
5378
6534
5059
4985
4409
4127
314
270
183
61
19
19
4115
3591
3951
4037
4266
4143
852
4
39
214
376
756
702
2088
2318
2614
4419
4638
5145
5378
6101
7136
5855
4155
4077
314
183
106
103
3186
3079
3187
4093
3927
3926
4144
4091
1929
702
3404
3514
6816
241
184
140
140
141
88
53
4115
3888
2783
4093
4027
4027
3951
4200
4060
4196
4390
1337
22
2088
3897
5239
3873
349
184
103
61
4221
677
3983
3860
4199
4195
1974
4
20
111
1929
1929
3405
6989
5378
6896
4786
4115
4090
2569
4027
3860
3983
4144
4038
4199
4060
4390
1780
367
1929
756
3255
3674
4019
4530
7010
4155
551
450
400
328
241
241
140
103
3747
4093
4234
4200
65
1283
6392
5596
6114
3970
328
248
120
4165
4093
4061
4200
4430
4
22
195
428
1283
3589
2941
3311
4957
5922
7013
5121
3970
316
103
4093
4199
4199
887
8
51
1037
756
3603
5182
6053
6290
5462
5121
4515
584
394
184
120
4115
2745
3927
4027
4269
4429
4534
4236
1974
32
467
702
467
2614
3451
2638
4781
5182
4331
450
349
257
248
58
4115
4281
4221
3186
3927
4234
3951
4268
4200
4298
4143
731
1929
2318
3198
6797
7004
6937
6989
6204
30
257
184
88
4090
4281
2745
3591
4238
4061
4146
4298
4267
4143
818
22
69
1037
2614
4307
5378
6504
7005
4453
25
349
350
141
106
4389
2679
4238
4061
4144
2228
51
2318
2940
3452
3699
6714
6392
6875
7137
6740
6442
6099
5714
4373
400
184
235
141
4195
3591
4392
1636
195
2318
4673
4725
4725
7010
7134
5756
4331
641
257
106
120
125
4362
4332
3355
3355
4201
4234
3858
4199
4534
818
25
22
39
1677
1677
3603
3569
7010
6989
6989
6989
6366
6367
551
25
25
450
140
185
4238
4269
1779
1903
69
376
294
2828
3853
4725
5182
140
120
120
4141
4141
3720
3858
4334
4198
4466
4250
4198
1174
887
1677
6290
6392
6937
6878
5060
4454
248
185
3927
4535
4298
4250
32
195
1263
913
3450
5182
6053
7010
6989
5715
5734
424
424
400
248
256
179
30
4410
4201
4295
4391
4600
1903
32
150
344
3869
7186
7221
6277
5465
4317
584
327
256
133
2569
3408
4201
4146
1396
1396
1174
96
2318
7010
7010
6989
7098
5796
4786
4317
349
340
3097
3046
3408
4239
4600
4334
4411
4411
39
111
376
1929
4136
6607
6937
6989
6989
6989
5378
5060
4532
235
185
133
61
4427
3046
4201
4393
4268
4465
344
913
638
3255
4229
4687
4725
6530
7010
7010
6825
6989
641
350
256
125
125
4410
2228
4234
4600
4567
4663
49
49
638
2845
7010
4677
4986
235
235
131
61
4297
2760
2760
3592
4568
4298
4429
43
32
467
3127
7010
6897
6161
5384
4853
4317
4659
731
610
451
424
185
4410
4468
4089
4198
4569
4411
4428
4730
1635
62
467
478
2340
5182
7010
6607
7009
6989
6630
4986
133
125
58
2679
4433
4618
4600
4465
2059
1026
409
4383
7010
6919
4455
121
4297
4427
4393
4496
4533
4567
945
343
7010
7010
6989
6319
663
256
256
81
35
58
2760
3408
4468
4535
4711
153
2637
7009
6989
7235
5187
521
489
373
327
133
179
4296
3059
3592
4483
4800
49
96
62
4057
7010
6607
6892
6875
6989
4853
4220
208
4568
4568
4618
4600
494
5182
7105
7010
7029
6826
6989
424
347
131
4431
2540
4468
4089
4334
4599
1635
1779
229
3338
6607
6643
6796
5182
7614
208
179
134
4362
4665
4690
1037
2722
3884
7105
6989
6989
6423
5966
5968
5831
5409
610
43
489
179
125
58
2273
3259
4630
4918
4712
4664
1635
49
142
3195
4174
4725
6530
6841
7275
7275
5566
7222
35
427
327
347
208
185
4346
4600
2059
153
1677
2488
3325
4307
6841
7275
7251
7105
6937
6085
5409
4597
4296
521
427
459
459
347
134
81
4729
3165
4495
4295
4619
4710
785
43
204
493
4725
7275
7105
5042
4709
426
327
329
341
236
125
81
60
4363
4731
4618
4905
4691
4690
4800
4710
1855
1175
1041
478
3023
2991
6530
7275
6989
6400
521
424
179
3799
3570
4498
4768
4570
4742
4988
51
229
1263
1748
2758
6841
7614
7014
7075
6829
6879
489
347
341
209
134
81
4601
4952
96
1263
494
4328
6894
6772
6985
7250
7010
6894
6989
6652
5326
134
151
4740
2723
4630
4483
945
759
1677
5182
7105
7184
6893
6825
7614
663
208
179
60
4426
4565
3570
1059
299
5182
6694
6558
6795
611
430
209
110
3258
2540
4642
1727
945
47
3196
4725
5627
5223
4904
4455
43
426
4598
4436
4733
4742
4691
68
343
2340
3254
6871
7072
7275
7275
7276
6874
5566
6989
6631
5042
4597
787
470
500
347
209
209
121
151
3387
4361
4950
888
1748
669
4110
6273
7276
7276
6821
5630
6874
6989
60
329
329
221
4456
3953
4741
1855
68
1263
3022
4328
6894
6131
6479
6918
7073
6716
7614
7614
7234
863
430
151
121
4388
4566
4566
4801
189
1109
1109
6793
6606
7275
7326
6750
6717
7189
5872
4709
64
68
189
2862
3712
4110
5627
5598
6874
7614
543
341
134
4116
4690
4837
91
62
357
669
494
2635
4725
6033
5777
6228
6662
6393
6874
6874
7614
7614
5941
5546
4904
426
341
236
2723
4741
2251
2059
1041
2201
3287
5182
6713
7059
7326
5751
5598
6987
7614
7831
556
460
447
359
110
4517
4936
1416
4725
6890
6529
7321
7276
5794
5627
7831
7831
7277
5832
4787
888
4855
4769
4856
4856
1831
89
204
198
1109
952
6918
7326
7218
5596
5676
7614
6987
4818
249
359
249
131
151
4586
4966
91
3470
6869
6529
7059
7831
7363
7254
382
421
121
64
4426
4427
2137
1748
2831
4328
6889
7059
6054
5598
7831
7614
7588
5306
5385
460
500
221
3387
3433
4572
4182
5125
1727
3112
4048
6054
6712
5795
5732
7831
7831
7614
7288
4917
4296
545
4770
4965
2543
952
2938
6957
6819
7275
5826
5752
7614
5780
4917
630
500
359
202
202
148
122
4729
5021
4516
4732
1041
492
2657
5828
5794
7831
7614
6945
329
264
221
202
5003
2251
438
987
1109
1416
2293
3965
4110
4125
4086
7443
6935
6585
6135
6279
678
285
202
151
202
5122
4963
3678
1306
129
91
2963
6957
6603
7614
5042
2996
4666
4968
4692
4988
4965
2683
319
299
493
6987
6957
7287
7287
5889
7323
6340
5571
382
359
4709
4252
5022
5123
6660
7326
7326
6626
5852
7831
7323
7323
7588
543
470
264
258
246
202
4834
4854
4733
89
4125
4288
7233
7326
6110
6935
7831
7323
7375
7321
775
596
258
203
203
129
4660
3277
3750
4361
4078
5411
1430
89
1416
492
1951
4110
6982
5888
6251
6394
7322
382
202
3277
4694
5166
4969
5061
95
987
438
4288
6987
6983
6818
7326
6251
6935
5812
7032
7375
7375
7037
5275
544
253
4963
4585
1416
4725
7006
7456
7326
7305
5959
7323
7375
7375
4887
559
315
421
264
203
4961
2642
2880
5207
4967
5101
5241
5293
442
3057
7251
6935
7375
6760
4887
420
420
258
171
237
148
3802
4518
3971
1032
166
319
805
442
6198
6867
6984
7443
7011
7831
7921
7921
7190
596
315
285
232
246
171
3331
5080
5021
4288
6987
7251
7251
7323
7011
7375
7375
5505
171
95
4818
3434
5277
5263
5101
1586
1586
1102
166
197
1700
3182
2966
6982
7456
7456
6626
7375
7375
559
296
232
4838
5081
5190
5165
197
805
987
1348
4288
6453
6887
7217
7251
7430
6961
7831
7920
7187
6586
6610
6059
630
559
296
246
237
122
4835
3482
4184
136
2056
2382
6868
7217
7305
7305
6987
7920
7921
7831
7375
412
389
148
5044
2137
1032
987
2678
4138
6958
7096
7096
7456
7456
6011
6035
6275
7920
7920
7032
7408
6322
5188
5240
545
163
172
5123
2208
375
2984
4288
6817
7456
7456
6250
6336
7921
7205
7375
5636
501
4838
5471
5781
5366
863
95
6916
7010
7323
7936
7920
7032
7205
6720
6342
6236
775
471
4870
2117
166
375
322
1348
1951
661
7028
7028
7028
7028
7010
7539
6336
7831
764
683
315
421
4938
4734
5327
947
6771
7096
7443
7326
6097
6275
7323
7920
7375
6037
502
259
5001
5365
3823
4970
1348
4110
7564
6394
6751
7920
7408
7408
471
258
4834
4949
2642
2880
5044
5167
5164
5470
4288
6916
6530
7539
6822
7936
7920
7920
7375
7375
7408
7362
6487
544
412
412
296
237
237
4028
4376
1663
1325
250
4048
4110
6817
6817
6916
7028
6894
7010
7010
7564
7813
7813
7010
7920
7936
7205
7408
7375
7257
645
744
546
412
297
240
5002
4968
5343
5665
196
4100
4138
6608
7564
7920
7921
7375
6761
6088
725
764
577
412
471
237
122
5122
2166
6771
7813
7813
7032
7920
7408
7408
7408
6967
6401
5898
4962
296
240
2997
4969
4288
6867
6894
7411
7410
6987
7936
7936
7936
7172
6987
7205
7375
7375
5718
684
684
297
259
4839
5004
1762
136
196
661
4138
6711
6916
6894
7786
7539
484
240
5342
3035
5475
987
4288
6867
6608
6894
7813
7615
7443
7564
7032
7936
7920
7172
744
645
683
502
259
259
348
216
2689
4003
5609
2259
2901
4288
4725
6916
6894
7010
7010
7539
7936
7205
7408
7408
4887
764
646
253
5261
3435
5226
5575
1347
1700
2443
2634
4138
6894
6990
7795
7615
7564
6990
7032
7408
7408
6653
947
893
684
422
422
297
237
5168
4029
5387
1136
2056
4110
6773
6990
6230
7936
7920
7258
6761
6296
4962
389
484
2840
3281
5102
5833
5366
217
6711
6773
6894
7724
7707
6876
7552
7590
6230
7920
7408
7256
7141
5189
837
683
471
240
5342
5276
4620
5608
1015
2107
661
6334
7010
7778
7831
7756
7729
7349
6395
6822
6751
7920
7920
7936
7919
7921
7172
7408
577
307
5242
5685
1036
442
4110
6561
6711
6868
7010
6990
6936
7681
7748
7831
7552
6987
6822
6336
7936
7937
7032
7408
812
837
502
484
389
259
216
3754
4015
5447
2069
1384
1136
2292
2778
4288
6711
7681
7756
7795
7576
6561
6230
7936
7309
6676
5467
5737
5206
553
389
348
172
5761
1663
319
1347
1777
6157
6228
6773
6936
7786
7681
6936
7589
6336
6336
7375
7936
7936
837
683
868
3722
4839
5666
5763
2843
4288
6528
6963
7706
6876
6561
6395
6751
6751
7921
5468
389
422
297
390
391
5429
5575
5799
1347
4048
6711
7692
6561
6484
7375
7936
7849
7032
7327
5684
5607
976
813
646
484
523
310
5834
1663
1133
2939
6034
7010
6936
7681
7831
7787
6484
7936
7930
7375
7107
837
724
724
389
330
278
211
5082
5608
5877
5762
1079
7831
6937
6825
6361
7032
7901
6962
5261
259
211
3585
4253
5084
4484
5860
5428
2055
473
6418
6622
7681
7831
6717
7410
6230
5237
5237
7937
7930
7032
7033
7471
325
5163
4774
5364
242
661
520
2794
6936
7590
7548
7576
6395
6627
7832
6774
7471
6402
391
5476
473
2718
2984
4288
6693
6528
7821
7636
6418
6580
7848
7471
7206
391
310
283
2380
6821
6963
7681
7648
7706
7682
6893
6561
976
813
413
330
172
3585
5740
5637
5608
473
2739
6436
7681
7713
7667
6646
6418
6395
6484
6822
6987
7921
7633
7107
7310
413
484
278
5243
1863
1777
4110
7614
7614
7831
6418
6418
6580
7375
7375
5237
7937
6895
6001
646
413
390
325
278
5276
5760
1909
322
322
2564
4110
4288
4288
6736
6696
7713
6580
6676
6298
484
413
242
5427
3122
5785
5860
1072
701
520
6482
6418
6874
7522
6316
6609
6645
6628
7375
7520
5009
2514
2549
4138
6482
6773
6736
6646
7590
7590
7576
7401
6457
6418
6335
6665
5035
7937
7471
814
484
6044
1384
2740
4138
7573
553
523
791
791
5426
5469
5527
5798
2275
519
6482
6798
5237
7832
7538
7175
1132
980
923
408
5945
2513
242
286
4138
4110
6716
7614
7614
7667
7740
7573
6629
6457
6695
6647
7937
6489
868
5524
2788
5307
1421
1378
701
6364
6874
7713
6717
7431
6665
5035
5035
5237
5492
5859
308
309
5344
6042
318
4288
6577
6776
7698
6717
6667
7375
7920
7936
868
472
390
386
366
3347
4243
5005
5875
5972
1130
2424
6531
5237
7849
7849
7351
6677
979
547
750
3121
5902
5815
5876
4100
4100
4110
6364
7614
7713
7364
6667
6843
7588
5759
977
840
362
3584
4484
6166
5926
6164
1191
267
2719
4288
6668
6935
7011
6207
814
924
1044
1045
631
3397
1654
2587
6799
7614
7713
6624
7740
978
4519
2256
1760
374
1130
4288
7576
5035
5237
5492
7375
7538
7538
7223
895
477
366
408
5667
5612
5901
5860
374
519
2794
4110
6824
7614
7614
7724
7573
5492
5998
978
310
3909
5128
4736
6406
1862
1072
4288
5237
6823
7312
7116
6854
686
503
267
2748
6347
4138
4110
7517
6324
598
390
309
5572
5683
4014
4941
5294
6043
2347
1191
374
701
6206
597
325
309
5528
5785
4909
1705
1658
1130
6823
7538
7484
5354
6446
1135
3942
4713
1191
267
519
2794
2701
7576
7576
4526
4995
6247
6823
7115
1132
983
894
1192
791
363
6118
6090
6186
318
519
2247
6824
7515
5035
5035
5035
7832
1063
5469
3670
4243
5863
6300
6258
6326
2687
2347
587
1436
4100
7413
5035
5035
6162
1287
5946
2866
2617
7573
7375
7375
7032
7375
6247
383
6045
2013
1419
2360
4138
5237
1220
383
308
6040
6166
6137
2403
2794
2794
4138
7535
7485
6730
7375
697
407
3556
5311
397
2131
2778
4138
7488
5035
5035
5035
5073
5286
6102
1163
996
397
5857
2301
2401
4110
4138
7485
7032
5035
1062
697
561
4576
4803
6060
453
2612
4138
7476
4526
4995
5236
6854
441
6256
6425
5738
2441
4100
4110
4288
7303
1033
386
6000
3847
4014
2013
4100
4100
4100
2290
4138
4138
6730
7444
7375
6946
1166
1167
554
363
5948
6327
587
4138
4110
7488
6254
5814
536
407
507
441
4110
4288
7576
7375
4995
5142
4994
5492
1181
1195
963
490
363
5764
6566
2617
1436
1602
6247
4526
4995
5492
648
383
6164
4288
4526
5034
6247
7313
1101
1193
1569
537
6405
6491
7274
4995
1489
870
617
554
3643
4942
5506
6539
6238
1882
2779
2779
4288
7402
7375
4995
4995
4995
6247
7142
1181
688
6087
5087
6614
6613
6612
6344
1130
1345
2362
4110
7452
4526
4955
1368
383
3378
4439
6259
4288
4526
4721
4995
7328
6853
1307
1016
527
6404
6346
2779
4288
6813
6730
7375
7375
4526
4526
5624
1350
632
6239
2012
1907
453
2715
5142
5161
5404
6247
1549
528
466
6613
2685
6730
4526
4526
4526
5180
7386
1448
507
2715
4526
4526
4899
431
6208
7375
4526
1535
825
964
792
4169
5007
6541
6490
397
4526
5624
7375
896
466
6163
5838
6408
3147
6730
4795
4880
1662
5415
6368
600
508
600
2379
4526
4721
1660
466
3223
6699
2747
1160
1431
2106
7202
4721
4721
5793
6783
6611
1183
6702
6511
4526
4526
4526
4721
4721
6028
6722
6567
1006
508
2715
2029
7592
4721
4041
6510
1804
1446
4526
4558
4558
4827
618
454
6742
1264
2715
6574
4526
4827
6247
1118
999
1001
843
454
3521
6925
7055
4558
4881
508
2344
2089
1926
4945
6006
3819
4550
4240
5614
6680
508
4526
5017
4850
5144
5335
7379
6280
1587
1608
1352
1153
431
3293
1006
1160
2051
6247
4558
4653
1662
871
1184
5978
5613
4841
6538
2345
1073
7247
5657
668
622
6970
7469
6359
4686
5016
5625
1704
1137
6902
2155
1797
2612
7373
7654
4558
4850
5775
6077
7415
604
431
6048
2685
2850
2612
939
5309
5150
5414
6700
1804
600
1431
1563
5336
1570
778
6462
6926
6948
7045
6679
4541
4558
4558
4686
5143
7279
1491
1659
1238
1185
751
7042
7063
6901
6741
4526
7444
2544
778
4558
4529
4653
1422
1536
857
3683
6969
2066
2715
7524
4723
4849
5990
1955
1369
736
6949
7211
6996
2271
1984
7599
4558
5072
2139
6832
733
4529
4700
5355
6924
6587
1834
6329
6800
7194
1068
2222
6862
4526
4541
4507
1154
622
7082
7154
4526
4476
4864
5377
1588
668
844
4939
6743
5977
5193
6311
4508
4508
4507
4558
4478
1808
3422
6900
778
4508
4475
4474
4476
5356
6248
1686
1728
6633
1984
6729
4476
4478
5322
1953
1785
950
2253
1354
5593
6029
2390
1612
1808
1185
768
6373
5193
7226
7227
2881
733
4473
4528
5591
5776
899
5104
7193
4826
5071
4927
1471
1834
4888
3205
4473
4446
1536
1914
778
6996
7240
7489
7180
4446
5490
5592
6451
7492
2114
1728
2119
1210
1120
1186
7044
7155
4477
4528
1764
1808
1002
942
928
3332
4538
5193
2545
1003
1574
2156
6413
4477
4628
4719
4759
4901
7292
7152
1807
1403
883
2850
1878
1878
7690
4417
4445
4778
7224
1764
1423
698
3769
3984
5766
7193
7370
7622
4398
6176
1806
1471
1403
1185
948
1017
1370
4667
6997
7196
2978
2612
1849
7148
4461
5141
1403
1403
1210
1121
1004
4167
2389
2002
7696
4354
5914
6008
1786
1613
1185
1572
1340
6306
7226
1354
4369
5703
6096
6149
1728
1121
1616
1978
826
4336
7391
7210
4356
4925
1728
1185
1275
1497
1239
6704
6063
5881
4275
1706
1275
1372
1049
5818
7419
6899
940
4285
5138
5562
6130
7593
2161
1935
1403
1210
1094
1291
1472
7298
5333
2276
1403
1185
948
1450
1616
1186
2141
2348
1935
948
1094
1386
1497
1497
1406
698
6512
6018
5668
1103
1674
1695
4286
4173
4369
5014
2165
1071
1291
1406
1472
1140
2170
1005
3864
5295
1789
1696
1717
6791
7273
7819
4225
2497
1185
1196
1474
1472
6241
7227
1773
7147
1403
1515
1121
1472
968
1228
1069
7209
2893
4810
5749
2235
1613
1515
1275
2040
4888
7526
2911
7025
4098
7041
1328
5880
7420
7708
4509
4811
5376
6500
7352
1328
1295
1406
1140
7018
5786
5149
2143
1552
1185
1308
2238
3657
4989
7242
7267
2643
1506
1614
1614
1495
1255
1291
1186
4906
7243
7355
7332
1695
1562
7405
7466
5591
2412
1979
3507
6369
5412
7418
7649
7695
4070
4652
6657
7602
1614
1370
1371
1255
1328
1353
1138
6372
3222
1326
7722
4325
4188
4592
5214
2142
1495
1071
1071
1328
1138
1277
1212
4469
7434
7695
4829
4810
5729
5911
2528
1613
1614
1071
1578
1979
6786
6513
5264
5264
7242
1158
1880
7722
4557
4610
4701
1495
1552
1242
1129
4749
7527
7558
2644
7598
4897
1328
1773
7384
4340
4108
5094
2303
2210
1643
1615
1328
2238
1125
4147
5547
7477
7478
7669
4186
5957
1894
1615
1516
2210
2238
7435
1575
1773
5302
2209
1516
1308
2238
1187
1240
4365
6062
4889
7544
7178
7353
3082
4082
2471
2095
1516
1516
1578
7459
7594
1427
4525
4792
5459
6388
2147
1552
1094
1070
3987
5974
5126
7689
7806
4187
2839
2666
1688
1275
1316
4525
4926
2041
2041
2146
1936
1409
2238
7595
7680
5375
2598
2042
1516
1404
1370
1516
1071
1243
6592
7611
7570
1518
7684
2147
2072
1423
1516
1071
1169
3554
4602
4954
6003
7641
7830
5012
6769
2573
2350
2211
1688
1516
1308
1516
1199
2263
1129
6950
5280
7511
7582
1460
1506
7784
7344
4525
2550
2020
2042
1516
1370
1275
1409
1230
2415
1241
5296
7357
4761
5773
1371
1479
2434
3297
6169
3280
1517
2621
2185
2020
1516
1255
1275
3751
4735
5228
4750
7581
7610
2979
1375
1653
6934
7454
4635
4981
5158
2167
2236
2168
1371
1371
1371
1734
2185
2145
5904
7658
7611
7754
7587
4284
2691
2552
2072
1371
1734
1410
1424
1357
3423
4413
4168
4748
7641
7649
7642
1393
7703
7741
4121
7432
2808
3134
2306
2097
1617
1617
1479
7047
5296
7627
7392
7875
4339
4506
2453
2304
2120
1275
3669
7156
5903
7581
7056
7833
4210
5989
6518
2854
2367
1835
1449
1867
1308
1255
1360
2458
1188
5432
7460
7803
5332
2306
2456
2187
2351
1308
1255
1409
1280
1280
1503
2532
1128
4202
7770
4812
6814
2305
2366
1938
1308
2459
7627
7603
7703
3974
5421
2555
2396
2148
1255
1479
4204
4043
7731
7686
5885
2413
2237
2212
2098
1731
1308
1520
1503
2532
1128
1188
6802
5368
7686
4069
2455
2305
2454
2499
2532
4972
7718
7675
7860
6430
2472
2600
2044
2074
1498
1707
1709
1709
1520
1734
7726
7860
4683
4848
2699
2520
2699
2457
2148
1868
1868
1308
1255
1388
5720
6214
7528
7861
7763
7826
5251
5809
7657
2981
2623
1982
1765
1983
2188
1309
1255
1255
1709
1734
1503
2626
6260
6726
7699
5675
5458
3034
2440
2562
2372
2395
2395
2395
1255
1255
1541
4500
5640
5171
7677
7678
7479
7717
1414
1530
7818
7765
4120
6885
3000
2520
2395
1835
1736
1620
1734
1734
4771
7046
5345
7749
7818
4606
6473
2692
2531
2473
1275
1646
1280
1772
1693
2532
2626
4680
5023
4871
7212
7750
7734
3067
7818
3933
4367
5011
5656
6431
7203
3133
2357
2556
2521
2213
1255
1709
1620
1790
1670
1541
1331
5801
5669
5548
5345
7687
1343
1506
1651
1506
7361
7697
4068
4471
2474
1983
1766
1275
1646
1709
1620
1734
1790
1433
1598
1200
3752
4272
5023
4241
5641
7808
7807
7716
7091
7902
5728
5213
2811
2357
2699
2439
2534
1275
1709
1646
1360
1790
1541
6857
7718
7710
4068
3175
2730
2668
2481
2611
1708
1709
1646
1275
1646
1646
1646
1790
1734
1504
5802
7700
7807
7877
4505
6094
2622
2218
2457
1275
1709
1620
1646
1374
1524
1232
6304
7334
7661
7448
5656
6885
2372
2456
2648
1916
1733
1709
1734
1847
1541
1359
5208
3907
7677
7767
1330
1651
7960
7902
7551
4274
4607
4698
4915
1708
1450
1620
1670
1499
4973
3941
6409
7766
7679
7628
7878
7876
5352
5700
5909
2713
2217
2602
2532
1618
1620
2601
2601
1245
6046
5670
7789
7596
1426
7945
7780
4209
4134
6836
6598
2776
2651
1709
1766
1733
2307
1450
1734
1373
1390
5127
6046
5308
3990
5655
7053
3206
2027
2021
1811
1709
1620
1670
1315
2557
4668
5435
5105
7828
7751
7782
3841
4524
2504
2476
2307
1520
1790
1670
2648
1359
5105
7835
7759
7852
7767
1651
7672
7091
7428
7705
4504
5212
2790
1869
1790
1390
2648
3753
3525
4272
4872
4872
5549
7862
4055
6310
2812
2025
2028
2246
1733
1810
2121
2152
1329
1558
1426
4539
4919
6305
7241
6092
7509
1651
7812
7824
7917
7966
7977
7903
3741
7428
2399
2358
2602
2475
2307
1995
1390
1477
2624
2601
4273
5836
5836
5550
5413
7828
7751
7788
7851
1426
7952
7974
7903
3827
4944
2500
1373
1390
1454
2648
2693
6591
5548
5413
7797
7881
1651
7929
7975
3882
2914
1811
1623
2693
6928
5394
3524
7823
7976
7834
4338
2700
1992
1735
1390
1454
2648
1594
1594
2648
4802
6064
5741
5642
7835
7852
7711
7862
7976
5539
5954
2792
2027
2197
1504
1426
4908
4908
5450
7121
5976
7864
7904
1452
7970
7704
7895
3828
4979
6095
6728
7285
2821
2026
2558
1480
1391
1454
1692
1649
1668
1504
1359
6724
7102
5313
5369
7759
7852
7720
7938
7691
7574
7574
2961
1477
2624
1594
1426
7865
7854
7773
7950
7972
7796
4718
4913
3036
3399
2869
1991
1966
2245
1995
1475
1390
1454
1594
1594
1624
1594
6215
7905
7924
7772
4626
2773
2082
1960
1475
1477
1454
2624
6998
6066
6066
5741
5765
7904
7905
7854
7854
7785
4055
4913
3173
3319
1965
1873
2287
2152
1390
1712
1815
5281
6171
5765
5865
7797
3687
1651
6811
2356
1504
1502
2624
1741
1769
1690
1426
4842
4842
7841
7904
7612
7890
1426
1452
7888
7973
7967
4257
6412
6552
3424
1991
2287
2049
1390
1845
2648
5284
6093
6065
7958
7761
7643
1651
7972
7586
7425
7161
2197
2126
2194
1475
1454
1624
1816
1649
6285
5691
7941
7941
7666
3741
6552
6268
1997
1995
1390
1477
1454
1593
2102
4148
7335
7019
6284
5129
7941
7924
7745
7961
3688
5790
2082
2049
1694
4273
6170
5905
5369
7890
7465
4161
6127
7146
3153
3037
2287
2373
2245
2049
1390
4875
5048
4347
6543
6725
7300
7951
7965
7957
4487
2627
1997
2152
1740
6705
6328
5864
5671
7853
7421
3508
7971
3911
5110
6450
1502
1505
1556
2024
1524
4501
5722
7800
7701
7820
7889
7922
2194
2084
2175
2152
1502
2125
1452
4621
6328
7924
7896
3865
7971
3633
6127
7054
3251
3510
1672
1540
7228
7761
7954
7799
7800
7775
1452
7879
3912
2079
2128
2103
1742
7924
7896
7393
7393
4106
5137
7146
3630
1526
1622
1478
5905
5347
7969
7949
7928
7926
7783
7968
7955
4862
4757
3180
1848
1556
1408
1922
4843
5314
7855
7968
7949
7900
7883
7882
7866
7769
4460
4486
4323
5110
3658
3560
3071
1770
1559
1408
4621
4065
3929
7934
7913
5489
5748
6145
3365
1711
1817
5643
5395
7963
7702
3661
3757
4324
4847
6809
7087
1846
4991
4205
6465
6119
7867
7942
7866
7934
7630
3881
4523
2127
2151
4991
6244
7891
7891
3614
4081
5109
5197
5952
1579
6465
7663
7663
1426
7880
7910
3868
6353
1673
1741
2334
4843
5949
6103
5980
7481
3579
4106
5401
7302
3442
2103
1715
6375
7897
7775
7336
7910
7884
3660
7514
2524
1794
1408
4843
4695
5106
4695
6705
7908
7893
3658
5269
5420
6639
7272
1715
1452
4337
6906
6654
7868
7629
4032
5623
6471
3004
2371
1523
1944
2311
7213
6010
5479
7884
7909
7935
4470
3880
5197
6073
6026
3599
1715
2242
3989
6907
7897
1452
7817
7584
7631
4756
5331
6219
5731
5480
7859
4649
7885
3880
5623
5538
5987
3426
1647
6177
7857
7872
4379
4054
5331
7271
3180
3495
2561
1452
1452
7769
7884
5820
2735
2244
5824
7874
7437
4283
3725
5906
3773
3723
4501
7822
7802
1452
7886
3363
5772
5846
6382
2774
1875
5130
5750
5440
5174
7843
7513
1452
6426
6376
7668
6860
7856
7498
7732
3381
4522
4158
6913
6004
6516
4633
7792
7727
7662
1452
7810
5846
5726
6072
2650
2268
2503
4844
3587
3710
5267
5590
6144
3943
7762
3756
5951
5820
1870
7732
4716
4208
4158
4717
5064
5488
5321
6472
5533
7514
3910
3788
2561
7020
1452
7746
1476
2461
6930
5915
6177
5181
7597
3896
4845
5416
5843
7085
2503
7768
7694
4503
5693
5649
4244
6914
5750
1648
3563
3612
4777
5645
5416
5869
5486
5988
5906
5984
3229
1476
4223
7422
5950
5484
5559
5533
5771
5771
3443
2937
2698
1874
1875
6815
6466
5323
7776
7777
7461
3530
5578
5488
5589
5399
3229
2897
1500
1452
4622
6330
5674
5514
7651
4443
3866
5620
5950
5531
5486
7424
3383
3648
2483
7605
7450
4045
7650
4319
4921
5351
5950
5866
5806
5372
5537
5984
3469
3759
2149
2820
1452
4053
5673
5454
5537
6954
7342
3850
1591
2314
2483
2482
2609
4844
4851
4440
5181
5215
7339
7358
5026
5622
5371
5582
5984
7052
3930
2610
7664
5842
5673
5437
7052
2045
1589
5037
4129
6762
6501
6249
5406
5215
3577
3600
4067
5351
5437
5536
5699
7404
4851
1648
1648
7737
5770
5647
5372
5789
5842
5984
1838
6931
7512
3351
3526
4921
5351
5509
5317
5451
5436
5436
5418
1648
7652
7721
4625
4366
6549
5455
5320
5868
5932
6570
7635
7651
4302
3958
4207
5285
5619
5620
6330
5769
2173
2173
2482
2856
2775
7083
5626
7144
7270
5619
6309
5066
1737
2478
2536
6389
6858
5541
3282
4670
5397
5451
5692
5349
5556
5841
5841
7085
7464
3961
2190
2583
2653
6389
7546
3895
5692
5250
5553
5250
5552
1792
2048
2313
4459
6104
6150
1667
3380
5176
5768
5692
5508
5508
5698
5747
3230
6427
7158
7606
3529
5417
5330
5301
5175
5553
3649
1666
5095
5176
5692
5438
5373
5789
6637
6859
7341
1501
1666
2239
2078
2898
3160
5868
5508
5400
5156
6050
1666
1963
1961
1768
2332
1737
5216
5053
7338
3283
6548
5156
4978
6953
1739
2697
3042
2918
4212
7572
1813
3228
4415
5285
5318
5136
5066
1918
1768
2077
2501
1667
3774
5155
5508
5768
6309
5769
5438
5108
5455
4923
7051
7395
7341
7423
2264
2281
2241
2777
3401
3157
5131
5298
7201
1667
2282
2417
2193
2214
6858
6569
6410
6929
5542
4946
7604
3241
4895
5131
5330
5135
5579
5743
5695
5747
6953
3231
2479
1918
2605
4399
7158
5441
5271
6883
3125
5581
5583
5031
5870
1768
2240
2417
6104
7319
7159
3631
5089
5319
5133
4894
5583
6746
7531
3960
3758
2696
2579
6788
7604
7559
4502
4096
5089
4877
6355
5132
5583
2885
2604
2577
2370
2193
6427
3085
4442
4397
5417
5155
4892
4992
5319
6194
6125
5845
6974
2771
3003
2695
2578
2240
1918
2603
2734
4399
4865
7438
2933
3154
5090
4860
5031
7051
3533
3402
2606
4611
6973
3048
4776
6515
5268
4922
4861
5725
5805
6573
2479
2817
2983
3038
4016
4943
5319
4860
2855
3049
6105
6764
6189
6104
5481
5481
4946
4301
6573
4696
7245
2816
2768
2753
2817
2888
2898
3016
6834
6883
4079
5155
5248
5370
2814
2578
3003
2772
2768
6495
2959
4540
3957
5725
5551
6911
6708
2731
3212
3138
4276
6788
7145
3154
4822
5090
6596
6594
7371
3349
5132
4579
4371
5201
6861
2916
4823
4976
5107
4859
5050
7215
2870
3138
6105
6495
6495
6021
7159
7160
4669
4669
3425
3647
4806
4555
4754
4754
5845
6912
6708
3108
2959
7214
2815
6495
5617
6021
7050
7049
4577
5050
6125
6951
6573
6708
7301
3368
3727
3003
3245
3072
6378
6744
3209
5067
5247
5195
2915
5840
5617
5441
3136
3208
4521
6266
6951
4123
6803
4928
4634
6951
6618
6951
7122
2870
6378
5767
5288
6807
3413
4715
5299
2915
3161
3307
6727
6804
4956
6789
3709
4890
6354
7021
7214
7246
3002
3155
6351
6634
6999
4442
4623
4890
5983
6683
6951
3428
4083
3947
4559
6379
6635
6245
6245
7160
7023
7160
4416
4623
5983
6976
3083
4554
6124
6468
6682
5254
6807
7065
6707
3879
4350
5646
4714
6765
6765
3403
3106
6682
6143
5840
4796
6687
6767
3379
3879
4520
6075
6765
4135
6572
6514
6617
5724
6070
6805
6308
5028
6951
6765
3791
3301
3724
4080
5551
6765
6765
3013
6428
6546
5929
6767
6411
3083
2960
6448
5154
6636
6638
3528
6352
6428
6497
4891
3069
3304
6428
5297
4560
6517
3787
6498
5931
3337
6428
5929
6428
5981
4349
3444
4380
6356
6218
3445
3244
6071
6381
6192
6218
6220
3350
3877
5028
6022
5982
3527
3790
3391
6107
4824
3178
3441
6022
4260
3586
3544
5930
4133
4052
3878
4551
5672
3851
3415
4510
3265
5025
3542
6107
3177
5672
5027
5230
4681
3512
4004
4920
4084
3414
4780
3265
4813
3742
4378
3601
3400
3390
3446
4775
4790
3542
3824
4185
3914
3635
4790
3878
4348
4753
3672
4162
3400
3580
4544
4085
3893
4320
3634
4261
3883
4254
4277
3915
3852
4441
3708
4051
4066
4414
4051
4245
