7447
2.79466e-005
1.65113e-005
2.96176e-005
3.48634e-005
4.02107e-006
1.25343e-006
0
1.38955e-006
3.13155e-005
3.52582e-005
0.000595889
0.00104385
0
9.71538e-007
0.00448247
7.59403e-006
6.44189e-008
0.00406534
0.00013129
5.69401e-008
3.79017e-006
4.19512e-006
0.000528569
0.000166976
8.06803e-005
9.19935e-005
5.65165e-005
0
2.3507e-005
8.54393e-005
0.00100545
0
0.000248442
0.000974998
0.000343525
0.000615443
3.04797e-006
-8.95563e-012
8.32157e-005
1.7278e-005
0
0
7.49684e-005
1.92284e-006
5.51027e-005
0
0.0106567
2.60471e-007
3.69957e-005
9.22753e-006
0.000111489
0.000790011
3.14785e-005
2.41656e-005
8.53277e-007
2.53852e-006
0.000228585
7.04393e-006
3.57847e-005
6.1444e-005
0.000736049
3.01835e-008
0
0
0.000323041
5.79407e-010
7.57839e-006
0
4.77712e-005
0.000757351
0
3.03091e-010
0.00132961
2.35068e-005
9.18834e-006
6.3333e-005
0.000970611
0
0.000624341
0.000329824
0.000329661
2.82729e-008
7.08856e-007
2.89645e-005
0.00116513
2.71353e-005
0.00595756
5.01156e-006
2.33968e-006
7.40371e-009
0
6.81452e-005
0
0.000237302
0.00091223
0
0
5.38638e-005
0
0.000159915
0
0
0
0.00240666
1.73294e-006
0.000198575
0.00397661
2.90707e-006
0.000654206
8.62972e-006
0.000668595
0
8.16707e-005
0
0
0.000378046
0.000371649
0.000202597
0.00310854
0
0
0
0.00263846
-2.00566e-009
0.00010777
0.000273691
8.17953e-005
0
2.46017e-008
9.67884e-007
1.74494e-005
0.000142774
0.0107841
1.54806e-007
8.18123e-006
0.000277753
0.000500155
0.000317002
-4.07269e-010
0.000155039
0.000479508
0.00103612
0.00555554
0.00188611
0.00262937
2.4006e-005
0.00665175
2.55967e-008
0.0074503
0.00131883
0.0115757
0.000462193
6.37906e-008
0
1.12611e-006
0.0148799
0.000316052
9.52638e-008
0.000856774
0.000238542
9.8446e-005
8.15239e-006
0
7.94938e-008
0
0.00195801
3.93975e-005
1.83598e-006
0.000170488
7.33968e-005
4.37437e-005
0.00350389
0.0015917
9.73742e-006
0
0.00261136
0
0
0.000948137
0.000405949
2.38148e-005
3.95384e-007
0.00352073
0.000167837
0
1.96434e-005
0.00076627
0
2.41648e-005
1.98262e-006
0.00300735
0.000688514
-2.19937e-010
3.94937e-007
0.000235195
0.000267936
0.00162599
4.2012e-005
0
-1.89442e-009
0.000916453
9.28278e-006
2.05832e-006
0.000686328
0.00272821
0.00291116
2.01206e-005
2.93532e-005
0
0
0.000810144
1.27446e-009
6.78514e-010
2.5679e-006
1.35898e-006
0.000345956
3.78279e-005
8.95817e-007
0.000429687
9.21186e-006
3.39146e-005
0.000620882
5.57258e-006
2.4621e-007
1.96524e-005
8.12288e-006
9.26713e-005
2.68632e-007
0
0.000390575
9.89549e-005
0.00117053
0.000124039
1.50299e-006
0.00110329
1.69229e-011
3.16066e-007
4.1644e-005
1.03525e-005
3.99443e-005
1.29877e-005
0.00012958
2.87912e-006
0
0
1.41722e-009
0
0.00305207
0
0
0
0.000304531
0
0.000233292
-1.97117e-009
0.000718139
1.69256e-005
0
0.00248567
2.03947e-006
0
6.72979e-010
0
0.000243793
0.00139514
8.14349e-006
0.00342051
0.000530364
1.68226e-007
0.000885954
9.61221e-005
0.0037382
0.00395174
0.00284993
0
0
4.82517e-007
0.000139485
0.00066933
3.32885e-007
3.39354e-006
2.46808e-005
4.09874e-012
4.06088e-005
6.20803e-010
3.45675e-005
0
1.00612e-005
-2.00209e-009
0
3.17414e-005
3.97167e-005
5.4819e-007
1.21883e-006
0
0.000292439
0
0.00018029
1.19711e-005
0.000257451
0
0.00326846
0.00028534
3.10061e-007
0.000120506
0.000891913
0.00125793
0.0178053
0.000254189
0.0002225
0
0
3.13346e-007
1.49744e-007
0.00101682
8.21123e-005
3.81075e-005
1.77544e-005
0.000107249
8.98614e-006
0
0.00054149
0
0.0132717
0.000827185
0.00579147
0.00114657
0.00553339
0
0
2.5286e-008
3.49226e-005
0.00121838
8.4015e-006
3.54169e-009
4.04622e-008
8.89897e-006
4.04638e-005
0
0.000836147
6.37786e-005
0.0555595
0.000946036
9.85244e-009
9.15052e-005
0.0031026
0
3.11994e-006
0.000125008
2.05772e-006
4.16319e-006
7.90946e-006
0
2.57623e-006
4.57018e-005
0.0113924
0.00111515
0.000100151
-1.01076e-013
2.57288e-005
7.7731e-008
0.00106094
0.00267604
5.0347e-006
0
0.000116605
8.36214e-006
0
1.67468e-008
0.00150548
2.61277e-009
0.00262406
0.000692878
3.11508e-006
0.00251657
5.94013e-005
3.38709e-008
0.000209048
0
0
0
1.72316e-009
4.06505e-006
0
0.000150042
0.000949361
0.00137547
0
0.00179909
2.25718e-007
0.00273751
0.000833105
0.000895794
0.000117394
1.00409e-008
3.38335e-007
0
0.0044656
0.015244
2.71037e-006
0.000364401
0.00424001
6.11654e-005
2.16576e-006
0.000356397
2.91349e-007
2.93504e-005
5.80561e-006
0.00102093
0
2.66786e-005
0
0
6.11546e-016
1.32318e-006
5.64027e-005
0.000667379
0
2.13621e-006
1.76146e-007
0.00688874
2.2363e-005
3.64117e-005
0.00049712
5.18944e-005
8.95448e-010
0.000215735
9.6414e-007
1.66357e-007
0.00135996
0.000101077
0.00104515
9.81804e-007
1.17243e-007
0.000210486
1.45453e-005
0.000131056
0.000200867
0.00010198
0.000426552
1.1426e-005
0
1.29383e-005
2.20548e-005
8.93692e-005
0
0
0
4.56076e-006
0.000310903
3.76738e-005
0.00058679
0
0.00154978
3.49459e-005
0
9.17031e-006
0.00167652
9.75703e-005
0
2.58393e-005
0.00039318
0.000329439
0
2.37968e-005
1.63594e-005
0.000723467
9.01605e-007
0.00138183
0.000200138
0
8.86635e-006
0.00183557
0.000194201
0.00392882
0.00016332
0
0.000593984
0.000780212
1.22392e-007
3.97251e-007
2.26793e-009
0
0.000237711
1.29184e-006
0.0277642
0
0.000197108
1.04697e-007
0.00677432
0.0196252
0
0
8.41411e-008
2.32805e-005
0.00242497
0.000173452
0.0026337
0.00657731
3.92596e-005
0.00267374
3.16376e-006
0.000118983
1.8947e-007
0
0.00209855
0.00110313
7.79769e-006
0.00555801
1.07932e-005
0
5.49561e-006
7.14113e-005
2.41796e-005
0
8.61097e-005
0.000253336
0.000191233
8.5744e-006
1.50459e-006
3.6933e-005
0
0.0183676
1.92162e-006
0.00176297
6.72873e-008
4.83034e-005
-2.85961e-009
0.000192234
0
0.00368187
0.0227902
0.00187648
6.69292e-006
4.91338e-008
2.17298e-006
6.64399e-005
1.34303e-008
2.96279e-011
6.38715e-005
0.000269366
1.55139e-009
2.56142e-006
0.000160398
0
1.95298e-006
0.00281688
1.16693e-005
0.000117746
0.000841867
1.20738e-006
2.76199e-007
2.50834e-006
0.000203775
1.63165e-010
0
0.000269381
0.000244923
0
0.003986
0.0014952
4.83576e-007
6.77872e-006
-2.36214e-009
0.000480432
8.70717e-005
1.35778e-005
1.05086e-005
1.5406e-007
7.25399e-005
0
0.000184989
0.00259535
1.47476e-005
0
9.65207e-005
4.77611e-005
0
5.86214e-006
0.00038657
0
2.41904e-009
9.50387e-005
0.0048559
1.00542e-006
7.29902e-006
6.06914e-005
0.000113318
0.000908072
6.03522e-006
3.15182e-006
0.00130958
0.00912611
7.35981e-007
0
0
0.000168409
3.66922e-011
0
3.4863e-005
0
1.45592e-010
2.88033e-009
0
0.000121813
3.80746e-005
0.000500363
5.13388e-005
0.0148125
0.0001502
3.24121e-005
4.24047e-005
-1.39338e-011
9.54194e-005
7.01144e-006
0
3.34501e-005
4.74937e-008
0
0.00148865
0
4.1625e-005
0.00175059
0.00105691
2.46131e-005
0.00216196
0.000113023
9.44853e-005
0
2.02032e-005
5.53299e-005
0
0.000505977
0.000594276
0.0030537
0
0.000131376
3.57346e-005
0.0079616
0
2.63527e-005
0.00106034
0.000809497
1.05417e-005
2.56374e-005
3.50749e-005
0.00257003
0.0193225
4.41599e-005
1.31724e-005
0.00564563
7.14799e-005
0.000694848
0.000389473
0.00306999
0.00204913
0.00407192
1.53176e-010
0.0025126
4.5182e-007
5.85739e-005
0
0
0
0.00161572
5.4251e-006
1.1293e-006
0.0331842
0.000113273
0.000150705
0.000880231
3.25963e-006
0.000163157
0.000999832
6.70133e-005
0.00272866
0.00160036
0.000283007
0.000263436
0.00100234
0.00226164
0.0235151
0
9.58887e-006
6.46766e-005
0
8.27279e-006
4.99342e-005
0
0
3.3155e-006
0.000498905
1.65633e-005
0.000137227
0.0124974
0
0
0.000454214
2.97474e-006
6.90481e-007
0.00107808
1.70925e-006
0
0.00586825
0.00195421
0.000974488
0.00192128
0.00108158
0.000274707
0.0037047
0.000884272
1.02514e-009
0.00117543
1.61445e-006
0.000201986
8.55597e-006
0.00165745
0
0
0.00174703
7.20915e-006
0.00057415
0.00085637
3.00598e-005
7.92784e-006
1.53021e-009
0.00029197
7.31624e-005
8.29661e-005
0.00150274
1.9068e-007
3.95243e-008
0.000589131
0.0014936
2.69392e-008
0.00399037
2.51599e-006
0.0020014
0.000215466
0.00144223
0
8.17454e-007
4.30578e-005
1.46184e-006
7.21945e-007
1.10739e-006
1.60555e-008
1.30883e-005
3.32183e-005
0.000217319
0.0373213
0
0.000618547
5.19681e-005
3.86669e-005
6.70354e-005
1.37251e-006
7.03761e-006
0.000145587
0.00122104
0.000332759
4.25897e-005
0.01057
1.15415e-007
1.06746e-006
1.08109e-005
2.05355e-005
7.25801e-007
3.63738e-006
0
1.39066e-007
2.38966e-008
-2.15835e-009
1.57601e-005
0.00103073
7.94992e-005
1.19252e-005
0.000177077
1.05059e-006
8.74678e-005
0.000926589
5.17803e-007
2.21331e-006
1.03695e-007
0.00011905
0.0156192
3.76444e-007
0.000958625
2.36532e-005
2.09549e-005
0.0074054
1.57338e-005
8.91565e-005
3.94445e-005
4.38159e-005
0.000609091
0.0144874
0.000109584
3.14735e-005
0.000183425
1.70383e-011
4.53732e-005
5.42042e-005
4.87512e-008
1.12537e-006
2.71502e-005
8.22011e-008
0
6.71155e-006
2.74061e-005
9.22946e-007
0
1.49482e-005
0.00167508
0
0.000116702
9.38835e-007
3.24704e-009
1.04263e-005
4.16143e-005
0
1.4724e-005
6.05282e-009
0
0.00214719
0.000103916
0.000284971
2.0914e-006
0
0.00283621
5.37743e-006
3.23056e-008
0.0224569
9.84733e-006
6.88834e-005
0
0.000223815
1.38258e-006
-6.29849e-010
2.36891e-005
2.73897e-005
2.73493e-006
0
0
4.0661e-006
5.83935e-006
0.0117837
0.000108767
8.61548e-006
0.00106412
1.16924e-008
0.00269043
0
5.76445e-005
3.48907e-005
0.000724865
0.000437765
0
0.000108392
3.0078e-005
3.95e-005
0.00412338
2.29371e-007
6.07792e-005
3.11518e-008
0.000503267
0.00330165
0
1.36711e-006
4.36189e-007
0.00162114
1.30051e-005
6.40004e-009
0.00179541
0
6.88142e-006
0.00044237
4.12748e-007
1.03844e-005
2.98843e-005
2.47177e-006
0.00297052
1.37542e-006
0.000635536
0.0102454
2.01334e-006
2.97885e-006
0.000348871
2.04857e-007
0.000278909
0.000319934
3.43832e-005
2.27494e-006
0.0106488
4.86297e-007
0.000128383
0.000230643
5.50931e-006
0
1.48379e-006
1.23952e-006
5.07389e-005
0.000762156
0.00410753
0.000126597
0.00029567
2.68157e-005
8.40377e-006
0.000730969
0.00262449
2.58952e-005
0.000155938
1.53351e-006
0.00399634
0.002269
1.79982e-009
4.8894e-007
7.14876e-006
0
2.12241e-005
8.59797e-005
2.74428e-006
3.6782e-005
0
4.9814e-005
0.00254334
0
0.00193413
1.51748e-007
0.000356669
0.00377031
0.00020886
3.51801e-005
9.88322e-005
0
0.000804341
6.61465e-007
0
0
1.66571e-007
5.54678e-005
1.13444e-005
0
0.000234863
8.73517e-012
0.0267394
8.5428e-005
4.37618e-006
3.3776e-005
1.33877e-008
0
0.0165746
0.000123425
1.77773e-005
1.81225e-005
2.70579e-005
6.44476e-005
0.000481658
0.00720232
1.59791e-006
7.25652e-005
1.88619e-006
0
1.20667e-005
8.35818e-009
9.6724e-006
9.18508e-006
0.0121309
0.000530062
4.09493e-005
0.00261153
2.42735e-006
0.000337651
7.03309e-010
-9.85706e-010
9.35816e-005
0.0192346
0.00379278
2.91144e-005
6.14651e-005
3.82358e-006
0.00472576
4.25192e-005
5.1887e-005
7.00742e-006
1.11846e-005
2.58599e-005
0.0022659
8.64658e-006
0.000185372
5.86911e-006
1.27568e-005
0
0.000505452
6.88082e-005
0
8.62965e-006
9.67575e-005
2.7665e-010
0
1.50651e-006
0
7.71828e-005
0
0.00182992
7.45604e-006
6.37513e-006
8.46285e-008
0.000936124
5.7006e-005
0.00397971
0.000257527
5.93751e-008
1.94563e-005
1.11976e-005
6.97271e-005
0.00314341
0.000711576
0.00287715
0.000237089
1.0726e-006
3.18058e-005
8.61099e-005
9.58452e-005
0.0003034
0.0020106
2.62763e-006
2.53833e-008
0.000254769
6.91679e-005
0.00554891
1.34989e-005
4.59122e-007
0.00647206
2.38681e-007
0.00811566
0
0.000359385
0.000510588
4.89892e-006
9.8777e-006
0.000130789
0.000217384
5.48081e-005
5.64817e-005
0.00351706
0.000693945
0.000315703
1.72917e-007
3.29421e-005
1.12875e-005
4.22889e-005
0
2.59395e-005
0.00409134
-2.17333e-009
6.1479e-005
3.3058e-006
1.86527e-006
2.98878e-005
0
0.00226032
0
0.000748079
2.92361e-006
5.05597e-005
6.05847e-005
3.15279e-006
0.000137389
1.84281e-005
1.15858e-008
0
1.39895e-006
0.000332475
2.27888e-008
0.0001014
2.12062e-005
0.000200079
4.85764e-010
1.89097e-005
4.29301e-006
0.000117015
0.0071748
0.000242673
0.000117506
5.12441e-006
7.55537e-005
0.00531302
1.80756e-005
0.00899241
1.4854e-009
0.00416337
0.00061438
0.000123166
0.00242079
2.72357e-005
0.00100475
0.00678233
9.53876e-005
0
4.4485e-007
7.90826e-006
4.2429e-005
0.0113503
3.01248e-005
1.47273e-006
2.40565e-007
0.00229499
0.0104632
4.80589e-006
0.000139815
0.000104284
0.000167809
9.84024e-005
4.30858e-006
6.23361e-005
0
2.7969e-007
-2.45129e-009
5.11033e-005
1.7393e-005
4.47777e-007
7.311e-007
2.11083e-005
0.000252849
8.11814e-005
2.4366e-005
8.16838e-005
2.36849e-005
1.25291e-006
2.6153e-005
2.51616e-007
2.95343e-005
0.00078626
1.18236e-005
0
8.13211e-008
3.29745e-006
0.00579978
1.30391e-006
0.00450559
4.24636e-010
0.00334379
4.66381e-006
0
4.41184e-007
5.44592e-005
2.78774e-005
0.000261423
0.000297995
0.00508916
5.17493e-006
0.000205931
4.62578e-005
0.00128293
8.63647e-007
0.000328648
0
4.87247e-006
0.0126001
4.86624e-005
0.00531076
4.92822e-006
3.64458e-006
5.14494e-008
3.382e-010
0.000147618
1.9101e-005
3.46229e-005
3.87473e-005
0.000282557
0.000220376
0.000686869
0.00192609
0.000123587
0.000117995
0
2.50633e-005
1.778e-005
3.51434e-005
8.59921e-006
4.22749e-006
8.60086e-008
1.06296e-005
0.000172538
9.10798e-005
1.35583e-005
0.00109731
1.43745e-005
0.000926529
2.6131e-005
5.81731e-008
0
6.83948e-006
0.00077063
3.53897e-005
9.25135e-006
1.09773e-007
0.000690749
1.81666e-006
0.000157094
0
0
0.00010494
0.0138107
0
9.14626e-007
0.000134217
1.4979e-007
0.000666041
0
0.00346794
0
5.46064e-005
0
3.51955e-005
0
2.13954e-006
2.05201e-006
8.73916e-005
0.000420579
2.57811e-005
8.27241e-006
0.00310383
3.00831e-005
0.00227574
5.43028e-005
5.4798e-005
0
0.00315555
0.000577808
0.000416441
7.32704e-005
8.41337e-008
5.99643e-005
3.49961e-009
0.00590132
0.000128228
3.6586e-008
2.17543e-005
3.05154e-005
0.00543548
3.29794e-006
0.00429971
1.28502e-006
2.91373e-005
0.000170624
1.79127e-005
1.4719e-005
2.22545e-005
0.0177883
7.67106e-006
1.17712e-005
0.000146609
2.67683e-005
7.02518e-005
0
0.00574971
0.000316625
0.00310314
2.5432e-008
-1.66941e-009
-2.06144e-009
5.34662e-005
0.00422867
8.57446e-006
0.000275643
0.000227295
0.000155939
0
1.3592e-006
5.50893e-006
0.00797751
0.00225092
0.00787911
9.71324e-005
8.14973e-010
7.71135e-008
1.69572e-005
5.34753e-010
5.62498e-006
0.000408738
5.95732e-005
0.00061308
0.00065645
0.00132539
0.00136794
0.00109263
0
1.24366e-005
7.46708e-006
1.64209e-006
0.0147563
0.000479485
0.000121506
7.75577e-005
3.64068e-005
0
3.86053e-007
1.30175e-005
2.643e-006
0
3.35766e-007
0.0198863
0.000192841
2.5888e-007
0.000172928
0.000223805
0.000312437
0.000124506
2.42843e-005
7.56656e-006
7.62933e-006
0.0109626
1.83028e-007
5.48872e-006
0.0068694
0
0.00581516
4.13082e-006
8.0819e-005
1.81323e-006
2.3594e-005
8.54588e-006
-1.34992e-009
1.36387e-006
0.000723647
0
1.8603e-005
0.000141371
0
0.00115245
0
3.25683e-005
5.21101e-007
2.98743e-006
1.77911e-005
4.1239e-005
7.84233e-005
0.026341
1.79713e-005
0.000130005
6.12662e-005
8.62191e-005
9.19012e-005
8.04265e-005
0.00455023
2.286e-007
0.000428751
0.000133598
0.000100151
0.00454083
0
0.000126737
9.16985e-006
0
4.60648e-005
0.000176262
4.37673e-005
0.00153174
0.000828702
1.20399e-007
0.000135844
1.04601e-006
0
0.00115255
0
1.51157e-007
0.000154347
1.32764e-009
7.66572e-008
2.94179e-006
0.00394324
0.00316149
0.000431285
2.66751e-008
3.57237e-005
1.05737e-005
8.49837e-006
8.30457e-005
1.05057e-005
0
4.67221e-005
0
0.000586115
0.00401641
0.000209684
0.000506436
0.000258944
4.15143e-007
1.13225e-008
9.56681e-005
0.000134258
2.1737e-005
0.000608114
2.79173e-006
0.000157523
1.79363e-009
0.0136599
6.3412e-006
0.0108007
0.00187356
1.97188e-009
0.00102239
8.88526e-005
0.00027189
2.61032e-007
3.50862e-005
2.49948e-006
5.5343e-006
1.77004e-005
2.62118e-005
5.38279e-005
1.24325e-006
1.91161e-006
4.10127e-005
3.83261e-009
0.000547895
0.000173221
2.19939e-006
0.000116171
5.13076e-006
0.00103612
5.20827e-005
0.000109901
3.43918e-007
1.29455e-007
0.000266525
3.09292e-005
1.99369e-005
0
5.24348e-006
1.21125e-005
6.16668e-006
4.72147e-005
0.000624343
0.000109654
2.89091e-006
2.39818e-005
6.99174e-006
5.99264e-006
0.000262157
0.000203282
2.11421e-011
2.39109e-006
0.00281813
5.7987e-006
0.00017459
0.000244129
3.48071e-006
4.3884e-005
4.00233e-005
2.0205e-006
0.000806554
7.11325e-005
6.14936e-005
8.893e-005
0.000189952
6.4986e-006
3.30213e-006
1.68064e-005
2.00772e-005
3.68647e-005
4.90014e-005
0.00229024
0.000154269
0
6.70013e-006
3.64791e-008
0.000556399
0.000150563
2.20505e-006
7.1256e-005
9.72942e-005
1.45052e-007
3.09445e-005
3.47479e-005
0.000326535
8.53483e-006
0.00020372
3.27365e-005
9.71043e-005
-8.05502e-010
4.86305e-005
1.1786e-005
0.000143281
0.000198205
0.000317138
6.15379e-008
1.5261e-007
2.72296e-005
0.00037816
1.67502e-006
9.78861e-006
0.000145922
0.000131767
4.37157e-006
0.000116423
1.72627e-005
0.00115246
6.923e-008
1.08008e-005
2.90724e-005
0.00752617
0
0.000246798
6.49747e-007
0.00496966
6.8366e-005
5.37767e-005
0
0.000650754
9.39546e-005
1.24038e-006
5.75116e-005
0.000141122
1.2811e-007
0.0025697
0.00250635
0.000124862
1.16956e-005
0
1.57173e-007
-1.02101e-009
6.09917e-005
0.000109784
8.58125e-006
0.000130678
6.08441e-006
2.40794e-013
0.00037966
7.03252e-005
8.09411e-005
0.000635937
0
0.000447142
3.74939e-006
3.72697e-007
1.32297e-005
3.83567e-007
4.34479e-005
0
0.00182488
7.15824e-005
0.00100596
0.00103362
3.99779e-005
0.000244687
0.00096946
1.14907e-005
8.76673e-006
0.00015722
0.0236322
9.49381e-005
0.000831943
1.05947e-005
0.000332324
3.57218e-005
-4.4063e-010
0.0135916
4.46568e-006
0.000242999
4.88519e-005
7.91269e-005
0.000102232
0
0.00529633
2.876e-005
0.000885118
4.59342e-007
0.00806593
7.28097e-007
5.72495e-005
4.98249e-005
8.99027e-005
0.000676376
1.26189e-009
0
5.66719e-005
8.46922e-008
0.000399219
0.000399243
3.75158e-005
6.29586e-005
6.08134e-006
2.22383e-006
0.00281021
2.54011e-006
2.10983e-006
2.84199e-005
1.13119e-005
0.00212402
8.97145e-005
3.11309e-005
0.0024399
-1.83377e-009
0.00110829
0.000135432
2.42435e-008
4.93626e-006
0.000114182
0.0035165
0
4.20124e-005
7.70916e-007
0.00103578
0.0204238
0.00090527
3.67109e-007
5.61622e-008
0.000158387
4.78828e-006
1.51226e-005
0.00042939
0.000397608
0.000493576
0
0.000113071
0
0.000633851
2.93956e-005
0
9.918e-006
1.11697e-005
0
1.6349e-009
3.27599e-005
6.08395e-006
6.88061e-006
0.000151935
8.10005e-005
0.00248915
3.26085e-007
0.000515692
9.64255e-005
0.000368387
8.80933e-005
1.82546e-006
6.28503e-006
8.06817e-007
7.1713e-005
0.00250105
1.1525e-005
0.00178833
3.04069e-006
2.39719e-007
1.57054e-005
-8.83843e-023
0.000241755
9.16152e-005
0.000190168
4.95805e-007
0.000511751
7.09908e-005
0.000204106
3.68599e-006
1.27773e-006
6.64257e-006
0.00247968
1.09457e-008
0.000144373
0.00955788
3.76107e-009
1.5951e-006
3.07405e-006
5.34205e-007
5.97644e-005
2.4681e-007
0.000127054
5.62562e-005
2.59722e-005
0.000739099
2.23382e-005
0.000196729
0.000350058
0.000218163
0.000471893
0.000203249
4.82933e-005
7.84854e-005
0.000749181
0.000360547
0.000226807
4.82274e-008
0.000116568
0
0
0.000516738
0.000106429
6.91848e-005
3.9042e-005
1.19462e-008
3.1588e-006
6.32499e-009
0
0.000246724
0
4.96701e-005
2.85773e-006
0.00562168
0.00232338
1.28708e-007
0.000312365
1.40996e-005
5.99051e-005
1.20188e-006
4.91875e-007
1.15609e-005
0.000115584
7.54948e-007
5.97331e-005
6.5823e-006
1.71687e-006
8.5427e-005
2.63607e-014
0.00017782
0.000134071
0.000241417
8.44019e-006
0.000227963
3.59048e-005
0.000110531
0
1.77348e-005
1.40694e-006
2.19179e-014
0
5.24405e-006
2.73374e-005
0.00740697
0.000518821
3.07079e-006
5.77478e-005
1.53885e-005
0.000164203
0
2.36721e-006
7.10362e-007
-1.69175e-009
3.94513e-007
8.69553e-005
0.000142669
1.53907e-006
0.000127392
1.57036e-005
2.40565e-007
6.02428e-005
3.14228e-005
0.0014535
3.77597e-007
1.14875e-005
0
2.44907e-005
6.93052e-008
6.913e-006
5.85269e-006
1.23788e-005
0
1.01095e-005
3.74914e-006
0.000380197
7.57313e-005
4.96623e-005
9.2346e-006
7.17087e-005
0.00015998
0.000440705
4.40936e-006
1.14337e-009
3.81494e-005
3.45813e-005
0.000188204
0.00158484
5.26665e-005
0.000965544
0.00153497
0.000824708
0.000132295
0.000486933
0.000419349
0.000312234
4.25026e-005
0
0.00142137
0.00158001
0.000163376
4.00034e-005
3.93216e-005
2.13048e-005
0.00203468
0.000186512
0.000456057
0.000482082
0.00698793
1.33489e-009
7.86242e-006
2.31827e-006
3.10022e-005
5.69426e-006
0.00380397
0.0044529
7.2904e-005
2.1617e-008
6.83591e-005
5.46316e-005
2.01392e-005
4.50859e-006
0.000375466
0.000900259
0.000789692
1.17769e-005
8.26879e-005
0.000363283
0.000167492
1.90848e-006
0
2.48284e-005
5.05196e-005
5.50419e-005
0.00393661
2.39811e-005
6.81623e-010
0.00126547
0.000208824
1.29523e-005
0.000403302
0.00020055
0.0024544
2.85715e-005
4.63618e-005
1.18409e-007
3.16782e-005
0.000305716
3.39897e-006
6.44128e-005
0.0378914
6.03854e-005
2.80981e-005
0.000119722
1.35301e-007
1.97428e-006
1.41198e-007
0
3.77369e-008
0.00522815
0.0137909
0
0.000417541
1.71132e-007
5.37646e-006
0.00595001
9.40158e-005
0.0245266
4.39286e-007
4.14215e-005
4.23442e-006
3.84857e-005
1.59852e-006
0.00184731
0.00119349
4.04395e-005
0.00442002
3.87258e-005
0
0.000100851
0
1.36077e-005
0
3.95354e-008
0.000926587
4.49632e-005
2.20332e-005
0.00139251
0.000304665
8.76966e-005
5.94451e-006
2.05039e-005
1.08213e-005
0.00149928
5.95629e-005
2.59605e-007
0.000376633
2.98814e-006
1.95716e-005
0.000559663
0.00177359
0.00036067
0
0
6.32413e-006
0.000371017
0
0.0038529
0.000329412
0.000465256
0.00117576
0.000127439
0.000212366
0
-4.60883e-018
0
0
3.97668e-005
1.86943e-005
0.0001085
1.05438e-005
0.000391189
3.40578e-006
6.5274e-006
1.4179e-006
9.42199e-010
3.1301e-005
6.5362e-007
5.01544e-006
0.000377038
0.00523231
5.04909e-005
8.03333e-006
5.53001e-006
1.00045e-005
1.20569e-008
0.00374445
0
4.13433e-009
0.000342737
4.13212e-005
0.00262784
0.0094156
0.00214477
0.00807464
6.88324e-006
1.89813e-006
0
2.77702e-007
0.000430355
9.16019e-005
0.000444794
0.000851984
4.83584e-006
2.88521e-005
0.00670499
8.28906e-005
1.83971e-009
0.000656434
1.71159e-006
1.34051e-008
4.22937e-007
0.00392498
0.0158471
0.000757154
7.97593e-005
0.0384652
4.71258e-005
-1.44925e-009
0.000176794
5.84809e-005
6.12408e-006
6.56654e-005
0.000625167
4.94836e-006
0.000859011
0.000608336
0.000359816
8.8946e-005
0.00473058
0.00175958
2.28175e-006
0.00106989
0.00011641
8.29102e-005
1.54986e-010
1.2724e-006
0.000358791
7.31752e-006
0.000147797
1.57402e-009
0.000372768
0
0
0.000114906
0.000436241
0.000462601
0
2.44209e-005
8.43093e-005
5.50567e-006
5.29018e-005
1.63661e-009
2.63622e-014
0.000439606
3.74266e-005
0.000205982
0
0.000663133
3.59779e-008
6.62993e-007
0.00015255
0
4.14259e-007
5.99482e-006
7.50648e-005
7.79536e-006
2.83794e-006
4.68574e-005
0.000121331
3.19513e-005
0
0.0164664
0.010947
1.9568e-005
1.57375e-007
0
0.0067131
0.00018079
1.38423e-006
0.000360184
0.00132779
1.55822e-005
0.000582978
1.34616e-011
4.19806e-005
9.95168e-005
5.20234e-006
2.28201e-005
7.225e-005
0.000251628
0.00324586
7.29025e-005
1.16517e-005
0.000375304
3.05019e-006
1.54354e-005
0.000399288
2.21759e-005
2.32922e-005
9.01943e-006
0
1.34388e-005
0.000325689
2.48117e-005
5.1211e-007
3.70096e-007
1.44675e-006
3.43411e-006
0.00270475
0
7.99151e-005
0.00210543
8.4577e-006
7.7798e-005
0.00293857
0
-2.72197e-009
3.22442e-005
7.09271e-010
5.15297e-008
2.40615e-005
0.000519487
0.000128234
0.0010822
0
0.00474696
0.00216522
4.69912e-005
0.000432393
0.000575533
6.80558e-007
0.00504145
0.00029224
6.63476e-005
0.000265274
0
0.000184197
8.09423e-005
0
2.37625e-005
0.000180577
0.000117914
5.00855e-007
6.15463e-005
0.000374689
0.000511434
3.58316e-005
4.79822e-006
0.00183485
2.2168e-007
0.000892133
1.50448e-006
8.59291e-007
3.70591e-005
0
0.000361865
0.00144975
0.00277021
1.30578e-006
0.00034722
1.43384e-005
0.000103466
6.18575e-005
0.000139591
5.76473e-008
0.00170689
6.34957e-005
3.67651e-006
9.2634e-006
4.83149e-007
2.74048e-005
2.39899e-005
2.0292e-009
1.06636e-007
5.56586e-008
4.3392e-006
3.3673e-006
0.00075851
0.000267889
1.70557e-005
1.97672e-008
9.42505e-007
0
1.91615e-008
1.1048e-006
2.56217e-005
0.00517146
0.00033134
5.34631e-005
0
7.1233e-016
1.43346e-009
0.00135097
0.00408121
2.30764e-006
2.80515e-005
0.000107083
0.00462695
0.000120163
0.000654322
6.41571e-005
2.73471e-005
3.78668e-005
0
0.000794541
1.44603e-006
8.41798e-007
1.32078e-006
0.000465982
0.000216013
0.00070533
1.23592e-007
0
1.96191e-005
8.59881e-005
2.13779e-006
0
9.84914e-006
0.000331277
9.18163e-007
6.6383e-006
1.63465e-005
7.99925e-007
0.001421
8.96056e-005
0.000530588
0.000268593
0.00018373
0
5.87414e-006
2.74188e-006
5.7399e-005
0
5.72493e-005
3.27416e-008
1.14059e-007
0.0036628
1.39164e-005
2.86423e-006
1.55544e-009
0.000101795
1.58066e-005
4.25033e-005
-4.13451e-015
0.000161147
0.000771891
4.96229e-007
0.00185974
0
0.000293585
0
0.000347953
1.06646e-005
0.000209269
0.0161673
0.000163645
1.78666e-005
7.72839e-008
0.000122365
0.00122873
3.29505e-006
0.000126664
0.000466637
1.74426e-007
0.000166141
1.284e-005
8.28243e-006
5.89058e-006
0.00018535
3.56429e-005
2.95684e-005
1.32018e-005
5.12639e-005
0.000141932
5.15936e-005
0.0114586
0.000504796
0.000120465
4.15454e-006
9.77559e-008
7.48256e-005
0.000908322
0.000188901
0.0116722
0.00148381
0.000300409
0.000228348
4.64893e-005
2.08048e-006
1.31131e-005
2.97454e-005
0.000193779
7.1118e-006
7.2202e-005
6.94371e-008
0.000135021
2.99311e-007
2.14385e-007
0.00118543
0.00118945
0.00281682
3.32408e-005
2.26678e-005
4.5552e-005
3.9318e-005
0.00116354
5.10541e-005
1.86218e-005
0.000380886
1.05366e-007
0
0.000407774
0.000219729
4.68789e-005
9.4977e-016
0
2.57046e-005
0.00827371
0.00229043
0
2.87744e-005
0
3.49368e-006
0.00149278
5.79913e-006
0.0122462
0.000119022
2.30099e-007
1.26867e-005
4.63882e-005
8.36124e-005
0.000292514
0.000439554
8.68598e-007
0
5.15497e-005
9.40542e-005
4.83166e-006
0.000185144
0.000148015
7.09401e-006
3.81272e-005
2.23179e-009
6.32597e-008
0.000386363
8.97468e-005
0.0007755
2.96478e-007
4.94163e-006
4.01486e-006
2.5292e-006
0.0245652
0.000975663
6.3351e-005
3.60298e-005
0.00839518
0.00312977
1.51905e-005
0.0117944
0
5.41634e-005
8.48554e-007
1.73678e-005
0.000775509
3.11519e-006
6.26162e-007
0
9.6844e-005
4.28871e-008
9.79737e-005
1.27953e-006
4.01953e-005
0.000102794
0.00135436
1.41273e-005
-9.5505e-010
8.45744e-005
0.000109727
2.43587e-006
4.92513e-006
1.70861e-005
0.00265925
0.000911061
3.73643e-005
0
0.000100057
3.51499e-005
0.000143977
0.000390789
0.00912185
0.00730369
1.64306e-006
1.40471e-007
0.000228026
4.96724e-006
0.00139355
7.14696e-005
0.00275789
3.13321e-006
4.7076e-006
1.26653e-005
2.94033e-005
0
4.38561e-005
0.0079228
0.0139338
3.64692e-005
6.75588e-005
3.34201e-011
0.000286661
3.47151e-006
0
1.88507e-005
0.000220875
0.000373206
0.000288983
1.8483e-005
0.00170408
5.05804e-006
0.0329444
5.66902e-006
1.08718e-005
4.78956e-008
1.11526e-006
9.80796e-006
3.22593e-005
1.18644e-005
0.0010405
0.000602335
5.9991e-006
2.41812e-007
0.00024739
2.26176e-008
0.000884353
0.000897916
0.00014746
8.1645e-005
2.50304e-005
2.67549e-005
5.02284e-005
0.00010654
0
0.000204687
0.000261425
5.62906e-005
2.09841e-007
0.00258903
0.000291805
0.000279914
8.55217e-008
2.03742e-005
2.72188e-007
0.000277282
1.0143e-005
7.51894e-006
0.0135172
0.00560862
2.16454e-007
2.64892e-006
0.000234974
3.98081e-005
0.000183133
0.00217118
0.000263289
0.000149486
0.000412786
0
0.000113522
2.45575e-005
2.22277e-007
0
2.1974e-005
0.000271163
0.000647029
0.000124031
0
4.2698e-005
0.000146655
2.59657e-007
8.27438e-005
8.17712e-005
0.00011142
6.32043e-009
0.000970737
0
0.00511672
3.43086e-005
0.000878442
0
0
-1.93012e-009
0.000457314
1.06222e-007
5.87455e-006
0
9.32552e-005
0.00302224
0.00392201
9.2441e-005
0.000168522
9.69273e-005
0.000129694
0
0
2.63819e-005
2.76827e-005
2.671e-007
7.36268e-006
0.000817044
0
0.000158855
5.90564e-005
0.00167161
0.00075046
0.00141882
5.16764e-006
0.00409277
0.0263405
0.00947718
8.74766e-005
2.0576e-009
2.42637e-005
0.000351704
9.30286e-005
0.000183264
4.70419e-007
-2.4134e-009
1.17037e-005
1.71423e-005
2.46377e-005
4.4707e-006
1.64278e-005
0.000100585
5.04856e-005
0.000317995
0.000180529
0
6.18482e-005
1.06178e-005
4.28258e-005
2.87368e-005
7.14599e-005
3.60097e-006
8.73223e-008
0.00154004
0
0
0.000212945
0.000356265
0.000257394
4.42249e-006
7.30974e-005
5.43919e-005
6.73245e-005
0.00315053
0
4.34622e-005
5.03056e-005
7.12958e-007
5.09714e-012
6.13796e-006
1.45663e-011
3.71453e-005
1.45318e-005
0.000337982
7.67352e-007
8.4993e-006
2.22063e-006
1.06976e-005
4.84031e-005
0.00417992
0.000188607
0
0.00269791
6.14441e-005
2.80278e-005
1.64693e-006
8.92168e-005
5.98811e-007
0.00584136
1.62539e-005
0.000644884
0.000492828
1.88403e-005
1.72748e-005
8.34112e-006
2.8054e-005
9.30653e-005
0.00103099
1.05611e-005
0.000378443
0.000156662
3.28975e-005
2.09655e-005
0.000105192
0.00173551
0
0
6.96879e-006
0.000304023
2.40876e-013
8.86249e-009
0
0.00239616
6.29776e-006
6.92256e-005
7.33215e-006
0
5.39448e-010
0.000469564
6.01467e-009
0
9.05045e-012
1.97762e-005
0.000193447
5.11013e-005
2.94913e-006
8.30019e-005
0
0.000272784
2.07425e-006
0.000603254
0.000793728
5.50255e-005
1.50301e-005
9.87693e-005
4.73426e-006
1.16335e-005
2.36406e-005
0.000722076
0.0030779
3.09815e-005
0.00280479
1.45166e-005
8.22779e-005
0.000546588
0.00234618
3.11986e-005
5.32153e-005
0
0.000453253
0.000129039
0
-2.78201e-012
9.29849e-005
0.000415291
3.5967e-008
1.86964e-005
7.095e-006
2.11739e-005
0.000442419
0
0.000518845
2.49354e-005
-1.43216e-009
0.00107275
1.93196e-005
0.000114919
1.06794e-006
0.00121212
2.35594e-005
0.000151834
0.000796313
2.34327e-005
2.36619e-007
7.29893e-005
0
3.62287e-006
5.88644e-005
0.000130911
6.97394e-007
5.11658e-005
2.84538e-005
9.75297e-006
7.04402e-005
0.000268814
0.00595236
0.0059257
0.00138507
5.42925e-005
0
4.78566e-005
1.0384e-005
0
7.86625e-007
3.31988e-005
5.62803e-008
3.49704e-005
0.000149134
0.00849078
-2.31034e-009
0
2.0192e-007
0.000354608
6.31566e-006
9.93892e-006
0.000154439
0
2.29484e-005
0
0.000419517
0.00269891
1.28915e-005
0.000903891
0.000138545
0.000735166
0.000206171
2.0377e-005
3.52371e-005
0.000140565
0.00278828
3.095e-005
1.86616e-005
0.000142491
0.00192285
0.000168587
0
0
2.88697e-005
2.67223e-008
0.000114698
0.000175301
0.00020672
0.000316872
8.94908e-006
7.74509e-005
1.69365e-005
1.84777e-006
5.60231e-006
3.85992e-005
1.22168e-005
2.24867e-005
3.16164e-005
1.29879e-005
1.54376e-006
0.00651592
4.01002e-008
1.64705e-005
4.39558e-005
0.00127861
0.000294791
0.000188274
6.21363e-005
0.0181199
0
0.00022492
1.12675e-006
5.26131e-007
0.000669848
0.000166595
6.08694e-005
1.12824e-005
0
1.05962e-005
4.91867e-006
0.000473436
0.000301306
1.33721e-005
0.000148459
4.96868e-005
0.00258722
3.18544e-006
4.14723e-005
0
4.58969e-006
4.91626e-006
5.477e-006
0.00167785
1.75206e-005
5.71417e-005
5.66795e-008
0.000769181
6.42601e-005
2.6882e-005
7.03861e-005
0.000352833
0.000463664
2.84158e-005
7.38781e-006
7.26358e-005
6.57918e-005
2.1711e-005
0.00725605
3.14233e-005
1.03467e-008
2.32045e-006
1.88595e-005
3.15281e-005
1.71164e-005
0.0147786
0.00123611
2.65858e-005
0.00192393
0.000523039
4.71098e-005
5.5176e-007
0.00335185
0
0.00337473
1.49824e-006
3.58301e-005
0
0.000851712
0.000110775
3.99801e-009
2.98774e-007
0.0050538
0
3.78379e-005
1.48836e-005
0
3.28595e-007
2.81321e-005
0.000190893
0.000230893
0.000485102
1.06072e-006
4.34858e-005
0.000144064
3.9034e-005
1.45691e-005
0.000148385
0.00110651
8.64426e-007
2.58028e-005
1.12869e-005
4.0055e-005
0.00692741
7.12125e-005
3.56323e-006
7.05195e-005
0.000560221
-3.3535e-009
3.89537e-009
0.000157248
3.19325e-005
1.1976e-005
0.000282093
0
4.17789e-006
0.000974453
6.73289e-005
1.99864e-006
0
1.03546e-005
0.000214686
0.000155184
0
0.0148722
0.0119239
7.95359e-007
0
2.55066e-012
0.000864778
0.000143537
1.99376e-005
0.00469688
0
6.50032e-006
1.46531e-008
6.60615e-005
1.5594e-005
1.66786e-005
0.00020092
4.3962e-005
0.000110097
0
0.00491286
0.000125628
3.13112e-007
0.000163635
2.11841e-006
7.23869e-005
2.26187e-006
9.97174e-006
2.67598e-007
0.000711631
4.40896e-007
5.25603e-013
0
5.32724e-007
4.40915e-005
0.000248955
3.63565e-005
6.87959e-005
5.8863e-005
4.03504e-005
0.00026211
0.00118003
1.28689e-007
1.51229e-005
0.000585248
0.0309285
5.99975e-006
0.0258532
0
0.000108304
2.59183e-005
5.15783e-005
0.000162623
2.87407e-008
1.48425e-005
7.3396e-006
2.65894e-006
0
2.70872e-007
8.30598e-008
2.52214e-005
5.84405e-007
0.00172987
6.0146e-007
1.35542e-005
4.06362e-005
1.86643e-005
0.000210296
0
4.6988e-009
1.66053e-005
0.000173387
2.95885e-005
0
1.42666e-009
0.000118889
0.000294381
0.000147573
8.27867e-006
5.81895e-007
0.00114952
0
3.6813e-007
8.92186e-005
9.69336e-006
0.000184617
0.000238539
0.000181539
7.09319e-007
0
0
0
3.12971e-005
0.000123871
1.19819e-007
0.0184439
7.09273e-007
5.96251e-005
9.88923e-007
5.47265e-006
0
0.000347539
3.52799e-005
7.40388e-008
1.48858e-005
0.000186595
0.000110537
1.59387e-005
1.87345e-008
1.15938e-006
1.59612e-005
2.04652e-005
0.00026849
8.59178e-005
8.37008e-007
6.75702e-009
9.70594e-005
0.00318353
0.000361632
6.47164e-005
5.2329e-013
0.000659734
8.67912e-005
0.000144874
0.000144259
0.000507028
0.000546603
4.45295e-005
1.40168e-009
0
0
1.62548e-007
4.4945e-005
4.42519e-005
4.39748e-005
8.47078e-005
9.36806e-007
0.0197759
0.0186086
1.03175e-005
0.000101634
1.13429e-005
0.000807564
0.00102433
4.823e-005
8.33611e-006
5.65489e-005
-1.19662e-009
1.16632e-006
0.000922235
0.000399535
0
0.00216987
2.08498e-005
0
0
1.68311e-005
0
0.0044152
2.32359e-006
3.14218e-006
0
0.04366
0.000122666
1.38804e-006
0.000124452
6.39558e-005
3.00855e-005
3.15169e-006
2.22969e-005
1.72426e-008
0.000205954
0
2.23352e-005
2.30665e-006
0.000335338
8.17672e-007
0
0.000231026
3.92228e-006
3.00802e-005
7.19635e-007
7.77838e-005
0.027938
0
0.000113438
6.37849e-005
0.000789063
7.09607e-007
3.804e-008
0
0
1.31364e-007
0.000450607
7.49863e-005
6.95612e-006
0.000594911
0.000205703
1.70895e-005
0.00181955
0.000158217
7.10646e-007
2.10171e-005
5.76106e-005
0.000237044
0.000234209
0.00122244
4.83484e-005
0.000147745
0
0.000330014
8.51938e-005
1.07746e-005
0.00394275
3.9308e-006
6.39087e-006
0
7.62059e-005
4.54187e-005
3.58766e-006
2.53198e-005
5.02895e-005
-9.81414e-010
9.36798e-007
3.30183e-008
5.96873e-013
8.50195e-006
2.15557e-005
2.51476e-005
7.75312e-005
0.000139501
2.1621e-005
3.50986e-007
0
0.000133273
2.83943e-005
0
3.62967e-007
0.00335898
0.000177138
6.63396e-011
0
0.000133404
0.00566076
1.78411e-005
0.000138374
0.000105722
0.000165437
9.8867e-006
1.13425e-005
3.50797e-005
3.6172e-012
0
0.000973408
1.41602e-009
0.00027759
6.35783e-007
0.00209981
6.85759e-005
2.90334e-006
0.00037312
3.42254e-006
1.63783e-005
9.25154e-010
2.52126e-006
0.00073595
0.0010286
0.000166405
1.29236e-005
0
0.00281459
0
0.000862868
1.47344e-006
0.0148462
0.000333754
3.60946e-007
6.84012e-006
0.00255973
9.43024e-006
1.46853e-005
0.0142501
0.00080751
8.55042e-006
9.47032e-006
1.72992e-006
8.28266e-008
0.00590226
0.000102107
0.00602665
0
6.18753e-006
0
6.40191e-005
0
0
3.75658e-005
0.000124042
0.000118411
9.03883e-008
3.07231e-005
0
8.70553e-005
9.64805e-005
0
3.25061e-008
0.0102864
0
5.10115e-005
0.000387501
0.000115025
0.000365348
0
1.74202e-006
0.000107763
0.000216483
0
0
0
6.99082e-006
2.28485e-008
0.000176466
0.00130466
1.91122e-005
7.19718e-006
-3.0838e-011
6.00177e-005
0
3.29987e-005
3.24412e-005
0.000106066
2.68172e-005
0
0.000447952
0.000259044
0
1.32734e-007
0
0.0129916
2.22125e-006
0.000945112
0.0007403
3.75577e-008
5.05521e-006
1.07162e-005
0.00620665
4.74376e-008
1.77525e-007
1.57546e-005
4.38343e-005
8.36003e-006
0.00370677
2.38675e-005
0
0.00319406
0.00158312
0
0.00307219
5.9892e-005
0.000163581
2.12893e-007
0.000239389
0
0.000222433
5.20985e-005
0.00144123
4.38367e-006
0.000321739
8.08427e-005
0
1.17334e-005
3.49357e-006
0.000219614
1.01686e-005
9.28508e-006
2.17243e-005
0.000198591
1.38089e-006
4.44071e-005
5.52482e-006
7.71221e-006
0.000591062
0.00136351
4.65999e-011
0.00408497
0.0137639
0.000362452
0
7.11492e-007
2.48691e-009
1.14569e-005
7.3819e-007
3.8835e-006
7.54568e-005
0.000182133
0.00166385
0.000382439
0.000170453
0.000459961
0.00294126
6.72786e-005
0
8.78742e-006
0.00719997
2.22641e-006
1.48035e-005
6.30082e-005
0.00045392
0
0
2.6583e-006
1.92561e-007
3.04524e-006
0.000248656
2.23352e-008
0.000285032
0
0.0141775
2.71678e-006
2.6427e-005
1.32698e-005
1.54119e-006
0.00251484
5.62862e-006
8.34695e-008
3.43837e-006
9.26878e-005
0.00117843
0.000207791
0
1.06391e-007
0.0075889
2.38551e-006
0.0344001
0.000636526
0.0121495
0.000377203
0.000265582
4.0871e-005
0.000877004
0.000597381
3.35302e-006
0
2.78599e-005
0.000332225
9.81644e-005
1.21172e-006
0.000164932
0.000145099
8.02609e-006
0.00028212
0
0.000276248
0.000498073
0
7.7496e-005
5.5575e-007
1.41261e-005
0.00058933
8.41032e-006
5.22725e-005
0.000157232
7.10309e-005
0
0
2.10392e-006
2.47943e-006
2.84886e-005
0.000497496
2.79216e-005
4.97383e-006
0
2.3705e-008
0
0.000344029
8.63328e-006
0.00220794
8.43864e-011
0.00155054
1.68748e-007
1.24325e-006
2.29092e-007
0.000287111
4.0151e-005
1.22089e-006
5.77535e-008
0
3.86375e-006
0.000191086
1.65206e-007
4.1281e-006
-1.74081e-009
0.000166799
1.16414e-007
2.64782e-006
1.87827e-005
7.19386e-007
0.000748845
5.38054e-005
1.65593e-005
7.56755e-005
1.6546e-009
0.00267765
2.83253e-007
0.000472587
2.28508e-005
0.000379054
0.00377646
1.18294e-005
6.4345e-010
0
9.67242e-005
0.000111574
3.20649e-006
0.000574908
0.000280949
0.000111078
6.09592e-005
1.42944e-005
4.41904e-005
0.000438573
2.72531e-005
2.09144e-005
1.25619e-007
0.000826348
8.48895e-005
0.000189034
3.97412e-005
2.08335e-006
1.47608e-006
2.14945e-006
1.76652e-005
2.4169e-005
0.00116807
0.00109371
1.22059e-005
1.04242e-006
2.77624e-006
0.000629703
0.000187368
8.2363e-006
0.000210753
1.35422e-007
0
0.00065461
0.000240864
4.13353e-005
-4.91545e-010
0
0.0012862
0.000123299
4.30862e-005
0.000229051
0.000471152
0.000448008
0.000554071
1.21636e-005
2.31609e-006
0.000182848
5.65004e-005
0
0.000527324
0.000480047
3.78307e-006
1.04647e-005
0.000238158
2.19661e-009
8.08312e-005
2.06219e-005
0.00107297
5.61518e-007
2.59624e-007
1.15758e-008
2.98396e-006
0.000122893
5.6199e-006
0.0043702
2.68755e-006
1.83326e-007
0.000716187
0.000295238
0
0.000611606
1.9576e-006
0.000101616
0.000346917
0.000200611
0.00020328
3.0512e-005
0.00073942
0.000193506
3.00695e-005
9.04588e-006
3.04042e-006
1.61238e-005
1.41477e-005
0.000333432
0.0194889
0.00992195
0
5.76089e-006
0.00242216
0.002377
1.73728e-006
3.94159e-005
8.1676e-006
0.00015911
6.54301e-005
8.81603e-006
7.56115e-005
1.71814e-005
1.36104e-007
0.000117434
5.67697e-005
0.000985743
0.0016895
5.63878e-006
0
1.59182e-006
6.29e-005
1.33123e-005
0
4.43039e-007
0.000123578
0.000525073
0
0
0.000522536
0
0.0014512
2.59542e-005
0.000125982
0
0.000166187
0.00151228
0.00335906
1.00055e-005
0.000142652
8.73663e-009
1.79439e-005
1.81579e-005
0
4.48651e-005
0.000255208
0.000355066
0.00134245
0
0.000189371
2.58908e-005
4.84689e-005
3.01793e-009
0
0.000467173
5.27925e-005
-2.46522e-009
8.72222e-005
2.73919e-006
0.0050669
0.00747589
8.25628e-006
2.88209e-009
6.61381e-008
4.5979e-005
0
0.000107017
8.10525e-005
0.00177166
0.000538125
0
0.000392903
6.65444e-005
6.24822e-011
0.00061471
1.00237e-005
2.00628e-005
0.000137506
8.23425e-005
8.71247e-006
2.51494e-006
3.17794e-006
4.39993e-005
4.7474e-005
1.37997e-005
0.00122118
2.28151e-005
2.64223e-010
2.93002e-006
9.96002e-007
8.61259e-006
0.00108025
0.00131062
0.000464011
4.29436e-008
0.018563
2.85114e-005
0.00456431
2.55659e-006
9.85189e-006
0.000263402
6.38227e-007
3.27632e-006
1.72166e-005
1.88228e-006
8.33171e-005
0.000242763
0
9.2245e-006
6.79346e-005
1.40471e-005
0.000507916
2.36268e-005
0.00118935
0.000814558
1.36561e-008
0.00340569
1.49751e-005
2.3658e-005
0.000779111
3.54672e-006
5.82866e-005
7.91693e-005
0
0.000207955
1.2829e-006
2.23366e-005
5.19051e-005
1.65291e-005
4.61305e-007
2.0816e-005
2.25777e-005
0.000456364
6.50828e-005
0
5.88582e-007
0.000134801
0.00286911
0
0.00196305
0
2.15206e-005
0.0122151
8.47537e-006
6.52117e-007
0
7.59538e-005
0.0008922
0.000173351
1.43409e-005
0.000495846
2.91263e-006
1.19826e-007
0.00422958
0.00566815
1.23492e-005
1.44209e-006
0.000378109
0.00084903
0.0169653
0.0157086
9.11754e-006
0.000242104
0
0.000129354
7.38264e-006
0
3.76922e-005
7.68467e-005
4.11049e-005
1.46055e-005
4.46918e-011
6.98831e-007
0
0.000139765
0.00083947
0.000530834
0.000158318
5.06223e-006
2.41787e-005
0
8.18912e-007
1.94885e-006
0.00142051
3.03537e-005
2.26023e-005
5.73713e-006
0.00014049
1.62978e-005
1.56634e-007
0.000322406
0.00495668
1.39922e-006
0.000275305
0.00725566
0.000175566
3.11476e-005
0.00433889
1.41905e-005
6.95765e-005
4.63452e-005
4.38567e-006
0
0.00157872
3.94772e-008
5.44929e-006
0.00439122
0.0197844
5.5746e-005
8.62785e-007
6.98387e-006
5.49761e-007
1.28137e-006
0.000600055
0.000711109
1.07991e-006
1.62491e-006
1.00192e-005
7.61184e-005
1.65263e-005
0
3.20822e-005
8.26563e-006
0.00222492
9.20039e-008
7.11949e-005
1.08916e-005
1.05317e-006
4.39302e-006
0
6.01389e-006
1.15253e-005
0.000319917
1.1813e-006
0
0.00013734
1.25983e-005
9.44043e-007
6.44988e-005
0.000240947
1.96393e-007
0.00150917
4.21419e-005
0.00176061
0
7.99896e-006
1.06798e-005
0.0127113
0.00426136
1.76638e-005
8.34135e-008
6.28554e-005
0.00154197
1.09777e-006
0.000277335
0.000187556
0.000215943
0
1.8073e-008
7.82104e-006
0.000357352
1.74414e-005
2.53867e-005
4.35079e-005
0.000296163
0.00900707
0.000394914
1.25247e-006
7.20888e-005
0.000921904
0.000183292
7.51435e-005
0.000130966
0.0018283
8.98018e-007
2.30132e-005
0.0027367
3.16158e-005
0.00399658
3.72376e-006
0.000780515
0.000157886
0.000127073
4.56025e-014
1.0074e-006
1.14306e-005
0.000763604
0
1.45965e-006
4.55982e-014
0.000172473
1.80753e-005
4.55378e-005
0.00039646
0.000108471
2.33495e-006
3.16789e-005
0.00120284
0.00125135
1.351e-006
1.82579e-005
8.25452e-006
2.52283e-005
1.06247e-008
1.89744e-006
0.000870631
0.000118223
1.26693e-005
6.20729e-005
4.31755e-006
0.00252926
0.0016573
7.68488e-006
6.08127e-006
8.9824e-005
0.000238507
9.20619e-006
2.03699e-007
0.000680948
2.32884e-005
0
0.000277211
6.3207e-006
0
1.55536e-005
0
1.66234e-008
0.00364741
0.000317378
0.000265396
0.000210385
6.89108e-009
9.14901e-007
0
6.57748e-005
0.00224845
9.08258e-008
1.36165e-005
0
0.00084619
-1.5208e-009
8.47155e-007
4.7044e-005
1.07007e-008
0.000103458
7.32168e-006
3.86063e-005
1.14061e-005
6.99591e-005
0.00235601
8.95145e-006
4.5483e-005
0.000224433
0.000186937
1.09098e-005
1.3211e-005
0.000467911
0.000960221
5.5504e-006
0.00283011
0.000178815
3.07108e-007
0
0.00136993
0.000882712
4.40696e-007
5.43068e-007
0.000205603
3.70511e-005
0
0.00308726
2.20901e-005
0.00197102
3.26251e-007
4.84048e-005
1.49701e-007
0
5.45913e-005
6.84663e-005
0
0.000522674
0
1.00929e-005
8.07086e-007
0.000927473
2.62464e-006
7.80853e-006
0.000664639
0.00103638
2.58215e-007
0.000570232
0.0005511
4.69196e-005
0.00120287
1.57233e-006
0.00244292
5.30148e-006
5.05149e-006
9.76264e-005
1.00612e-005
0
1.30237e-006
0.000404968
1.38867e-005
0.000287202
5.99609e-012
0.0132593
4.63524e-005
7.08725e-005
8.4594e-006
1.70943e-007
7.77533e-005
0.000609098
0
3.38721e-008
1.00863e-005
0.000340485
0.0112502
0.0263004
0.000180962
2.26303e-006
0.00350068
0.00282962
0
1.789e-006
2.78922e-006
0.000727284
1.44972e-006
4.11528e-005
3.24444e-005
0.000287982
1.54731e-006
1.0248e-005
1.81911e-008
0.000275918
6.06232e-007
7.59569e-006
0.000458946
0.000401182
0.00023515
1.59686e-005
1.90069e-007
5.58073e-007
0.000204218
0.000433652
0.000152719
0.00010094
1.4002e-005
4.332e-005
8.22593e-006
0.000108157
4.59146e-007
1.06391e-007
2.60656e-005
0.0300475
0.00336223
0.001352
8.43495e-006
0.00110215
2.69431e-005
0.000899574
1.48644e-005
3.62696e-005
3.08971e-005
0.00160598
0.000583282
0.000221397
7.19713e-009
0.000320364
0.000106996
0
6.11892e-005
0.000564137
0.000100317
6.21126e-005
0
4.63399e-006
4.76835e-005
4.33198e-006
5.4844e-005
4.42856e-006
1.18997e-006
3.2504e-005
3.92935e-005
1.14601e-005
1.62509e-006
3.18314e-007
0
0.000580543
0.000654779
0
3.55088e-005
1.52002e-007
1.08204e-005
4.07236e-005
0.000198513
1.14086e-006
8.6304e-005
0
2.20848e-005
4.50961e-005
1.43073e-005
2.96813e-006
3.23877e-006
0
7.72383e-005
6.84185e-005
5.27602e-006
0.000322213
0.000741141
8.06336e-007
0.00393328
1.33126e-009
8.82527e-007
2.45366e-005
6.62287e-007
-2.12247e-009
6.96639e-007
0.000162295
0.00137681
5.12928e-006
3.44949e-006
2.80308e-007
0.000138963
0.00232151
0.000128827
0.00262811
5.68033e-006
8.37266e-005
1.63355e-009
2.62467e-009
0
0.00219016
0.00388419
0.0154182
0.0101008
0.000776575
9.22138e-006
1.61128e-007
2.18426e-006
0.00473244
5.2474e-005
0
4.48595e-006
5.9145e-006
8.75059e-005
0.00212765
1.5418e-009
0.000405813
9.86014e-006
1.88346e-005
0.000759068
0.000150707
0.000140089
9.79138e-005
0.000470321
1.47024e-006
1.17102e-005
0
1.72766e-006
3.71811e-005
0.00183641
1.03169e-005
0.000208531
4.44739e-005
7.203e-006
9.12546e-006
0.000185622
0.000434573
1.6434e-006
0.00503006
0.000183905
3.12373e-005
2.05912e-005
3.05616e-005
0
0.00480406
-1.20759e-014
0.00437705
2.5557e-005
0.00212829
1.14356e-005
0.000416243
0
0
0
0
0.00149684
0
5.97084e-008
0.000570012
1.12662e-005
0.000119029
4.43187e-007
-2.73483e-009
7.13854e-006
0.000118532
0.000280492
1.76807e-006
4.61972e-005
4.45171e-005
9.06313e-006
0
0.00871367
8.46406e-005
0.00176837
0.00171891
2.61704e-005
2.07441e-013
7.56313e-005
0.000104956
1.41955e-007
0.0258234
5.86184e-005
2.5944e-006
5.85526e-009
6.55618e-006
3.8928e-008
4.843e-006
1.12579e-005
3.39075e-008
0.000173057
7.7299e-007
0.000429867
0.00200381
4.89164e-007
2.41573e-006
7.96103e-008
1.20814e-005
0.00118668
3.62053e-009
1.43943e-006
1.12274e-007
3.98004e-006
3.98161e-005
2.77947e-006
0.000204398
5.08261e-005
5.52437e-007
1.12492e-006
2.13511e-005
0
5.64576e-015
5.85312e-005
9.99631e-006
0.00129608
8.15302e-007
7.27497e-005
4.98613e-006
1.12353e-008
1.80627e-005
2.4189e-007
7.37304e-005
0.000256432
0.00761314
1.80732e-008
0
4.56154e-006
3.81761e-006
0.000208741
0
1.4222e-005
0
1.33189e-005
9.34704e-006
5.00435e-005
8.7403e-006
0.013693
0
0.000150508
0
0.000524946
7.80093e-005
0.000211365
0.0018371
8.63365e-006
6.53412e-005
2.34706e-006
4.34875e-005
2.28356e-005
0.00114178
4.33216e-005
0.00740564
9.57195e-005
7.93035e-006
0.000276944
7.93358e-007
1.74348e-006
3.3476e-005
0.000650737
4.69878e-005
5.43613e-005
7.82008e-006
0.00374032
1.29422e-005
8.25256e-007
5.65861e-006
1.371e-007
0
0
0.000372765
4.94339e-007
8.41621e-005
9.02459e-005
0.00360882
0.000176231
0.000859144
5.51346e-010
1.42356e-007
1.35721e-005
0
0.000328858
1.2921e-009
3.1191e-005
2.08142e-005
1.28797e-005
9.03562e-006
0
0.000368758
0.00023588
0.000888991
0.00197215
0.00250159
1.02709e-007
6.15276e-007
1.90549e-005
2.14444e-005
1.66144e-005
0.000152664
3.52683e-006
7.32567e-009
0
5.35758e-005
0.00236413
4.45655e-008
2.97178e-005
2.37377e-005
1.45574e-005
0.00120825
0.000335113
1.92392e-005
3.06918e-008
4.9016e-006
0
0.00345554
6.40626e-005
0.000141558
5.10094e-005
0.000238349
2.67838e-006
0.00209907
2.11685e-007
3.1703e-006
1.19343e-005
3.96652e-008
0.000638964
0.00272129
-1.19709e-009
0.00164967
0.000106285
1.85018e-008
-2.25832e-009
6.1171e-005
9.34333e-005
4.93089e-006
3.37734e-005
1.15308e-005
5.12957e-005
7.35342e-005
3.11601e-005
1.72659e-007
3.34394e-005
0.00192045
2.31435e-005
2.31127e-005
0.00676886
9.64229e-005
1.74515e-006
2.22168e-006
2.06685e-008
8.43316e-006
1.74581e-005
7.33694e-006
0.000211005
4.74316e-006
0.00035007
3.64145e-006
0.000389855
0.000764988
4.91323e-005
5.71523e-005
8.5954e-006
4.71824e-005
0.00100442
0.000913116
0
0
2.07263e-005
3.05888e-005
1.57405e-005
0.000220913
5.01233e-005
4.2821e-007
3.54381e-006
2.25847e-010
1.45992e-005
0.00121684
0.0017748
0.00285224
7.47167e-007
1.851e-005
0.00738861
1.71221e-005
1.36765e-007
8.46174e-006
0
1.82895e-005
6.23157e-006
1.94435e-006
3.45578e-006
1.44019e-007
0.00231248
3.00715e-006
5.91788e-005
1.01482e-008
2.20413e-005
2.01384e-006
0.000322583
0.01472
1.73483e-006
1.64396e-005
0.000269859
3.0102e-006
0
8.12015e-005
7.9785e-007
0.000512843
0.000917623
0.000410266
1.07914e-005
5.6387e-006
0
0
0.00102459
0.000942866
4.88932e-006
7.02442e-008
7.04755e-005
0.00523569
0
1.8951e-005
1.04845e-005
2.22258e-005
0
0.000271839
0.000216727
0.00821051
0.00271722
7.28784e-005
0
2.07284e-006
1.50983e-006
0.00234069
0.00033336
2.14971e-006
0.00907564
0.000155404
0.000165076
0.035948
0
0.00198778
2.45287e-006
2.67633e-005
2.25106e-005
0
0.000674287
0
0.00979811
4.36563e-006
0.000112158
0.000174524
5.72729e-008
1.0079e-011
3.2027e-005
0
0.000588603
0.000137325
1.27277e-008
3.76366e-006
0.000100851
9.37558e-006
0.000163036
5.43802e-005
0.00404659
4.82576e-005
1.37451e-007
7.57129e-006
8.38454e-005
1.93027e-007
6.59404e-006
2.76229e-005
0
0.000587506
3.81731e-006
5.79159e-009
2.15422e-006
0.000256232
-1.19016e-009
6.65019e-007
3.19527e-005
2.06807e-006
6.97641e-006
7.27765e-007
1.8744e-006
0.00154306
5.63647e-005
4.544e-005
0.00182273
0.0159296
4.21315e-006
0.00271796
1.15261e-005
1.64578e-006
0.000446335
0
6.26317e-005
2.57997e-005
1.00588e-005
2.95051e-005
2.60702e-008
9.29441e-005
1.05237e-005
0.000161567
0.000590899
1.81455e-006
0.00205655
5.93971e-006
9.81869e-008
8.37837e-005
0
3.00838e-005
0.00015795
3.80817e-006
0.000524901
2.73573e-005
7.04978e-005
0
0
2.21789e-005
0.00249774
6.44409e-005
9.55992e-007
2.00997e-006
2.02011e-005
4.91867e-006
1.81701e-005
2.54661e-005
0
6.4433e-005
0.000711727
0
0
4.7834e-005
0.0202878
0.00198629
0.00615215
0.00356256
7.11802e-005
0.000164459
0.000401303
0.0189905
2.46633e-007
0.00121495
1.02094e-005
1.00975e-005
0
0.00105405
4.43946e-005
8.0489e-005
0
3.27552e-005
0
0.000147499
0.0161244
1.97894e-005
1.48592e-005
0
2.78469e-005
6.8849e-007
0.000144098
0.000275151
0.000100879
0.00015601
0.000401238
0.00468112
0
0.0081088
0
0.000493581
7.05666e-007
2.98462e-007
0
0.00642311
1.32177e-005
2.02174e-005
0.0018856
1.44301e-005
0.00715068
0.000862672
0.000991326
0
0.000249284
8.14137e-007
9.96081e-005
0.00116064
2.21465e-006
3.74295e-005
3.92001e-005
2.45867e-005
2.554e-005
0.000189372
0.00141997
2.39405e-005
0.000213162
0.00122952
9.67413e-012
2.58948e-005
0.00909764
0.00700914
0.00741563
6.31937e-009
0.00282459
0.0344673
8.35335e-005
4.90529e-005
0.000967769
9.88566e-007
1.94109e-005
0.00180242
2.08995e-005
6.97664e-005
0.00395144
1.57154e-005
2.00499e-005
5.51869e-007
9.17962e-006
0
4.44076e-008
3.96289e-005
3.8728e-006
0.000152332
0.000175738
0.000182312
0.000302917
0.000912636
0.00319286
0.00441794
1.60559e-006
1.26296e-005
0.000104139
0.000128533
0.00325723
0.0156629
2.70709e-006
4.83578e-006
1.52078e-005
2.82409e-006
0.000153287
7.07238e-009
-7.22092e-015
3.84766e-005
7.41181e-005
0.0004921
2.17662e-007
0
1.01438e-009
3.51438e-006
1.18731e-005
2.1552e-005
9.18251e-006
1.15801e-007
0
3.58873e-005
8.22391e-007
2.01754e-005
0.000794206
0.00069237
0.000203055
0.000129669
6.71648e-005
1.94447e-009
0.00151928
1.18487e-006
3.40832e-008
9.42294e-006
0.00122782
7.22441e-005
1.05963e-005
2.89232e-006
5.88191e-007
3.03459e-005
0.00069188
2.90427e-005
0.000111815
0.000399029
4.91143e-005
0.000318318
2.09756e-007
0
0.00614039
0.00652562
0
0.000184013
4.61185e-005
7.77593e-006
0.000607962
8.94074e-007
0.000431158
2.38097e-006
0.000170612
0.000258113
0.00032035
0
1.4613e-005
3.31889e-005
0.00025587
0.00252
0.00040612
8.11629e-005
0.0023299
0
5.91093e-007
0.00282497
0.00121393
0.00389925
4.18729e-006
4.63952e-007
0.000783473
2.52085e-005
6.19114e-008
5.34202e-020
0.000215482
0.00130538
0.0010134
2.48077e-006
3.40735e-006
7.14784e-005
4.02831e-005
8.70016e-005
1.93133e-006
2.97547e-005
1.03593e-005
1.56451e-006
6.5695e-005
0.00946594
0.00353366
0.0089396
0.000412116
0.000188438
0.000303176
1.90161e-005
4.6586e-005
0.000548445
0.000206768
0.000564262
0.000172599
0.00129783
3.4409e-006
0.000531999
0.00140801
0.00153539
2.78675e-005
1.25246e-005
5.10204e-005
2.39499e-005
0.0038935
5.32868e-020
2.03849e-005
0.0041386
1.07657e-005
1.02785e-005
0.00123387
0
0.000590937
5.03483e-005
2.14522e-005
6.42555e-006
8.47457e-007
1.31329e-005
0.00180512
0
0.000336741
0.00143589
0.000435588
0.000850305
0.00491751
0.00177228
7.58268e-005
1.78872e-005
1.02775e-005
1.29267e-005
0.000856631
3.06882e-005
0.00059167
8.63418e-006
2.91887e-008
6.43412e-007
0
0
3.33694e-007
0.00146222
9.75328e-005
0.000244746
9.04128e-006
0.000451206
0.0194191
1.76561e-005
0
1.59024e-005
4.51652e-006
0.000893388
3.66794e-005
0
5.3444e-007
0.00141391
1.62397e-008
0.00332827
0
5.84685e-005
1.75822e-007
9.39039e-007
4.98454e-006
3.30835e-007
7.85885e-005
8.78195e-005
2.77307e-008
0.000926563
8.43261e-006
3.03097e-006
0
0.000262778
0.000125919
0.00166942
1.63289e-005
0.00142275
0
6.59213e-005
1.15943e-007
0.000330114
0
1.44514e-005
0.000120587
0.000209553
1.30283e-005
6.40975e-005
2.79651e-006
5.0375e-005
4.48429e-005
4.52945e-006
0.0021563
5.59681e-005
0.000215558
0
0.00190947
3.77618e-005
8.95304e-005
0.0107176
0.00355245
0.000144172
-1.91776e-009
0
2.46922e-006
0
7.27456e-006
0
0.000516429
0
0
1.55357e-005
9.27272e-006
0
6.41868e-007
0.00694088
4.70445e-005
0.00149747
0.0111656
0.000169833
8.96276e-006
4.00753e-005
0.000262012
5.30374e-010
3.50966e-007
1.07021e-005
0
8.28584e-009
0.00375198
9.54638e-005
0.00109061
4.24587e-006
6.19609e-005
0.000102436
0.000600371
7.2583e-006
2.75506e-005
0.000254264
9.93447e-005
0.000617519
1.29332e-005
1.53517e-005
2.07326e-007
0.000336933
6.42323e-006
1.52384e-006
3.62659e-006
0.0029908
0.0103308
0.00636389
1.91049e-008
0.000942213
0.000121001
0.0025589
3.61942e-007
2.96146e-006
0.00162097
3.30819e-005
4.25496e-007
3.87508e-005
7.47456e-005
1.48088e-006
0.0153832
0
7.71854e-005
6.94482e-005
0.000103442
0
0.000244063
0.000128914
4.55797e-006
2.3148e-008
0.0222846
3.68395e-005
9.35859e-005
0.00755698
0
0.00514207
2.47917e-007
9.16991e-006
1.83504e-006
6.5865e-005
1.40152e-005
0.0014665
0.00290547
2.29751e-007
5.29256e-005
7.41965e-009
3.98543e-005
0.00168999
0.000196187
0.000131402
4.06777e-007
1.74475e-006
1.6351e-005
3.89551e-006
5.57126e-005
0.000410865
2.42583e-005
3.86691e-007
0
1.43522e-005
0
1.78551e-005
6.98394e-006
0.000290581
0.000910957
0.00108225
0.00663804
0.0218435
0.0267187
0.00016408
1.47154e-008
2.61024e-008
0.000301852
2.85273e-005
5.60851e-009
5.63723e-006
0.00154246
0.000329839
0.0040335
0.0190157
0.00010304
0.0100204
0
1.20086e-010
1.09188e-006
3.12731e-006
7.73396e-006
0.000594222
6.81971e-011
4.97606e-005
5.15953e-005
0.0118953
0.00033425
7.06183e-005
5.64599e-006
2.59644e-005
4.80634e-005
1.0742e-005
0.00328697
0.00442728
0.000603756
0.000395871
0.000645162
6.80708e-006
1.81776e-009
3.71733e-005
0.00117696
0.00160294
1.53294e-005
0.0124491
8.02056e-005
1.57462e-005
7.9151e-006
0.000166476
6.49556e-006
0.00166954
1.37309e-005
1.15684e-005
0.000104093
2.94411e-005
0.000111001
0.000146675
0.000121281
0.00194454
0.0016536
2.51213e-006
0.000165472
0.000366055
0.000746299
8.22919e-006
0.000292895
2.92495e-005
3.50276e-005
0.00081011
0.0149272
6.51089e-005
1.08236e-007
1.25657e-005
0.00220623
0.009388
0.0173522
3.11049e-005
4.53277e-005
0.00124293
1.33539e-005
8.465e-006
0.0058862
0.00306523
7.26756e-006
9.21154e-006
8.01654e-005
4.72414e-008
2.30849e-007
0.00546639
1.7877e-005
0.00161508
0.000232667
0.00377359
8.91366e-007
0.00868632
0.0134782
1.16897e-005
9.68086e-006
1.67352e-005
2.41674e-005
8.11119e-006
1.3228e-005
6.20131e-005
7.93263e-006
0.000222874
6.04375e-006
8.84516e-005
0.00732193
0.00371208
0.000530628
0.00270233
0.000188671
0.000111497
2.61391e-005
5.66475e-005
2.81836e-005
2.61306e-008
0.0084238
2.94359e-005
6.03667e-006
0
5.59273e-005
3.87805e-005
0.000635772
0.000591651
0.000238839
9.4809e-008
6.16581e-009
2.15284e-008
3.06441e-008
0.00186936
0.00142844
4.73461e-005
9.40464e-007
0.00349987
8.24302e-005
0
0.00110117
8.52157e-006
7.03445e-008
5.77567e-006
0
6.60391e-006
0.00176361
2.21975e-006
0.00181946
0.000247935
1.9464e-005
0.00103548
0.000184835
7.57449e-008
2.78128e-005
5.04044e-005
0.00238443
0.000180978
0.0109956
0.000609615
2.26453e-006
9.66566e-006
0
0.000519255
3.00521e-006
6.35799e-008
3.94289e-005
5.52826e-006
0.00116202
0.00478579
0.00603943
0.0131639
7.08934e-006
7.2167e-008
1.21163e-007
6.3997e-006
0.000602488
2.72461e-005
5.79582e-006
3.58293e-005
4.22313e-006
1.17146e-006
1.00303e-005
0.011111
0
2.34167e-006
0.0113189
2.87055e-006
0.000432733
0.00424771
1.57131e-005
3.56115e-005
8.40321e-006
7.05335e-006
0.00192135
0.00152585
0.00012586
2.37461e-005
9.51528e-007
0.000139309
0.00130145
0.000450042
5.35934e-005
3.28302e-005
0.000222885
0.000648804
0.00837803
0.0181387
0.0196159
6.82963e-005
1.73784e-007
3.79635e-007
0.000408993
1.03093e-007
2.4974e-005
2.51583e-005
0.000362209
1.55431e-006
7.21982e-007
0.000139232
1.58102e-006
2.52459e-005
0
3.51971e-005
2.56944e-006
1.8712e-006
2.17163e-005
1.00047e-005
-1.77529e-009
0.0129121
2.90339e-007
1.90672e-005
0.00048655
6.65607e-005
5.03647e-005
0.00400628
0
2.84774e-005
7.10333e-005
0.00246612
0.002725
5.51303e-006
3.93683e-006
0.00238101
0.000239786
2.24209e-005
0.00234204
2.43878e-009
0.0200752
3.59568e-007
6.59818e-007
2.45144e-006
0.00109676
3.01519e-006
6.4673e-008
4.18372e-006
8.68261e-005
0
0.000104858
2.67694e-006
0.000278812
1.1603e-005
-9.84626e-011
0.00107721
0.000988859
0.000167315
9.06748e-007
0.00891847
0
0.000286711
0
0.0200026
0.0302903
3.00799e-005
3.85983e-005
0.00112051
1.00323e-007
6.86397e-006
0.000188593
0.000124031
9.12136e-006
1.35311e-005
5.97789e-005
2.10612e-005
1.93529e-005
0.000971967
0.00664925
1.04565e-005
0.00373051
0.00514888
7.28953e-007
2.17477e-008
2.97333e-005
1.31226e-006
8.06322e-005
0.000124822
3.85865e-005
1.53249e-007
9.70348e-007
8.75544e-006
4.61189e-005
4.36376e-007
8.40339e-005
3.0373e-005
1.41893e-005
1.1707e-005
0.00234486
1.02472e-006
3.38886e-006
8.66951e-008
0.00314676
0.000181402
8.11859e-005
4.47531e-006
0.000243534
2.972e-006
0.00223479
3.10102e-006
4.08112e-006
7.88752e-005
6.70317e-006
5.11663e-006
2.43611e-005
0
0.0007727
0.00424679
2.88502e-006
6.4807e-006
3.02009e-005
8.55045e-006
9.07982e-006
1.45588e-005
1.086e-005
1.80057e-005
4.79488e-006
4.92031e-006
0
5.76772e-008
0.00029495
0.000688068
0.000127032
2.5453e-005
9.82534e-007
0.00204658
4.48276e-005
4.14095e-006
1.87959e-005
9.74176e-007
-3.80988e-009
7.07067e-006
2.14271e-005
6.13067e-006
0.00162567
0.00044786
0.00524229
3.83963e-005
3.29003e-006
0.0019453
0.00875449
1.4016e-005
1.09403e-005
1.51772e-005
1.10985e-006
4.33395e-007
3.35537e-005
2.17178e-007
3.49499e-007
5.92233e-006
0.00014036
5.47106e-005
4.39224e-005
2.75916e-005
0.00179011
1.95287e-006
0.000146716
0.0056712
0.000144713
6.52612e-005
0.000530257
0.000104529
2.17662e-007
8.01511e-006
0.00224863
0.000984583
0.00262065
1.71854e-007
0.00864313
0.000993345
2.70636e-005
0.000190205
-1.63408e-009
3.38476e-006
4.68219e-005
6.38924e-007
0.000258393
0.000753778
3.93419e-005
0.00011001
0.00095334
7.26603e-006
5.34032e-020
5.64748e-015
1.66347e-005
0.00392902
0.000975404
0.00109765
2.53615e-005
0.000160308
3.47164e-005
1.45416e-005
0.00239189
1.60339e-005
0.000503992
6.05416e-006
0
0.000974214
0.000641243
0.00685086
-1.84624e-009
6.96407e-006
0.000499375
0.000117239
3.01362e-007
0.00773473
8.11716e-005
1.36523e-008
4.58824e-007
0
0.00053795
0.000489261
2.38019e-005
1.26892e-005
2.91957e-005
7.40516e-006
1.2099e-005
0.000291931
0.000228287
1.201e-005
6.20569e-005
0
9.17602e-006
3.50014e-006
0.000767382
0.0125689
0
0.000457073
0
9.62995e-006
-2.26271e-009
0.000222296
4.62601e-006
0.00113994
0
4.61506e-006
3.44645e-006
7.70474e-005
0
7.66964e-006
0.00129904
0.000192103
0.00027497
0.000254804
9.31512e-006
0.00775013
0.000461674
0.00993634
9.14797e-006
3.716e-005
0.000356054
0.000239055
7.62442e-007
0.000996632
1.66736e-005
4.22433e-007
8.51659e-006
2.66681e-005
0.000178727
2.45227e-006
0.000100695
3.18366e-005
2.6241e-006
2.6749e-008
6.37156e-008
7.00957e-005
0
1.51915e-008
0.000143053
3.64794e-006
0.000850154
4.25603e-005
0.0145781
0.0021752
0.000239564
0.00207837
0.000643314
0
3.30535e-006
7.30103e-006
4.84171e-006
2.70603e-005
0.000359995
1.63756e-006
1.93682e-005
0
0.00319087
0.000517601
5.3653e-007
0.000112765
4.8077e-006
0
2.60023e-005
3.2499e-005
0.000300562
0.000118534
1.14377e-005
0.00174462
0.00635059
1.17059e-007
0.00577916
0.0211595
2.62877e-006
9.95763e-007
0.00673882
3.19214e-007
2.76558e-008
5.91974e-007
5.8255e-005
0.00477025
5.83502e-008
0.0015622
3.81877e-006
0.000127991
0.00165508
1.36785e-005
0.00136179
2.47721e-005
7.80866e-006
0.000258345
6.98819e-011
0
1.41918e-006
5.1538e-005
0.00487451
3.27715e-005
0.000109798
7.75717e-007
0.000315467
2.44691e-005
1.61007e-006
3.13605e-012
4.42694e-007
0
1.1076e-007
2.04716e-006
0.00301395
6.55189e-006
1.38137e-005
0.00111034
1.08182e-006
2.60351e-005
6.85826e-006
2.40362e-005
0.0317325
3.92452e-007
0.000668891
0.0002535
0.000359808
6.35465e-006
0.000598339
1.8821e-006
0.000124534
0.000190449
0.000109348
0.000153019
0.000105341
-7.22092e-015
0.00812778
3.09004e-007
-9.19123e-010
1.36174e-006
0.00435
1.17919e-007
5.37803e-006
1.40713e-006
9.04997e-006
6.0195e-005
1.22629e-005
2.41579e-005
0
2.71145e-005
3.24573e-006
0.000446296
7.44234e-005
7.88608e-006
2.74592e-007
6.85153e-005
4.1048e-008
0.00019232
0.000859055
1.30126e-005
7.77852e-006
4.0615e-005
2.24525e-008
8.29144e-008
9.72365e-006
8.84026e-012
0.000783392
3.8285e-005
4.01671e-005
0.000763846
0.00151822
1.14135e-005
0.000536041
2.1691e-006
3.39858e-006
0.00126309
1.11717e-006
0.0124051
0.0114381
0.00128766
0.00207329
8.68235e-008
0.00230201
4.46434e-006
0.000173215
0.000225454
8.13932e-007
0.000254095
0.000338564
0.000182944
0.00120702
1.37645e-006
0.00164544
0.000121424
3.19895e-007
1.30409e-005
3.21482e-005
1.87854e-007
6.40183e-007
1.40872e-005
0.00468081
3.14017e-005
3.15435e-007
0.00011897
0.00049272
3.84543e-005
0.0010275
4.47743e-005
0.00277863
4.86505e-006
1.26766e-006
3.88905e-006
0.000320446
0.000341793
1.39843e-005
3.41725e-006
0.0021677
1.68699e-006
1.21323e-006
8.58189e-005
9.86383e-008
2.7936e-009
0.00667335
3.43036e-007
5.98531e-005
8.39804e-006
3.12615e-005
6.82955e-005
8.54736e-005
0.00302869
3.26825e-006
2.55108e-005
2.83444e-005
0.00155855
1.63959e-005
0.00510663
0
0.000150425
1.32278e-005
8.19e-007
7.1065e-006
0.00310712
7.00574e-005
5.81327e-005
0.000212757
0.00634156
2.47799e-005
2.54014e-009
1.22399e-007
0.000518721
0.000797481
1.92284e-007
9.33419e-005
2.75052e-007
2.07175e-006
2.75516e-005
0.00156187
4.90616e-007
0.000289836
3.72226e-005
9.85692e-007
7.18587e-005
6.42806e-005
1.26033e-005
0.000643707
0.00165354
0.000324827
3.57928e-008
0.00209361
6.17869e-006
6.21218e-006
1.34079e-005
0.00143306
0.00143295
5.00325e-006
0.00243904
1.55771e-005
5.48394e-005
0.010977
0.0111601
0.000467635
1.19328e-008
3.0992e-006
0.000868907
8.78287e-005
9.99117e-005
3.48569e-005
4.47284e-005
3.83236e-006
1.30648e-008
0.000230641
0.00308581
5.25949e-006
8.99147e-005
0.00619294
0.000842706
1.21481e-006
0.000121933
0.000358119
0.00179475
0.000405498
2.32993e-006
4.62603e-006
8.38428e-005
0.00251655
0.00115496
1.0072e-006
1.2398e-005
0.00162475
3.81854e-007
4.22552e-005
6.63938e-007
0.00542115
0.00117074
0.0016005
1.45542e-005
2.56202e-008
7.9872e-006
0.00072883
0.00447343
5.99465e-006
9.60547e-006
0.00164324
0.000719507
0
3.13605e-012
1.22261e-006
1.01489e-005
5.99926e-005
0.0155185
0.000199979
5.34916e-005
4.08779e-005
5.35698e-005
0.00211806
0.00134409
0.0010164
0.00712879
0.000165255
6.20145e-005
0
4.97344e-007
1.019e-006
2.84267e-005
3.06533e-007
1.68421e-005
0.000947269
0.00151252
0.000441826
3.65515e-005
3.08906e-005
7.8734e-005
1.80799e-005
4.67846e-005
3.46922e-005
3.77375e-006
2.64237e-006
4.89884e-005
2.39207e-005
4.14759e-005
2.2041e-007
3.20419e-009
1.25203e-006
1.12643e-008
0.00021011
2.55757e-006
0.00303983
0.00364655
2.22908e-005
1.20579e-005
0.000550082
0.000928048
0.00109763
0.000461279
3.16956e-006
1.93742e-007
0.000310341
0
0.000533349
0.00270059
3.48452e-005
3.64931e-007
3.72864e-007
0.00134834
1.14203e-005
3.53777e-006
0.000232287
1.4728e-006
8.94608e-006
0.0376751
2.05551e-006
0.000608035
0.00210069
4.14995e-005
4.54805e-005
0.00396743
0.00445312
4.71827e-006
3.75094e-006
0.00034259
3.89403e-006
6.49904e-006
2.02895e-005
4.41068e-006
2.24744e-007
0.000768994
4.00956e-005
4.64163e-007
0.000613655
9.54286e-005
0.0012591
2.98851e-007
3.81783e-005
3.71509e-013
2.2879e-006
0.00367205
0.0018547
2.76038e-006
5.57158e-007
1.32818e-007
0.000135543
5.47924e-005
0.000663852
0.000367339
8.637e-005
1.0637e-006
2.29832e-005
0.000128529
0.00161109
1.58542e-005
8.05998e-005
1.07013e-006
6.22004e-006
4.78454e-010
4.65809e-005
3.61735e-005
5.15406e-005
8.15676e-006
0.000496722
8.39873e-008
3.76795e-005
9.09798e-007
0.000472033
2.0105e-005
9.5323e-006
1.76186e-006
6.80188e-006
0.00020023
1.18252e-005
4.22432e-007
7.25088e-006
0.00240232
1.27198e-005
0.00346314
1.89234e-008
9.79345e-005
8.97307e-005
0.000120494
9.06676e-006
8.58459e-008
0.00169621
2.17178e-007
1.17484e-005
5.03543e-005
7.60752e-005
5.81113e-005
5.70968e-005
2.81722e-005
1.17066e-007
0.00159286
0.000302203
2.00606e-005
0.00110841
0.00080957
0.000166381
1.93928e-006
1.91964e-006
0.000291526
0.00202391
0.0154942
2.22008e-007
0.00182741
5.26467e-005
5.79036e-006
0.00209477
0.000278526
0.00141664
0.000621037
0.00335484
1.24325e-006
0.000480475
0.000460366
0.000276217
0.000111202
4.92953e-007
0.00185811
0.000158968
0.000393818
5.94601e-007
2.2474e-006
0.000194115
2.06637e-007
1.97953e-005
0.00315962
5.40465e-006
0.00174301
0.000334682
0.00178796
0.00288311
0.000164287
2.12002e-005
1.38716e-005
0.00122199
1.62581e-006
0
0.000153694
0.000137976
2.17307e-005
0.000322574
0.000455088
3.99825e-006
5.00095e-007
3.39193e-008
0.000121889
0
0.00841106
0
0.000241125
0.0013697
0.000550974
3.57696e-005
0.0022478
0.00120209
0.000217798
0.000597786
9.41117e-005
2.66497e-005
0.000811051
0.00482693
1.30332e-005
6.98154e-008
3.58121e-005
0.00840599
6.90164e-006
1.49541e-005
2.56146e-005
0.00191175
0.000554924
0.00148813
0.000371926
0.00661109
0.00280193
0.000158871
1.04671e-005
0.000120082
5.16867e-006
9.46705e-005
0.00433217
0.00458262
0.000460808
9.56936e-006
1.56503e-006
4.92404e-007
8.56638e-007
0
4.45022e-007
1.43814e-006
0.00823949
2.12018e-005
0.000410856
3.06261e-005
0.00498571
1.49605e-006
0.0204671
2.73824e-005
5.91319e-005
0.00144943
1.03043e-006
1.28214e-006
1.06741e-005
0.000593289
3.63431e-005
1.23253e-005
7.48423e-007
0.00464631
0.00141998
7.28593e-006
2.61519e-010
3.27103e-007
7.03512e-008
0.000462417
0.00286282
0.00107716
2.12821e-006
0.000208461
2.43465e-005
2.60679e-006
0.000106668
0.0104259
0.00495649
0.0015128
1.07754e-005
0.00341014
6.76229e-005
9.09342e-005
0.000260166
0.000282094
0.000163625
0
0.000141368
0.000171257
1.54077e-005
1.62605e-006
0.00116946
0.000108811
4.55524e-006
8.71383e-006
0.000509152
1.70577e-005
3.2628e-008
0.000148902
0.00438627
3.07343e-005
1.79581e-006
0.000177478
0.00136839
0.000773072
0.000439355
0.00246858
0.000108037
0.000330257
0.00166913
0.00165721
4.09652e-006
0.000415475
5.72028e-005
2.57501e-005
1.89957e-005
2.12268e-005
8.70623e-007
6.50997e-005
0.00187295
1.49752e-005
0.00598857
9.00101e-006
1.94248e-005
0.00510796
2.10904e-005
0.000457124
7.59453e-006
0.000205487
0.000163205
0.00367449
6.14798e-005
0.000100939
5.89504e-006
0.000512193
0.000216527
3.57611e-005
0.00128412
5.99265e-005
0.00112653
3.04642e-005
0.000104001
3.67991e-007
6.03257e-007
4.75496e-007
7.01475e-006
0.000889111
0.000305185
2.56303e-006
1.86721e-005
0.000218091
0.00240335
5.31986e-005
3.8057e-006
0.000507459
1.03319e-005
0.00011779
3.27752e-005
2.49256e-005
0.00150023
2.17521e-007
5.28064e-009
1.68463e-007
0.00893058
0.000913632
7.79251e-005
3.50707e-005
6.10958e-008
3.09361e-005
8.06105e-007
1.70118e-007
0.00156749
0.00270248
0.00267914
2.88355e-006
2.35869e-005
0.00141976
0.0294013
0.00566019
4.62443e-007
0.000441507
0.000375415
0.00042468
0.00121466
0.000257094
4.08742e-006
3.59656e-008
7.98417e-006
8.2704e-008
4.72658e-005
4.48053e-005
9.64323e-008
3.6926e-005
0.0268916
0.00439593
0.00229882
5.90066e-005
1.73716e-005
0.0193989
0.000501097
5.83177e-005
1.31402e-005
0.00162374
0.000620276
0.00182972
3.76936e-005
0.000388302
4.5017e-007
6.47273e-006
1.12643e-008
0.000831065
0.00373081
3.52389e-006
5.58923e-006
9.60606e-007
0.00270089
0.00603601
2.27797e-005
0.000134637
4.72308e-006
1.21355e-007
2.65682e-005
1.01484e-005
1.27015e-005
0.0182522
0.000915235
5.02462e-005
2.31312e-006
3.16978e-005
0.00593112
0.000238801
5.91667e-007
8.40847e-006
1.70915e-007
5.14764e-006
5.22165e-007
0.000537925
0.000316196
4.38612e-005
0.000905529
3.12112e-005
0.00141462
3.769e-005
0.000218049
0.00040241
0.00541317
0.00320251
0.000720606
1.67335e-006
0
1.00949e-005
4.77448e-007
4.87516e-006
0.00467821
2.81242e-006
0.000126021
0.000155689
0.00347766
0.000153576
0.00291923
8.69679e-006
0.00113806
0.00012662
0.000108542
2.10532e-005
0.0106633
0
1.44161e-005
0
0.00615899
2.8814e-006
0.000129586
0.00541193
0.00572959
0.000150214
1.66856e-008
0.0428469
0.0186523
0.00635803
3.17941e-005
2.96205e-005
0.00092192
0.000170038
1.01992e-005
9.81943e-007
3.33811e-006
7.59143e-005
0.000937672
0.00784573
3.43936e-008
0.000488517
0.000978547
0.000834579
0.000612677
0.000556639
1.64924e-005
0.0048401
0.000147359
1.49671e-005
2.16634e-005
0.000391264
0.000151515
9.2722e-007
1.36775e-006
0.0150741
0.000309719
2.98122e-005
5.69687e-007
0.00635381
6.73924e-006
2.08838e-005
0.00146455
0.00354936
2.24301e-005
8.87663e-005
1.19227e-005
3.83939e-005
6.10353e-007
2.15199e-005
7.56298e-005
2.2716e-005
0.000336223
0.000590413
0.0226873
0.000185424
0.00169639
1.71738e-006
2.43812e-006
2.17591e-008
0.00110623
3.17026e-006
7.86213e-006
4.7203e-006
8.2892e-009
0.00393811
0.00301424
1.09785e-006
0.0004326
0.00157631
4.53793e-005
3.68107e-006
3.06943e-005
3.51835e-006
7.26508e-005
2.57769e-005
1.64211e-006
0.00200513
1.18532e-005
0.000318767
0.00211376
0.000158716
0.000139382
2.20279e-006
0.000592523
0.000140637
2.27988e-005
8.8503e-006
4.68729e-006
1.17483e-007
0.00786036
3.85715e-006
7.21671e-006
8.17422e-006
9.51655e-007
0.0106437
1.06196e-005
5.27464e-006
2.8019e-005
1.26062e-005
0.000212555
0.0035952
0.000219394
6.50087e-008
7.98e-007
0.00011586
5.75605e-005
8.42439e-006
1.05747e-005
0.000645558
0.00119996
0.00100002
4.21506e-007
0.000148172
1.63874e-005
0.00979502
0.00136328
0.00274482
9.55896e-006
0.000204636
0.00979913
0.000125617
0.00220885
2.54613e-005
0.000677539
5.3841e-006
1.54572e-008
1.77598e-006
3.28512e-006
0.000189999
0.000584252
1.61373e-006
6.7914e-006
0.00268691
0.0019864
0.00103191
2.70815e-008
0.002248
0.00646183
6.02448e-006
2.73826e-006
0.000110337
4.22251e-006
0.00162136
0.00179947
1.70571e-005
3.00978e-007
0.00953295
0.00266992
0.0002005
2.98049e-005
3.57501e-005
5.57492e-006
1.34073e-006
0.000323132
0.000313416
3.76752e-005
0.0051944
8.69112e-007
3.49081e-007
1.36362e-008
1.07004e-006
2.64734e-008
2.03865e-006
9.53232e-005
0.000752604
1.09279e-008
0.00172936
2.41421e-007
1.38054e-006
0.000371039
1.11832e-005
0.00200425
4.57326e-007
2.86543e-007
0.0019916
1.38415e-005
0.00617308
2.67959e-005
6.96257e-005
1.0453e-006
2.82854e-005
0.000385732
0.000129562
0.00551731
0.00333933
0.000304419
0.000996599
0.00105122
2.7531e-006
0.000109205
0.00945505
2.13744e-005
0.00490347
2.62622e-006
0.000359973
0.00173136
0.00371174
0.00504469
3.94462e-007
0.000172739
0.000242303
6.70605e-006
5.83185e-006
0.000118643
0.000601228
0.000893962
0.00191893
7.4359e-007
3.7699e-005
0.000736878
0.000180143
7.86069e-007
1.6559e-005
1.66444e-005
3.30171e-006
0.0019044
8.79673e-006
0.00141239
4.72129e-005
0.000419361
0.000202458
1.74247e-005
0.000653815
0.000503933
0.000122111
0.000645848
0.0005984
1.34446e-005
1.36564e-005
3.95392e-009
0.0195754
0.000158559
0.00348962
0.0010433
0.00109537
0.000749845
0.000365643
9.91895e-005
0.000346109
0.00228212
1.6086e-005
0.000778913
0.000280363
0.00475165
0.0350535
3.12366e-007
8.67625e-007
2.85307e-005
0.000234741
0.00109178
0.00108103
1.87981e-005
7.43347e-006
3.26443e-006
2.70519e-006
9.13474e-007
1.45895e-005
4.45616e-006
0.000915052
0.00212779
0.000548539
0.00436046
0.00429875
4.01866e-005
4.02995e-006
6.70396e-005
3.66665e-005
3.34025e-005
2.62084e-005
1.40475e-005
0.000164411
0.00014845
0.000254246
2.94153e-005
2.15512e-005
0.00109158
0.000758004
0.000190964
0.00176456
1.45754e-005
9.29563e-005
8.1684e-005
0.0121512
0.000195018
0.0282021
0.00446188
0.0115897
0.00166949
0.00315064
0.00141915
0.00612116
0.00541859
0.0287918
0.00171237
3.32116e-006
1.6859e-005
2.52667e-006
0.00101381
1.39136e-005
1.62502e-005
1.85555e-005
0.0116038
4.99505e-006
0.000399467
0.00891575
2.034e-007
1.0272e-008
7.84425e-005
0.00231572
2.21685e-006
0.00240695
0.00157534
1.44353e-007
0.00176037
5.62337e-006
0.000686584
1.04882e-006
1.19188e-005
4.41516e-006
0.0034685
0.0022529
2.34108e-005
0.0122785
6.125e-007
6.8103e-007
0.00695835
7.74306e-007
0.000101567
1.95109e-005
0.00301691
1.77012e-006
3.32355e-006
5.7631e-005
0.000514857
1.5703e-006
0.0184383
1.61758e-006
0.00184249
4.39611e-005
9.08131e-007
2.1257e-007
3.31848e-007
7.50434e-005
1.34669e-005
4.55611e-005
0.000237976
0.00551102
0.000113455
0.000657472
0.000380593
3.72653e-005
5.7999e-007
0.00908508
0.00611773
0.00330914
2.69277e-005
0.00039504
0.00441582
0.0105468
6.96538e-005
1.32509e-006
9.2775e-005
6.34153e-006
0.00244633
2.22115e-007
7.02898e-005
0.0483312
3.81544e-006
1.92492e-006
0.0008207
0.00118298
0.00137782
0.000877309
5.03895e-006
7.37578e-007
8.11803e-006
1.58306e-006
0.00139037
0.00283342
0.00596679
0.00895376
1.07292e-008
0.00158384
2.68842e-007
4.83042e-005
3.34234e-005
2.80444e-005
2.30353e-007
2.89565e-007
0.0249602
0.00464556
0.00606081
0.000782013
0.000279337
0.0008718
0.00011499
0.0031412
4.32731e-005
0.00103691
6.61087e-007
7.29545e-007
7.77277e-005
0.000710266
1.37731e-005
0.000679116
0.00315117
3.68454e-007
2.30857e-005
0
8.02373e-005
0.000266956
1.41758e-006
0.000155339
7.56758e-006
0.000635639
9.55446e-006
6.43793e-006
0.000598961
1.18167e-005
2.64085e-008
0.00730643
3.35048e-005
0.00107884
0.0012963
0.000743895
0.000101124
0.000264681
9.62839e-008
0.000231687
1.6077e-005
0.00444745
0.0432962
0.00463746
5.21145e-008
1.39892e-005
2.39619e-006
0.00205962
1.0171e-005
1.82876e-006
7.76884e-006
0.00130013
0.00089516
0.0119249
1.07721e-006
0.00516533
1.55356e-005
8.33745e-007
1.77177e-005
4.48599e-006
1.07385e-005
1.1492e-006
0.00135002
0.00170376
0.00487109
0.00147208
0.00167892
0.00577962
0.00759717
9.32683e-007
0.00105781
0.00194312
1.0436e-005
0.00553403
0.0048755
4.8293e-006
4.72704e-005
0.0215458
1.55996e-006
1.12422e-005
6.33589e-005
4.80093e-005
1.4696e-005
7.61373e-005
0.000801673
0.00156802
2.32092e-005
0.000167004
0.000178304
0.000271277
7.64953e-007
0.00124217
0.00121107
1.79887e-007
1.89789e-005
6.0037e-005
9.92777e-005
0.00231909
1.56873e-006
0.00173085
0.00176688
3.51136e-005
2.68051e-005
0.00885812
0.00921829
0.000476393
6.57461e-006
1.92149e-006
0.0141348
6.43404e-005
0.000122345
0.00592418
8.00641e-005
1.4338e-005
2.60149e-006
0.000331771
1.21889e-005
7.9118e-007
9.2611e-007
1.06245e-006
0.000108838
0.000828015
0.000370067
0.000411728
9.41958e-009
1.82704e-007
5.68202e-005
1.19016e-006
0.000285746
0.00157625
3.63385e-007
8.74768e-005
0.00643108
2.29194e-006
0.00161332
7.93829e-005
0.0206289
1.04667e-006
0.000631767
3.26062e-007
0.00334334
5.08394e-006
2.962e-005
0.00120921
0.0040547
0.00328256
0.000682023
1.13191e-006
4.53628e-005
0.00122522
4.20385e-005
3.98409e-007
0.00160145
0.00117535
8.20618e-007
1.48877e-006
1.83638e-006
0.00885757
2.74442e-005
3.98515e-005
0.00667579
4.73132e-005
0.000595863
2.94702e-005
0.0018393
0
0.0144053
0.000497435
1.69059e-008
3.00947e-006
2.78111e-006
2.77629e-005
1.48237e-005
1.47302e-005
1.4824e-005
1.07829e-005
5.17018e-006
0.0204254
0.00171521
0.00585232
0.00182525
6.63961e-006
1.8267e-009
0.0045289
3.59329e-006
4.94058e-006
0.000414893
8.15518e-007
9.18458e-006
4.37236e-005
4.60522e-006
1.83201e-005
5.28382e-006
7.41733e-007
9.80502e-007
9.41306e-007
1.36233e-005
0.00195735
0.0285005
3.10354e-006
0.00447126
0.000416859
0.000957389
4.83847e-005
2.8549e-007
2.60545e-006
0.00215735
0.000656616
6.65577e-005
0.000792056
2.85021e-006
3.37062e-005
1.31694e-005
0.00183683
0.00262087
0.0167196
8.97243e-007
9.25756e-007
0.000354436
0.000312296
0.0138186
0.0024326
0.000445968
0.000869216
8.21571e-006
5.81673e-006
3.65465e-005
4.71562e-005
1.63315e-005
2.24206e-006
7.95095e-005
1.18023e-006
0.000111836
5.58813e-006
0.000121703
0.00677636
0.000201211
0.000146213
0.00555506
0.00323717
5.41547e-008
1.15945e-005
0.000548318
0.000374131
4.94937e-005
3.40428e-007
2.88081e-007
0.000973464
1.48856e-005
7.93933e-005
1.10932e-005
0.000829403
0.00249861
0.00148267
3.21143e-005
1.06354e-005
7.03433e-008
0.000101867
2.30858e-005
0.000270572
2.91985e-007
0.00542863
1.15341e-006
0.000600364
0.00459787
1.20592e-006
1.56002e-005
1.06137e-006
0.00120721
7.13871e-008
1.08654e-006
8.2662e-006
5.77781e-006
0.00207987
1.16239e-005
0.000626068
1.67386e-005
1.72546e-006
6.56805e-005
0.000188501
0.00128975
2.6634e-005
0.000360494
3.86317e-006
3.08005e-005
3.86314e-006
4.88178e-007
0.000316617
0.000665844
4.43548e-006
0.000153999
2.1604e-005
0.00464504
0.000320178
2.68411e-006
0.000441058
2.55636e-006
3.09478e-006
7.46421e-005
6.22655e-005
4.35856e-005
4.68551e-005
0.00838375
0.000120936
0.000268701
1.1027e-005
0.000859548
7.77779e-006
0.00148455
4.13896e-005
0.000150986
5.66556e-005
0.00137124
0.000345046
1.4561e-006
0.000132721
0.0107321
0.000661311
0.000170445
0.000273308
4.31522e-005
0.00170352
0.00040817
2.6808e-007
0.00628511
0.000109718
0.000490045
7.34851e-007
1.94453e-007
0.0176816
2.27954e-006
6.9181e-006
2.85663e-006
0.00130845
2.20097e-007
0.0273623
0.000712275
7.57107e-007
5.28206e-005
1.156e-005
6.65829e-007
3.07658e-008
0.0013264
8.60498e-006
0.0245638
1.80441e-005
0.000695886
0.000316549
0.00525746
0.000631889
1.64337e-006
0.00125293
8.45457e-007
0.00705817
0.00121129
2.36026e-005
4.11932e-007
6.36801e-006
8.09256e-007
5.80478e-006
0.0114735
5.16128e-005
4.17857e-005
6.40085e-006
9.3585e-005
0.0336474
3.64924e-006
1.45657e-005
7.28219e-005
0.0118137
0.000538857
2.90014e-007
1.47542e-006
6.24058e-005
0.00118674
0.000805311
7.18351e-007
4.71364e-006
0.00693594
9.50225e-007
3.13585e-006
0.00903402
3.44058e-006
1.59364e-006
4.26823e-005
1.44918e-006
5.27926e-006
0.00103491
0.000477926
1.43204e-007
1.48822e-006
0.000654634
0.00592519
3.13092e-006
8.67971e-007
4.91083e-005
3.47935e-005
4.16131e-006
0.00180863
1.02919e-006
7.13179e-005
0.014319
3.10491e-007
5.44121e-005
0.00204564
1.68062e-005
2.21477e-005
6.77045e-008
8.44462e-006
0.000758325
1.66594e-005
6.76713e-007
2.71597e-005
1.43535e-006
6.11051e-007
1.61077e-007
0.00593846
7.85594e-006
0.0136961
1.96649e-005
1.41681e-006
2.49116e-005
4.73795e-007
0.0025099
0.00105422
5.78146e-007
1.19232e-007
0.028292
3.8277e-007
0.00263147
0.00200968
0.000381002
4.43477e-005
2.05124e-006
4.96932e-006
3.13719e-007
9.64081e-007
0.000111058
4.21657e-005
0.00132753
1.37153e-006
0.000260723
2.11011e-005
7.66533e-006
0.00127195
7.93979e-007
4.87881e-005
2.01851e-006
0.000472287
6.94032e-007
8.23936e-006
1.15279e-005
0.000861315
2.60576e-006
0.000658339
8.67809e-006
4.07989e-005
9.64269e-006
5.04892e-007
3.72876e-006
3.83937e-005
0.0013783
0.00141408
3.72233e-006
2.14871e-006
2.34501e-006
0.00013387
0.00941808
8.23627e-007
0.00776444
1.27175e-006
0.000732071
0.000377455
4.8402e-007
1.3917e-008
0.00583071
0.000385561
0.00235399
0.00387053
0.00341156
4.60415e-007
0.00226429
0.0155198
8.02184e-005
3.92959e-006
6.04902e-007
3.66445e-005
2.64491e-005
1.12182e-006
2.9312e-007
8.40322e-006
5.83678e-007
5.04865e-007
1.23117e-005
1.62286e-006
0.000110476
5.10845e-007
0.000816424
1.11676e-006
0.000447814
6.05683e-006
6.35882e-007
0.01005
6.84212e-006
0.000129074
0.000117457
0.00115403
0.000353249
0.000310354
1.21377e-007
3.58497e-005
3.88847e-005
0.000113419
0.00403445
4.81695e-006
0.000573074
2.52404e-006
1.15574e-006
8.39234e-006
0.000125658
3.89112e-007
0.00231856
3.62069e-006
2.00282e-007
5.77911e-007
0.000105641
0.00117925
0.00381031
0.00848085
0.00330338
0.00135001
4.10861e-006
0.00132009
3.23542e-005
0.00797685
1.60769e-006
4.67106e-006
1.58201e-005
0.00473812
1.88199e-005
0.0132881
0.000177717
3.80352e-006
0.00296017
0.00100525
8.42577e-006
0.00190197
0.00172727
0.000473162
1.72553e-006
0.00027185
1.37253e-006
6.3835e-007
0.000393064
0.000446481
5.77739e-007
1.80313e-007
0.000554128
1.19687e-005
0.00126119
0.00711724
0.000611447
5.04022e-007
0.00011869
2.22706e-005
4.84826e-005
1.84565e-006
5.70141e-005
0.00133287
0.0011628
5.42066e-006
0.00160742
2.28521e-005
2.86742e-006
0.00295632
3.10746e-005
6.96197e-005
0.000139797
0.00539609
3.67775e-008
0.00225684
1.28922e-007
2.49367e-005
0.00196436
0.0014093
6.49878e-005
1.80375e-005
0.00107032
6.34215e-007
5.40969e-006
2.16365e-005
2.16572e-005
5.3444e-006
5.04182e-007
5.10312e-008
1.7492e-005
2.7477e-005
0.00161841
1.7732e-005
4.43091e-005
0.000122469
2.87059e-005
2.20944e-006
1.02951e-006
8.72498e-008
9.94258e-007
3.38914e-007
7.67044e-006
0.000209475
4.12484e-005
0.000990771
0.000743626
0.000152554
0.000269507
3.43897e-006
0.000169391
0.000139787
7.08749e-007
6.20802e-006
3.64996e-007
8.37072e-007
0.0279242
2.98008e-006
1.12861e-006
3.61751e-006
1.15483e-005
0.000230525
5.0887e-005
1.0691e-005
9.86299e-006
3.21151e-006
0.0124048
0.00533826
8.42233e-005
4.63753e-006
3.08829e-005
3.37397e-006
5.00537e-008
8.7727e-008
0.00172932
1.41138e-005
7.46183e-006
0.000307678
1.83463e-006
0.00574908
2.17793e-005
3.91082e-006
2.27283e-007
0.00302273
4.51965e-006
0.00736558
0.00500196
0.00117691
9.68425e-007
8.47985e-006
0.00258371
0.00357771
6.47493e-005
0.0114611
0.0142817
3.10162e-008
0.000146914
0.000409615
4.6961e-005
1.33924e-005
3.70638e-006
2.11588e-005
0.000800839
0.00485952
8.41898e-005
0.0182
0.00195632
1.06494e-006
1.37411e-006
5.32128e-007
0.000195856
0.00429513
3.05153e-007
1.93687e-005
5.38734e-005
0.000315364
7.05826e-006
1.07166e-005
0.000407738
0.00690853
0.00755765
0.00236773
0.000542467
0.000876976
8.12348e-008
0.000171054
2.00542e-006
4.11514e-008
0.0192977
1.28487e-006
2.25267e-006
2.11788e-006
0.00176025
8.50081e-006
1.48247e-005
0.00102715
0.000877043
0.00132743
0.0210575
0.000124038
0.00614797
0.0267883
0.000417403
0.0142894
0.00189151
1.0908e-006
0.00414078
8.97135e-005
3.10804e-006
2.82476e-007
1.4102e-006
0.0100679
1.79102e-006
1.08897e-005
0.000394226
0.00015429
0.000281999
0.000156215
0.000384747
6.59623e-006
2.34392e-006
0.000507566
1.37596e-006
4.2438e-007
3.01914e-006
1.93516e-006
0.00088793
8.58537e-005
2.74332e-006
9.96716e-007
4.10194e-006
3.12168e-006
2.25889e-006
2.52821e-007
1.25197e-005
5.04831e-006
8.75774e-007
0.000192206
0.000195838
2.80469e-005
5.15417e-006
0.0108193
0.000111368
0.00135526
0.00152313
0.000427841
2.54369e-005
0.000392699
0.000882918
1.49611e-006
1.31988e-006
1.72045e-007
0.00898653
0.011072
0.00033967
0.00234054
0.000381756
0.010222
0.0204816
5.16124e-005
7.70967e-005
0.00371963
0.00034513
4.95632e-008
3.23903e-007
7.32014e-006
7.28859e-006
0.000192998
0.00931221
2.33963e-005
0.00120329
1.91439e-005
7.63025e-007
0.0066383
0.000430521
0.00475668
3.25272e-006
1.34296e-006
6.90898e-007
0.000327346
0.000259788
1.45731e-005
0.000117534
0.00648828
1.80309e-006
0.00793254
9.36881e-009
0.000103185
4.38858e-006
0.000348971
6.41073e-007
0.00936192
1.42483e-006
6.48913e-006
0.000391287
5.35946e-006
3.36698e-005
0.000689875
1.73274e-005
0.000834003
0.00199736
3.21083e-007
0.000701483
7.27401e-006
0.00163793
0.00222256
9.09077e-007
1.65883e-007
3.29988e-005
1.48508e-006
5.29706e-006
0.000267095
1.42503e-007
5.56117e-005
2.46819e-007
0.00673565
1.21074e-006
8.35507e-007
1.60398e-005
0.000143164
1.81467e-007
3.26268e-006
3.22748e-006
0.000532893
1.5982e-005
6.15836e-005
1.58441e-007
0.00153185
1.77599e-005
0.000279634
0.0085795
6.1065e-007
9.52355e-007
0.000103468
1.76582e-006
0.00698745
2.93072e-006
2.34091e-006
0.00190521
0.00230351
8.16165e-007
1.80721e-006
8.68491e-007
5.45581e-007
0.000203446
1.72046e-007
2.53667e-007
5.91005e-005
0.000203734
8.42762e-006
5.29426e-009
6.64048e-007
0.00212591
0.0037652
0.00273079
2.82871e-006
0.00101419
0.00103415
4.25964e-006
0.0132725
1.35235e-007
3.046e-005
0.00997274
0.000653087
6.95214e-005
9.14996e-005
0.0125036
1.46143e-005
2.67855e-007
3.55575e-006
5.52869e-006
4.72845e-006
4.42269e-006
0.00336717
3.59373e-005
5.03326e-005
6.94549e-005
3.48884e-008
3.52962e-007
0.00055209
0.00097776
3.59612e-007
1.19235e-005
0.00228902
2.88222e-006
5.04115e-005
3.00798e-005
1.86409e-005
0.000640035
0.00710466
1.77224e-006
0.000174788
3.526e-007
4.77049e-006
0.000680459
0.000714269
4.06993e-006
0.0050036
3.47222e-007
2.21728e-007
0.000345436
2.25814e-007
0.0625508
6.18172e-006
7.57205e-007
0.00291502
1.79483e-007
0.000132062
8.74435e-005
1.14066e-007
2.81308e-006
4.16575e-005
2.51859e-006
4.10433e-006
0.000127256
2.58497e-005
0.00584136
4.59192e-008
8.87721e-008
0.000895243
1.94934e-007
3.48148e-007
7.62251e-005
0.0018072
0.000962952
5.83721e-007
0.00539505
3.71619e-006
3.71761e-007
0.000170553
3.13489e-008
0.00118917
0.0281909
0.00521967
6.65565e-008
1.405e-005
0.00260631
0.000303414
1.95568e-007
0.000612988
1.28357e-006
1.46012e-005
7.08073e-005
3.36557e-007
3.8938e-006
7.95051e-006
5.3611e-005
2.16751e-006
0.000544165
3.34895e-005
4.20083e-006
1.32005e-006
5.85383e-007
2.2901e-007
0.00914601
0.0115088
0.00740371
0.000135702
0.0001357
1.37689e-005
1.0629e-006
0.0026505
1.40146e-005
0.00156054
3.70315e-006
0.000136204
0.00511777
3.7044e-005
0.00343917
0.00200544
0.0110328
2.63176e-007
0.000129449
1.19647e-006
8.15905e-005
3.67649e-005
0.000132346
0.000152424
1.2085e-006
2.96105e-006
0.000455067
0.0002195
5.91752e-005
0.0217629
2.00908e-006
2.89878e-007
6.32679e-005
2.06526e-006
1.75446e-005
6.99857e-006
0.000860671
1.15076e-005
2.66448e-006
1.34795e-006
0.000876294
3.75751e-006
0.000655687
0.00165524
8.35795e-007
0.00442029
0.00546157
0.0011308
0.00140654
1.40127e-005
0.000195294
0.0033399
0.00202207
0.000463604
0.00650826
5.06837e-005
2.93801e-005
9.18023e-006
4.35304e-005
0.000523526
0.00107245
0.000114896
1.1606e-006
1.708e-005
6.62995e-005
0.000320034
0.000144157
6.97957e-005
2.51491e-005
5.77888e-006
0.000206142
0.0014594
3.34809e-005
2.27337e-005
3.84168e-005
4.12129e-005
0.0112075
8.27326e-005
0.000618476
0.000924314
2.12531e-005
0.000128753
0.000366631
0
7.23256e-006
3.19974e-005
0
2.19182e-006
9.25166e-005
1.7787e-005
0.000563661
0.0109268
0
0
0
0
0
2.68486e-007
2.76721e-007
6.63849e-007
0
0
1.68156e-007
2.38062e-006
3.19742e-007
5.3841e-006
1.97368e-005
4.92488e-007
3.2249e-007
2.2319e-006
5.28773e-007
1.07745e-006
8.98556e-005
7.32017e-006
1.70353e-006
