7400
0.000220711
7.76756e-007
7.59892e-006
3.25096e-008
0.000159578
5.57229e-005
0
0
4.22781e-005
6.92005e-006
0.000394302
0.000163165
2.29693e-006
0
9.44386e-006
0.00200852
6.78698e-005
1.39988e-009
2.1326e-006
4.65575e-005
5.02785e-005
0.000109374
8.81925e-006
3.69126e-005
0
0
0.000168802
1.54211e-005
3.20997e-005
0
9.9494e-005
1.53347e-006
0
0.000109606
0
2.6817e-006
0.000105359
0.000165719
0
0.000265065
8.47361e-006
0
0
0
1.16755e-005
9.99291e-005
0
6.83437e-006
0
0
1.32518e-010
4.48015e-005
2.61708e-009
4.22773e-005
1.53575e-009
0.012288
1.99263e-005
4.39019e-007
0
9.40025e-007
1.95997e-008
0.000223346
1.93734e-009
0
0.000101364
0.000130903
1.97223e-006
0.00066499
0.00012536
0.000182263
0
2.60495e-005
9.18497e-006
1.90488e-007
1.75082e-011
6.17273e-005
1.46516e-005
0
6.35033e-005
0
0
2.65575e-008
1.12825e-006
1.92151e-005
-6.73261e-011
0
1.97307e-005
8.24862e-007
3.05641e-005
3.51637e-011
5.66946e-007
3.27511e-005
5.6203e-005
3.17565e-007
0.000472185
1.00691e-006
0.000103702
5.53699e-005
3.41788e-008
3.69998e-006
4.87052e-006
5.39848e-007
2.15232e-006
5.83193e-005
8.99792e-005
0
0.000153265
0
2.07201e-005
0
2.47448e-008
3.03488e-005
7.42381e-008
1.21286e-005
7.07356e-007
0
0.000531682
7.49381e-005
7.78031e-006
5.09978e-006
1.09156e-005
1.138e-009
0
2.30159e-006
0
0.0274774
0
0
5.95296e-005
9.75339e-005
6.94028e-005
1.45543e-005
2.69971e-007
2.91916e-005
0
4.02857e-005
1.33863e-005
0
0.000652569
7.06708e-006
0.000267142
1.75693e-005
3.85558e-005
1.03688e-005
9.57356e-005
0.00428414
8.10483e-006
7.17857e-005
0
0.000324978
0.000122118
9.4679e-006
8.74446e-005
8.81987e-008
1.3836e-005
0.000201959
7.29146e-005
0
7.29501e-005
6.87597e-005
3.44251e-005
0.000158368
1.37845e-005
2.29081e-006
1.39853e-005
7.01582e-006
0.000315468
6.61351e-005
8.67734e-006
1.94579e-005
1.00538e-005
0
1.34922e-006
-2.33687e-009
1.06951e-005
0
0
3.83443e-005
0
1.0147e-005
0
3.87675e-005
3.41698e-005
0
1.46052e-005
0.000118187
-8.87297e-011
0.00399357
1.37271e-005
1.19849e-005
7.45968e-008
7.79926e-005
2.3589e-005
0.00023084
0
1.95998e-005
0
0
0
-4.36564e-012
2.73385e-006
1.10104e-005
0
3.09617e-008
0.000103815
0
2.8586e-005
1.26109e-005
7.21389e-005
2.31747e-006
6.64919e-005
1.89697e-005
2.11689e-005
0.000674665
2.7051e-005
4.68889e-005
4.54807e-008
6.75873e-006
9.03464e-005
2.51367e-005
0
1.54764e-005
4.93786e-005
1.74144e-009
0
0.00124061
0
1.70174e-006
4.3527e-005
1.54636e-005
2.54209e-005
2.477e-005
0
1.40772e-006
3.25605e-005
3.09617e-008
2.78296e-005
2.54814e-006
2.3536e-006
0
6.00101e-005
0.000238742
2.73893e-005
0.000632649
9.14417e-007
8.25289e-009
0.000586403
0.00128431
0.00524313
3.84323e-014
0.000102982
1.25794e-005
8.1794e-005
0.000133253
0.000118728
0.000123898
2.10283e-005
5.12562e-005
8.13472e-005
6.61158e-005
0.00196111
1.37263e-005
3.49444e-006
0
0
7.77347e-005
0
2.01467e-005
0.000245025
3.12454e-005
6.15178e-007
2.15155e-005
6.74508e-006
3.20547e-008
8.6905e-007
1.36794e-005
3.86567e-005
2.27929e-008
1.29201e-005
2.09e-005
1.26778e-006
2.91393e-005
5.0449e-006
1.7738e-006
5.02145e-005
0.000405262
1.97191e-005
0
9.4019e-005
8.01102e-005
3.30467e-006
0.000692085
9.74969e-005
2.69558e-005
-2.05704e-009
0.000449943
0
0
0
6.44952e-005
0
1.79327e-005
3.40928e-006
0.000160813
1.103e-005
4.35411e-005
-2.21098e-009
8.06059e-005
5.55691e-006
5.51435e-005
2.79052e-005
4.37288e-005
3.41711e-005
2.19675e-006
0
0
4.28169e-005
3.45448e-005
5.17023e-005
0
4.34752e-005
0.00016434
1.0214e-006
2.36941e-006
-1.10018e-009
2.14109e-005
4.47081e-005
1.84348e-005
0.000480078
0.00070808
4.11299e-005
3.55739e-005
0.000172884
0
3.88968e-005
9.80866e-006
0.00012117
1.47556e-005
3.53144e-006
8.33047e-008
0.000795324
1.37981e-005
2.31289e-006
2.00882e-005
0
0
5.91506e-005
0
3.67158e-006
0.00457327
4.95764e-008
7.12738e-006
2.73836e-006
5.49988e-005
1.09924e-005
0.000273757
9.92265e-005
0.000325028
0
6.44515e-005
7.81662e-005
0
1.61787e-006
3.41601e-014
2.56315e-006
0.000473312
0.000537582
5.83802e-006
0
7.00235e-006
1.54734e-005
2.94297e-006
7.10386e-006
0.000185732
0
6.13583e-008
3.41755e-005
1.0902e-006
0
2.63404e-006
0
3.21645e-005
1.65778e-005
1.21433e-005
0.000136701
1.85207e-005
0.000166601
1.61789e-005
0.019533
0.000283947
6.83619e-006
2.64886e-005
0.00050391
1.50283e-005
3.3071e-005
2.08048e-005
2.46154e-005
0.00350754
1.21014e-005
1.1021e-006
2.33391e-005
2.70861e-005
4.51143e-005
0
0
0.00760152
1.09584e-005
0.000190186
1.74108e-009
4.14486e-005
1.44351e-005
4.20263e-005
2.98318e-005
1.90569e-006
0.000124574
0.00034096
1.03317e-005
0
1.15927e-005
1.3611e-005
3.93892e-005
6.12177e-005
9.58475e-006
3.61903e-005
0.0001223
1.06585e-005
0
0
0.000327654
5.49645e-006
7.43336e-006
1.29425e-005
1.882e-006
3.9118e-006
0
1.77274e-006
0.000234459
0
0
2.83653e-005
0
2.8692e-007
1.16137e-010
0.000205985
4.43649e-006
4.76997e-006
2.78338e-005
2.63256e-005
2.9528e-005
7.87575e-005
7.40425e-005
0
4.95139e-006
3.90609e-007
4.51738e-005
0.000272719
2.09447e-006
3.71851e-007
5.04956e-005
0
1.69575e-005
2.56236e-005
0
0.00129686
4.01864e-006
2.07226e-007
2.5447e-006
1.71594e-005
3.15057e-005
0
1.22381e-009
6.10284e-008
0.000552009
0.000194975
4.12677e-006
3.30535e-005
3.35975e-005
7.38031e-005
1.77429e-008
0.000236404
1.41957e-005
0.000143927
0.00087555
0
0.000434806
0.000434828
0
1.93358e-007
2.09856e-005
0.000113708
1.49322e-005
0.00026888
2.24269e-005
1.20415e-005
2.25339e-005
1.65244e-010
2.63975e-005
2.82477e-006
0
7.80008e-005
0.00984674
0.000104766
0.000496772
0.000242102
4.56809e-006
0
1.62303e-005
0.000193324
0.000183622
1.12791e-005
3.60316e-005
0
2.84721e-005
6.14367e-005
1.95711e-006
1.1394e-007
3.60634e-005
0.00520237
4.58804e-006
0.000192803
3.27081e-005
0
9.75244e-006
2.06461e-008
0
3.51094e-005
0.000507828
0.000864585
4.00523e-008
0.00011297
0.000403791
0.0144739
0.00501717
0.00031433
1.59576e-007
1.94633e-005
7.90069e-005
9.96616e-006
8.5628e-006
1.78548e-005
1.596e-006
0
4.39981e-005
4.7188e-008
3.19255e-010
6.13668e-006
2.14296e-005
4.62533e-005
7.47746e-006
0.00967708
0
0.000167199
0.000115819
0
2.63083e-006
1.70587e-005
4.73267e-006
4.90428e-005
0.000159824
0.000100559
7.59328e-005
0.000203069
2.01387e-006
5.33199e-006
0.00926728
0
4.60404e-005
1.11769e-005
1.73049e-005
5.84537e-005
1.11815e-005
3.57408e-006
1.23176e-005
2.07636e-007
0.000122964
1.46396e-006
6.3784e-005
1.24126e-005
1.66714e-005
2.79558e-007
0
2.21598e-005
8.08867e-009
6.61672e-005
5.66482e-006
0
0.00258595
9.1715e-007
3.58714e-005
-1.36909e-009
8.60365e-006
4.19458e-006
1.04544e-006
0.000199522
4.51759e-005
0
5.69843e-006
2.33304e-006
-5.78719e-010
0
2.97243e-005
4.89306e-006
9.53489e-006
3.7342e-005
1.14851e-005
0
0
0
1.97462e-005
6.2001e-005
0
1.19551e-006
6.87067e-005
0.0252726
-1.8199e-009
3.36058e-005
1.01736e-006
0
7.53304e-005
3.82453e-005
0
0.00682934
0.00855993
1.6001e-005
0.000154277
1.76696e-005
9.07277e-006
7.94798e-006
0.000126908
7.90093e-005
0.000257977
7.02802e-006
3.54462e-006
4.65196e-011
2.64719e-005
0
0.000327663
0.000107815
0.000140245
0
0
2.76719e-006
0.000170901
0.000209066
0.000311328
1.06979e-005
4.17219e-005
1.93766e-009
5.03224e-007
0
4.91576e-005
5.30203e-007
0.000203376
1.82816e-006
5.03485e-006
5.08447e-006
8.33942e-006
5.62458e-005
2.32785e-005
0.000270275
0
0.000245312
9.97322e-005
1.07339e-006
0.000232434
1.08782e-005
1.27564e-008
3.91253e-009
1.8692e-005
0.000288628
0.000214269
3.16489e-006
4.57195e-005
3.25615e-005
2.62588e-005
4.34869e-006
0
4.17026e-006
1.59347e-005
1.45553e-005
6.13501e-005
7.20108e-005
5.59769e-006
1.04165e-006
3.00352e-007
0.00012604
2.46918e-005
2.22691e-005
2.59228e-008
1.93478e-005
0.000273538
0.000298914
1.52948e-005
9.17601e-006
2.89642e-006
7.5669e-005
1.10476e-005
4.57681e-005
8.71807e-006
1.9445e-005
1.02482e-005
5.00589e-005
1.02611e-005
2.32438e-005
0.00159289
0
1.12995e-005
0.000317915
3.40521e-005
0.000249122
1.21983e-005
0.000166591
0.000136218
2.35024e-005
0.000104504
3.7514e-005
5.87747e-005
3.00162e-005
1.4308e-005
3.61675e-006
3.86889e-005
0.000177168
2.13621e-005
1.7706e-006
3.45732e-010
6.48575e-005
4.45905e-005
8.57001e-005
4.48063e-005
3.23484e-006
0.0013957
1.47015e-005
0.000307818
2.94988e-005
3.48996e-005
3.68225e-005
0.00708729
8.6193e-005
8.02236e-006
0
0
0.00151712
0.000499907
2.19646e-006
4.05912e-005
2.33088e-005
0.0164782
9.24778e-006
0.000709931
6.75497e-005
5.11921e-006
9.72472e-006
1.31245e-005
0.000647408
0
0
0
7.02056e-005
3.2469e-007
9.71987e-006
5.14037e-006
0.0188792
1.72752e-006
0.0220141
7.91105e-006
5.29812e-005
2.28788e-005
1.07734e-005
0
0
0.000498593
0
1.08291e-006
1.73615e-006
0
1.47316e-005
0
0.00208344
4.40299e-007
1.74632e-006
0
8.14728e-006
0.000341906
5.44358e-005
1.7753e-006
0
0
0
1.09351e-005
1.70637e-005
2.09709e-005
0
1.9693e-005
0.00116017
2.45801e-007
2.22714e-006
0.000183961
6.66434e-008
4.25768e-005
1.50867e-005
5.90531e-006
7.95795e-005
0
4.20193e-006
7.5668e-005
1.8306e-007
2.2038e-006
0.000270383
2.4565e-005
0.000996002
6.38893e-006
6.58532e-010
1.8851e-006
4.26636e-005
5.62212e-005
0
0.000106458
4.85366e-005
3.55723e-006
3.85067e-005
4.60998e-005
5.82172e-007
7.44936e-005
5.91443e-007
0
1.73256e-005
1.52533e-005
5.69999e-005
5.58017e-006
6.31848e-008
4.22011e-006
0.000593791
0
3.65788e-005
0.000548789
2.88038e-005
3.97102e-005
1.07871e-005
5.48303e-005
4.71067e-005
5.12098e-006
9.17759e-005
9.61176e-005
4.02543e-005
4.40305e-006
5.19278e-006
2.65832e-008
0
0
0
2.91663e-005
0.000102778
0.000239984
2.13688e-005
5.63992e-005
2.73897e-005
0.000311312
0
0.000111268
3.61205e-006
5.00405e-005
0
0.00259314
2.15109e-006
0
0
0.0151209
0.0144935
0.000121621
4.8677e-005
1.45465e-005
1.78348e-005
5.27795e-005
2.51433e-005
4.00207e-005
3.49249e-006
0.000117438
2.19317e-006
0.000165147
5.38311e-006
9.34649e-006
0.00220476
0
0.000252308
3.33824e-005
0.000164039
0.000219616
0.000398409
0
0
0.000105843
4.21589e-005
9.91069e-010
1.09177e-009
6.79902e-006
0
0.000562559
0.010455
1.51563e-005
0.000316554
0.00365027
4.17946e-006
5.87067e-006
1.04585e-006
7.14784e-006
2.63905e-006
1.07856e-007
6.72528e-006
4.88204e-006
1.90247e-005
0.0231219
2.27945e-006
6.0198e-006
4.30842e-007
2.45982e-006
5.65163e-005
0.000169794
0
1.90806e-006
0.000254295
0.000103866
-8.75904e-012
4.36765e-005
3.07982e-005
0
0
2.80799e-005
5.58487e-008
6.73954e-006
1.88617e-005
0
0
0.000165209
1.18055e-005
7.13391e-008
8.09151e-005
4.53823e-006
2.12589e-005
0
0
2.0859e-005
0.000113417
6.37585e-006
2.70651e-009
4.07403e-005
3.66293e-005
0.000207557
4.75583e-006
0
6.43337e-006
1.77531e-006
2.46054e-005
2.21914e-006
1.56268e-005
6.91743e-005
9.72251e-005
0.000478849
7.69648e-007
1.91866e-005
8.0545e-005
8.3859e-005
0
0
1.49829e-005
8.02067e-006
1.16525e-005
8.95856e-006
5.65785e-006
1.20339e-005
4.40367e-005
0.000125608
0.00019546
0.00040477
0
1.13556e-006
0.000154364
0.000344243
7.36828e-006
0.000236998
2.14935e-005
6.61094e-007
0.000604385
3.49407e-005
1.23671e-005
5.54388e-005
-2.41128e-009
0
1.8506e-009
0.000104583
2.44296e-005
2.27271e-005
2.05587e-005
0.00274009
6.93459e-006
2.10953e-009
0.000644269
0.000179608
4.21301e-006
1.1209e-005
2.756e-005
0.000113224
0.000389239
4.77134e-006
3.56789e-006
8.17987e-005
0.000184125
0.000224449
1.95864e-005
0.000393778
2.19254e-006
1.14797e-005
8.45978e-008
6.97759e-005
5.78005e-005
3.23614e-005
6.41972e-005
1.71862e-006
0.000364416
0
0
4.77934e-006
0.000829306
1.45494e-005
7.38189e-006
0.000562106
0
0.000668012
4.39883e-006
2.71581e-006
0.00792821
1.42418e-005
5.24648e-006
2.90472e-010
0.000234234
1.6146e-006
0.00138958
0.00403806
9.36961e-005
0.000114274
6.4575e-005
3.1879e-006
0
6.4406e-005
0.000170347
0.000205804
0.000110488
2.14923e-005
8.01639e-005
0.00404687
8.51369e-006
0.00063822
0
6.7374e-005
5.26996e-007
-1.9483e-009
7.61223e-006
0
1.98012e-009
0
7.27028e-005
0
6.24227e-006
5.23018e-005
9.29784e-008
4.79387e-005
1.92813e-005
1.14095e-005
0.00119712
7.48066e-006
0.000320122
0.00114767
2.73657e-005
0.000105725
0.00279754
0.00125403
1.57211e-005
3.07595e-005
2.78805e-005
0.00680582
7.85961e-009
2.23265e-005
0.000209125
1.90865e-006
4.68464e-005
0
2.14623e-005
8.73092e-005
0.000170697
0.000237171
1.6375e-008
1.86472e-005
1.58001e-005
5.12868e-006
0
0.000416582
2.06598e-005
0.00319967
6.28228e-006
1.44039e-005
0
5.29823e-005
3.05925e-005
0.000803427
0
0.000490889
0.00102265
1.81837e-007
0.000239895
5.35947e-005
1.49766e-005
1.1494e-005
9.40003e-007
3.00148e-005
1.81374e-005
2.35462e-005
0.000114771
0
0.000323303
7.0034e-006
9.81627e-005
4.84219e-005
3.26059e-005
7.91432e-006
7.54634e-006
8.76765e-005
1.70235e-005
1.82117e-010
1.73823e-005
1.64813e-005
3.04746e-005
0
0.0130665
3.29058e-005
0.00177235
0.000160941
3.24051e-005
7.96548e-009
0
2.46753e-005
4.1931e-005
0.00027825
2.78176e-005
1.23518e-006
2.53286e-007
1.95369e-005
0.000130518
5.11469e-009
0
0
0.000492732
0.000310839
0.000377201
3.65286e-005
4.95071e-005
0.000287805
1.62242e-009
2.02191e-007
3.27238e-005
0
4.20753e-005
0.00893326
0.0137429
9.16e-006
9.00906e-005
0.000790825
0.000230801
0.00397592
0.00304703
0.000314263
1.97312e-006
7.38637e-006
6.22513e-005
1.54677e-005
5.92101e-005
1.74107e-005
0.000127912
6.14432e-005
8.62629e-007
0.000114427
0.000172825
6.96314e-006
0.00222405
5.82172e-007
0
0
9.07068e-006
0
0
4.96958e-005
3.01536e-005
5.79524e-012
0.000876225
0.00513496
0.00515884
0
0
4.7153e-005
0
0.0001425
9.80382e-005
0
0.000167158
6.46226e-005
1.23373e-006
0.000535283
0.000802113
2.11584e-005
0.000593062
1.47591e-005
0.0017251
0
1.12116e-005
2.08849e-005
0.000788277
3.49269e-005
1.10046e-008
0.000570613
0.00202231
0.000266407
2.62781e-006
4.50565e-007
5.11213e-014
7.12071e-006
0.000163339
0.00179959
5.53338e-005
0.00506313
0.00358154
3.34101e-005
8.56743e-005
3.91429e-005
0
8.75897e-005
0.000294421
1.15689e-005
2.88558e-006
1.67834e-006
0.000212419
-1.98075e-010
0
1.40679e-005
3.90133e-005
9.01062e-008
8.57868e-005
0
0
6.32e-006
0.000525621
0.00187702
2.65784e-008
0.000155418
0.000114395
0
3.89759e-005
5.70021e-006
2.53224e-006
1.45888e-005
1.24676e-013
0.000162381
0.000326653
9.19824e-005
1.44296e-005
6.86099e-007
0.0192088
7.35957e-006
0.00103324
0.00386353
1.89715e-005
0
0
3.91541e-007
5.38336e-005
6.23629e-006
0.0021094
0
4.52532e-005
6.61528e-006
5.16531e-005
0
6.58307e-005
0.000382827
0.00066038
0.00198149
0
7.16289e-005
0.004281
0.00197352
1.81977e-005
0
3.50329e-006
1.33588e-005
2.06604e-006
6.75073e-005
3.84295e-005
0
0
0
0.00226254
0.000242422
0.000266034
2.60141e-005
2.49931e-005
2.26235e-005
4.01085e-005
0.00317576
6.61563e-005
0
0.000541787
-1.96775e-011
3.80384e-005
0.000437029
0.000383342
0.0117865
8.99995e-007
0
7.68598e-007
6.84072e-005
1.98307e-005
9.18082e-006
0.000158762
6.55706e-005
0
2.09506e-005
0.000109631
0.000335187
0
0
2.02116e-008
2.71547e-006
0
2.84282e-005
0.00621715
9.24467e-006
4.29947e-005
0
4.11888e-005
0
0.000115683
0.000101134
3.51817e-005
2.5027e-005
8.19036e-006
8.31711e-005
2.67808e-005
0.000363477
3.10791e-006
1.58479e-005
2.08621e-006
6.80674e-005
4.60877e-006
0
0.000281005
0
1.85662e-006
4.06522e-005
3.35257e-005
1.16873e-005
1.98061e-006
3.43839e-006
0.000447705
1.07046e-005
1.82587e-006
0.00173286
1.08048e-009
3.43767e-005
0.000463751
3.61014e-005
2.20102e-005
3.92507e-009
6.46331e-005
0.000372891
2.71939e-007
0
0.000109413
0.00013465
0.000211816
2.20587e-008
0.000454023
0
3.5617e-005
1.38618e-005
0
2.1285e-006
2.05127e-006
0.000174707
3.27842e-005
5.37237e-006
0.0484175
0
0.000112745
0.000413671
9.05483e-005
0.000133495
0.00226922
5.70149e-005
6.14465e-005
9.53431e-005
0
0.000106402
0.000129178
0
0.000101778
0.000386295
2.40827e-006
0.000512978
0
0.000312941
0.000120685
0.000277623
0
5.64012e-005
7.29896e-006
0.000159084
1.68685e-006
1.2846e-005
8.97249e-006
0.000582512
3.00658e-005
0.000270708
0.0096939
0
1.52648e-008
3.12742e-005
1.80035e-005
4.48498e-006
-8.52486e-010
8.12168e-005
0.00257849
3.31834e-009
0.00259448
4.55844e-008
2.11501e-006
0.000790022
2.10366e-007
0.000284598
1.88791e-005
1.02772e-005
6.81068e-005
3.3781e-009
0
0.000703527
6.96716e-005
7.23871e-006
0.000134348
1.32098e-008
0.00390761
0.000622721
3.25697e-005
7.104e-006
0.000506307
4.95678e-005
0.000135774
0.000138576
0.000201943
6.88585e-006
0.000141755
8.81814e-007
0.000187751
2.97047e-005
9.18159e-006
1.35542e-006
0.000100951
1.55814e-005
1.78428e-007
0.00672967
0.00100015
9.08317e-006
3.35712e-005
2.2659e-005
1.47554e-005
0.000533313
9.2043e-009
2.7241e-005
1.23772e-009
8.88314e-005
0
4.87454e-005
2.84202e-005
2.74998e-005
8.56164e-008
6.65177e-007
0.000154262
4.90178e-005
2.47606e-006
2.86134e-005
5.63974e-005
0.000123255
1.72983e-005
0
0
2.89613e-005
1.44562e-005
4.15108e-005
2.20731e-007
0.000393872
7.83141e-005
8.23339e-006
0.000160018
1.9937e-005
2.34104e-005
2.57116e-006
9.10942e-005
6.68483e-005
2.19957e-005
0.000545842
0
0
3.55633e-005
0.0010362
2.53594e-006
7.42432e-005
0.0001705
1.43824e-005
0.000420905
3.06253e-005
0.000691533
6.27457e-005
2.94528e-005
2.24592e-005
2.81139e-005
3.31284e-006
0.000374203
0.000328193
0.000149749
2.81549e-006
0.00212746
2.13499e-005
5.92872e-005
1.12686e-005
2.28864e-005
0.000112793
0.00340931
7.09458e-005
0.000277306
0.0003063
0.00034576
5.50091e-005
1.54978e-006
1.89886e-006
0.000177101
3.05281e-009
0.00088971
0
1.43275e-005
9.68382e-006
1.93569e-006
1.97382e-006
0.00239956
5.19011e-007
1.05376e-005
1.62704e-005
0.000124975
0.000488912
6.72368e-005
0
1.62577e-006
6.52309e-008
6.87745e-006
1.36933e-007
0.000193155
2.86948e-005
0.000431691
8.23887e-005
0.000186254
1.46509e-005
6.3529e-007
0.00191763
0
1.91166e-006
0.000123298
0.000446173
3.36119e-005
0.00757103
0.000806097
0
2.58044e-006
0.000182362
5.66607e-006
0
0.000698545
6.74106e-005
4.06246e-008
7.12816e-005
8.56009e-005
2.46221e-005
-4.20097e-013
9.64546e-007
1.17726e-005
1.26309e-006
6.03724e-006
3.87591e-005
0.000540558
0
8.8461e-009
4.80417e-009
2.14169e-006
5.88074e-005
0.000846219
5.02087e-005
2.25853e-009
8.90731e-005
4.9961e-006
0.00428684
6.02826e-005
0.0001352
0
1.4874e-006
3.30525e-006
0.00025563
0
0
2.85232e-005
0.000188918
0.000572142
0.000793237
3.23526e-006
2.6777e-005
1.43978e-005
0.000607615
1.31793e-005
8.50201e-006
3.46054e-008
8.27759e-007
5.64232e-006
0.000503511
0.000536523
1.11313e-007
-1.55359e-009
0
0.000776552
0.000784814
0.000145155
0.000870647
0
0.000406777
0.000429277
0.000218285
1.58367e-005
6.81949e-005
0.00141637
2.15075e-007
6.14745e-006
1.14771e-006
7.70295e-007
1.59695e-006
1.77911e-005
1.60704e-005
2.57859e-005
5.22615e-005
1.67185e-006
8.21404e-005
1.24173e-006
0
0.000101546
1.68253e-005
1.44297e-006
0
8.65397e-005
2.20059e-005
2.88892e-007
0.000280768
2.45865e-007
0.00066252
2.44748e-006
2.26644e-005
6.16593e-005
1.23256e-005
5.55709e-005
0
1.02979e-005
0.00398218
2.34043e-006
0.000351221
1.18312e-006
5.79424e-006
0.000107958
0
1.40225e-005
1.23801e-005
0.000115129
2.99151e-006
5.6182e-006
0.000128964
1.23982e-005
0
4.60009e-007
1.14415e-006
8.3809e-005
1.2404e-005
0.000299875
0.000682786
2.60219e-005
0.00101322
0.000787716
0
3.62359e-005
1.81939e-005
3.00148e-005
0
1.90595e-007
5.46348e-006
-1.22283e-009
9.73535e-007
1.98988e-006
1.71267e-005
7.46443e-008
6.01341e-007
7.46061e-007
6.19433e-007
3.40285e-005
7.12925e-007
0
1.03065e-006
1.25259e-006
1.09213e-005
2.56392e-005
0
0.000181763
0.000108414
1.14547e-005
0.000267988
0.000219432
2.07551e-010
6.06804e-007
1.81527e-006
-1.10161e-009
3.64296e-005
0
0.00044824
0
2.47598e-007
1.0505e-010
1.16053e-005
1.14653e-005
7.13452e-007
9.25457e-005
0
0.00308869
0.00132892
0.00205062
0
0.000170963
0
6.38153e-005
4.35989e-005
3.87452e-005
0.00227202
6.25734e-007
4.59357e-005
7.24983e-005
1.711e-005
0.000142904
0.000741608
0.000866124
0.00875487
6.69543e-006
0.000980581
4.00186e-006
4.6017e-005
0.00768974
4.71958e-007
-1.6952e-009
5.57245e-010
7.82706e-008
9.92474e-006
0
3.61696e-005
6.2362e-006
8.91987e-005
1.55612e-007
-1.28378e-010
-3.89643e-010
1.80667e-006
0
0
1.49029e-005
1.26225e-009
3.65661e-006
0
0.00975016
0
7.9123e-005
7.58083e-006
0.000136536
5.88822e-006
0
4.56696e-006
6.98002e-006
1.26386e-007
6.91939e-005
0.000382138
2.1793e-009
0.0014232
0.0001655
5.78206e-005
2.54811e-006
2.09288e-005
7.60381e-006
8.48897e-005
5.5673e-006
0.00029195
2.80806e-008
8.3619e-005
0
3.28044e-005
0
2.408e-005
7.35015e-005
0
1.0162e-005
2.58364e-006
0
2.03752e-005
5.96328e-014
1.74444e-005
0.000133755
1.95829e-012
6.6659e-006
0
-3.33167e-009
0
0.000376075
8.30599e-005
2.26695e-006
5.94037e-006
1.03673e-005
0.000737354
0
1.22511e-005
1.70915e-005
7.69566e-005
0.0343938
0.000219153
0.00013586
0
2.31104e-007
0.000216322
7.97382e-007
0
1.24654e-005
2.14847e-006
4.57397e-005
9.46563e-006
0.00014322
1.01153e-006
0.000275913
1.20451e-005
0
0.000116586
0.000182056
0.011034
0.00222576
2.51685e-006
0.000911234
0.00181266
2.86887e-006
2.3221e-005
8.88882e-006
4.5846e-006
5.35622e-005
2.34869e-007
2.53062e-007
2.93972e-006
2.07636e-005
4.01769e-005
5.89716e-006
0.000231894
2.18583e-006
3.30884e-006
4.30155e-007
0.00027535
0.00023279
7.01906e-006
0.000160627
1.08287e-005
1.98988e-007
1.13455e-005
1.32053e-007
0
0.00010392
0.000341768
0.000432612
0
2.42035e-005
6.43529e-006
4.21716e-005
0
0.000420344
3.44806e-006
4.72641e-006
0.000485787
0.000229794
0.0002848
0.000119179
1.9971e-006
0
-8.34977e-012
1.03383e-005
1.57863e-005
6.62918e-007
6.70633e-006
5.60303e-007
0.000813819
3.93022e-005
0.000738547
6.92732e-013
7.64058e-006
6.90755e-013
5.40173e-006
2.32701e-006
2.31163e-005
2.55637e-006
9.66248e-009
3.58854e-014
5.49123e-006
4.86402e-005
1.6116e-006
0
2.35986e-005
1.01961e-005
0.00386342
0.000359028
0.000483855
0
9.69362e-005
0.000223919
0.000214892
8.39229e-006
1.05765e-006
6.53178e-007
1.2054e-006
6.9338e-007
0.0102398
7.99951e-006
3.16493e-005
3.03671e-006
1.51413e-005
7.27349e-005
5.47759e-005
1.10395e-008
0.00228951
0.00104872
3.38711e-006
1.47265e-005
0
4.31635e-006
0.000189759
0.000136629
0
1.18292e-005
3.96853e-005
5.13654e-005
1.71648e-006
0.00144805
1.08914e-005
0.000400748
2.02906e-008
4.83456e-005
9.97356e-006
3.60142e-005
0.00653288
6.32479e-006
1.06095e-005
0.000319827
3.67577e-005
0.00049988
4.82497e-007
0
-2.12348e-009
0
1.97052e-005
2.3347e-005
1.99846e-006
0
0
1.41607e-005
0.0146327
0.000105182
5.18021e-005
8.62959e-006
0.000150793
4.08862e-005
4.93997e-005
2.40889e-005
4.19808e-007
0
5.03824e-008
6.27476e-006
0.000155308
7.0811e-006
1.18286e-006
8.46438e-011
7.03144e-006
5.18483e-005
0
2.83895e-005
2.74885e-007
4.55379e-005
3.16556e-005
5.11429e-005
2.96993e-006
6.42648e-007
2.27219e-006
0.000134234
6.5845e-006
3.51296e-005
1.28806e-005
0
1.30097e-005
0.000374559
0.000208495
2.78104e-005
1.86394e-005
5.47416e-005
0.00073408
0.000298822
0.000259661
0
9.22605e-006
0
0.000108588
0.00013466
2.60163e-006
7.72439e-005
0.000133732
0.00268216
1.17592e-006
1.12986e-005
0.00046788
0.000157844
0.000218124
2.31188e-006
0.000746672
0.000199332
1.06716e-005
0.00451374
0.00835085
2.79452e-005
0.000126784
3.05173e-005
1.87362e-008
0
9.7348e-010
1.00179e-005
0.00434836
2.60787e-006
0.00720224
6.15415e-006
9.43524e-006
2.55165e-005
1.33073e-005
0.000247816
7.96039e-007
3.60396e-006
0.000197259
0
9.46699e-007
0.000427691
9.17848e-005
3.01542e-005
4.15609e-005
0
0
5.61807e-005
0.000338834
-1.13451e-009
2.69588e-006
0.000137342
0
3.09916e-008
0.000754215
8.27693e-007
1.38935e-005
0.000187628
0.00279729
0.000228781
0
0
0.000244014
3.62396e-005
0.000199198
2.68454e-007
0
1.43717e-005
2.9158e-005
3.61794e-006
2.09939e-006
0
5.10033e-005
1.43916e-005
1.58485e-006
0
1.78538e-009
6.07559e-008
1.71201e-005
3.57682e-005
1.13031e-005
2.29761e-006
1.1452e-005
9.85911e-006
1.25428e-007
0.000255357
8.24963e-007
0.0103451
0.000169189
9.28021e-006
4.37969e-007
1.54321e-006
1.08979e-006
7.08599e-005
2.03043e-006
2.64269e-005
1.05768e-005
9.3123e-006
2.87775e-005
0.000132412
8.99977e-006
4.2554e-005
5.77215e-006
0.00129609
3.57955e-005
0.00424888
6.94846e-005
3.51815e-006
2.19313e-006
0
0.000133907
3.16456e-005
7.07091e-005
-1.55283e-009
2.95587e-005
4.14765e-005
2.20353e-006
2.54462e-005
8.55159e-005
2.29523e-007
0.00244744
6.51921e-007
0.00158652
0.000344034
5.40844e-005
0.000192767
2.73585e-008
0.000139508
0.00143879
0.00469582
0.00684817
8.46844e-006
4.53728e-009
2.00663e-005
6.58947e-006
0.00104472
0.000118789
2.10349e-008
0
0.000870533
0.000237213
1.39875e-006
8.59482e-005
0.00950048
3.94708e-005
7.85631e-005
1.99532e-008
1.55287e-005
0
6.58283e-007
0
2.17891e-005
3.83621e-005
0.000225591
6.12924e-006
7.17742e-014
1.5031e-005
0.000136009
5.05258e-006
2.5293e-005
0.000117955
0.0006732
0.000123106
0.00375665
0.00129669
0.00022998
1.15758e-006
7.20464e-008
0.000103597
4.18773e-005
7.86297e-006
1.25115e-013
0
5.31589e-005
1.16234e-005
1.99244e-005
2.35824e-005
2.00943e-005
0
0.000586708
1.35353e-005
6.97939e-005
9.49389e-009
1.68552e-009
1.55096e-008
3.45821e-009
0.000266574
4.13589e-005
0
0
0.00506832
5.71608e-007
3.28653e-006
8.39354e-006
0.0005906
-1.77867e-009
0.00124954
6.85546e-006
0.000824587
0.000478921
0.000450821
0.0317058
0.000313007
3.13659e-008
3.58747e-005
9.5775e-006
6.27113e-005
0
0.000607543
0.000323236
0
8.87767e-006
2.5997e-005
0.000683218
5.63248e-007
0.000113974
3.35951e-006
1.02186e-005
5.70039e-007
1.09647e-005
1.40672e-007
7.67502e-006
0.000221105
0.000619311
1.2695e-007
4.75862e-005
2.82904e-009
0.000242593
2.48971e-008
0.00059855
2.72112e-005
4.80545e-007
0.000715832
2.16972e-010
0
7.02376e-007
0.000148066
8.63992e-007
0
0.000278015
5.45964e-006
0
1.36593e-009
0.000109936
0.000100041
4.11433e-005
3.35572e-006
0.000249214
0.00235215
2.11893e-005
3.8123e-008
0.000272049
8.49274e-005
4.66002e-005
0.000555941
0
1.19158e-005
0.000245354
0.00125853
0
4.19903e-007
0
4.72475e-005
1.11645e-006
8.48711e-006
0.00285524
5.83379e-007
-1.37087e-009
3.63688e-005
2.71321e-005
2.59058e-006
2.77828e-005
1.64408e-006
0.000166852
3.31967e-006
3.13975e-006
5.23868e-005
0.000111604
0.00033939
0
3.30887e-005
5.70078e-005
4.36753e-008
0
2.64268e-008
0.000422525
2.22555e-006
2.32448e-006
3.8983e-006
0.00271132
1.30058e-006
3.57581e-006
4.94264e-005
4.03099e-006
7.65453e-005
5.60951e-005
4.91631e-005
6.03243e-005
7.25115e-005
0.000259288
4.45085e-007
-3.13444e-011
0
6.25172e-005
0.00130072
0.00311822
0
0.000288055
4.54532e-006
1.30139e-005
3.51459e-006
3.18024e-006
0.000643757
0
7.68115e-006
0.00030828
1.36663e-006
0
0.000355692
0.000269762
0.000181976
0.000132753
6.21324e-007
1.50623e-005
1.45111e-006
0.00107836
0.00429481
3.03842e-005
7.63369e-006
0.000320377
4.44715e-006
8.65624e-007
6.60978e-007
2.36211e-006
1.20317e-005
2.20499e-005
0.00215354
0.00311809
1.78087e-005
1.48114e-005
3.49214e-006
0.00367646
2.7348e-005
0
0.000619584
0.0010555
0.000234227
4.57612e-010
1.62265e-005
0.00369354
6.51279e-006
3.49679e-006
4.37127e-006
3.1229e-006
3.61507e-005
0.000368964
3.44845e-005
5.8464e-008
0.000117066
1.65401e-006
0.000242027
0.00336353
0.000137002
1.7015e-005
6.45043e-008
4.27822e-005
0.00025541
1.66614e-006
0.0158831
0.0030327
1.7264e-005
0.000218481
0.000240403
6.13314e-005
0
0.00170076
3.69216e-006
4.91891e-008
2.53683e-005
0.000477189
0.000228059
6.28245e-006
6.75476e-007
0.000366848
6.84283e-006
0
0.0028374
1.39312e-007
0.00145677
0.000220733
0.00035595
2.37763e-005
1.1914e-005
0.000127448
0.000286516
0.00297236
-1.97869e-009
2.27206e-007
2.32291e-005
0.000124405
1.20746e-005
0.000574405
6.83364e-006
4.77011e-006
0
0.000598347
9.88345e-006
3.16522e-005
3.6002e-006
2.67251e-006
0.000223043
0
-2.365e-009
1.21721e-007
0.000165229
3.51419e-005
2.82042e-008
0.000701145
0
5.70936e-005
0.00072251
7.02786e-005
9.21791e-006
0.000242515
0.000119646
8.1763e-007
0.00424094
0.000114145
0.000116029
1.98071e-005
0.000157796
1.57564e-008
4.86998e-005
1.83478e-005
5.10892e-009
5.17246e-005
4.81921e-006
0.0089351
1.84956e-005
9.42924e-005
1.07224e-005
1.05969e-007
2.09069e-005
0.000212947
2.91248e-005
2.77338e-005
6.75181e-007
1.42777e-005
3.0784e-005
0
0
3.4679e-005
0
3.29362e-005
6.25853e-008
1.54769e-007
0
1.1782e-005
0
0
3.13124e-005
0.000101821
0
4.01994e-005
4.08867e-006
1.96405e-006
0.000415152
7.31372e-005
2.76117e-005
5.6478e-007
5.82986e-007
3.00722e-005
3.10102e-005
1.46517e-005
0.000685076
4.98006e-005
1.3967e-006
9.75446e-006
1.38147e-006
0.00100243
2.04182e-006
0.00131157
2.17886e-005
2.11962e-006
2.89241e-005
0
4.1158e-010
3.36617e-005
4.56749e-005
6.57221e-005
5.05518e-006
4.19676e-005
1.93038e-006
8.43663e-005
8.02737e-006
1.4319e-006
0.00398987
-1.7696e-009
6.95352e-006
6.77955e-005
1.01685e-010
0.00012182
0.000120401
0.000116103
0.000771328
4.75358e-005
0
1.63196e-012
0.000189794
3.39791e-005
3.62791e-005
1.00181e-005
5.10327e-006
0.00194338
0
3.07381e-005
2.84818e-005
0.000940931
2.22349e-007
6.1294e-006
0
5.6167e-005
3.34443e-005
5.05595e-005
0.00164993
1.85681e-005
0
4.70585e-005
4.38532e-006
0
0.000226435
0.000657709
3.70148e-005
0.00159666
1.69371e-006
4.96912e-005
1.48783e-006
1.50521e-007
2.46572e-007
0
0
0
0.000482748
2.12346e-005
3.12079e-006
0.00326351
1.16495e-005
4.12326e-006
6.70884e-007
0.000503885
3.91414e-005
0.000147137
2.72017e-005
3.89325e-006
6.03578e-006
3.69096e-006
0.000274369
0.00036355
0.000250319
0
1.59012e-005
0.0025109
3.26633e-005
0.000511117
2.40159e-005
5.83e-006
6.30842e-005
4.67307e-005
0.00160665
0
0.000346139
0.000171468
4.70373e-006
0.00104181
4.24496e-006
0.000411157
7.7139e-006
0
3.12021e-006
0.00548393
0.000641038
1.23947e-005
0.000452773
8.66334e-005
1.67745e-005
0.000119164
4.22453e-005
9.51137e-007
1.65112e-006
4.524e-007
0.000190524
1.51874e-005
0.000302755
7.62786e-006
3.09388e-005
1.88067e-006
0.000190717
0.00224474
0.000165788
9.13245e-005
2.51693e-006
4.49947e-005
0.000387986
6.25343e-005
2.8299e-005
0.00140235
7.25612e-007
8.86382e-005
4.55368e-005
1.33187e-005
3.90209e-006
0.000165301
8.84012e-005
6.53852e-005
0.00272413
2.01691e-006
4.37683e-007
4.11581e-010
3.45951e-005
0.000276087
0.00202167
0.00316885
8.27334e-009
0
5.17721e-007
0.0028323
0
7.75216e-007
0.000920023
0
0.000597185
5.94356e-006
0.000169202
0.000405111
0.000397262
6.28534e-006
0.0040538
3.06965e-005
2.06785e-005
1.5888e-006
0.000146428
0
0.000192529
0
0
7.38393e-011
7.37815e-007
1.81364e-005
5.09857e-005
1.07723e-005
0
0.0028543
1.57808e-005
9.11055e-005
9.80188e-009
0
0
3.94088e-005
4.23707e-006
4.30916e-005
1.37207e-006
0
0
0.00316034
1.05849e-005
9.12079e-006
0.00364696
3.34149e-005
0
0.000251209
4.89057e-006
0
5.61206e-006
1.08924e-006
4.20355e-007
0
0.000877976
8.30196e-005
0.000103714
0
0.000153589
0
0.000294009
0.000411435
9.4634e-005
2.21928e-005
3.98447e-007
1.22612e-008
3.14748e-005
6.28818e-006
0.00251979
0.00165045
1.72829e-005
1.69548e-006
0.00558453
2.09464e-005
8.01393e-008
1.04487e-005
0.000387735
0.000360997
0.000170507
5.74049e-005
0.000130185
5.10164e-007
0
3.59921e-005
0.00205412
2.11499e-006
0.00031111
2.72174e-007
0.000258004
0.000311554
1.95429e-006
0.00367116
4.64084e-006
1.10236e-006
5.71088e-005
0
6.7058e-006
0.00215379
3.72358e-007
0.000382785
3.03625e-006
5.34241e-006
7.96031e-006
1.50123e-005
0
3.46125e-008
2.09008e-007
0
2.89995e-007
2.9461e-006
2.0919e-005
0.000918528
2.77645e-008
1.1827e-006
9.77502e-005
0
6.76147e-008
2.66023e-006
1.42468e-007
0
0
0
2.30258e-005
1.03586e-005
1.17223e-007
2.26729e-005
0.000194139
0.000292915
3.03025e-005
2.56131e-005
3.54926e-006
0.00046474
0
1.67895e-008
9.58428e-005
0.000245229
0
0
9.70922e-006
7.8235e-009
9.14947e-006
0.0018166
0.00580779
0.00017567
0
3.35779e-008
3.06296e-006
5.92301e-006
1.91188e-005
4.35044e-005
8.87097e-006
0.000794724
7.81685e-005
0.000356299
0.00321472
1.73244e-005
0.00122901
0.000522943
0.000399151
0.00053993
0.000901614
0.000275116
0
0.000647098
1.3572e-005
0
0
1.50463e-010
7.4717e-007
0.000131404
1.13471e-005
3.29192e-007
3.10618e-006
0
0.00223047
7.08812e-007
4.40636e-006
0.0012575
0.000113961
1.03514e-006
0.000121842
0.000231616
3.91945e-006
0.000289408
0.000103968
8.6195e-005
0.000134468
1.91169e-006
1.55224e-005
2.57541e-006
3.31743e-006
0
3.79936e-005
0
0
0.00022764
0
2.11484e-005
9.27317e-005
0.000235378
8.24523e-005
0.000572452
0
1.92382e-008
0
1.1878e-005
0.000488432
4.66433e-007
1.41615e-005
3.08482e-008
0.000867371
7.19157e-007
3.87263e-007
0.000571966
0.00010701
2.39671e-005
5.30029e-006
0.000140724
0.000621234
-6.67501e-013
0.00164023
0.00143329
0.000112837
1.38519e-005
2.69779e-005
2.89865e-006
0.00192679
1.57483e-006
0
0.000127974
0.00148686
0.000326677
0.000141805
0.000407953
9.95415e-012
1.12395e-005
1.7528e-006
4.45429e-005
0.000128099
3.51733e-008
0.00230725
7.38404e-011
0.000130294
2.47155e-005
1.20979e-005
0.000221532
5.75069e-005
0.00464396
5.61296e-005
0.0014532
5.30118e-005
0.00582044
0.000391936
7.7666e-005
9.24308e-005
6.48472e-005
8.58259e-006
0.000260486
0
0.000134671
3.20215e-005
0.000273132
0.0122444
0.000380113
3.22751e-005
6.7967e-005
8.80044e-006
1.53732e-006
0.000176023
2.25483e-005
7.23476e-005
1.99842e-005
0
1.4542e-005
-9.93527e-023
0.000948734
5.03484e-005
1.62973e-007
9.7628e-014
0.000330466
0.000521659
0.000489802
9.63918e-008
8.96407e-007
1.74849e-005
9.92826e-005
7.37747e-006
9.22158e-005
2.28576e-005
8.11216e-007
0.0230415
0.000111231
0.00028703
3.13836e-005
3.84544e-009
3.47531e-005
6.98541e-008
2.05938e-006
1.38817e-005
1.24666e-005
2.4614e-005
4.28351e-005
4.82117e-006
0.00376661
8.99972e-005
0.000551737
0
1.78558e-007
1.82424e-005
7.25756e-005
0.000400366
2.14625e-006
0.000177859
0.000282199
0.00132993
0.000756823
1.02052e-007
5.13599e-005
0
3.18869e-006
1.06266e-005
0.00166524
3.35826e-005
0.00272423
0
9.59099e-006
0
-6.73155e-010
0.000175364
3.39324e-006
-7.3221e-010
6.46959e-008
-2.05077e-013
0.000296042
0.00221576
5.76818e-005
0.000282517
5.54382e-005
6.41205e-007
0.000105167
0
0.000133157
1.09784e-005
5.13507e-006
0.000374128
2.58288e-007
8.81039e-006
4.677e-006
0.000665678
1.5269e-006
0
0.0018806
0.0018871
2.59698e-005
5.96147e-005
0.00231895
0.00144568
0.000139098
0.000468304
7.77774e-005
2.08009e-006
0.000225606
8.37754e-006
1.7911e-005
0.000744959
2.58933e-009
0
3.59485e-005
2.73328e-005
4.28774e-006
0.00180011
0.00193081
2.95811e-009
0.000268153
2.30935e-005
0.000547442
1.25539e-005
4.12342e-006
0.000236718
8.62007e-006
9.71985e-005
0.000567378
-2.56871e-010
3.9879e-006
0.00428566
1.54639e-007
4.22392e-006
4.09136e-006
3.49343e-006
0.000344484
5.89579e-005
0.00119826
8.4212e-005
0.00178355
9.96636e-005
8.36542e-008
8.25498e-005
1.52836e-006
2.61671e-006
4.81603e-007
6.05115e-005
3.06177e-005
8.89813e-005
8.89517e-006
1.35835e-006
1.10287e-005
0.000135046
1.50087e-005
4.56323e-006
2.02517e-009
0
0.000100193
4.65066e-007
0.000117315
5.25855e-006
9.59942e-005
4.79436e-006
5.04982e-005
1.66695e-007
0.000469702
5.20748e-005
8.78137e-007
3.89796e-005
6.04937e-007
1.90144e-006
0.00015464
2.66218e-007
6.12519e-006
0.0011781
0
2.30334e-007
1.41376e-006
9.75108e-006
1.02502e-013
4.45657e-007
0.00103594
0.00257259
5.0721e-005
3.72037e-007
0.00583238
2.7237e-006
0.004405
3.77375e-006
0.00027535
4.50408e-006
0.000137161
0.000109534
1.56887e-008
2.03301e-007
3.9129e-006
1.0347e-005
3.31129e-005
3.98173e-005
0
0
3.08051e-005
0.000390409
9.94118e-006
7.95925e-007
0.00333252
3.55255e-005
0.00051937
0.00133707
0
3.40712e-008
4.77135e-005
0.00313439
7.35044e-005
0.0020555
0
1.6291e-006
0.000203497
0.0106391
2.68767e-009
0
5.33902e-005
0.000132474
1.69667e-006
0.000491958
9.62723e-006
9.48076e-005
0
0.00368058
4.72607e-006
7.80879e-007
0.00117064
0.00218458
0.000240683
3.3347e-006
3.56782e-008
0.00242064
6.52606e-005
0.000167984
3.64771e-007
-2.01131e-009
0.000882383
1.01824e-005
0
0.000726607
0.000695132
0
2.09844e-007
0.000297675
3.87054e-005
2.05185e-006
0.00021352
3.11684e-005
6.50439e-006
2.17674e-005
3.74658e-006
0.00275424
0.000124799
8.50357e-007
8.4899e-005
0.00166302
5.04681e-007
8.90824e-006
1.18043e-008
0.0023511
3.42194e-006
3.06319e-007
3.51488e-005
5.61163e-005
0.000402665
0.00035231
3.4869e-005
2.43934e-005
7.23233e-006
6.64364e-005
0
2.44591e-005
2.22546e-006
5.22191e-005
0
0.000197787
8.00129e-007
0.000537497
0.0115747
6.81228e-005
0.000712038
3.89019e-005
3.04606e-005
1.35936e-005
0
0
0.000445848
0.00346812
1.62854e-005
1.15705e-006
6.59192e-005
6.33907e-006
0.00169572
-6.67408e-010
2.59596e-005
6.8774e-005
0
9.64364e-006
1.95048e-006
0.0251094
0.000170879
0.000100499
6.89289e-007
2.87043e-007
0.00481369
0.00187446
5.17701e-006
0.000150806
0
0.000261288
1.44606e-006
0
0.00311899
1.87063e-006
3.75252e-006
-4.67232e-010
0
0.00186968
7.59673e-005
2.67603e-005
1.19386e-007
3.20878e-005
5.48584e-006
0.0032834
0.0025535
8.42802e-007
1.01924e-005
2.70229e-005
3.55697e-007
0.000493896
1.19965e-006
1.49162e-006
0.000984715
6.0971e-006
0.000538828
2.11166e-007
9.90703e-005
0.00365406
0.00198906
2.96447e-006
3.3295e-005
2.68884e-007
0
4.71118e-005
0.00102595
3.18762e-006
2.14209e-005
2.48998e-005
8.68707e-007
0.00465925
0.00083012
3.44287e-006
0.000175333
0
1.08424e-006
1.11592e-005
0.00015834
0.000112814
0.000392871
0.000451021
9.69381e-005
0.000296362
4.82503e-006
2.14912e-005
1.5928e-005
0.000293239
6.99545e-006
0.000397758
2.22099e-006
0
6.80898e-009
0.0019887
9.9294e-005
1.65242e-005
2.10904e-005
0.000328188
7.22878e-006
7.21102e-007
1.34354e-005
0.00032416
1.85087e-005
3.52379e-005
0
0.00197222
5.89745e-006
9.39744e-005
0.000115252
5.47962e-008
8.96037e-010
7.61691e-005
1.56642e-005
5.69927e-006
3.55928e-005
0.00559282
0.0060196
0.00649458
0
8.44451e-006
7.94978e-005
1.24439e-008
0.000186876
0
2.7845e-005
5.24216e-005
6.78593e-007
1.92675e-005
1.50099e-005
1.39477e-006
5.31903e-006
0.000748691
0.000113974
4.86258e-013
7.02391e-006
1.03271e-006
2.42157e-007
3.39154e-005
1.68949e-005
6.18465e-006
4.16237e-005
3.69324e-007
0.000106423
2.39932e-005
6.24955e-005
0.000399689
-2.91531e-011
7.18205e-006
7.57508e-006
0.000105885
1.33236e-006
0
5.68035e-006
0
0.00016003
0.00021924
3.34501e-008
0.000823
0
2.26605e-009
2.85642e-006
0.000275225
3.0789e-007
4.55467e-005
8.4966e-007
3.69441e-005
0
4.4634e-007
3.53795e-009
2.05955e-007
0.000299994
7.94039e-007
1.92959e-006
1.36999e-006
1.92705e-005
1.11103e-007
0.00134136
0.00106583
4.47133e-005
5.74344e-005
0.000324284
5.0402e-006
0.000125205
0.000241031
0.000634195
3.36947e-005
0.00837228
2.59223e-005
0.000130043
3.03371e-005
0.000167763
2.80159e-007
0
0
0.000938286
9.50878e-008
0.00168676
0.000296477
0.0113853
0.000443634
1.23339e-007
1.06524e-005
0.000762201
3.75037e-005
7.77852e-006
0
6.13761e-005
5.55809e-006
1.37285e-006
0
0
0.000115984
8.64149e-005
3.63281e-007
8.25606e-006
0.000126685
6.57699e-006
2.70363e-005
0.00404383
6.57763e-006
0
5.19853e-005
0.0015381
5.58132e-005
0.00246928
0
0.000494919
0.000732002
0.000410244
0
1.95745e-005
1.25803e-005
3.92628e-005
0.00101062
5.14935e-006
6.33746e-005
0.000956741
0.000142866
3.28526e-005
4.33017e-005
0.000467487
9.70225e-005
3.88352e-008
2.68874e-010
7.49447e-005
4.36971e-005
0.000287035
7.77943e-006
1.4714e-005
0
2.02414e-005
0.00115667
7.10462e-008
1.65668e-006
0.000162238
1.78084e-005
8.81626e-006
7.59992e-006
0.000456472
0
4.76861e-006
8.00859e-005
0.00112325
3.91696e-005
6.03925e-005
0.00147263
8.36342e-006
0.00364327
5.84242e-005
1.28674e-008
8.82629e-007
1.17583e-005
1.46425e-005
6.32578e-005
4.16691e-005
9.95939e-008
1.73101e-005
4.56036e-005
0.00026497
2.84462e-007
4.94537e-005
6.43584e-005
9.85359e-006
1.23374e-005
5.95997e-007
1.03995e-006
6.7184e-005
0
2.31403e-005
6.57057e-006
0.000160304
-1.74387e-009
1.17854e-007
0.000204899
0.000357816
0.000901252
0.000784031
7.72269e-008
0.000483456
0.000710102
0.000287002
0.00012118
0.000486332
0.000155878
0
1.38209e-005
9.52882e-005
0.000415748
0.000244483
-1.05654e-009
0.0004697
8.87885e-005
2.10976e-005
3.89182e-005
0.0159167
0.000524711
1.33275e-005
3.4765e-009
2.73015e-008
0.000228096
3.88775e-005
5.79736e-007
0.00014674
2.4606e-005
0.00290648
0.00276614
7.67079e-006
0.000160791
6.51014e-005
1.28955e-008
0.00397939
4.33119e-006
7.98984e-008
0.000287244
2.60486e-006
4.41399e-005
0.000138743
3.75543e-005
4.73082e-005
0.0010877
0.00322853
0.000130489
1.55399e-007
0.000219498
4.17481e-005
0.0021893
2.78817e-006
3.26167e-005
2.06585e-010
0.000469092
0.000113367
8.9846e-007
5.00416e-005
0.000554029
5.36604e-005
0.000716105
0.000152477
0.000211906
5.13329e-007
0.0014567
0.000694358
1.13668e-005
6.63761e-006
0.000539949
0.00031852
6.23492e-007
0.000376237
1.69493e-006
4.60884e-006
7.4535e-008
-2.17892e-009
0.00684
0.000179279
0.000228302
0.000146246
2.09864e-007
0.00286944
1.97361e-005
0.00027718
0.000318492
0.000528022
0
0.000236749
8.77415e-008
0.000304509
0.00173996
0.000210129
1.21822e-005
0
0.00612706
0.00749432
0.000216686
1.13684e-006
0.000344679
0.00650171
2.44176e-005
7.20843e-005
5.30826e-005
7.56877e-005
7.83843e-007
1.76755e-006
5.89941e-005
5.03658e-005
1.54002e-006
0
0
3.4533e-005
0.000302315
2.34268e-006
7.23162e-014
1.80265e-007
5.52714e-005
8.00194e-005
0
2.93524e-005
9.44824e-005
0.000350108
0.000206156
1.36152e-005
0
4.14906e-005
0.000467199
0.000178582
2.13407e-010
4.28343e-005
0.0010829
3.10871e-008
0.00247611
0.000783893
4.22231e-005
7.98205e-005
0
7.30655e-007
0
0.00324226
1.26751e-006
0.000176326
0.000533983
3.46815e-005
9.32192e-005
3.47215e-006
0.00137212
0.000125579
1.5664e-006
1.13387e-006
0.000222048
0.000222544
0.000116772
1.67219e-005
0.000747669
7.98481e-005
0.000402814
0.000340905
0.0322997
0
0.000135129
0.0111189
1.15081e-005
0.00323765
5.43516e-005
0
1.21409e-007
8.42536e-005
0.00149259
9.77837e-006
4.98855e-005
0
0.000102903
3.98902e-006
2.52026e-005
4.49074e-009
0.000237892
4.43766e-005
5.49027e-007
3.22897e-005
9.09981e-006
1.08741e-006
5.29066e-007
0.000150599
1.24848e-006
0.00274029
1.38461e-006
9.56383e-006
0
0.000538115
0
0.00187868
2.44231e-007
7.85803e-006
0
0.000200502
2.71926e-005
2.86242e-006
0
7.07944e-008
0.0152425
2.87042e-005
7.01634e-007
5.44333e-008
0.000436676
0
0.000605031
0.000933125
0.000238171
2.28041e-006
2.81744e-007
1.02014e-005
4.4939e-005
1.73396e-007
3.73349e-005
2.46973e-007
6.02981e-007
0
3.8353e-006
0
0.00316737
2.68394e-006
0.000679646
5.6877e-005
0
3.34729e-005
0.000121574
3.20515e-005
2.78021e-005
0.000940134
8.68423e-005
0.00132543
3.70271e-005
0.000146969
5.57208e-005
0.0031033
0.000110916
0
1.5725e-005
7.2497e-005
9.73002e-007
0
5.63168e-005
3.61754e-006
2.76678e-005
3.64694e-005
0.00449571
1.03749e-005
7.2141e-005
0.000287349
5.95286e-007
6.22014e-005
0
5.67865e-005
6.85225e-005
0.000179573
3.91426e-005
2.21724e-005
0.00113568
2.13535e-006
0.000490468
0.000626849
3.4065e-007
7.75271e-007
0.000268578
0
0.000181029
0
0
0.000106726
5.29768e-006
0.000175786
0
5.60369e-006
4.99027e-005
1.41144e-005
4.61253e-005
0
3.58499e-005
0.00419978
0.00266978
1.19124e-005
-1.86474e-009
0
8.50251e-005
0.000151912
0.000230606
2.62334e-005
0
0.0121973
0.000714122
8.88713e-009
1.49613e-007
0
0.000388953
5.41367e-005
0.00171944
5.27857e-005
0.000219233
2.2987e-005
0.000305444
5.0451e-005
0.00188296
0.00347312
0.000100372
0.000242167
0.000130427
3.54221e-006
2.19984e-009
7.71988e-006
9.3573e-007
0.000137685
0.00017172
-2.15153e-009
9.6937e-011
0.000876258
0.000131136
5.65194e-005
0.00304768
7.25986e-006
0.000722771
2.83627e-006
9.84267e-007
0.000193313
0.000339874
0.000644563
0.00108285
0
6.05346e-006
0.0213299
0.000186411
0.00165186
2.1766e-005
0.000402824
0.000183238
2.33347e-006
1.92585e-006
3.1403e-006
0.000121171
4.96359e-005
0.0040868
0.00146629
9.955e-006
0.000978473
3.93949e-005
1.93117e-009
0.00128794
4.96806e-007
0.00116216
8.02751e-006
0.000174471
0.000194218
0.000132173
0.0074514
0.00967219
3.98414e-006
0.000238603
1.00638e-006
3.08669e-006
1.15837e-005
5.4382e-006
7.17849e-008
0.00171085
3.14927e-007
0.000486141
0.000697497
0.000669778
0.000479974
4.66973e-005
3.9614e-005
9.03317e-010
0.000644532
0.00088899
2.04884e-009
2.33865e-005
0.000350379
0.000214066
0.000997019
1.40546e-005
1.36897e-006
9.95287e-008
4.98252e-006
3.0511e-005
1.06819e-005
0.00215424
0
0.000111464
5.34417e-007
6.01198e-008
9.53696e-006
0.000133285
8.43345e-005
0.000181539
1.88872e-007
0.000524359
0.00248065
0
0.00014808
5.6719e-005
0.00119391
0.00387448
0.000325002
3.31181e-006
1.11244e-006
4.99329e-005
9.74889e-006
0.000614072
0
7.6394e-006
0.000103683
8.38281e-005
2.0279e-008
9.35821e-006
-1.96735e-009
0.000245036
3.63831e-007
0.000358199
0.00234929
0.000221843
0.000105907
0.000950924
0.000916348
1.39565e-006
0.000103881
0.00118092
0.000624612
0
0.0020867
6.26202e-007
5.55779e-005
0
1.12365e-005
3.2814e-006
1.57421e-005
1.41095e-006
0
7.48156e-005
6.23463e-007
0.000354605
0.00326229
0.00400407
0.000549993
5.93498e-005
0
1.73591e-005
2.04856e-006
0.00165614
9.93641e-006
4.96496e-005
0.000459051
8.48113e-005
1.15816e-006
5.66454e-005
3.33829e-005
0.00693102
2.43071e-006
-2.16357e-009
0.000881009
8.05659e-006
0.00283234
7.55679e-007
0.000156595
5.85722e-006
1.43088e-005
1.01015e-006
-1.81077e-009
6.98711e-005
3.4429e-006
1.19572e-005
8.46432e-009
0.000764303
1.25329e-005
0
0.000814825
3.21111e-006
0.00125357
2.33975e-007
1.20074e-005
5.17814e-007
3.16394e-007
0.000208344
2.7243e-006
1.79708e-006
0.000134913
4.80787e-007
7.18088e-005
0
1.94367e-007
1.59257e-005
0.000983588
0.000874788
2.28532e-006
0.00404233
1.7548e-007
3.13822e-005
0.000147523
2.12397e-005
1.37242e-007
0.000533528
0.00104014
1.63367e-006
4.59932e-008
4.09123e-007
0.000709843
0.000386155
4.94919e-005
0.00016427
0.00106667
4.53322e-005
3.35705e-006
1.91244e-007
9.5251e-005
1.26005e-005
0.00608662
0.00031866
0.00138061
6.53486e-007
0.00900284
0.0103165
0.000663311
1.38808e-009
0.000148787
8.18829e-009
0.00244597
4.87158e-005
0.00221357
0.000190073
0.000367034
4.83308e-005
8.40033e-006
7.34845e-006
2.14206e-005
0.000701648
0.000146406
2.15634e-005
9.32482e-006
0.000410515
0.000194279
5.62791e-007
0.000286587
0.000304591
6.34127e-005
0.000156855
-8.52612e-010
0.000143799
8.42e-006
0.00253726
0
0.000416232
1.08512e-005
0.00064686
0.000765739
1.58417e-006
5.43467e-006
0
9.05836e-006
4.68623e-005
0.00104743
7.01709e-006
5.57663e-007
0
2.01796e-007
0.00134994
0.000742833
3.07384e-007
4.67349e-006
4.68354e-005
0.000334061
4.93478e-005
0.000137885
7.06957e-007
2.5891e-006
5.81784e-005
4.70821e-005
0.000367132
2.64837e-007
0.00314663
1.15884e-005
0.0196541
0.000269962
0.000183522
1.75172e-008
1.95783e-005
0.00113782
0.000430245
0.00348548
0.00184444
4.29192e-005
0.000202239
0.000117243
2.61048e-006
1.17183e-007
4.49763e-006
-5.91338e-010
3.68048e-005
0.00334901
0.00302793
0.000981773
1.37484e-007
1.03831e-006
0.000312241
0.000975917
0
7.00895e-007
0
0.000236583
9.71247e-009
1.3646e-006
0.00486912
0.00294281
9.61467e-006
0.000147249
0.00119775
4.30065e-007
0
0.000117937
0.000569881
1.6696e-008
0
0
0.000812353
0.000271807
7.70774e-006
7.06852e-005
0.000155476
0.00130108
8.62065e-007
2.82289e-006
3.02285e-011
0.000161548
0.000162422
8.78916e-007
0
0.000233967
4.9509e-006
3.77061e-005
0.00326465
0.000132447
6.59941e-005
4.60471e-005
0.000100522
0.0010442
0.000273132
0
2.08828e-007
0
0.00218688
-2.57251e-009
7.35763e-007
7.66924e-006
1.47886e-005
0.00278012
7.18538e-005
7.87148e-005
1.61867e-006
9.71943e-006
3.8659e-005
0.00011391
6.68978e-010
0.00398491
6.32218e-007
0
3.25713e-005
0
1.95035e-006
6.58078e-006
0.000557023
0.000410088
9.26771e-008
0.000216371
6.59937e-005
0.000206047
9.0425e-006
0.000979508
0.000807754
1.85704e-005
8.7621e-005
2.46355e-006
1.13811e-005
3.75877e-005
8.14092e-006
0.000321602
2.88831e-005
2.82665e-005
3.99349e-005
5.59377e-010
7.79952e-005
0.00109387
0
8.95274e-008
0.000518326
0
0
0.00466018
1.14537e-005
0.000837505
0.00146702
0.000259502
0.000550627
0.000694074
0.000340245
3.11124e-006
3.88815e-006
6.33149e-005
0.000204208
0.000345875
0.000699913
2.59598e-006
2.80515e-007
0.000958012
0.000231467
8.57874e-005
0.000132891
1.69123e-006
8.27367e-005
7.63698e-005
0.000139686
7.72724e-005
0.000547279
0.000198029
0.00051165
0.000754137
4.26654e-006
1.34299e-007
0.000724024
2.35255e-005
4.03064e-006
0.000181806
0.000379972
8.64884e-005
6.54172e-005
0
3.98904e-006
0.000124304
4.75092e-005
0.000608454
0.000401053
0.000293605
9.0774e-005
6.11537e-007
7.01202e-006
3.16513e-007
0.000745566
2.20093e-005
4.5026e-006
1.45383e-005
5.21072e-007
5.86731e-005
0.000334944
2.96234e-005
1.54599e-009
2.41915e-009
2.42944e-007
0
0.00116848
0.00279542
0.00142372
3.22312e-005
3.85556e-007
0.00565132
1.09634e-006
0.0197524
0
3.1158e-005
0.00506721
0.00622836
0.000142135
0.000500703
0.00203984
0.00356691
1.06362e-005
1.37361e-005
0.000453232
0.000110078
8.58126e-005
9.9362e-005
2.25143e-007
1.37197e-006
4.61341e-005
0.000907658
0.00200748
0.00107388
0.00725727
0.00487784
0
1.77671e-005
0.00010318
0.000345419
0.000301685
3.43478e-006
1.09666e-006
2.56085e-006
0.000170779
0.00133661
3.89392e-005
5.36694e-005
3.45039e-006
8.11629e-006
0.000250062
0.000179206
0.00117169
8.81542e-007
2.7067e-005
3.12156e-005
6.45836e-005
0.00014141
6.74633e-007
6.80457e-006
4.07369e-005
8.97742e-006
1.48114e-007
0.000711425
0
0.000203641
1.0685e-006
6.23321e-005
6.08526e-006
0.0167133
0.000699195
1.15835e-005
0.000504898
0.000344686
0.000175952
0.000405379
0.000232857
8.9507e-005
0.00022319
4.96876e-007
2.26969e-006
2.46059e-006
3.31373e-005
6.47186e-005
0.000608717
0.000277643
0.00089622
0.00132467
0.00151252
0.00343915
1.79491e-006
0.000651941
1.53828e-005
4.42203e-007
0.000201332
0.000302627
0.00193847
0.00084908
-1.83561e-009
0.000113992
3.96251e-006
1.77054e-005
0
2.61616e-005
0.0145981
0.000601964
2.21356e-005
1.75823e-006
5.56441e-006
0.000141483
-1.39896e-009
4.63609e-005
0
2.23439e-005
2.45122e-005
1.19836e-005
3.97019e-006
0.00684346
9.41293e-006
0.000317386
4.24818e-005
0.0023001
0.0223506
0.0113211
0.00313541
0.00597064
0.000357807
0.00117795
1.62823e-005
0.00017318
0.000145339
4.14423e-007
1.39068e-005
8.38542e-006
0.00029582
2.3281e-007
0.000393768
0
0.00109075
0.000252288
0.0247011
0.021384
5.86809e-006
0.00348289
0.00335834
2.40439e-006
0.000240494
1.93319e-006
0.000181393
0.000223069
3.01774e-005
0.000268713
0.0123285
0.000374403
7.79623e-007
0.000442893
0.000316119
3.95297e-005
0.000494358
8.97254e-005
0.00388783
0.000197881
1.07801e-005
0.00108067
3.27146e-005
0.000334746
0.000281225
0
6.27292e-005
0.000107666
6.45044e-008
8.32018e-006
0.000864866
2.53915e-006
1.00349e-005
6.20633e-005
8.35949e-007
8.94075e-008
0.0282523
0.000198299
0
4.53656e-006
0.000431657
6.97853e-006
1.32644e-006
5.98592e-005
0.000662489
2.50277e-005
0.00014692
0.00101033
0.00249476
0.000431171
0.00230562
4.13246e-006
5.13952e-007
0.00224216
0.000603973
4.56283e-006
0.000210809
7.23354e-006
1.76306e-005
1.30816e-006
0.00109404
0.00198709
1.6089e-008
3.29439e-005
2.97558e-007
2.5516e-008
1.95508e-005
0.000130014
0
0.00271658
0.000154966
8.5191e-006
0
0.000191027
0.000237826
1.35394e-005
6.8869e-006
0.00215713
0.00028634
0.0313813
0.000476587
1.24216e-006
4.53635e-005
0.00780101
0.000333361
1.1737e-006
0.000118302
0.00231899
0.00284093
0.000595929
1.10367e-006
6.02111e-006
3.01395e-005
0.000217084
6.6539e-005
7.02419e-006
1.9561e-007
3.88762e-007
7.41415e-005
0.00469009
0.000814631
1.47539e-006
0
0.000177632
0.000152825
1.69423e-005
0.000620404
0.000337239
8.10982e-005
2.59423e-006
0.000178662
0.000184517
4.96497e-005
0.0001274
0.000473877
9.62917e-005
0.00221061
0.000105544
3.30449e-007
1.7109e-005
0.00019232
3.70907e-010
6.27729e-005
0.000196533
0.000231824
0.00011631
0.00721546
0.000609252
0.000832897
0
9.21375e-007
0.00566231
0.00482309
5.94877e-007
3.55675e-005
0.000104174
3.82261e-007
0.000721697
3.65926e-005
0.00190766
1.59112e-005
7.33455e-005
0.00122625
0.000598493
0.000664575
0.000649079
2.21838e-006
2.90034e-005
0.000765274
2.64855e-008
0.00014046
6.348e-005
3.26589e-005
0.00189062
0.000192655
0.000728282
6.86744e-005
1.47285e-005
4.19702e-006
3.03202e-006
0.000138946
0.00229991
0.000119045
8.03502e-008
4.7922e-006
0.00141728
0.000289999
8.64604e-005
2.86695e-007
1.55927e-006
0
0.00271525
8.27915e-006
0.000205835
0
0.00199453
2.90678e-006
2.21885e-006
6.04223e-006
0.000515283
0.000143199
8.01707e-005
0.000100002
5.46834e-005
0.000749848
0
1.2267e-005
1.05355e-005
5.16545e-005
0.0179327
0.00021944
0.000163922
0.00018744
0.000231655
8.59064e-006
1.34884e-006
6.5895e-008
2.80954e-005
0.000464133
2.57549e-005
4.8924e-005
0.00163128
0.000209083
0.000170524
0.0064487
0.0104
0.000447553
9.79858e-006
9.322e-008
0.000983327
0.00143336
1.67299e-007
6.17619e-006
6.59475e-005
1.77587e-005
5.97608e-006
0.000323817
0.00773421
3.31337e-005
4.0557e-005
3.88412e-005
0.0066386
0.00196391
0.000111483
7.05526e-006
0.00319243
1.91134e-005
6.4302e-005
0
0.00121737
1.70368e-005
0.00142696
0.00148869
6.88031e-005
0
0.0125627
4.69568e-006
0.00374985
9.26784e-006
0.00453539
1.59685e-005
6.04946e-007
2.57497e-005
5.74149e-007
6.53202e-006
5.46173e-005
7.84153e-007
0
0.00251959
0.00272392
5.11418e-007
0.010638
0.00647265
1.79924e-007
4.07644e-006
0.00199324
5.17878e-005
0
9.02258e-006
0.000228414
0.000108996
1.36399e-006
3.66772e-006
0.00278966
0.000436141
0.000443369
0
0
0.00119277
0.000605138
0.000124609
0
1.20014e-006
3.91902e-005
0.000637007
1.04816e-005
0.00402255
3.10777e-005
3.06758e-007
0.000255287
0.000398383
3.33708e-006
0
0.000419792
0.00167544
0.00262853
0.00385677
5.97443e-005
0.000874793
0.000521155
1.4615e-005
1.62031e-005
3.61508e-006
0.000144477
0.000480083
3.66354e-005
7.53713e-005
0.000171864
3.37549e-006
2.07365e-005
0.000596396
0.000644448
0.010363
0.0016579
3.51552e-008
2.24017e-006
2.97522e-006
0.000426547
1.24511e-005
4.19535e-005
0.00172201
6.34656e-008
0.000609841
5.41897e-006
0.00157927
0.00505035
0.00122474
1.38429e-005
1.35244e-005
0.000776452
1.95343e-006
0.000560859
0
2.50773e-005
3.27859e-005
2.63621e-007
0.00163384
0.00118389
0.0072068
1.02998e-005
0.000268951
0.000372158
0.000270222
0.0413528
-2.07546e-009
4.97847e-006
0
0
7.34187e-006
0.0016525
1.2372e-006
1.13188e-005
3.9757e-006
-2.63918e-009
0.00165112
0.000176952
7.16241e-005
0.00422902
0.00176541
0
0.00019571
3.99383e-006
1.78664e-005
8.87885e-005
9.7802e-006
1.59335e-006
0
7.02454e-006
0.000192386
1.30347e-005
0.000707305
9.20157e-006
2.21617e-006
4.63633e-005
5.15955e-005
1.38759e-005
0.000204004
1.27711e-005
1.13941e-005
0.00670013
0
0.00020541
0.000254296
2.40505e-008
2.61429e-005
0.000145568
0.000386688
1.67821e-006
5.3219e-006
7.77406e-006
0
1.05902e-005
-2.14592e-009
0.00310336
0.00203738
0
1.6696e-008
0.000112794
3.12823e-007
0
1.56631e-006
2.80207e-005
7.48837e-013
3.27632e-006
0.000111712
4.5936e-006
1.2573e-009
3.74141e-005
0.00129106
0.000741881
9.20219e-006
0.000314457
3.88267e-005
0.00194177
1.21106e-005
0.00173968
1.48171e-006
8.25146e-006
0.000245572
9.00378e-005
4.47041e-006
8.71553e-008
0.000440623
2.92719e-006
3.55647e-006
0.00462001
5.9325e-005
0.00846602
0.00283416
1.91011e-005
0.00425003
9.2831e-005
5.53987e-008
1.35073e-005
4.95016e-005
0.0015389
2.37332e-007
0.00121076
0.00125024
0.00224111
4.71455e-005
3.06636e-006
0.000215025
7.5872e-006
7.36005e-007
6.50579e-006
0.00179004
0.000235067
8.04302e-005
0.00128911
0.000399543
7.48979e-013
5.49985e-005
9.21376e-005
7.80141e-008
0.00127647
4.40371e-006
6.31401e-006
9.70279e-005
0.0018455
1.25123e-005
0
0.000217046
0.001323
0.0183198
0.00142072
0.00346454
0.00636398
0.00273446
9.99905e-007
0.00741282
1.2955e-009
4.01625e-005
0.000158709
0.000107465
0.00243448
6.02177e-006
6.35434e-006
0.000103918
4.98842e-008
3.57196e-006
0.000112785
0.00309641
0.000972873
0.00019963
0.00132779
0.000315071
-2.85791e-009
0.00257764
0.00636637
2.38398e-007
2.70704e-005
2.74334e-005
5.42085e-008
3.39268e-006
2.81442e-007
0.0192546
0.000190415
0.00433438
4.4613e-005
0.000283951
3.46143e-005
9.22905e-006
1.63787e-006
0.000102394
0.00125643
1.44861e-006
0.000224286
1.85948e-006
0.000104621
7.94022e-005
0
6.96648e-006
0.000172197
0.000142168
4.01761e-006
2.43788e-006
0.00206945
5.7623e-006
0.00300259
9.68992e-005
9.26175e-006
1.61628e-007
0.000379099
0.000183966
0.000189778
2.14173e-005
0.000146327
1.03903e-005
0.00922277
2.85316e-006
5.20423e-005
0.000124712
1.36301e-005
0.000481245
0.000126151
0.000212552
3.31856e-005
0.000297269
2.59037e-006
4.74581e-006
4.03984e-005
0.000102408
0.000149152
0.000570211
0.00270638
0.00134503
3.08067e-005
0.00140211
7.62079e-006
0.000153058
1.64841e-005
0.00930057
7.02257e-006
0.000116934
0.000389139
6.89954e-005
8.92483e-005
0.000509414
0.000485838
8.48606e-006
6.22231e-006
4.53445e-006
0
2.07553e-006
2.65032e-006
0.0111097
0.000177157
5.65703e-007
6.09743e-005
6.91317e-005
1.27654e-007
0.000711019
8.41674e-007
0.00129758
1.37013e-005
6.83447e-006
0
1.82231e-006
7.80388e-007
0.000259376
6.16375e-005
1.19368e-005
0.00168579
5.13495e-005
0.000193483
0.000254531
8.84863e-006
5.4921e-006
5.59158e-005
4.39694e-008
8.507e-007
0.000525801
0.00850964
0.00122481
0.0041421
0.00168359
2.81252e-005
0.000238324
2.18461e-005
6.1932e-005
1.72421e-006
0.000664535
1.60665e-005
7.56476e-006
3.66689e-005
0.000327875
0.000755939
4.89495e-006
0.00283478
0.00551373
0.00217284
0
4.26155e-006
0.00229509
4.57077e-007
0
3.71323e-007
2.42117e-005
3.86541e-005
0.000170065
0.000176168
8.12797e-006
2.23412e-006
1.45154e-005
5.59188e-006
8.19314e-005
0.00368689
0.00140933
1.34528e-005
0.000569407
2.18026e-006
0.00106921
0.00971119
0.000786852
0.00288531
0.000838418
0.00011407
6.96926e-008
5.8364e-006
0.00172212
0
1.68722e-005
4.51143e-005
0
0.0152686
0.000692711
5.20692e-006
5.63329e-005
0.000715033
1.76079e-006
3.04778e-005
2.02605e-005
1.18738e-006
9.0039e-007
0.000169785
0.000455322
2.13418e-005
6.87945e-008
2.76783e-005
2.03648e-005
1.59714e-005
0.00298135
3.81933e-006
0.000234008
2.00687e-005
8.0683e-006
8.2281e-005
8.40591e-005
0.00126182
6.67576e-007
7.24439e-005
4.35536e-005
0.000148917
0.000400536
3.87748e-005
0.000108407
0.00180436
5.66002e-005
1.16245e-005
1.1974e-005
-1.03052e-010
1.27756e-006
0.000180997
0.000212338
0.000439139
1.16344e-006
0.000219723
0.000166803
2.18714e-007
0.0170507
0.000300667
0.000418619
7.52291e-007
1.18745e-006
1.18742e-006
8.23134e-006
0.000382047
7.22042e-005
0.00016204
3.48018e-005
4.36031e-006
6.34042e-007
0.0249224
0.000358753
1.07472e-005
0.000587708
0.00124339
5.88555e-006
4.9886e-006
0.000434722
0.000859751
0.00314999
2.91644e-007
4.30766e-005
0.000558164
0.000371824
0.000308317
0.000223082
1.15285e-005
0.000517684
2.75889e-006
0.000859851
0
0.000597594
2.83395e-006
2.64708e-005
2.36251e-006
2.78667e-005
0.00208155
1.12715e-005
5.49494e-006
0
0
9.42871e-006
8.23473e-006
1.0888e-005
0
0.000271888
2.22621e-008
0
0.00206833
0.00249562
7.18087e-005
0.000215246
0.00010488
5.20068e-006
6.782e-006
0.000138107
5.69416e-006
0.00125875
0.000379725
0.00123637
0.000246213
3.05409e-006
0.000205331
0.000876677
0.00138934
2.46133e-007
0.000353753
3.02163e-005
0
0.00128532
1.86897e-006
2.6432e-008
1.02721e-007
0
0.000264742
0.000194738
0.00333216
1.83823e-005
0.0103126
0.00045146
0.000198123
0.000343848
3.67084e-005
1.47932e-005
0.000139549
9.50472e-006
0.000488531
0.00179105
0.000756464
0.000217161
2.81895e-005
0.000255356
3.49838e-006
0.0160363
2.07366e-005
0.000387861
0.000153892
1.50918e-006
0.00085528
1.62831e-007
6.47948e-005
0.00240507
0.00011241
0.00733302
0.00138858
0.000183356
0.000187274
0.000283587
0.00238522
0.00212325
0.000429247
0.000117472
0.000425863
3.48366e-005
0.00233987
0.000196699
8.11325e-005
5.8831e-006
4.47715e-005
0.000185211
0.000398464
0.000327275
0.000928129
0.00186609
0.000831996
0.000206998
0.00276086
3.05845e-006
0.00124527
0.000708684
0.000463166
0.00214017
9.36899e-005
0.000374937
7.64573e-005
0.000170982
0.00489815
0.00030039
0.000148414
1.04879e-007
4.7494e-006
3.28385e-005
0.000909385
1.77744e-005
1.90756e-005
0.000614638
0.000337518
0.000518387
0.00446721
0.000646329
0.000572484
0.000265443
0.000517968
0.00173255
0.00116815
6.02914e-005
9.01693e-005
2.48211e-005
6.42367e-007
1.41803e-006
8.99407e-005
2.71655e-007
3.79159e-007
9.12639e-005
0.00163822
0.000480676
8.37591e-005
2.55233e-005
0.00160556
0.00425816
9.51777e-007
0.000633249
0.00166996
0.00310022
0.0019291
1.13066e-008
5.30363e-005
0.000167048
4.27784e-005
2.26539e-006
0.0042866
0.00627831
0.000183925
7.44743e-005
7.80141e-008
0.00279671
0.00435714
7.63011e-005
0.00611706
0.00289469
2.43047e-005
0.0036437
4.35475e-005
4.72042e-005
0.000122407
0
3.71455e-005
0.000747358
6.38533e-005
9.67945e-006
7.33288e-006
6.34657e-006
2.34243e-006
0.00119141
1.28804e-005
1.35046e-005
4.4336e-005
0.000211601
2.52174e-006
0.000132443
2.66627e-006
1.55502e-006
9.42039e-006
0.000650376
3.46169e-006
0.00459784
0.000122211
0.000289758
6.23006e-006
0.000840463
6.00586e-005
0.000113446
2.18826e-008
2.2651e-006
0.000265107
0.0017181
0.00100185
0.00359251
0.000140331
0.00361317
0.00143757
0.0170302
2.80012e-005
2.72164e-005
0.000180574
1.12376e-005
0.0106338
0.000519575
4.20605e-009
8.00284e-007
5.32078e-005
7.06669e-007
1.95917e-007
0.00109018
0.00116356
3.48281e-006
0.00152811
0.00250246
0
2.50071e-005
0.000539938
3.95075e-005
5.90888e-005
7.73428e-005
0.00184103
0.000791636
0.000431141
0.000400619
1.36957e-005
0.000142497
0.00918004
6.09863e-005
0.00296773
9.29595e-006
0.00133846
4.14921e-006
0
0.0144975
0.00268913
4.19827e-005
7.17588e-006
1.65021e-005
2.10515e-005
9.51788e-007
0.000227614
0.000925892
0.000100032
0.000459014
1.22303e-005
0.000264029
4.90605e-008
7.67533e-005
4.04214e-006
9.16511e-007
0.000751699
0.00241858
0.000970952
0.00195184
0.00038544
0.00246646
0.000300633
0.00011343
1.37575e-006
0.000338837
1.21137e-005
0.00240643
0
6.36497e-010
0.000294395
0.000328422
0.000150103
0
0.000859243
1.706e-006
0.00013024
0
1.36538e-006
3.20077e-006
2.55425e-006
0.000463428
0.000124763
0.0019656
0.00012571
0.000594934
0.000386737
3.85976e-007
4.95843e-007
0.000361096
0.000244026
0.000693602
1.95967e-006
3.83544e-006
0.000107968
0.000360538
0.000275275
1.54832e-006
0.000138009
0.0144267
3.97141e-006
0.000340288
2.42303e-006
6.16504e-006
1.64826e-006
0.000132352
0.00236171
6.97579e-005
0.00483589
2.07089e-007
0.00109865
0.00266272
9.47168e-005
0.000199155
5.363e-005
0.000133552
0.0030404
0.00102718
0.000443184
0.00380217
0.002021
0.000721814
0.00207759
0.00024676
4.50904e-006
2.06942e-006
0.000744503
0.000316055
0.00440052
0.000449713
0.00113018
0.00274945
5.0816e-005
0.00353902
0.000262675
0.000166726
0.000122562
5.4336e-005
0.00412342
1.02902e-005
0.00133645
2.50353e-006
0.000917465
0.00338332
0.0020187
0.00120098
3.66122e-007
4.11273e-006
2.4528e-005
4.66283e-005
0.004131
1.34297e-005
4.40709e-005
1.15596e-005
6.25018e-005
0.00894868
0.00546902
0.00053258
2.47849e-005
0.00014668
7.66263e-007
0.000740767
0.000109724
0
6.53711e-007
7.37047e-005
1.27843e-005
0.00201652
0.00322518
0.00415217
1.31534e-005
4.40159e-006
1.78443e-007
0.000922144
0.000617079
0.00189536
0.000804388
1.16948e-005
1.87524e-005
0.000268825
7.2889e-006
0.000280445
0.000556831
0.000309902
0.00359877
0.00013098
5.64558e-005
5.45822e-005
0.00526254
0.000766159
0.00244482
1.38551e-006
6.9515e-008
0.000107264
0.000104176
0.000123254
1.09077e-005
1.06382e-005
0.00877485
2.00249e-005
7.57513e-005
1.47253e-005
5.45319e-005
0.0155788
7.72103e-006
7.11786e-005
0.00146243
2.07699e-006
0.000593469
0.000742892
0.000678728
2.55215e-005
2.24055e-005
0.000118587
0.000277154
0.000142058
3.89878e-007
8.4875e-005
0.000108279
3.02275e-006
0.000361076
0.00652963
3.26846e-005
0.00745854
0.0122617
1.45034e-005
0.00158926
1.93135e-007
0.000496794
6.4678e-006
0.00034913
0.000400178
0.00076333
0.00116678
8.49162e-005
0.00300741
0.000814024
3.27841e-005
0.00234384
3.03943e-005
4.27828e-005
2.33731e-005
0.000350298
3.96677e-005
0.000582731
0.000556552
9.1012e-005
0.000298002
0.00027462
0.000245058
0.00306771
6.54558e-005
0.00154458
0.000287105
0.00130392
4.1119e-005
4.3602e-006
0.000402453
4.79975e-009
1.26689e-006
0.00113343
0.000182074
0.00264669
0.001432
2.08026e-005
0.00332963
6.30272e-006
9.27356e-005
0.000378882
2.84532e-006
2.67557e-006
0.0021348
0
0.000102685
4.5793e-005
0
0.0420794
0.00905172
0.0039208
1.69676e-006
1.29954e-006
0.00264159
0.00150557
1.10321e-008
1.69738e-006
0.00114909
0.00248806
1.36542e-005
7.06925e-005
2.67665e-005
0.000144052
0.000160077
1.75406e-007
0.0125447
1.872e-006
0.0011602
0.000459679
0.0067136
6.56203e-007
0.000263791
0.000504875
0.000417968
2.10693e-006
0.000514302
2.05959e-005
0.00362408
0.000144383
4.54596e-005
0.00019778
4.36292e-005
0.000104734
0.00623815
9.1704e-010
0.00108736
0.000109225
3.89077e-007
7.42086e-006
1.56287e-005
0.000208961
0.00239009
4.88097e-005
1.17242e-006
5.75775e-005
1.24547e-006
8.09413e-007
0.000461017
0.000461842
3.44743e-005
3.75573e-006
8.05764e-007
3.43172e-006
7.49524e-006
5.65574e-005
6.51516e-009
0.0139596
0.000488631
7.38542e-007
0.00128899
0.000223204
2.27557e-005
4.69274e-006
0.000465093
0.00118048
0.0015823
0.000184381
5.27397e-008
5.10766e-005
0.000140608
8.07403e-005
7.7976e-005
0.000598247
1.5183e-005
4.91086e-006
0.000131938
0.00190385
0.000102116
2.39683e-005
4.21275e-005
1.26348e-006
3.01591e-005
1.53631e-005
7.49286e-005
0.000294207
0.000220355
1.05343e-005
3.70097e-005
7.51353e-007
0.0177558
0.00261533
0.0205156
0.000803122
0.003058
2.82649e-005
0.000100152
4.25803e-005
8.09183e-005
0.00277464
0.00141598
5.001e-005
2.77703e-006
2.55029e-006
2.38249e-006
0.00442392
0.000125462
5.5107e-005
0.000118424
0
0.000623329
8.84334e-008
0.000176088
1.41308e-006
3.49871e-005
0.00021978
0.000271852
0.0131917
8.11525e-006
7.16211e-005
0.000576029
0.000414876
4.0898e-005
1.90617e-005
4.11088e-005
6.98044e-005
3.57142e-005
4.79531e-007
0.000802936
0.000583608
1.05114e-005
2.50746e-006
7.80628e-006
2.91966e-005
2.97274e-008
4.07644e-005
5.20547e-005
3.12321e-008
0.00159255
0.000795284
0.000277511
3.23739e-006
0.00213466
0.001357
0.00129128
0.0019047
2.04416e-006
5.88837e-005
9.55831e-005
6.28893e-006
0.00101473
1.45231e-005
0.000363864
0.000814617
5.0882e-007
3.33288e-007
0.000229468
0.000467342
0.00016648
6.19111e-006
0.00133959
0.000403021
8.47816e-007
8.2406e-007
0.000577855
9.38055e-007
4.7355e-007
9.11101e-005
7.63165e-007
3.7801e-006
3.28266e-006
1.89392e-005
3.36154e-005
4.76165e-006
0.00894876
0.00316819
3.38075e-006
0.000349568
1.36439e-005
9.15755e-006
3.98678e-006
0.00158525
3.53095e-006
0.00593957
4.28906e-006
2.29651e-007
2.06775e-007
0.00119655
0.000231209
0.0018402
1.72329e-007
0.000801741
0.000158945
0.000707895
0.000161135
3.04302e-007
0.000204875
0.00175934
4.55999e-007
1.87041e-006
3.28606e-007
0.000296618
0.000498435
0.0157696
4.13078e-006
7.63989e-005
0.00655122
9.50209e-005
1.11804e-006
6.59756e-005
0.000387764
1.71022e-006
0.000413807
6.20489e-007
0.00616827
1.0899e-006
6.74131e-005
0.000884821
1.84392e-008
0.00214081
8.2276e-006
3.20423e-005
8.94999e-007
4.14316e-005
0.000149102
3.66224e-006
0.00432773
0.000376707
0.000475372
0.000307204
3.00923e-005
4.48605e-005
0.00184364
0.0109653
8.34086e-007
2.6487e-005
0.000418301
1.20431e-006
4.62077e-005
6.7265e-006
2.4456e-005
0.00203869
7.15003e-006
6.25327e-005
0.000104607
4.92477e-008
1.66144e-009
0.00377359
0.000594608
0.000409979
2.60406e-009
0.00439159
0.000465859
0.00211316
0.00163726
1.41248e-005
1.21732e-006
0.000119047
0.00467656
0.00505976
0.0208252
3.29972e-005
1.46757e-005
0.000557557
1.48999e-006
0.000120287
0.00164179
0.000354823
1.17163e-007
9.12054e-009
5.67541e-007
0.000390134
0.000129024
2.90382e-010
4.5118e-005
9.5629e-005
1.57451e-005
8.57987e-007
1.91912e-006
0.00130796
0.00353919
0.0138534
0.00650896
2.3665e-006
7.91653e-005
0.000965612
3.02268e-011
1.52077e-007
0.000758303
0.000937489
1.55711e-006
4.6727e-005
5.86839e-007
0.000284438
0.0002956
0.0063044
0.000167988
2.49042e-009
0.000548947
0.000837998
8.43666e-005
0.0065681
1.54796e-005
0.00388609
0.000150327
2.46711e-006
1.65683e-005
0.000136831
2.61212e-007
0.000137289
5.12489e-006
7.40068e-006
0.00165372
2.05333e-007
1.20594e-006
8.4998e-006
0.000241079
9.3875e-008
4.146e-006
0.00440393
0.00145633
0.0018604
0
0.00050509
0.000143909
0.00150209
0.00223122
0.00646905
0.00341919
0.000605786
0.000336382
0.000218172
0.00103406
1.74881e-006
0.000570595
0.000660171
0.00192444
0.000266288
0.00304297
0.000118889
7.47431e-005
0.00644708
1.12625e-005
0.000241985
0.000196731
0.00079041
0.000861927
0.00340992
0.000121508
7.33487e-005
0.00032654
4.73397e-006
6.2999e-007
0.00180233
0.00117137
7.57746e-005
1.42985e-007
0.000197947
0.000122865
0.000313689
0.000197568
1.89846e-007
0.0130619
5.44957e-005
0.00139472
0.00115581
3.50403e-006
0.00145543
0.000453291
3.46389e-008
7.76164e-008
0.0485776
2.56729e-005
0
9.26674e-007
0.0013927
0.00809871
2.80929e-005
4.92697e-006
5.44847e-005
5.43277e-005
9.40993e-006
0.00593898
0.000548057
1.55734e-006
1.71129e-006
7.22997e-005
0.000866224
0.000294065
0.00619893
0.00101462
0.000102676
3.22183e-006
2.29014e-005
4.07155e-007
0.00212437
1.02094e-005
0.000233631
0.00255895
0.000651908
0.000608692
0.000966138
0
6.58926e-006
0.00015003
1.88642e-006
0
5.42501e-007
5.92719e-006
0.000178695
0.00206303
7.25887e-007
1.6598e-006
1.04088e-006
0.000935854
4.89889e-005
0.0027054
6.27786e-005
0.00517988
1.24187e-005
0.000465848
2.22601e-006
1.19014e-006
0.000460834
0.00164045
3.72805e-005
0.000202302
9.42289e-005
0.000109
0.000490354
2.86276e-006
0.00173698
4.76539e-007
6.20305e-006
3.22781e-005
3.22817e-005
9.21907e-005
0.000132655
1.9975e-006
0.000392414
4.18146e-005
3.15766e-006
0.0010125
5.5294e-006
1.03083e-006
0.00374902
0.00180999
0.000540328
1.00221e-005
1.37579e-005
1.76379e-006
0.000981201
2.28406e-005
3.1152e-006
0.00034118
0.00154691
0.0122431
3.08757e-005
0.011119
1.91772e-005
1.41314e-008
0.00039382
0.00137652
1.07409e-005
6.53704e-006
0.00040108
0.00449094
0.000685459
1.10302e-005
3.01389e-006
0.00260553
0.000211069
0.000264024
0.000139928
0.000190038
0.00030264
0.00233801
0.000367823
0.000248886
4.4849e-005
0.000122317
5.9214e-005
7.17168e-006
4.18221e-006
0.000318607
0.000486774
0.000143645
4.45905e-006
0.000503609
7.83251e-005
5.21871e-005
0.00203557
3.6465e-009
2.77058e-006
2.08118e-005
2.42281e-006
1.35288e-005
1.91119e-005
0.000538484
0
2.44269e-007
2.85511e-006
0.000207972
0.000221635
3.87663e-005
3.38712e-007
4.49992e-005
1.3756e-006
2.66401e-005
2.8601e-006
4.36799e-009
7.32208e-006
0.000810233
0.00113483
1.38244e-005
0.000520868
0.0100711
0.00121351
2.65354e-005
8.0967e-005
6.73488e-007
3.31274e-005
0.000114623
3.40763e-005
0.000544902
0.000425707
2.27793e-006
1.86272e-005
0.0266385
0.00113807
0.000648927
9.02759e-008
1.46882e-005
0.00084214
8.54186e-006
0.000174646
0.000116689
0.00427779
7.79817e-007
2.13952e-006
1.43316e-006
0.00226556
1.39479e-005
0.000102804
0.000250836
0.00338552
1.57817e-005
6.5498e-005
3.59858e-005
0.00462088
4.77519e-007
1.3437e-006
3.30962e-008
0.00179843
0.00271281
9.144e-005
0.000155735
5.3904e-007
0.00134962
0.0109649
1.11462e-006
9.71187e-009
0.000134389
4.38322e-005
0.000297308
9.82969e-005
2.13728e-005
0
4.59002e-005
0
0.000190689
0.000131938
0.00047484
9.24708e-006
9.20693e-006
0.000471704
5.83367e-006
4.49877e-006
0
0.000459389
0.000327797
0.000134657
0.00296379
1.03377e-006
0.00356801
3.58241e-005
0.000166022
6.09744e-005
0.000524496
0.000568246
1.71423e-005
6.24931e-006
0.00557194
0.00454302
0.00057738
8.09003e-005
2.36984e-005
3.66224e-006
8.21501e-008
8.08414e-006
2.02605e-005
0.000162171
1.97325e-007
5.72166e-008
7.35546e-005
3.28745e-006
0.012348
0.0126521
3.34018e-007
0.00496858
0.000269038
2.79201e-006
4.06138e-005
0.00377215
4.62328e-007
0.000103557
2.10693e-006
2.24262e-005
0.00201934
1.58981e-005
1.92627e-005
6.16331e-007
0.00223274
2.62357e-005
0.000158655
0.00063592
4.26938e-005
0.016691
0.000229633
0.00111996
0.000136221
6.82109e-006
1.04718e-005
1.85621e-009
0.000208524
0.000149722
0.000109098
0.000113605
0.000265464
0.00275295
0.00270181
0.00191362
1.95086e-005
0.000235208
7.12907e-006
0.000128801
5.0716e-008
1.88537e-005
0.000176377
0.0022458
2.22197e-005
6.7896e-006
2.58842e-006
7.55104e-007
2.73761e-005
2.51037e-006
6.45627e-005
2.01044e-005
2.2731e-005
2.2348e-005
1.45182e-005
0
0.0326619
0.000487389
0.000307727
0.00078254
0.0018719
0.00898159
0.00665972
0.00392352
1.21111e-005
0.00093588
0.00606779
9.0162e-005
0.00428975
0.0002415
0.000191933
0.000349579
4.53946e-007
1.05312e-005
1.99754e-006
5.49008e-006
3.79813e-005
2.03943e-007
0.00162805
7.7105e-006
9.93595e-005
8.7162e-007
7.01615e-007
0.000308113
0.0017851
0.000883931
7.73545e-005
0.00170862
0.00165137
7.57481e-007
0.000617866
4.96804e-008
9.19163e-007
1.14916e-006
0
7.88864e-005
7.04276e-006
4.93336e-007
3.52864e-005
0
0.0142777
9.53791e-008
0.000145629
0.000115637
0.00171482
0.0172921
1.16536e-006
1.61782e-006
2.68981e-006
3.40021e-005
0.000645886
0.000539109
1.58952e-007
2.67607e-007
1.88396e-007
8.85744e-005
2.4157e-006
0.0194875
0.00205717
0.000434508
3.97131e-006
1.98378e-006
3.85039e-007
3.55898e-007
8.86645e-005
2.01204e-005
0.000131141
0.000996484
0.0179192
-2.02658e-014
0.0035827
1.36257e-005
5.12089e-008
0.000138043
0.000325656
9.40803e-008
0.0168503
0.000570595
2.16927e-006
3.32131e-006
0.000884115
0.000193201
0.000232493
0.000795615
0.00245818
0.000636363
0.00104241
0.000715039
0.000748144
9.97174e-005
0.000134754
1.10587e-007
2.78673e-007
3.83834e-007
0.00366282
7.18023e-006
0.000186813
0.000592467
1.27551e-005
0.00600178
1.40605e-005
3.71163e-005
4.26429e-005
0.000110618
2.04679e-008
1.37244e-006
9.99698e-006
5.31641e-006
0.00137832
0.00128959
0.0178067
0.000998221
6.69362e-005
0.000177575
5.45309e-005
0.000490587
0.000580056
0.000180791
0.000704994
6.39659e-006
0.000279055
0.00316239
5.18698e-007
0.000109935
0.000111528
7.55966e-005
1.83053e-006
0.00151673
1.46392e-005
4.06508e-006
2.76422e-006
7.68944e-007
0.000550855
1.9678e-005
4.31554e-009
0.00149113
3.16012e-006
0.000972488
0.00523704
0.000694869
4.67952e-006
0.000351399
6.30643e-005
5.02394e-008
0.000418777
5.46766e-006
2.89061e-008
6.38962e-005
6.88793e-006
1.09794e-005
2.67695e-005
0.000731243
3.0126e-005
0.0001655
1.73778e-006
0.000224089
5.34392e-005
0.0025789
1.01808e-005
5.42266e-007
0.00010279
0.000166579
0.00016991
9.81023e-006
0.00087378
0.000159727
0.00279817
0.000212448
0.000215525
5.99899e-005
5.59424e-006
0.00415714
0.000115511
2.23784e-006
0.00908624
0.00619077
1.15315e-005
0.000115865
0.000378015
0.000616244
1.68455e-007
0.000131233
9.00613e-005
5.25287e-005
0.000111291
2.19164e-006
8.0369e-006
5.94168e-005
4.78462e-006
6.60911e-007
0.00165007
0.0152249
3.54186e-005
2.51799e-005
0.000285558
2.15886e-005
0.028886
0.0230648
0.000296618
1.21957e-006
0.000505513
6.37836e-005
0.00018094
0.000122284
0.000161735
0.00026747
0.000165518
0.000277154
1.80366e-007
1.05416e-005
3.21141e-005
7.84624e-005
0.000233626
0.000678883
0.000117874
0.00332137
2.17304e-006
0.00126846
3.13884e-007
9.00638e-005
1.17039e-006
3.3007e-005
1.05829e-005
-2.02658e-014
2.24368e-005
3.60142e-005
0.0011542
0.0208994
0.00406039
0.00121023
0.000164137
4.50723e-008
6.92683e-007
2.23746e-006
1.41644e-007
3.69056e-008
6.69381e-006
0.000196585
0.000602393
1.80473e-006
5.09014e-005
9.01767e-007
5.03354e-005
4.1213e-006
1.00886e-006
0.00231208
5.0563e-005
0.0125498
1.23613e-005
0.000798473
0.00909075
1.58342e-006
2.62324e-005
9.60313e-008
4.5614e-005
0.00132736
6.90187e-006
0.00538215
0.000315124
0.000160529
1.89883e-007
3.50483e-006
0
0.00787332
0.00593524
5.19325e-006
0.000115546
2.65864e-006
7.11537e-005
0.00059875
2.97355e-005
0.0173237
0.000118862
8.78881e-005
0.000305888
3.48196e-005
4.83147e-005
0.000165969
1.10857e-005
2.6249e-006
0.00077361
5.18582e-005
2.00776e-006
3.02024e-006
0.000210242
0.000150224
5.02941e-005
9.58376e-005
0.00191362
5.46768e-006
3.20587e-005
0.00115372
0.000404139
4.39019e-005
1.32537e-005
1.58944e-005
1.32458e-005
1.41246e-005
0.000186701
0.000595945
0.000540198
0.0154945
0.00148365
0.0032512
0.00470673
8.50104e-006
5.42063e-006
2.41364e-005
1.47872e-005
0.000840766
6.60265e-005
2.2936e-007
6.18879e-005
5.88793e-007
0.000130143
1.34442e-006
3.09508e-005
7.0326e-005
9.46985e-005
0.000540613
8.89423e-008
4.67406e-008
2.89924e-006
5.76664e-006
6.21683e-008
4.54363e-006
0.000778944
0.00033368
3.1749e-005
0.00125553
5.80692e-005
0.00101037
0.00121564
0.000632606
0.00112522
1.81859e-007
8.9847e-007
3.07839e-005
0.00216856
0.00129629
0.00263655
0.00335516
0.00419576
0.000221168
5.52296e-005
0.000113456
0.000114569
9.07224e-005
0.0015478
9.79745e-005
4.29426e-006
8.65522e-006
0.000771887
0.00588309
3.02065e-005
4.33569e-006
0.000176889
3.02124e-005
2.66701e-005
0.00137618
1.38518e-008
0.000201415
0.00901269
0.00113022
0.0030093
1.4434e-006
0.000380515
9.92841e-005
0.00100675
0.00208375
2.61344e-005
3.71868e-006
0.000161769
0.000190366
3.50907e-006
0.00134667
0.000288657
3.461e-007
6.42888e-005
6.53663e-006
5.27639e-006
1.89534e-006
1.68075e-007
0.00240177
0.0029852
6.66499e-005
3.20383e-006
7.04675e-005
2.08313e-007
9.01259e-007
6.0224e-005
2.43044e-005
0.000501912
3.12566e-005
0.000243282
0.00046228
0.00136023
3.05882e-005
2.17813e-005
6.42474e-005
1.89013e-005
1.88996e-005
0.000109765
2.54489e-005
0.00111008
0.0050763
1.69938e-005
0.00145428
8.89287e-006
0.00113096
0.000532817
2.6476e-005
4.18598e-005
2.6153e-005
8.1321e-008
2.66446e-005
0.000404768
0.00144425
0.00121546
0.000901767
6.26054e-005
5.4016e-005
1.85864e-005
0.00103573
0.000333432
0.000815892
0.00131137
9.50865e-006
7.97315e-006
1.42179e-006
0.00143202
1.95437e-005
0.000128158
8.73102e-007
0.00058133
0
2.99315e-005
0.000425272
4.78771e-006
0.000184438
6.1275e-005
2.66201e-005
4.09025e-006
3.39202e-006
5.29615e-007
0.000205032
0
0.0231249
0.00185842
0.00554644
0.00692694
6.82312e-005
0.00477766
1.21762e-005
0.00559112
2.70171e-006
0.000663649
1.89851e-006
0.000237903
0.000518134
2.99038e-007
2.03644e-005
4.96866e-006
0.00190974
0.000109508
0.00146705
1.51089e-007
8.34849e-007
0.000540405
5.49791e-006
1.22214e-005
0.000288975
9.49928e-006
8.09779e-005
0.000357022
1.10141e-006
1.16965e-006
0.00020634
0.000473038
0.000429202
0.00164377
0.00179874
0.000106593
0.000575601
0.00104541
0.00113524
3.88846e-005
3.31383e-005
2.1456e-005
0.00250834
9.28975e-006
1.77618e-005
0.000141643
1.74577e-007
7.65024e-005
0.000156471
4.65721e-006
0.000728116
2.54848e-005
0.000708209
0.00289254
1.20784e-007
3.0623e-006
5.70799e-007
3.44952e-006
3.97183e-006
0.000927272
0.00104788
2.87025e-006
2.62977e-006
0.00160013
0.00170327
0.000792711
0.000431745
4.4875e-006
2.82448e-008
0.00405512
3.90331e-008
5.23032e-006
0.000565602
0.000784916
1.93469e-005
0.00202177
1.03816e-005
0.00194705
0.00306162
0.0036326
0.00625176
8.86159e-006
0.00383792
0.0264106
2.73872e-006
0.00352959
0.000608144
0.0219056
0.000656655
0.000161901
8.13281e-005
1.52924e-005
8.62899e-005
0.000245417
0.000815166
0.000708672
9.22331e-007
2.84753e-006
8.91603e-005
1.63992e-006
1.76002e-006
0.00013338
0.00128964
1.62106e-005
2.67607e-007
0.00245196
1.49888e-005
0.00061618
0.00032374
5.09235e-005
0.00141067
6.51114e-007
0.000121048
0.000477339
0.000199296
1.48755e-005
3.61453e-005
1.71628e-005
0.00020796
2.24163e-005
1.67999e-005
8.64901e-006
7.24665e-008
0.00934285
8.35773e-007
0.000192731
0.00118249
5.03771e-006
0.000445865
6.61103e-006
3.35284e-006
7.61493e-005
8.85708e-006
3.51036e-006
2.57975e-005
0.000471003
1.00447e-005
3.15961e-006
3.92598e-006
3.20511e-006
0.00242166
0.000454362
2.7647e-006
2.2371e-005
9.16999e-006
2.91042e-005
6.05043e-005
0.00734468
0.00312909
0.00110318
0.000475758
0.00042979
0.000253533
0.000314217
1.74191e-005
0.0100596
0.0041132
0.00013369
0.000173062
8.68345e-005
9.8079e-007
5.238e-005
2.52255e-005
0.000170956
3.0223e-006
1.05191e-006
1.48028e-007
0.000229645
4.24658e-006
1.30041e-005
2.61233e-006
2.38179e-006
0.00174952
0.000186484
0.00430139
8.22015e-005
0.000446203
0.000215335
0.00235589
8.68402e-005
0.000460063
0.001624
0.00236869
3.4257e-007
6.77547e-007
7.32755e-008
2.6122e-007
5.78511e-005
4.81853e-006
5.3616e-006
0.000546179
0.000472142
1.2608e-006
0.000230778
0.000135543
0.000456195
1.08564e-005
0.000206346
3.79442e-006
0.00467057
6.49357e-005
0.00334915
3.64499e-005
4.39831e-005
0.0217096
0.0071034
1.96297e-005
0.00117169
0.000519992
2.15519e-007
0.000209308
0.000171435
1.44519e-006
3.65889e-005
9.16185e-005
5.20523e-005
0.00127931
0.00561832
0.00132415
0.00019286
0.000166891
2.51116e-005
4.84966e-005
0.000105143
0.000348996
0.00134133
8.67735e-005
5.52755e-006
4.51582e-006
1.04672e-006
0.000771069
0.00284106
5.77821e-009
7.91792e-006
0.00222609
0.00161536
0.0026002
7.84746e-007
1.18463e-006
5.38621e-006
2.67276e-007
0.00462469
0.00399052
1.8569e-005
4.93614e-006
0.00533992
9.17647e-007
4.31294e-008
0.0157322
3.01913e-006
6.26317e-007
1.78143e-006
2.37272e-007
4.73862e-008
0.00281215
0.000339841
0.00975053
4.46197e-006
0.00646068
0.00231593
2.27877e-006
0.00158194
6.62948e-005
0.00162488
0.00543551
0.00372405
0.000332719
0.00387104
0.000794106
0.000982892
2.7902e-005
0.00229152
0.00140664
3.32048e-005
2.42603e-005
2.08959e-006
0.0102664
8.64764e-005
7.36917e-007
0.000444343
0.000492308
0.00133407
0.0511629
3.92753e-005
0.000946972
0.000430998
0.000148416
0.00478352
0.0023272
1.94353e-006
6.34096e-005
5.43394e-007
9.13396e-007
9.48848e-006
4.52856e-006
2.47404e-005
1.74076e-006
2.10387e-005
9.21485e-005
0.000712714
0.000342288
0.000332657
0.000243804
3.41342e-005
3.05932e-007
1.02926e-005
1.51186e-005
6.40719e-005
1.1905e-006
0.000146107
0.00055978
4.63804e-005
0.00266798
0.00019903
1.29491e-006
0.00451245
7.73723e-005
0.000469716
2.88835e-006
7.05526e-006
0.011746
0.0169217
5.99024e-005
3.04949e-005
0.00137895
4.17817e-005
6.25451e-007
0.000421281
0.000350568
0.000815014
0.00180842
0.00148516
1.60961e-006
0.000551815
0.00502518
0.000908446
0.00166816
0.000116365
0.000315652
0.000468077
0.000312452
2.26014e-008
0.000723649
0.00133746
0.000344562
0.000145424
6.02125e-005
0.000144324
0.00531865
3.48955e-005
6.20647e-007
7.11188e-005
5.16856e-008
7.73335e-005
4.27053e-005
7.9652e-005
0.000421077
0.000229437
0.000723479
0.000190298
9.3668e-005
0.00204655
2.6644e-005
9.06287e-005
9.56414e-005
7.71757e-005
0.00359289
4.81295e-005
0.000770267
0.000621466
0.00109384
0.00264165
0.0032068
0.000955183
0.000107859
0.000105803
0.00209286
0.000195778
0.00302428
0.00090242
4.80289e-006
0.00117602
0.00866861
0.000453222
0.000389891
5.73211e-005
0.0034837
0.000162384
4.79083e-006
3.20592e-006
1.50331e-005
0.00940348
6.93776e-006
0.000925325
1.45111e-005
6.61576e-006
1.76729e-005
1.91704e-008
3.69641e-005
4.3396e-006
3.78147e-008
2.01747e-005
0.000572127
0.00115926
0.00325732
5.81658e-005
6.80317e-005
1.12873e-005
0.000327459
2.62867e-006
2.93986e-006
2.422e-005
7.10081e-006
4.50525e-006
1.4695e-006
5.13031e-007
0.000304865
0.000126873
8.09636e-007
8.3715e-005
9.08146e-005
0.00035778
0.00126563
0.0011326
0.000205967
1.21382e-005
9.31396e-006
6.48825e-006
0.00109324
1.56097e-005
0.00013496
0.00440957
0.00621511
0.000215197
0.0069075
0.00648277
0.0195797
0.00991119
5.27868e-005
0.00134175
0.000130795
4.82094e-005
0.000358805
0.00212315
0.00308357
0.00309524
0.000498618
2.0665e-005
0.0109191
5.45865e-006
0.0325966
0.0032331
0.00960739
1.49396e-006
0.000504487
0.00324616
0.00216137
0.000205891
1.5852e-006
3.1259e-005
9.62807e-005
4.08279e-007
0.000712591
0.000362712
0.000117864
3.80203e-005
0.008921
1.21646e-006
0.0017201
0.00031315
0.000723962
1.16969e-006
4.20032e-006
4.20643e-007
3.76513e-007
2.14462e-006
9.26461e-005
0.00010003
0.000110649
0.000109386
0.00194556
0.000168771
1.77707e-007
0.000956545
4.01771e-006
0.0049225
3.10637e-007
5.52223e-008
2.15827e-007
1.58753e-005
1.05191e-006
6.26408e-006
0.000269012
0.00482627
5.72543e-007
0.000319866
0.00010208
2.15613e-006
0.000232312
0.0156045
1.26053e-006
0.000424463
1.91142e-005
0.0126548
0.00256714
5.24088e-005
0.00112464
0.00098771
0.00345107
0.00400625
0.00474187
2.96639e-005
0.000323026
0.00106692
7.92124e-005
2.41663e-006
0.000125694
0.000184897
0.0232278
6.48703e-005
0.00514458
0.00478151
0.0424658
0.000386208
1.39001e-005
2.72668e-007
1.88326e-005
3.19492e-007
6.36511e-007
3.35621e-006
2.32647e-006
9.04236e-006
0.00345584
5.47537e-006
2.73871e-006
2.98391e-006
2.42659e-006
7.48737e-005
3.64629e-006
1.01066e-005
1.77403e-005
0.00104127
0.000102369
4.24719e-006
0.000130273
7.24365e-005
0.00405761
5.41454e-005
5.20555e-005
0.000667585
6.91467e-005
5.83501e-005
0.000180756
0.00133781
0.00442781
5.17951e-005
0.000665186
0.0185289
1.47064e-005
5.86576e-005
0.000448493
0.0110679
0.0045572
3.10953e-005
4.26209e-005
0.000253672
1.57034e-006
0.00186487
0.00113677
0.000416141
6.10891e-005
1.05778e-007
0.00207632
7.23164e-005
2.26176e-006
3.47235e-005
4.39066e-005
1.58354e-006
0.000209124
7.80359e-005
8.9043e-005
0.00508767
0.00135635
5.89077e-006
0.000172458
4.32356e-005
5.03525e-005
0.000610647
0.00174619
1.03866e-005
0.00772611
0.00627295
0.00156561
0.000792443
0.00341919
0.00661696
0.000358031
5.47054e-007
4.36179e-005
0.000663066
0.000377239
3.43548e-006
0.0049351
0.00141593
0.000106913
1.44446e-006
2.23729e-007
0.00526395
5.8203e-005
0.000147648
0.000901525
3.1586e-005
2.50318e-005
0.00108452
0.000464419
4.9386e-005
0.00426227
0.000306071
2.48949e-005
0.000577004
0.000499399
2.12167e-005
0.00185962
0.00381582
0.00858429
0.00162704
2.56071e-007
0.0122475
9.43665e-005
2.69451e-005
0.00222882
3.71664e-005
0.000766993
2.48949e-005
0.000362746
0.00411465
0.0410388
9.36905e-005
2.3542e-005
7.75884e-007
4.46657e-006
3.81515e-007
8.64492e-006
0.00141582
0.00158968
0.000407464
1.59275e-005
5.18787e-005
0.00660127
0.00139987
0.0369416
0.00125774
0.00962024
2.26902e-005
0.000469206
0.000188309
0.00226639
0.010605
0.000311555
6.73532e-007
3.58026e-005
2.07304e-005
0.0019857
0.00283365
2.14133e-005
1.44507e-005
7.16265e-005
0.000140301
0.00012605
2.09794e-006
2.3165e-005
0
0
0
0
0
0
0
0
0
0.000849242
0
0.0238927
0
0
0
0
0
0
0.00235938
0.00133262
1.11352e-005
5.46475e-005
7.93229e-006
7.55488e-005
2.15194e-005
0
0.000126606
5.6933e-007
4.82014e-005
0
9.00391e-007
0.00727345
0.000158837
4.32617e-005
4.52087e-005
1.67225e-006
0.00149124
8.80996e-005
3.82591e-005
0.000140752
0.000228502
0.000153144
4.46212e-008
0.000957164
0.00164725
0.00167221
0.000296638
4.46316e-008
0.000754244
0.000804118
2.77272e-005
0.00119724
3.77539e-005
0.00143483
0.000988025
3.97521e-005
0.00109254
9.15488e-005
4.09373e-005
1.2711e-005
0.00395212
0.00361486
9.6633e-005
9.66322e-005
0.0063212
0.00107893
0.000255024
0.000144863
