3464
5614
6402
483
7314
7438
305
477
7264
5112
6025
2806
3539
262
253
383
2809
71
316
750
5212
1354
428
462
280
216
5616
597
3407
190
7285
120
312
61
556
2670
605
5212
28
6986
748
350
115
347
6946
6774
374
1447
340
412
418
7264
712
989
813
177
6951
545
188
154
161
2408
156
200
2032
2458
330
1398
7399
7337
446
341
6577
336
263
1079
485
453
7264
218
571
492
408
1925
1085
236
6941
3282
109
764
640
744
613
1365
417
1081
186
294
71
3433
3433
186
5258
954
7204
197
3705
391
733
247
535
2937
596
753
1081
843
161
666
6818
481
4459
515
511
2082
397
536
2296
578
7264
2762
2905
463
1474
280
1910
1925
6097
313
310
254
250
1356
144
6508
3604
3169
824
7002
667
566
2524
423
357
378
3759
986
1931
124
2003
7258
367
3464
2374
2608
2464
1253
3494
4929
5634
6201
7409
298
140
360
1799
567
381
5842
133
6334
289
685
7113
377
806
7285
255
3584
2937
2550
203
337
7264
2777
1782
548
2522
824
1444
997
72
5081
472
1293
3705
689
3127
6304
4447
489
6021
279
7264
5380
1132
4333
1697
1010
1354
361
525
489
6516
420
413
482
2778
7412
369
7412
3525
758
821
819
5183
442
1356
3063
2021
1085
7112
3705
6199
1817
2683
364
815
5723
5723
672
743
1095
1300
915
928
915
355
7117
5
1190
1508
5634
2524
786
528
7112
176
4925
6600
2937
5614
1516
422
251
3550
997
1204
504
2620
3127
992
2937
6091
975
2199
871
4690
323
6892
7399
4168
350
4971
588
260
332
358
491
269
4073
757
187
7411
3407
1303
316
224
7396
1222
7395
2076
850
1142
7384
293
1754
7240
817
543
301
5118
164
217
1926
63
5562
1127
7255
470
778
7253
7253
1332
444
443
685
2809
80
1709
249
630
758
3321
817
683
1185
4082
353
119
2567
249
3474
5187
4312
2674
254
7253
3417
646
576
5026
537
1870
714
1216
7361
2778
4967
552
141
241
1474
4419
4306
582
314
201
174
815
6334
321
7192
7409
4459
1395
4380
5943
787
205
376
2272
2534
2063
887
5388
6417
7264
710
1223
780
530
594
6919
1973
137
4965
684
160
520
1021
284
1065
989
3314
6352
5639
6098
369
6577
749
6919
459
4957
2125
5635
1010
438
102
6162
326
5339
748
695
1876
419
695
2639
595
233
428
690
5314
546
6919
1855
302
784
2026
100
2151
408
38
5431
1303
1759
5955
1337
504
6176
826
6880
7382
37
5723
58
62
942
7264
7313
718
592
1213
4740
6266
920
7212
3770
3359
406
5868
3
7237
403
617
1750
2622
488
25
744
1914
6482
4839
913
3473
6642
1522
1628
140
88
4618
514
719
202
202
633
559
1042
1387
4350
1372
7339
212
55
517
481
577
898
212
76
994
317
493
702
209
906
724
1231
1383
1983
4839
180
506
273
461
42
863
3109
879
3463
4294
32
493
606
553
27
6455
7431
7431
7400
421
460
5138
318
148
2021
485
717
209
6675
788
7254
616
2636
1138
37
658
7264
3571
2524
443
7409
111
1626
975
7049
2653
2905
7397
2555
57
2367
7255
163
17
3397
564
175
7398
78
515
753
1161
1057
2871
6919
700
5607
1148
2000
769
784
1394
1268
309
2684
944
304
242
7264
1698
66
1878
1309
252
613
6199
943
10
5943
241
353
4328
4328
452
540
790
86
1223
5035
6103
5138
195
2550
1037
2374
82
2834
519
519
197
559
2403
6456
6986
7287
3929
234
41
1467
464
5635
245
1641
991
4887
6248
331
6919
6219
1605
442
5868
4915
3929
103
4727
429
285
2315
4028
4350
2398
5183
5183
7264
2756
951
6
3473
6098
878
1995
3408
6062
47
928
4607
753
271
390
7395
3435
1179
875
1243
721
97
1291
927
1202
489
4039
5430
2792
1789
414
1065
5616
4835
98
935
6919
6951
606
784
2405
530
49
1861
717
3109
544
1022
2367
745
1354
2125
5352
5352
1195
5572
644
117
117
704
6376
267
915
463
747
2
3168
3602
5061
118
7433
287
7382
3066
1461
739
6091
7339
1121
96
7
2210
4476
686
3024
3397
812
1449
90
6825
5006
719
415
808
1056
2620
112
2323
86
261
1947
166
710
1330
6071
808
6919
5033
520
510
1430
786
1199
84
6219
142
64
6642
3602
687
1081
359
1660
996
1424
3689
6695
22
68
5212
975
1023
4753
863
1174
77
2753
2345
3435
7264
339
4971
1611
1116
1030
407
664
1069
2323
1009
1578
1920
3359
7400
618
125
135
112
4572
563
760
1012
1947
4306
1404
111
4449
2315
3011
5068
4727
1037
697
1995
93
439
6919
76
2735
7255
2620
5868
127
4636
282
746
388
2864
1596
1789
865
4413
2354
7112
2650
5118
264
84
51
3669
2533
4902
725
7071
1906
702
5683
158
426
4039
103
6695
1398
99
411
2762
5768
1229
134
768
678
2622
1995
2441
3323
1726
1603
1994
767
767
767
2758
1447
194
3770
696
819
6413
76
184
746
544
575
213
5007
335
619
627
500
1229
239
3354
314
3024
7071
384
1695
5868
2893
545
427
3980
4113
1678
1265
489
5086
2941
92
4915
927
6162
5061
526
937
958
897
4358
5068
4971
4915
3323
1603
767
1074
798
18
101
1057
803
2441
1147
2096
823
3708
7049
4618
373
1930
368
6231
303
1330
265
3873
2797
3165
5508
4071
5846
853
938
2303
3455
7264
7264
6135
1922
2102
752
1121
2809
1291
1318
1461
1765
7293
1076
513
3756
2000
945
5934
2216
7411
7064
686
2403
2345
1280
4039
1396
318
1739
562
7407
7432
1925
2527
401
555
1817
927
2832
657
1318
7398
2004
740
4498
1011
1011
6507
6919
6919
629
210
1728
5251
622
1623
70
1967
584
1715
770
276
1042
2832
632
56
1072
1396
2191
2580
106
1372
4572
480
4039
452
6415
1809
909
972
4009
2580
1370
1862
1174
960
4294
439
636
3035
2832
4349
1619
4039
1953
583
4298
5435
5251
1417
279
431
991
426
836
1816
496
2635
2378
678
4039
4647
1040
114
2345
1051
5776
373
7192
7255
2635
2061
240
2792
1070
1079
977
3464
1137
1202
1202
693
2758
6738
583
1626
602
953
6625
3641
13
173
3792
6553
157
5237
538
487
5654
4418
7399
7264
2107
629
544
1638
1535
114
128
3568
4047
6487
4083
76
168
75
941
934
1193
2858
506
1098
869
6951
470
6986
1005
6011
1006
3787
1947
4916
46
145
6482
632
1189
76
677
122
2378
7432
664
2303
929
1099
818
1229
7187
1331
52
6617
959
2048
919
185
6890
601
740
6655
4066
3602
2538
2335
449
1027
726
433
2118
3386
1160
5634
1488
221
2841
538
363
363
7286
1133
3024
1889
1396
337
5723
7255
507
1108
753
753
7049
937
370
7231
647
3298
1984
7285
477
919
2555
709
2096
5212
2931
1726
990
1388
4009
829
6951
6266
2171
753
6747
1370
624
271
5138
4097
930
3527
86
1617
2010
915
3603
121
2939
297
3254
3180
1394
1862
276
4039
860
1611
876
1215
4047
7416
3386
1002
4569
1108
903
7382
411
1368
3873
3462
3604
7264
67
2156
773
191
7399
6919
5912
4682
4682
927
710
4929
185
5228
2426
2931
871
373
2004
1337
1367
1081
2645
59
500
4803
2795
2826
7409
1469
1673
1686
21
434
436
345
98
173
5384
6706
8
628
3078
6919
1469
4908
5846
481
30
1266
2214
3519
1967
7411
5713
1710
1013
2857
2688
569
3527
7264
753
3591
3967
6695
4401
4579
1201
3886
5508
44
6135
7255
91
2422
332
290
4
1699
2834
5033
1034
6576
3394
1788
4671
297
2426
450
1704
1135
4401
4878
858
7415
919
3539
3109
1145
61
1312
1312
1211
1499
7399
1353
265
3323
1687
3417
1118
171
7049
4173
663
3455
3571
4222
7381
4196
1947
1388
1578
265
5041
870
2148
2738
1530
1967
1115
3455
6161
3793
6609
1038
5509
999
3447
6453
484
7409
2112
616
311
6268
5004
1267
5395
3112
34
2432
7192
1751
5958
579
6516
6516
5657
5021
1566
1311
518
3873
3873
1155
976
1682
2426
5110
2099
1166
4748
147
1788
3691
770
3920
329
4929
1289
7112
1064
725
471
3471
4262
6103
7398
760
5376
1245
1064
380
3405
4083
7409
870
3079
4223
4748
2270
778
3539
3539
844
1251
5352
5217
2432
1998
1902
7001
1346
4243
5568
7015
2401
6986
6951
3394
4447
5654
670
6559
1328
1550
110
4902
1205
2532
4306
4532
3539
4806
5508
5901
3522
809
809
615
881
4496
309
5985
3526
4349
1104
6210
4243
1206
5184
1862
2144
4958
776
4028
5998
2872
2303
1462
3718
1356
2429
265
2738
6268
1219
2832
6069
1236
5469
1165
859
5841
3691
4794
173
1080
1415
447
3618
1033
2307
3602
1074
1049
1070
2234
2513
747
1479
5388
2072
4004
7255
1211
1271
1807
1993
4779
7254
3312
3471
939
3435
3689
123
4150
4291
1852
1702
400
1415
1183
3263
691
4039
861
761
6054
7113
7409
2443
922
2356
1853
3352
5175
610
1623
3081
1192
1382
508
534
5034
3313
1425
6268
6268
6379
963
1914
5620
1640
2187
1864
2079
3996
2861
1488
3109
2744
1462
902
1692
2091
861
4496
4113
1393
2197
1106
2055
692
1280
1590
3036
1708
1266
1530
6021
831
1986
4899
3911
2526
963
4234
1502
1390
1527
1911
3210
5440
5440
723
4892
522
629
1035
1156
1483
889
2359
2792
811
715
2007
4532
1155
2115
2426
2734
1586
2194
2061
5475
6424
801
2832
3357
2696
5279
2339
1511
4733
5004
2142
1020
1165
3602
5871
975
2988
4861
1035
2079
2914
1106
1728
2887
7286
838
5076
2014
3497
1996
2656
6919
1431
2749
2078
1565
2463
703
4177
1735
3961
2815
4328
855
1079
3104
3173
3365
5429
5470
5199
2845
277
46
46
1893
2183
1625
772
1103
5384
1489
2443
3472
6251
923
2473
2951
1132
295
1441
2842
1692
3107
804
205
1653
4306
993
4184
5749
2317
1325
2120
1503
699
1051
122
1863
2312
2946
859
3873
1858
3370
5068
6487
1981
76
1978
1453
1954
3009
939
2915
2861
1061
456
2256
1211
4607
3279
4407
2861
4522
2167
2073
1382
3266
2381
2378
2112
2142
1888
1795
5007
443
2698
1270
5435
2256
4716
1270
1217
45
3318
1921
4582
1173
3244
2720
1589
415
2723
2554
3512
1395
550
2233
2063
5505
2823
3792
1798
954
7264
2982
1335
471
2339
1728
3723
896
2079
2321
3277
2165
3946
2734
4625
807
2221
2982
3662
3265
3545
1774
1863
4050
2770
3107
2814
2222
3179
1702
1337
1892
7286
167
4270
962
4052
3458
1945
1945
1946
1933
3903
3492
1468
5681
2101
963
2742
828
3048
3622
789
2502
1324
1228
911
2386
2549
1020
1971
7360
2359
5429
2101
2667
1684
900
1913
4022
3817
2086
1720
1730
3261
1150
5076
2225
3053
4809
1376
3385
5757
2462
3365
3302
3817
160
1209
3008
4672
4810
1099
5922
5832
6850
6268
3517
394
807
4607
882
844
5634
3895
2741
3602
4135
1497
1316
4091
1838
1418
105
3126
1842
2836
1971
4594
4070
2457
3407
5842
1868
1620
2878
149
965
855
1208
3104
1063
448
6069
1561
2681
2117
2007
3888
6795
4101
4014
962
2609
686
5270
7114
1527
2837
6415
1623
5094
1648
1945
5062
2007
180
2646
4267
1804
2598
2796
2748
43
2590
936
6687
4836
3192
3302
1492
2806
1479
5936
5617
6230
6011
7273
3009
1063
2925
5044
2348
3000
2403
2316
901
4148
6285
6285
4310
3980
3532
4014
1687
6683
3470
4779
2034
1783
1783
1736
3586
2679
2579
4140
1477
726
2460
2412
2552
7047
2773
6211
2771
7312
6082
1736
2853
2490
1537
4289
1844
2627
3523
957
2904
3878
1250
1506
1263
3468
2615
2443
1981
869
1717
1787
3321
4705
620
2431
3787
3119
5275
1822
5596
802
2086
4398
4324
2702
3330
2001
6919
1235
2629
3292
126
4794
2253
4500
5913
1492
2646
3764
2702
6323
5963
3607
3436
2666
726
1586
3202
4938
1505
5517
2126
2514
3931
2312
1850
2938
5386
5953
5071
1098
4459
2547
2833
2872
1346
6600
924
1664
6159
2161
1631
2544
1353
3005
2579
1630
3522
3342
1933
3715
1795
1417
2419
2378
1117
6457
1733
3014
1843
1423
3387
4270
5215
2662
1761
1348
866
3212
4223
873
229
4493
2024
2734
2167
4242
4876
4375
521
4321
2833
993
1877
947
2126
1957
699
2898
16
3822
2176
1725
1166
1570
2252
3295
1770
3009
541
3754
4878
2089
1847
1102
3571
3605
3240
5354
2249
3823
4817
3014
6082
2180
2165
4895
2978
4363
4892
3076
2312
2001
1310
4133
2579
1900
3823
1849
3702
2666
3277
3503
2873
3851
2548
2226
1911
3867
693
2579
2498
4217
3715
3098
7264
1804
3618
2195
2580
2733
1029
3430
4053
2249
1646
3275
1492
5782
5831
5610
2634
1631
3101
3585
191
3560
2760
5578
4152
3422
2633
4329
7430
1853
3324
5873
1814
4630
1577
2555
117
4124
3505
3088
1154
4042
2884
1357
2496
3036
2140
4073
1348
3418
3413
4539
2394
2394
2737
3245
3238
4116
699
2896
5723
4050
2467
7036
1746
3147
4163
3512
2789
1060
3620
3074
2415
1797
3752
2920
5196
3919
2903
1559
2338
5078
2011
3216
181
3321
4177
1028
2512
1837
2673
5066
3339
3074
1455
3458
3133
2925
3621
6009
2615
2698
2664
3369
6736
2302
3477
2431
2618
2918
832
4289
2180
1522
2304
2992
4216
2805
3950
4379
2221
3068
3229
5372
6125
2537
6798
2593
1689
4428
1988
844
2899
1690
373
3909
3439
2183
3622
4892
1100
5505
964
2448
1951
5387
1811
4931
1757
3157
2108
3553
2509
474
2917
3682
2544
4811
3111
4263
5198
1933
673
2425
5162
3667
3957
2108
2421
2908
3305
2047
2046
1475
4351
1939
2554
4281
4399
1652
2495
1073
7353
2848
3275
3905
916
2703
1791
4256
2959
1687
3303
4406
1822
1909
3445
1670
3368
1805
3617
3036
3939
2755
4858
3695
4954
1613
1164
1844
4363
2496
4367
1769
2715
3931
3571
2843
4002
3331
1371
3286
1028
1785
4406
3283
2064
7049
691
7385
1021
2425
5813
2113
2478
3611
2490
192
4430
3286
1207
4079
7264
1107
1735
2736
4951
2134
2709
4451
1254
7061
3226
1376
3607
2680
1172
1865
2694
5387
4794
2192
4672
3218
2405
4762
2644
2906
1970
2169
4572
817
3451
4843
1356
3287
5318
1689
5281
5387
1982
3091
1811
1615
410
2065
4244
396
2166
1868
1524
1849
1167
4405
3213
1207
1472
5419
2701
1927
4701
3214
1568
587
2200
3723
2885
3903
2072
3316
1793
4839
3131
871
4161
4418
5090
4321
2631
3890
1290
4986
4855
7403
2707
7150
1673
1132
2358
1234
5998
1457
2781
5157
6471
2490
3216
4356
3932
4479
4569
3416
3503
4322
2512
1221
1882
1531
4730
2471
2916
2389
5419
447
7264
1589
2365
6831
1507
1745
2694
3706
2264
1693
6956
503
1737
3555
3117
496
4249
2285
4079
5907
1555
6744
6744
3006
3350
2868
5421
2298
2221
1563
4719
3945
3351
3234
3986
4584
1053
5723
4100
6402
2022
4752
1684
3743
1468
3273
3440
1727
2336
1528
3332
2139
5609
3683
962
1976
2382
3470
4572
1071
950
3416
2615
4362
1510
4070
2865
4952
4542
3782
1737
2158
3964
1837
4836
4329
3185
3038
394
1580
4240
2655
1382
743
743
2031
5358
1526
5044
4860
3018
4213
2820
2357
3119
173
4539
3079
3411
332
189
1531
2421
3218
5044
3563
4474
6912
2945
1869
3135
3009
3160
1214
5032
2929
4579
1238
3412
2642
3581
3576
864
3723
3102
5162
1967
1976
2932
4629
4090
2221
561
2413
5354
2439
3475
2695
3959
4474
5061
4186
2174
2317
4096
3589
1626
2539
4572
1873
3732
5546
4256
920
7047
1891
2857
3872
2655
2230
2728
2979
2346
3674
2350
5725
2274
2794
3892
1943
4019
5801
2736
1568
3754
2692
6148
6043
620
5533
983
983
5470
2453
2453
3173
2122
6845
4260
3894
2576
3139
2885
933
1084
4761
1091
6122
4495
4280
7403
1172
3273
3855
2805
3257
5553
3865
2813
5991
1457
4058
3096
7433
1158
1797
2718
3993
2593
5058
2087
1802
1490
4904
1696
4314
1384
4832
5116
7430
2881
2940
1755
2736
4527
3306
4343
3089
4257
2332
2150
2490
2271
6180
6314
4210
4761
2471
5460
1510
2568
3434
3589
7040
4594
3037
2281
3226
4383
1326
5163
2640
3639
7355
3440
662
2503
2628
2
1204
7040
5328
4616
4643
5110
4832
3296
3239
2579
1032
3528
3238
2334
1547
2708
7273
2369
2229
7034
3551
5509
6532
2618
6919
4814
2500
3761
3145
2219
5793
1540
4397
3864
2682
2450
4493
4430
3527
4499
2348
2388
4397
5598
2354
2705
4172
3354
1119
4277
2483
3096
968
2598
3136
1050
5358
410
1547
3697
2322
1515
4701
1708
4448
3157
2066
2362
1270
7403
2053
4784
4377
2390
2390
2448
823
5313
2109
6012
3489
3997
3209
2311
4206
2509
3699
2702
6438
2480
3896
4469
3899
6755
3990
1227
4294
1110
4533
2912
4125
1568
3312
3416
4570
2600
5397
1663
3667
4376
6002
2328
1958
3672
2999
6463
1060
256
4198
3331
3410
3546
2334
1281
6687
7290
2996
6009
1157
6259
2328
1923
3470
1450
3115
3203
2121
2509
5091
1478
2747
4793
3967
4904
2229
1654
3283
508
3883
851
7049
4134
5061
2346
2655
3349
1621
1374
3331
1630
1466
2312
2180
3402
4037
4229
4124
3727
3599
2491
1742
1524
3685
3059
1427
3430
5494
4665
3017
6509
4134
1635
1721
3782
2483
3713
2546
4397
1717
6576
6687
1282
3744
1602
2279
2846
448
2435
2295
5961
3915
3333
2617
1890
1329
1377
2059
970
3038
5214
1575
4787
3516
7390
4503
3292
3716
4037
4412
2411
4688
465
4738
3194
5159
3545
3893
3248
2689
5775
1334
4822
4512
4682
5707
3329
4688
3774
1246
6743
6743
1282
3714
4044
2988
579
1136
4158
2991
4260
2279
3367
1570
1570
2974
3243
1006
2802
3195
2914
3645
4595
3977
2747
5421
3872
1583
778
3738
3070
4021
1940
3544
5607
1866
878
3626
3518
3403
2744
2667
2154
3343
2794
7431
2055
3792
5050
2584
4044
2791
1571
3725
6616
317
2224
1787
3015
3167
7318
7062
1053
3599
2290
3332
2100
3033
2744
7376
3163
1979
1479
5595
3712
2822
1495
4422
4769
1363
3064
1601
3867
6532
4458
4431
5304
4109
2801
3055
2520
4268
2027
1663
4617
4931
2336
5208
2688
1077
1746
2995
2548
6532
2329
5915
7418
3270
7390
805
3931
5577
5577
4191
4093
4256
4827
2821
6082
3382
1670
1524
3796
7393
5503
2961
2566
3488
4113
3129
4584
4043
6686
3976
3886
1341
4329
2324
4593
1938
1636
6581
3851
3555
1637
4942
4938
1048
2228
4718
3427
1335
3111
2813
4966
1813
2757
6429
6430
3046
130
3757
2023
4803
2974
844
3046
6527
3739
5199
4016
3513
1539
1257
6890
1937
7321
4555
3795
2545
5015
7381
4699
6661
2538
1412
3750
1744
4329
4206
54
1362
2884
1389
3531
5012
6175
2818
2657
4081
3105
3913
5262
4105
1329
2599
6004
5418
3744
2027
2657
5260
5959
2928
3685
3371
3919
1975
5283
2868
1648
4197
2791
4052
2482
3191
4072
2991
1341
1341
3455
3455
2828
4558
1221
3289
3806
3293
6296
2565
5435
4703
2470
2973
3438
3414
7334
2913
1965
3246
5372
373
1650
1693
3514
1484
3948
3301
1627
2722
4025
3755
2166
4916
5214
3326
4477
2551
4311
4232
2749
4450
4227
4762
5419
5679
2467
4368
3704
1448
1585
3069
1329
4599
1758
3951
1957
3512
1121
1054
5451
337
2201
6148
1542
6715
5310
2710
3003
3040
1945
3247
7264
2380
5356
4412
3229
4040
3085
3833
5387
4160
3371
2566
1927
2312
1067
3603
4654
3664
2337
4603
3393
3751
1732
1808
3925
3984
1209
3671
3093
4882
2106
2935
2700
2656
1129
3608
1435
2258
4019
3628
2366
5720
5076
6560
5125
2521
1514
3807
5274
5832
1548
2989
4139
7120
3498
1670
3504
4421
3267
4265
2241
3166
1101
2343
3307
3568
3351
3100
4994
2629
2776
805
1601
2503
5692
5517
4654
2456
6033
4490
6224
5460
1723
3674
5083
3121
1172
3789
4065
2911
5782
5097
2288
2353
4989
1145
2765
3554
3869
5680
2068
3351
126
6532
1732
3246
3938
1573
2245
5313
5503
2665
2025
265
1902
2693
2036
1311
2025
1899
3425
4953
5616
4170
6429
4286
4081
6760
5429
4533
6175
5619
3237
2913
5925
4473
1731
6078
2206
4341
7393
3963
3984
5565
5199
7255
1761
4978
1105
6042
6644
3769
6029
3400
2993
2948
2445
3753
4330
3498
3331
1679
3029
2660
1377
6769
2629
6131
2578
3543
126
7293
1557
4589
1101
5195
4183
7123
7355
2966
1672
2745
4656
4057
3260
1983
2011
4711
2341
1885
1386
3862
3862
4699
3953
5552
3409
4909
5098
2703
1802
4225
3494
5595
3340
4835
5238
4196
4688
1966
3758
3259
3116
7418
7433
6624
4456
3968
6738
473
2883
2652
2200
4462
1788
5132
3320
2295
2460
2824
4033
4934
2788
3060
3626
4193
6394
4975
5732
2603
3946
1923
1755
1263
4564
5595
1917
4888
4197
4922
2852
4199
2324
3866
2601
3245
4181
1682
4676
1459
4725
4332
3661
1723
2948
6011
4888
3664
6951
662
7264
3460
2580
2763
6647
2969
4508
1812
6798
4100
6635
3661
3374
2577
1221
2961
3140
6925
3096
6779
3833
4383
3253
3995
516
4386
1454
2852
4891
1114
6184
4493
6929
775
1439
2200
4773
4197
839
961
1786
2578
4568
2012
3132
4077
2034
3681
2539
7049
4017
1435
1666
3202
5505
5505
1614
5104
2385
4064
6095
6734
4404
3562
5071
3783
2812
6931
3102
6687
5482
715
3164
6214
3256
1141
2664
1442
5208
5571
7024
558
1655
4117
4297
2725
3345
6477
2088
1470
2531
1089
3069
5910
2850
6532
2558
4038
4244
4983
5278
867
3235
4077
6327
3123
5820
2710
4978
3849
5489
3171
3965
2809
3212
3615
5673
5116
2352
3202
3376
7061
6630
7315
851
966
2952
2036
6044
1518
2561
641
2058
3172
5563
2691
1899
7432
2430
4997
7334
5960
4354
1801
2351
2721
2301
2543
848
2114
5273
5281
3581
2824
3045
1866
2587
4927
4884
2988
3067
3862
3502
3401
2775
6429
6429
4184
4309
2277
6365
4865
1802
3117
7365
7093
3988
3270
1257
4974
3670
3099
4283
3786
4564
3291
4185
5355
4780
5284
839
6139
4823
6025
4743
6510
4677
1478
3143
2099
1363
4463
4953
2158
4775
4884
2933
2765
1440
3984
1434
2776
3134
4472
7075
7075
2477
4003
3465
1919
1259
2804
1923
6622
4624
2562
4527
7192
1585
7393
3366
2037
2506
1177
6609
2892
7399
4122
1831
3361
2594
1708
2799
264
4906
2821
5801
3178
1939
3626
3716
1369
4793
5075
5262
4184
3172
2654
3819
3694
5410
238
4527
3761
3663
1557
2586
6196
3670
4277
6479
1594
2119
2489
3028
1325
1999
4415
1310
2066
6084
4768
5901
1600
2057
4197
4555
2611
2907
4448
2813
3196
3562
5964
1895
3380
4128
1977
3982
2817
2599
3501
4015
1737
4420
3129
2056
3363
6968
1433
5526
1747
6696
4465
1006
2810
5622
2775
3574
4990
3977
6933
4081
1355
4751
4851
4830
866
7156
2407
1277
3085
3704
2419
4271
2442
4319
2186
6588
4843
4674
2105
6576
1215
5079
2588
3063
666
3627
2044
4269
4144
3481
3294
6020
4978
4995
1713
7268
7318
5822
343
2117
2410
2410
3362
964
4258
4885
4279
4936
4996
6532
3805
5465
3108
5304
4381
4926
3720
4983
974
5171
5909
3381
6367
1585
4501
4499
5010
2835
3650
1000
522
4215
710
7376
4271
4588
4678
7439
1917
2779
4121
3094
1672
4474
3788
5575
3153
4675
6118
4611
2595
2730
4087
268
3515
3670
4629
4368
2208
4269
3900
4458
4892
6043
1768
3184
3809
1962
5155
1181
4228
6635
2619
3852
6653
2968
3255
3308
2582
3179
2975
1208
6020
1130
3362
2400
3979
4513
3752
3411
3200
1812
2419
2570
3938
4337
1321
2883
2394
5274
3047
4392
7334
4215
5661
1893
3330
7302
5608
4127
5936
5936
5936
7439
7439
4226
1834
3952
4784
1294
1032
4251
5524
4983
4039
5002
4804
5219
6532
1679
3582
3582
5553
5429
7247
2601
3801
1344
1835
5377
3110
5981
3827
4023
3341
2654
2506
5730
5730
4176
3244
2960
596
6042
4861
1722
4195
1238
3196
5474
1830
7431
4042
4112
5146
5515
5631
7417
7417
3938
6092
5893
2504
5015
5153
4450
7093
7093
4633
1764
3581
4769
3011
5637
871
4729
1751
2200
1650
5733
7264
6383
5333
4701
3169
3168
3548
4659
4775
2319
1763
3251
1855
4599
3094
7439
4080
7439
7014
2744
6588
2070
5723
3255
5912
1089
2971
6429
4185
2022
2769
1600
2865
1731
4703
1334
4733
1554
4255
5485
6687
1758
4948
6086
2883
2813
3290
3296
2595
2619
4191
662
6315
4653
5198
4469
6588
871
3190
7061
3809
4923
1670
2745
5417
6310
2438
1310
3924
3512
4235
4749
5633
2117
5851
3874
354
2542
2542
160
3966
2641
1470
7264
6601
5305
4871
5992
3797
5216
6475
6736
6034
2677
3739
6920
4499
1459
2845
3151
6289
4662
1803
5075
2049
3040
7047
4092
3103
3862
4878
4001
3321
6161
7312
5804
4567
6340
451
5732
5732
1512
3968
3492
2956
2283
3854
3583
5736
6056
5901
2362
1756
2505
2783
7293
2890
3880
4485
2691
5010
5521
7042
7218
7218
2117
3383
3484
6627
6448
5209
5200
1674
1832
5355
7146
1126
5171
693
6310
4132
5300
6112
5261
4224
2532
1938
2722
7420
3805
3713
4325
7061
5266
4964
2856
4357
3501
7433
723
3452
5399
5981
1392
2984
6754
1869
2378
3024
6801
1747
6034
6408
5167
7150
5517
7208
2876
7047
4844
5766
580
6499
3308
3448
5174
4760
3616
4946
4462
118
4688
6532
4342
3379
2240
6448
4401
4517
1694
2240
5391
5311
4115
3510
2043
2259
6136
5520
6136
4888
3214
2414
1666
4791
2414
3276
1584
173
518
401
4056
3507
2676
5031
3566
1758
2114
7195
1083
4100
4218
7174
3249
7242
4307
2727
6002
4342
2990
2478
4027
1869
1869
5637
6019
4998
4570
6290
3452
5002
5152
3717
3783
5673
4644
1835
2273
2291
6388
4185
5109
3137
4302
3795
4114
3632
7140
4235
4235
3297
4157
6289
4623
4623
4966
3679
6665
4220
3153
6951
5820
721
303
1358
3654
6796
3624
2700
4794
3580
2288
2395
4983
7333
5662
7405
7405
3803
2994
4251
7334
7334
5225
4962
3539
5331
4658
3866
7405
4609
4762
3291
5874
5266
3598
6859
7061
3631
3880
4813
4302
6150
2208
4041
1960
4357
2677
3327
3303
4211
7075
7252
822
7249
6573
2117
5133
3690
3402
4942
6882
2320
2237
5399
5755
5293
5517
5088
3707
2396
2175
5920
3795
839
6224
6429
2800
4427
5174
3917
4381
6532
5248
4264
6460
5820
5606
4983
6566
4027
3687
2889
6814
3150
1778
7060
7062
4738
5885
2977
4923
3271
7441
4876
208
6399
5281
5669
7392
2440
2440
5274
5198
5822
6532
5444
3613
6926
1880
2602
2780
5714
1719
1763
2511
5354
6011
3581
4038
5860
6686
2038
2484
3020
5999
3101
2247
4606
4863
7184
4730
5575
4481
1171
6034
3285
1422
2088
5165
5860
2514
6865
3795
2944
4646
1970
868
5219
7405
1820
1378
6268
2875
2325
3709
6719
4241
4991
2313
6783
5332
7042
6834
6806
5229
1722
2637
3188
7045
3587
5031
5292
6867
3750
3757
4801
3623
1363
4946
2807
2798
6964
5404
3285
6954
6125
4231
1298
4435
4906
3257
4224
4123
2784
2587
6766
2011
4366
3330
7218
7430
1323
6408
3354
3588
810
6032
5928
5013
4426
4609
638
3940
6489
1924
2213
5372
3481
7386
7386
1259
6813
7238
5474
5652
3057
3169
6433
3716
6666
7305
4569
4231
3086
2994
4900
4370
4396
2584
2030
1341
7060
2784
3676
2705
4143
1359
2574
5192
5148
1437
7055
1979
7055
7333
6627
3258
3765
40
7178
5733
2676
4463
1758
2818
3072
6161
4339
4125
4668
6347
1635
4455
5901
5230
5981
5421
5981
827
7062
5031
4652
4892
6585
1831
6870
7352
2354
4695
6161
1313
4127
5454
4235
4801
1651
5901
4655
5899
5445
7420
7420
5628
3834
6746
1835
423
5263
6348
4055
6517
7047
1990
2461
4302
6429
5095
7446
4748
5320
6565
3320
4897
1249
2056
6558
7161
5491
2106
3852
3096
5185
5185
5410
4938
2640
1829
5960
6080
5354
4038
2849
5023
5964
2189
4938
5094
2106
4710
5553
3415
1803
3763
3096
5485
6740
3999
5372
6717
6807
4346
300
3897
6489
4599
4677
6969
6230
5264
6810
4874
5004
5037
2675
7018
3810
7425
4918
5054
5349
3184
5816
801
6588
7393
5901
4536
3936
5752
3494
5558
3201
3157
1428
5846
5440
6823
5553
4512
7115
7176
5994
7176
2391
7014
3482
1857
2239
2213
3121
1917
1363
3665
2313
7439
7439
2213
5838
5910
5673
7158
6489
4652
3663
2013
2438
5244
2866
1556
6969
3396
2489
5894
6866
7420
2239
2013
4922
5835
803
2099
3320
1628
5765
5765
3818
4983
4983
1812
5291
2153
1585
1585
3588
6963
1120
6844
6980
4361
3648
5304
5167
7333
6919
1771
5288
2056
5460
5517
4938
2153
1924
7435
2706
2308
4592
4767
4395
4350
2240
5277
7342
3087
7428
4847
5765
5765
5765
6479
6951
7013
2056
5647
5647
6034
5899
6265
6429
2358
1855
1770
3842
3842
1011
3960
4339
3547
4225
7060
7433
1832
3801
2133
2253
3762
886
6301
1581
4320
7198
4132
5509
6568
1719
3315
2143
2143
2143
4046
4562
3158
2591
6922
6922
5410
2241
4747
2798
5645
6290
3463
4992
5976
5069
6948
2686
7439
6387
5757
4233
1874
7230
6267
2141
5481
2956
6111
4741
373
2943
6409
3398
4701
7024
401
7098
4897
4928
3372
4980
5690
3803
4922
3095
1600
1806
4241
2354
6603
2409
1886
3928
6005
1546
1917
6224
4573
7273
7147
6798
6798
5993
5608
6375
1747
4640
5582
2106
5681
1153
6136
2074
1869
5981
1264
6472
3099
1820
7392
3859
4126
1714
3739
6409
2450
5266
7269
401
5256
4309
5723
5765
5765
4202
2798
6773
4086
5526
5759
6519
1860
2044
4148
6687
3646
5168
5168
3437
6185
3910
3910
2030
4446
3023
5574
4725
2839
5982
7132
2740
1737
5920
5399
7184
4976
7061
6532
1772
7123
3757
6911
1114
3965
5029
6517
6496
7160
1663
4795
4266
7086
3481
7062
3544
7264
7061
6867
6867
5178
4605
4502
4683
5975
5857
3175
3017
5109
2237
6559
2261
4966
3469
7275
2359
2095
5296
7021
5125
5298
173
6481
2475
3834
5514
5185
6529
5201
3610
3769
1464
1464
4259
7160
3133
4960
6813
4242
4896
2460
5637
7405
2040
3784
5089
3343
4889
4651
5182
6377
3082
6867
4923
4305
7264
6053
7431
5522
4424
3118
2277
3810
7055
1251
7333
2864
5376
6920
5519
4961
5754
5504
5595
7184
4242
2706
2925
354
5292
2159
2466
2153
3118
7191
5757
5755
6587
7014
6006
2499
4657
3956
4259
1778
5243
5094
5086
4395
642
1588
7062
5414
7269
5378
4867
4868
2780
7082
5833
5846
5604
7434
3468
4429
3291
6289
5304
6368
2450
4506
6563
3101
5556
278
7318
6190
3147
3267
5479
4752
6418
4695
5372
4887
3955
7223
5754
5167
5483
3904
4581
7403
3431
3347
7060
5002
5473
4510
4533
6783
3190
3801
6744
7279
3822
6887
5418
7142
4164
1040
6184
6117
5763
2672
6019
4502
7062
3955
3955
4697
1898
173
2817
2505
6959
3530
6954
5505
2536
4457
5296
474
3121
5399
3481
1420
4429
5456
4988
173
4248
5796
4262
4811
1126
7034
4531
5349
4675
1795
6744
6744
6744
6545
4457
4680
3545
5269
3636
7263
2465
5306
1555
7012
3086
3496
3901
191
1898
2153
2286
4384
7149
3544
6573
4202
7392
7264
1806
3723
5547
3904
3539
5877
3298
4403
5874
7443
5169
7334
4842
1121
3313
5936
6559
1406
5164
6472
5311
6291
7065
3638
6404
721
7392
5859
3634
3634
5048
5692
6563
7392
6462
4623
2249
6067
5691
1202
7427
2111
3455
3535
6674
2203
863
5094
878
3927
3034
2556
4686
1552
1871
6801
3469
4739
2078
5673
4083
4833
4507
4233
6802
2592
2309
5532
6687
4393
5637
5236
4713
4627
4604
6659
4688
4092
721
5876
6930
5220
4473
7425
4871
6702
3783
7387
1544
4111
4616
7268
6227
3234
3269
2409
1761
6789
5964
2511
6032
2078
5822
1380
6148
6148
1555
4764
4581
4631
5901
5539
2144
7333
1600
6420
3904
5933
6687
949
5462
2798
4892
3896
4033
7199
5192
5376
4504
4795
1598
2420
3332
5710
6794
6832
5084
5088
7211
4757
3904
6802
1363
5385
4455
6905
5553
5553
5532
5446
4392
2468
4184
3291
7264
5673
5383
2313
5536
5692
6290
2678
5175
3396
4675
2944
5463
2080
5377
766
6113
5023
5822
6743
7342
3803
7179
1649
2033
5122
5729
6100
4138
2153
7070
5647
5338
6856
6448
7049
6831
4258
7234
6392
6315
7068
2025
654
1025
5874
4742
5219
1408
7430
4277
7392
7258
3456
949
5413
1938
3951
3396
4345
3684
2744
6068
1404
6199
5702
5620
4284
4753
4937
7427
2600
2600
2600
6358
4816
3210
2040
5910
5770
4284
3496
7017
4883
3859
2800
5055
7423
5517
5844
4691
6910
7315
7110
7165
7218
5413
5881
7052
7213
5876
7200
4007
3461
6991
1096
6482
6210
5606
6466
2925
6554
5109
4549
7169
7418
3803
4132
4591
4590
3925
6532
6734
5312
4172
4961
4345
6953
3116
4983
3269
7342
7142
1406
4148
6539
4788
1491
461
4024
1623
7111
4536
3666
5366
3538
6614
6813
7297
6254
7188
5489
3290
4639
6813
6214
4935
3711
5835
6924
4844
173
5941
5495
2562
4521
5222
4981
2005
7403
7423
1629
4370
6967
5411
191
3646
1764
5643
7386
7121
3979
7029
2153
5121
2209
3168
7147
6506
6783
7008
1895
4147
5924
4041
580
6102
3644
7115
1180
5278
6110
7304
4965
6232
4504
6821
2489
7179
5389
5215
6393
5981
1363
4121
6562
6294
5580
5341
3539
6336
4816
4816
1442
5361
5445
5673
5278
5673
4606
5510
5505
6368
5180
5600
4710
2761
5003
2649
6424
1938
5771
6232
6896
5480
6287
5999
6296
1044
710
5554
334
5417
3716
3801
5199
5199
3816
6588
6588
1781
6500
4718
6214
5517
4483
2170
5306
765
5199
6660
2478
5969
7074
6237
6783
4710
7091
2582
6222
7324
7029
7379
337
7229
1652
2078
7302
6448
6671
7362
3455
5637
3540
4866
2448
7121
4994
6564
4877
3269
5737
5236
3716
7342
3826
6359
7439
7439
5342
3739
6411
6287
6711
5473
3955
5127
7184
6315
6854
3096
2309
6967
2977
5382
5655
421
5274
5274
2866
2028
5664
7399
4691
5554
6530
7129
6290
5637
6977
2761
4731
3388
7399
7050
7038
4296
2925
6686
4295
1003
7318
3765
3111
3336
4065
5382
6412
1960
6532
5864
7065
6075
6075
1694
5237
6024
7428
3187
4862
1258
5983
3965
6039
6180
202
7218
7246
1304
7318
7431
6802
3303
2141
267
7128
3658
3017
6102
5288
6686
1276
3849
7242
7386
7380
1405
3843
6032
5717
7047
7160
7160
5553
7315
7427
4172
7239
6297
6677
3304
4294
3679
3842
7161
4981
3955
1523
1075
3028
5826
863
7422
3147
4059
5467
7315
7000
4505
7180
6316
5969
2472
7107
7278
6393
4727
1960
5856
7422
7074
3028
6733
5687
4084
5721
6639
2266
4610
6866
6290
3849
6280
7160
6742
5343
6034
1893
6429
5178
1917
2125
7084
4710
4710
7147
2247
1656
4471
7417
6061
5575
4971
4802
7257
7371
6238
7386
3868
5561
6120
6849
7062
6656
4909
4018
3801
4536
7297
5154
6075
3177
5102
5786
6490
5245
5226
5972
4816
4816
6716
1381
6528
6214
5890
5881
6207
6139
5274
5575
6224
5771
1772
5929
7333
4346
6148
7316
7192
6384
3303
6920
6532
5885
6183
4639
3970
6157
5765
6575
6433
2177
6290
1273
3893
3893
2625
5874
5362
7167
6346
5215
1178
5934
4129
5899
7417
6569
3539
1178
5575
6905
1585
2774
3551
1019
1162
6801
6919
4866
3324
5441
6532
6532
3210
3120
7106
143
4300
143
7224
1958
4393
4710
4736
6771
2410
5895
5906
5510
1668
6936
6419
6742
3539
3941
5574
5574
6782
4717
4878
6270
5452
3535
4881
267
267
6922
1564
2242
1632
6919
3419
6907
2851
4618
6781
1987
6030
6178
5223
4610
1464
6249
4064
5286
4905
3955
6019
1618
3177
2208
3544
7101
5502
5612
2040
6152
4889
5555
1381
2767
3
6662
3658
6781
5443
6532
1443
7342
6994
7211
4984
7309
3496
7131
4111
4505
4731
5003
4147
5822
3530
6002
6366
5946
3459
6432
6982
7288
6004
7218
7202
5569
6954
6569
4898
1153
3415
6423
6627
1848
5733
4805
3951
7399
1152
3028
4512
5757
4402
7316
7316
4039
4039
6432
5353
5591
6161
4467
3910
4953
3551
7208
6608
1075
7422
4710
3614
6950
5719
5499
6565
87
4008
6888
4816
7421
2394
2866
1366
763
6783
1854
2243
5936
4018
1537
1537
6639
2472
5244
6227
3811
4452
2597
3456
6780
5715
5832
4721
1395
7393
1044
6947
4623
6075
6848
5532
3686
5308
5982
7278
1482
5303
5714
6075
6075
6164
7161
4597
6565
6994
6072
6475
6569
6569
3175
7022
4627
2567
4903
4903
5979
3749
6922
6138
2625
173
173
3497
3250
7294
6532
2501
4039
4039
5885
1067
7189
7210
1796
2282
5093
5160
4008
591
4816
3113
2449
6034
4894
4983
6115
6214
324
169
169
1537
5738
6075
6472
5591
5637
7105
1432
6075
6489
6919
3545
6361
3832
5676
6013
6838
5456
856
6144
5884
5884
4953
6459
3584
5936
6448
4849
6860
6750
6385
4273
6324
3339
7094
7155
574
5983
4039
3551
3856
4411
5285
5874
4628
5354
6813
5141
5717
6423
5626
6521
7189
7273
3537
3391
6672
4549
4664
5782
5782
4673
6612
6940
6290
5626
5626
7137
4922
4922
4922
7353
7265
3914
6087
1521
6240
3177
5561
2479
600
4903
4903
4903
4300
5101
1410
5580
4637
4816
4816
7252
6772
7198
4816
7209
7268
4008
7427
6032
5901
6243
7168
6780
6779
7263
6107
6871
6764
6170
4903
7193
325
325
6324
202
5971
4862
3280
5101
4736
7102
6148
1848
3684
5714
7264
7427
7427
1040
1040
5433
5591
5626
5199
5199
5199
3783
6692
225
7422
6192
6316
6316
7025
4653
6569
6569
1040
4008
4984
7167
3712
6311
5489
5125
6385
6465
1508
3149
5532
6646
1408
3184
1040
6365
6075
2179
6316
6315
1987
286
4039
7443
5281
3862
7317
7363
6681
5533
5517
5237
6909
782
6047
5756
6420
7196
19
1537
3086
461
5945
4623
4623
4903
4712
4712
7254
7353
775
3039
7260
2489
6249
1764
1764
6962
2972
2882
4614
651
6426
7444
7444
7444
4336
4335
574
3568
6853
6853
6853
1218
1218
5758
7025
5875
1612
7377
1408
5903
6201
3424
1668
558
7353
1068
6488
6821
5889
6192
6689
6627
5333
4378
6541
7439
5637
7307
6654
2282
7316
6160
4637
1941
5889
3204
3280
6032
6075
6853
2597
6369
4114
5688
4862
614
3230
3230
7047
1339
6443
7421
1310
373
1835
6722
7122
4922
1112
2181
5088
5088
5753
6727
4639
7141
2227
6515
4403
4403
7256
3679
4903
3028
834
6809
3007
5983
4913
6353
1241
1463
1987
5808
7334
6032
6032
7428
7163
7089
5533
4776
7099
2420
5529
1738
1051
6764
573
1632
2540
6920
6279
87
6459
6398
3584
4512
5220
4535
5352
762
6779
1419
278
4922
4922
7023
7219
6472
6883
4913
877
915
2015
4505
2361
1685
4618
6532
4710
7356
5591
5537
4983
6487
2464
2880
6779
6315
7296
6013
6308
4930
5913
6329
5694
7392
6944
1563
1685
3486
6420
4509
6160
5611
3955
6852
7198
1741
4591
173
7131
4561
7402
7428
5259
6153
5692
267
6370
6370
6370
2476
651
6780
1974
5274
4903
5950
5950
2333
1070
7402
5729
5100
6372
5889
3390
6353
2752
3843
6045
6314
4039
4039
4099
6214
7160
7062
5000
1051
4923
2600
6916
7283
4614
6188
6075
6939
7288
1860
2283
5416
6684
1612
6429
3453
5757
6756
2567
6145
4009
6569
4039
5964
5570
7353
143
5824
7350
5536
5536
2510
3328
3328
4854
7303
7303
7149
2556
6173
7196
3426
6350
3537
2540
1612
4038
5324
6372
7380
6466
5781
7370
3783
3862
4437
7357
6241
7198
6955
5854
6554
5935
4859
7392
6072
5308
6095
6187
5402
4613
5668
6590
7087
3930
267
7103
5728
6783
5904
5739
5268
6215
3584
4009
4963
6425
7427
7334
4039
5624
3545
1591
5226
4452
5984
3942
1364
2164
1152
6022
6626
1543
5624
5832
7427
6043
6043
2015
5522
6045
6158
3678
7103
7162
4673
6779
6779
5730
373
4472
5418
7402
6077
651
2451
5727
6916
7019
6400
7019
5694
676
5678
5854
5082
4922
5499
4805
7273
7273
651
7222
7444
6018
7220
6270
884
4620
5639
4620
4786
5047
6498
7228
4922
5962
5824
6148
6148
6759
6617
3588
5714
1338
1338
1338
5274
1218
7300
5223
7023
4839
4839
4839
5858
4712
814
4192
325
4402
5950
5950
5950
5729
3849
7264
259
7218
7218
4922
4922
3979
7106
7106
7029
5590
5858
5858
7306
7432
7295
7318
7318
4903
5575
6955
6988
651
5884
4538
3941
7218
7254
4917
7215
7282
5510
2808
6636
6779
7235
3149
6032
2238
270
6439
3424
6714
7046
206
7433
7256
6543
7072
3002
5102
1218
4772
586
1605
4999
2111
375
4317
6668
1218
7218
4039
5259
5935
5901
5916
2569
6381
3943
3467
6607
7074
5962
1218
4394
5570
4328
4328
5919
6165
6437
7103
7342
5428
5665
3965
373
4536
3545
3001
5226
3861
3392
5309
6148
6682
4083
5475
5692
5194
5090
6137
2330
6670
5052
6726
2510
7107
4184
5934
4083
7028
573
984
7027
268
5535
5637
6697
6542
6636
5950
6863
6863
3364
6888
6670
6370
3391
6525
3609
2516
5416
4399
5597
4007
7132
1537
7263
3258
5469
3479
5469
949
5982
5994
1218
1218
6919
4812
4701
6867
4922
4922
5220
3323
5369
6697
2464
6999
6360
7143
6745
6745
4620
1587
5719
7171
7069
6237
7069
6852
3180
1463
1218
5391
4839
4839
7263
1338
5014
5936
7430
7252
3569
7444
7047
3338
7316
1230
6847
4869
7218
5874
5874
6308
4808
4032
2333
5665
1896
1896
7160
6542
5805
4839
4321
7428
6075
6847
2497
783
6057
1859
5936
5597
4439
5323
4472
6148
4922
4321
3893
4922
7432
1496
5825
5714
3537
6701
7409
6976
4922
6800
307
3392
7161
5467
7218
5099
3831
3831
7444
454
307
307
7047
783
7279
1055
1212
409
1534
2262
4349
3420
5099
3420
5330
5874
2497
1058
3026
3539
988
1212
7218
7184
7386
7420
1657
5632
7409
1826
1826
6728
908
7439
7409
1058
3862
3936
7386
1201
5660
7409
7406
2526
1275
5274
7047
5666
320
4039
1139
7081
6168
151
2010
4556
3785
7414
5551
6429
1062
1675
6535
4274
1230
3783
7218
4816
4816
1088
5006
6096
2507
4293
6321
928
915
7432
7444
2870
4971
1750
7430
1356
3372
7438
5927
4971
7445
3818
3549
1040
5352
7431
7439
7444
1750
5637
2762
5637
7028
4039
7444
7432
7432
7028
4039
7446
5019
4455
4816
4039
5006
4816
4455
4816
4816
5019
1356
7446
7446
7446
7446
7440
3549
2111
7438
