8371
0.000587194
0.0504898
0.000992264
0.00596711
0.00072831
0.000692507
0.105584
0.000723501
0.00168808
5.08892e-009
0.000874245
0.113392
0.124893
0.00213923
0.0015182
0.0163685
0.103688
0.000484646
0.0943706
0.000580684
0.000714323
0.00151862
0.0355667
0.00182601
0.112812
0.000183893
0.00117838
0.114305
0.000471623
0.0287014
0.00274131
0.0930412
0.00104459
0.121238
0.00121894
0.00083824
0.000243727
0.10851
0.00167971
0.025674
0.00119414
0.000549832
0.104838
0.00122659
0.0308506
0.00121275
0.00847446
0.00153239
0.0018849
0.00021518
0.000784713
0.106523
0.00267155
0.000577057
0.0839402
0.124995
0.00156355
0.117628
0.000234018
0.00116344
0.000414978
9.95527e-005
0.000110943
0.00136632
0.00240421
0.0398211
0.000246103
0.00115908
0.00123654
0.00356469
0.0284752
0.00425166
0.00250871
0.0471752
0.00109521
0.108982
0.000695723
0.000292818
0
0.00277171
0.0029517
0.00103055
4.11181e-005
0.00153026
0.0282885
0.00147275
0.00406321
0.000959361
0.120485
0.00251956
0.0115425
0.0022689
0.00161337
0.000302092
0.00300639
0.00201455
0.000687786
0.00523584
0.00107223
4.11182e-005
0.000890268
0
0.124267
0.00114419
0.00333263
0.00211745
0.00225565
0.00231634
0.00590305
0.133615
0.0663615
0.00373701
0.000398468
0.142164
0.00147762
0.000763235
0.00026141
0.0437731
0.00245106
0.249324
0.119136
0.000859059
0.0024446
0.000679137
0.00161715
0.00223468
0.00097989
0.121134
0.00092047
0.0361311
0.00216253
0.00133751
0.00671652
0.0062009
0.000315481
0.000463564
0.00501744
0.00145151
0.00185148
0.0020282
0.00309624
0.12404
0.00137866
0.090299
0.000244612
0.0200049
0.000467275
0.0279629
0.00274719
0.000805915
0.000320226
0.00113153
0.000645508
0.0271672
0.0025909
0.0621993
0.0970665
0.000993004
0.00184566
0.00310865
0.00129226
0.0469045
0.00132304
0.000534577
0.0031742
0.00726249
0.0150438
0.00342722
0.0117552
0.000671006
0.00136852
0.000658846
0.000592798
0.00109495
0.123413
0.00190114
0.123096
0.00139829
0.00111636
0.0323061
0.00126231
0.00126407
0.00164062
0.000468232
0.00043167
0.0461356
0.000869045
0.124553
0.112849
0.00216394
0.000446161
0.00288063
0.00215314
0.00034725
0.0793648
0.0172567
0.000815444
0.00695643
0.111023
0.000551269
0.0185229
0.000826164
0.0489942
0.0854011
0.0953962
0.0979413
0.0630053
0.0199846
0.00481126
0.000695883
0.0929847
0.00853232
0.00730744
0.000608298
0.000413851
0.00194744
0.00138537
0.0112071
6.61277e-005
0.00118988
0.000371951
0.00546857
0.0368603
0.115976
0.00207366
0.00217129
0.00121542
0.130829
0.000793963
0.0264523
0.121849
0.00402418
0.123035
0.0469045
0.0623386
0.00249849
0.0372836
0.000665324
0.00072673
0.00327352
0.00108105
0.00610958
0.112558
0.00106716
0.00326007
0.113305
0.00117281
0.00253935
0.00153245
0.000812562
0.123746
0.000881233
0.00185173
0.00120034
0.0012914
0.00046743
0.0239715
0.00024958
0.0880336
0.120734
0.00238989
0.00654255
0.00132741
0.000944428
0.00193368
0.0633846
0
8.00589e-005
0.070906
0.0457121
0.00216225
0.00147344
0.000952099
0.000683345
0.00622718
0.000518571
0.000688632
0.0282458
0.000879687
0.11988
0.0734531
0.000743573
0.00135473
0.00160103
0.0132579
0.00407413
0.00148086
0.00471453
0.000399883
0.00114466
0.000122205
0.00133563
0.000779784
0.000647769
0.0794226
0.0188663
0.0259054
0.0838735
0.000353689
0.000623035
0.00683066
0.000348564
0.00844623
0.000563933
0.000784368
0.0059976
0.000675199
0.000437286
8.0554e-005
0.00141262
0.00101043
0.00177212
0.0938693
0.00171108
0.0011176
0.000442867
0.103449
0.000152336
0.000315229
0.000566013
0.00259287
0.00113799
0.000985427
0.013646
0.000459991
0.00210026
0.192098
0.024619
0.00663137
0.000181901
0.0794929
0.0799758
1.32118e-005
0.00134068
0.0921137
0.049863
0.000767789
0.000102835
0.00140332
0.00154046
0.00352438
0.00367732
0.000522155
0.00360785
0.000502996
0.000358701
0.0857282
0.000573239
0.0683544
0.0274133
0.000762233
0.00360725
0.00436584
0.000205272
0.000315749
0.00116695
0.000285886
5.08865e-009
0.0156511
0.000289442
0.000338956
0.0017346
0.000358481
0.00223795
0.000933128
0.000350668
0.00198761
0.00402822
0.100658
0.000377009
0.000340369
6.61277e-005
0.000418848
0.00873065
0.0169505
0.00037608
0.00214393
0.00178671
9.84426e-005
0.0851406
0.000899063
0.00378897
0.000403835
0.00529311
0.00352457
0.00220276
0.000618019
0.000828265
0.00518389
0.133128
0.232967
0.00248501
0.00126399
0.0894996
0.17544
0.00113617
0.179548
0.00057001
0
0.0913266
0.123169
0.102341
0.0277266
0.022897
0.00118665
0.00107686
0.0250688
0.00246166
0.000486233
0.0261384
0.000495185
0.000962039
0.00112027
0.00949723
0.00237262
0.00031009
0.0102405
0.00341597
0.00240854
0.00267328
0.000108652
0.0640721
0.001933
0.00469182
0.000704868
0.00461548
0.0190075
0.12496
5.08759e-009
0.00962152
0.000370706
0.12427
0.000761598
0.00380991
0.00395816
0.000896671
0.000752886
0.0325973
0
9.00553e-005
0.149166
0.00115945
0.176594
0.120805
0.00271311
0.000694531
0.0364716
0.000868936
0.00264061
0.00119802
0.175017
0.00115286
0.000825849
0.00354406
0.000148982
0.00122853
0.117525
0.00254352
0.0247103
0.147549
0.000561679
0.00054722
0.00986215
0.000462039
0.00254827
0.0021816
0.000851242
0.0123929
0.00421604
0.22942
0.0002005
0.0995592
5.48182e-005
0.00474701
0.000928946
0.000305505
0.017319
0.00454146
0.00167101
0.00146614
0.0258276
0.0149332
0.0031062
0.0977783
0.116376
0.00301167
0.000775177
0.000716527
0.00213473
0.0417467
0.123412
0.104555
0.00228539
0.00385669
0.00187381
0.022905
0.00134406
1.19852e-005
0.00156857
0.0155651
0.0172705
0.00615075
0.000837958
0.00813449
0.000505639
0.00170251
0.00113192
0.00021518
0.0290909
0.00165403
0
0.00157004
0.000207247
0.00134445
0.000614988
0.161491
0.00535096
0.00144028
0.00466844
0.00270187
0.000271278
0.000263711
0.0029754
0.00125673
0.00840865
0.000531464
0.00202752
0.00123071
0
0
0.0979914
0.037973
0.000638821
0.086419
0.0169067
0.00165877
0.000900307
0.000937997
0.0632296
0.00243594
0.00253646
0.0110024
0.121624
0.100879
0.00279106
0.00879873
0.0954417
0.000834262
0.0046331
0.00132917
0.000601835
0.00039515
0.0012352
0.0027956
0.000168381
0.00128583
0.00096392
0.0038072
0.0979042
0.00213974
0.00197336
0.000351844
0.00284371
0.00145954
0.00179434
0.073424
0.00313744
0.00385043
0.00514318
0.00027649
0.000303439
0.0707926
0.000279093
0.0895017
0.00106023
0.000522706
0.000355865
0.0249274
0.0149283
0.000677049
0.00699956
0.00320606
0.00406572
0.109476
0.000720846
0.00064003
0.000856175
0.0012004
0.0632671
0.00168759
0.00204844
0.00280515
0.000403012
0.000629404
0.00170341
0.00251174
0.0011128
0.00414148
0.0189638
0.0157868
0.00158859
0.000734754
0.000799851
0.00295239
0.0265031
0.00125435
0.00685901
0.00315229
0.00158146
0.000305505
0.0102995
0.0105631
0.19994
0.224068
0.00815549
0.00742156
0.0275404
0.000843476
0.00759754
0.00263887
0.00411434
0.0214611
0.00086306
0.0127135
0.000805728
0.0470685
0.00708523
0.0011173
0.00215057
0.0295384
0.0292297
0.00042463
0.0801289
0.0486502
0.0704004
0.000761775
0.0497396
0.0931223
0.00377461
0.053851
0.00278001
0.00109633
0.0410867
0.000659794
0.00206007
0.000266928
0.000830232
0.152975
0.0104058
0.00146374
0.0016663
0.0449079
0.00392598
1.35951e-005
0.00153659
0.120048
0.00279101
0.00230529
0.0374268
0.0109258
0.000740103
0.000843071
0.0238778
0.00229495
0.137857
0.000286015
0.00316386
0.000696238
0.000543554
0.0856891
0.116352
0.0215211
0.0815534
0.000975123
0
4.17652e-005
0.0694797
0.119137
0.00275184
0.10851
0.000361274
0.00480362
0.000562358
0.000197382
0.000897993
0.00231671
0.000150681
0.0771106
0.0022416
0.00151196
0.00497005
0.00351967
0.00644504
0.000654686
0.0464467
0.113508
0.000806155
0.0259739
0.00246216
0.000710782
0.00667179
0.0011212
0.00126274
0.0318197
0.00641495
0.00217784
0.000517966
0.00132839
0.00207192
0.200576
0.194933
0.00242688
0.00690839
0.00126972
0.00173877
0.00558687
0.0016319
0.000548755
0.124569
0.0285691
0.00135364
0.00293459
0.190463
0.210549
0.00239941
0.00244339
0.00210483
0.00331619
0.0011118
0.000467206
0.0399803
0.00217177
0.00244958
0.00224245
0.00674263
0.00313532
0.00504075
0.000727835
0.00149328
0.0314755
0.0321451
0.0481912
0.00143827
0.00523068
0.00149979
0.00398179
0.0251014
0.0194731
0.122124
0.000836888
0.00038816
0.00826065
0.000725896
0.119451
0.000289119
0.00180907
0.000261405
0.0149511
0.00292124
0.0300388
0.00084348
0.00248884
0.00273781
0.00342369
0.00270219
0.00150372
0.000114729
0.002942
0.00146339
0.00956018
0.00119277
0.00383119
0.0007513
0.0716361
0.00460668
0.00102105
0.00156495
0
0.0100017
0.0714574
0.000720082
0.0546636
0.000344311
0.0362328
0.00744857
0.00740949
0.000143798
0.0242042
0.154584
0.000325751
0.00170895
0.0190988
0.0808981
0.00024811
0.124302
0.0262157
0.000495273
0.00166507
0.140909
0.022999
0.00549259
0.00120948
0
0.0154973
0.0023548
0.0221073
0.0707583
0.000602192
0.00019931
0.00160532
0.00165843
0.00112868
0.0784616
0.00961069
0.00111733
0.00636585
0.010946
0
0.186016
0.0889648
0.161169
0.00213769
0.199625
0.000398562
0.000752697
0.00768344
0.000713465
0.000721704
0.0326284
0.00306777
0.000840068
0.00740484
0.00139042
0.00284894
0.00180888
0.0883216
0.00121749
0.00212949
0.140079
1.35951e-005
0.00117325
0.00128042
0.00922541
0.0186681
0.119407
0.00912526
0.00114862
0.0141695
0.00456782
0.0270329
0.0019214
0.000660828
0.0177434
0.000454424
0.000803054
0.000807181
0.0723947
0.0002902
0.00202622
0.00407578
0.00363921
0.0235753
0.0939998
0.0684058
0.0397687
0.0640145
0.141664
0.0274877
0.00925389
0.000774302
0.00100001
0.130873
0.0345214
0.0108347
0.00204651
0.00174382
0.0155405
0.00276968
0.00305279
0.00261154
0.027498
0.00121007
0.000313091
0.118236
0.00075389
0.000459339
0.11873
0.0022934
0.000130729
0.00618246
0.00500492
0.000419764
0.00357568
0.00263249
0.022063
0.0112753
0.000551105
8.42972e-006
0.00169809
0.00115987
0.00178916
0.0228762
0.000970953
0.00299463
0.00200402
0.00235376
0.176427
0.123299
0.00139628
0.000982027
0.000379431
0.0395781
0.000387184
0.00257286
0.00372768
0.00179608
0.0836232
0.106936
0.000470491
0.0556506
0.103944
0.0812079
0.00141017
0.00226337
0.133948
0.0249346
0
0.000923028
0.000552086
0.0574837
0.00537046
0.0846917
0.189204
0.00139809
0.0135008
0.000729116
0.00770717
0.00423935
0.13337
0.0469605
0.0421529
0.00151267
0.00386581
0.00196757
0.00213413
0.0635348
0.00126531
0.13278
0.00248573
0.0916151
0.0991878
0.00491735
0.000832657
0.151451
0.000660685
0.254583
0.00075069
0.152536
0.124257
0.00715871
0.00124507
0.00132938
0.00266379
0.0012591
0.000728693
0.000486061
0.00219776
0.149764
0.000108961
0.154375
0.000538308
0.0100655
0.00204672
0.000188121
0.000315946
0.00135569
0.0222185
0.00138439
0.00187718
0.000519208
0.0301014
0.00327963
0.015519
0.0303272
0.00369374
0.0222421
0.000279936
0.00115408
0.0239121
0.0379944
0.00757759
0.0128043
0.143361
0.00193661
0.00848601
0.00199289
0.140411
0.0485249
0.00211405
0.0182758
0.00112016
0.0343012
0.0919836
0.00294203
0.0717224
0.00104854
0.00109253
0.00144615
0.0219174
0.0314274
0.00961426
0.00832426
0.124924
0.0801605
0.00207046
0.00127903
0.00726394
0.00199944
0.0070721
0.0195945
0.0453484
0.0070858
0.0797093
0.109962
0.00169132
0.0263428
0.00139588
0.100753
0.00280768
0.224262
0.00961068
0.00347542
0.000552729
0.00494222
0.00626288
0.0007917
0.00476046
0.0031362
0.00222167
0.101321
0.000506784
0.0485182
0.072475
0.000366867
0.166415
0.00419893
0.0466652
0.206339
0.0106184
0.0146155
0.000467207
0.000428079
0.000947556
0.0113327
0.00110702
0.00711943
0.0012679
0.0539152
0.0017885
0.0278014
0.000867399
0.0106646
0.00121964
0.0032672
0.00181055
0.030774
0.00521923
0.0155872
0.117953
0.00323028
0.00144805
0.00139716
0.00138759
0.00320855
0.0131822
0.0017295
0.000161934
0.000101076
0.00169295
0.000966316
0.0284303
0.0072086
0.166672
0.00272439
0.00208593
0.0506486
0.00142117
0.00543439
0.000311918
0.00157849
0.0935977
0.00687686
0.0446873
0.0130551
0.0141321
0.00906572
0.000434037
0.00294747
5.75253e-005
0.00050758
0.000978853
0.00463909
0.00862947
0.000572371
0.000172443
0.00872624
0.00622502
0.0050958
0.00829001
0.0078036
0.0150558
0.0084803
0.022227
0.0379687
0.0030085
0.185677
0.0315946
0.0102942
0.0119307
0.014223
0.00504732
0.00620966
0.0915623
0.0181213
0.000897955
0.000361601
0.000222561
0.00129043
9.06928e-005
0.000698002
0.00156603
0.0851361
0.00433641
0.00402656
0.00230434
0.000782443
0.000330246
0.00673101
0.0055457
0.0138839
0.000759912
0.000391224
0.00400422
0.00356437
0.146646
0.00137843
0.00203018
0
0.00185291
0.00332793
0.0117147
0.00241697
0.0332643
0.00166089
0.000266212
0.037935
0.0283601
0.011358
0.00104242
0.00156911
0.00422072
0.0329573
0.00670309
0.0478368
0.00510018
0.00266509
0.00121594
0.00153031
0.000613871
0.00208365
0.00614225
0.0207508
0.00105118
0.00169303
0.000917713
0.107766
0.136921
0.000315946
0.00382078
0.123522
0.00841169
0.000327082
0.00496689
0.0094645
0.000479056
0.00131218
0.0388536
0.00127557
0.00198596
0.00015905
0.000657504
0.00232987
0.00307845
0.00377569
0.007272
0.00457067
0.00306137
0.110169
0.129198
0.00323774
0.0320241
0.00160034
0.00672711
0.00662915
0.0785668
0.00178901
0.0750875
0.00544937
0.00417091
0.00356854
0
0.0402981
0.0212416
0.0132642
0.000111515
0.00240855
0.0191616
0.00318219
0.0940126
0.00200125
0.000423344
0.00133379
0.000514685
0.11597
0.0241806
0.00224133
0.0134596
0.004859
0.000693838
8.42972e-006
0.00189859
0.00645331
0.000711811
0.00214391
0.0693894
0.246385
0.000894713
0.000903055
0.0116469
0.0620709
0.00116214
0.00181487
0.00820887
0.08671
0.0807683
0.00199082
0.0188268
0.00292906
0.00225441
0.000657169
0.0133772
0.0533534
0.000703302
0.0202794
0.0152235
0.00098136
0.0046276
0.0296775
0.00287736
0.00295518
0.00056012
0.0488993
0.00669943
0.00347428
0.000841536
0.00238192
0.00091218
0.12045
0.00215831
0.120941
0.000581466
0.00377301
0.00127243
0.0016639
0.0095009
0.00820404
0.000182716
0.000852847
0.0529557
0.00868497
0.038767
0.0325824
0.00148004
0.0231262
0.0113715
0.00296649
0.0125395
0.00427369
0.00946378
0.00231926
0.0108986
0.00602699
0.036229
0.00244073
0.00749767
0.000666227
0.00299484
0.00676126
0.00290163
0.00274749
0.0347306
0.173095
0.000860414
0.00131795
0
0.00513221
0.000733471
0.0162605
0.000636278
0.121569
0.011727
0.0267124
0.207051
0.00688384
0.000336995
0.0102679
0.00144975
0.00404531
0.000919531
0.0088368
0.00331074
0.0286112
0.0077853
0.0085484
0.00116694
0.0046288
0.000740758
0.00294854
0.00720658
0.0174923
0.00370561
0.0488955
0.00241763
0.00231315
0.0265414
0
0.000604651
0.00242791
0.00462442
0.0284283
0.00942785
0.00221378
0.00697737
0.0292954
0.00752764
0.00122816
0.00167055
0.000848949
0.00663774
0.0739936
0.0394215
0.00582812
0.000765329
0.00199136
0.00155149
0.00309578
0.0283634
0.000911069
0.122211
0.0879944
0.0272719
0.0294536
0.00582877
0.0240167
0.00535243
0.00317775
0
0.11036
0.110356
0.0131815
0.00394192
0.0057226
0.00302164
0.079191
0.12211
0.0926534
0.00115709
0.00422446
0.00163664
0.00194862
0.0867683
0.000329222
0.000779108
0.0380089
0.00174031
0.00304706
0.123392
0.0121866
0.0436325
0.00246991
0.00107081
0.00502636
0.00815523
0.00463875
0.000195599
0.00211513
0.10952
0
0.00171155
0.0114492
0.0804248
0.0443099
0.0114321
0.000520613
0.0445689
0.119767
0.00644482
0.00256308
0.00588343
0.0374958
0.00454175
0.0276706
0.0384205
0.00353919
0.000721362
0.00162011
0.000569527
0.00344641
0.00837271
0.0354089
0.0131035
0.00477106
0.0346969
0.00081595
0.0250756
0.00202698
8.74318e-005
0.00934525
0.0543679
0.000683953
0.0646601
0.0769375
0.00297443
0.00144482
0.00609381
0.00147128
0.058965
0.0735503
0.0012977
0.0156537
0.0857548
0.00142194
0.00886499
0.0896678
0.0185259
0.00247674
0.0189386
0.00155882
0.00191049
0.0233458
0.00135808
0.00245719
0.00179608
0.0816741
0.00347029
0.0671374
0.00162036
0.0302945
0.120159
0.012164
0.0411087
0.00468198
0.0197185
0.0349195
0.0120862
0.00548885
0.0147715
0.000514901
0.00368358
0.00468654
0.000154802
0.0130512
0.00391934
4.54943e-005
0.0309918
0.0051127
0.0011656
0.163913
0.0878204
0.0607188
0.0034411
0.00404029
0.0518241
0.0189327
0.00353777
0.00602568
0.0183209
0
0.00312997
0.00562665
0.00108468
0.00311877
0.0412199
0.00137929
0.0413011
0.0394406
0.0336562
0.00494808
0.0193074
0.00277669
0.00214174
0
0.00120092
0.0498545
0.121994
0.00510115
0.034517
0.0630754
0.0693562
0.00311036
0.016968
0.000829333
0.00126954
0.00443088
0.00141977
0.00254913
0.00898046
0.000614263
0.00326279
0.100691
0.00238241
0.000930739
0.00361553
0.00201452
0.0520376
0.00200536
0.00259889
0.0166092
0.00333493
0.00352994
0.10407
0.162145
0.00272605
0.000656917
0.0389368
0.0196647
0.0356906
0.00712431
0.00772305
0.00400051
0.00169343
0.0908326
0.0704723
0.000757346
0.000412526
0.0222613
0.00204689
0.0256937
0.00164349
0.0341627
0.00179964
0.00350033
0.00150989
0.00244903
0.103493
0.00257036
0.00466862
0.174381
0.00384783
0.00378455
0.00903659
0.000991591
0.00336423
0.00176269
0.00407669
0.0158598
0.0290938
0.119637
0.000312046
0.098513
0.0011894
0.00855386
0.00439498
0.00803883
0.0408311
0.0849971
0.115132
0.0874012
0.00153953
0.000409224
0.0335967
0.0011531
0.0107906
0.0467453
0.0801546
0.00714523
0.00475307
0.00151362
0.00359439
0.0241328
0.000451889
0.00547382
0.000347792
0.00302164
0.0374975
0.0320316
0.000180289
0.00123839
0.00603231
0.0705196
0.00177604
0.00935406
0.00212264
0.00353616
0.00161338
0.000643427
0.00373403
0.00205513
0.00172596
0.056321
0.00193407
0.00122132
0.00781082
0.00424954
0.00434224
0.0163996
0.0486285
0.00631821
0.00758573
0.0740749
0.000993817
0.0170778
0.0235162
0.0106878
0.00470484
0.00288746
0.00254453
0.00936883
0.0121717
0.00626889
0.00209601
0.0069179
0.00318566
0.0685235
0.00404205
0.102505
0.13181
0.00116528
0.00916623
0.00120857
0.0118543
0.00579171
0.0398471
0.00128504
0.108684
0.00123054
0.0052687
0.0303486
0.00768286
0.00197178
0.00247347
0.00444556
0.00529293
0.0125031
0.00752586
0.00343257
0.0104442
0.00210898
0.103684
0.0507184
0.00151148
0.0776114
0.00204608
0.00198288
0.00569354
0.000745514
0.0045631
0.00448805
0.003569
0.00292087
0.00113733
0.00116677
0.00715269
0.00940319
0.00406898
0.032132
0.00128261
0.00740483
0.00580304
0.00339025
0.000264503
0.00238383
0.00376871
0.0420896
0.126133
0.0126932
0.0201379
0.00394494
0.042541
0.00223722
0.00213806
0.0937361
0.0292775
0.00189896
0.00924137
0.0143342
0.00565609
0.00429888
0.00249916
0.00401696
0.00106044
0.0323992
0.00188878
0.00307046
0.00720478
0.00888764
0.0123101
0.00608851
0.0135664
0.134324
0.0133544
0.00659738
0
0.0102199
0.00563787
0.0225308
0.00136219
0.100832
0.00311378
0.00518484
0.0936556
0.000975561
0.00144511
0.094018
0.000491425
0.00212661
0.00290439
0.000908589
0.0103686
0.0281404
0.00137042
0.00514122
0.00169122
0.0310363
0.008104
0.124976
0.00143852
7.56481e-005
0.00408011
0.0421282
0.00291755
0.00109348
0.060086
0.0356669
0.0184626
0.000924714
0.00235877
0.000709485
0.0726854
0.00963931
0.0236132
0.00296582
0.00419435
0.0431643
0.00457268
0.0347057
0.00292356
0.00360068
0.0115455
0.00276817
0.00120117
0.0812511
0.0832459
0.00745605
0.00113178
0.0263599
0.00892857
0.00279789
0.000359186
0.00524282
0.00638063
0.0720141
0.000384381
0.00194948
0.0133393
0.0538865
0.0080233
0.000684045
0.00135332
0.00406453
0.0913172
0.0831704
0.000967696
0.0405561
0.106927
0.0954713
0.00229091
0.000238381
0.00237681
0.00209566
0.000567942
0.0367088
0.00111179
0.00216628
0.0244122
0.00326528
0.00606867
0.000322804
0.046892
0.00790334
6.18186e-005
0.00159578
0.00509774
0.00293093
0.0950438
0.00682658
0.00622502
0.00133242
0.012362
0.00302492
0.0566202
0.037917
0.00605294
0.117647
0.133909
0.00292945
0.000728222
0.00576151
0.00582769
0.0146387
0.0184007
0.010758
0.0288926
0.00218493
0.00157324
0.0355739
0.00550746
0.0025725
0.00350063
0.0322523
0.0761964
0.199955
0.000616913
0.00378711
0.00162603
0.138278
0.0747658
0.016333
0.00270107
0.0230956
0.105295
0.168957
0.00247304
0.0264169
0.00394739
0.0289354
0.0728169
0.0105967
0.00407376
0.145596
0.000761794
0.00196959
0.00459765
0.0119968
0.00286781
0.0380987
0.00505129
0.0244666
0.0017593
0.0522236
0.00198256
0.0023352
0.017931
0.0196216
0.00462352
0.0424461
0.00607429
0.0034333
0.0049682
0.00342665
0.0755756
0.0883618
0.000339921
0.00298069
0.00210892
0.0010236
0.00340246
0.012153
0.000864385
0.032314
0.00121279
0.030541
0.00582936
0.0273681
0.00519795
0.0898282
0.113715
0.00358184
0.00123205
0.0774395
0.0759332
0.00328577
0.00927043
0.00153418
0.00121847
0.0115672
0.0873475
0.00189674
0.000690352
0.0075862
0.00564265
0.141387
0.00148372
0.00435545
0.000892899
0.0513097
0.0196743
0.00203251
0.00137583
0.000497167
0.0292297
0.00639648
0.0042649
0.00968506
0.00100122
0.00418993
0.0113705
0.00350054
0.0210485
0.000915667
0.0323722
0.00107002
0.0462071
0.154037
0.00128299
0.0473213
0.0637254
0.0440167
0.000841715
0.0170023
0
0.0111829
0.00449592
0.00187076
0.00260119
0.00494553
0.00370548
0.00281915
0.00277762
0.0014497
0.0246815
0.0808963
0.000214244
0.0149092
0.022461
0.00291291
0.0222081
0.00172184
0.00144786
0.00201806
0.00644009
0.0598993
0
0.0139521
0.0115912
0.0262933
0.0930681
0.00323
0.000616773
0.00548848
0.00651265
0.00275355
0.0124334
0.0491633
0.00136723
0.0936551
0.000554131
0.0371398
0.00301572
0.000959713
0.00378914
0.0179607
0.167049
0.0175926
0.0101408
0.00877264
0.00259611
0.00112487
0.0821398
0.0461286
0.00155654
0.00419889
0.000755274
0.000579481
0.000691966
0.0425464
0.0203517
0.00261581
0.00208129
0.0811755
0.00162754
0.209634
0.0109799
0.00160791
0.000872439
0.106391
0.202666
0.0023125
0.00849273
0.00237691
0.0321611
0.0333942
0.0276383
0.0295559
0.0286208
0.00159243
0.0767683
0.0987999
0.00584784
0.0248126
0.0331511
0.0149911
0.0863839
0.0307122
0.00551011
0.000422452
0.00123749
0.000726857
0.0432388
0.0176827
0.00113734
0.105581
0.01229
0.00384615
0.00724789
0.000453444
0.000563463
0.00406743
0.00553422
0.00182685
0.00409556
0.00207149
0.00390188
0.00176341
0.00366254
0.00820629
0.00852478
0.0353999
0.00220639
0.0364886
0.00212586
0.00358382
0.00162064
0.00294577
0.0244932
0.00557086
0.0892601
0.00267116
0.0013433
0.151513
0.000357553
0.00201353
0.068287
0.00166374
0.00755375
0.0230275
0.00274023
0.00579774
0.00293772
0.00148335
0.017613
0.000577808
0.0166443
0.0341699
0.011463
0.00468334
0.00736587
0.0415965
0.0832471
0.0274938
0.00243428
0.000297114
0.0103566
0.0103142
0.00672473
0.00643742
0.00838352
0.00221752
0.0392367
0.00104482
0.027025
0.00278412
0.0404939
0.0402602
0.0210039
0.00206416
0.158085
0.00769021
0.0268529
0.0290411
0.0114225
0.000982054
0.0219252
0.000263391
0
0.0016348
0.0370975
0.000767883
0.000957257
6.65263e-005
0.0392068
0.000730371
0.00522376
0.0107444
0.00166156
0.00148928
0.00407408
0.0498426
0.00395385
0.0189378
0.0043879
0.0328193
0.00114172
0.103772
0.00439695
0.00426452
0.00069755
0.0503321
0.00198863
0.0141319
0.025296
0.000412405
0.0993018
0.0109141
0.0113388
0.00217561
0.0473906
5.88903e-008
0.0183454
0.0692673
0.00122981
0.123278
0.00354861
0.00630137
0.0210087
0.100145
0.000929529
0.0698712
0.0152543
0.00174228
0.014797
0.0115681
0.00692817
0.0024399
0.00049689
0.00507886
0.00468386
0.00770847
0.0226001
0.0809506
0.0475402
0.00132984
0.0749349
0.00718368
0.00329888
0.00995533
0.00368913
0.00103569
0.0527594
0.000405187
0.122217
0.00189461
0.00760103
0.014475
0.0029382
0.00115308
0.0505634
0.00593623
0.0118589
0.028811
0.0625521
0.00234617
0.025239
0.00213181
0.00241198
0.092204
0.00179849
0.134382
0.0586104
0.00617037
0.000914766
0.0132808
0.00383257
0.00259535
0.0213582
0.00880939
0.00723696
0.00367531
0.00224147
0.00219557
0.00521786
0.00628343
0.0293309
0.00356557
0.037532
0.00298937
0.0427138
0.0575767
0.098588
0.00253219
0.00557559
0.0101609
0.00187809
0.00752126
0.00142157
0.113989
0.0163813
0.00165301
0.0683832
0.0610777
0.00187034
0.00455883
0.0255118
0.00296019
0.00846421
0.00111975
0.0112744
0.0017892
0.0503063
0.0136929
0.00416757
0.0425608
0.01501
0.000472239
0.0068601
0.0135877
0.0016126
0.0380024
0.0624694
0.0857681
0.00105783
0.169173
0.00244066
0.00223033
0.00419517
0.159201
0.134205
0.00200118
0.000818222
0.000399927
0.0692946
0.0141736
0.0716404
0.00201286
0.00456787
0.0608879
0.00244391
0.0129487
0.0205834
0.12477
0.00184593
0.0385345
0.00281688
0.00627057
0.00127371
0.0199043
0.0670456
0.00121417
0.0110439
0.00436892
0.00257738
0.00563284
0.00715213
0.0521719
0.00347676
0.0637278
0.0101773
0.00976866
0.00610178
0.00188313
0.0279274
0.00455449
0.00116667
0.0377
0.0826643
0.00123886
0.0199042
0.0332815
0.00220735
0.0708927
0.00162719
0.00297078
0.00156879
0.00169588
0.0398391
0.0601586
0.00382566
0.00570181
0.00222044
0.106904
0.013016
0.000813563
0.00575288
0.000546352
0.0501958
0.00186862
0.0112072
0.00507621
0.00145835
0.00167288
0.000510361
0.00184383
0.0045217
0.0013659
0.00786309
0.00854278
0.0135773
0.000779513
0.00253108
0.0178896
0.0025395
0.000710965
0.00607115
0.072054
0.0195173
0.115181
0.112703
0.0337256
0.062024
0.00426539
0.00254077
0.00286447
0.00517285
0.0302145
0.000627779
0.00798781
0.109687
0.00274831
0.0195633
0.0070393
0.00212541
0.00260411
0.139529
0.0978403
0.00160692
0.0188869
0.0053207
0.0119621
0.00374875
0.00125666
0.00056461
0.0294539
0.00491174
0.123304
0.00128382
0.0112569
0.0303669
0.0161595
0.0205888
0.0261508
0.000720522
0.00935501
0.00228763
0.00837898
0.000131863
0.00522175
0.00169138
0.00443889
0.100193
0.0287443
0.291967
0.00240762
0.00512871
0.00637876
0.00499718
0.00421178
0.0442947
0.00135784
0.00302225
0.0194834
0.00601498
0.00132586
0.0831231
0.167054
0.00241581
0.00106408
0.00124325
0.00881976
0.0369394
0.0225955
0.00532093
0.00100764
0.00682928
0.00141906
0.0255083
0.0235311
0.0727384
0.0483967
0.0377996
0.00183721
0.000606065
0.0489009
0.00730229
0.00926025
0.00715309
0.000178305
0.0185355
0.00277412
0.00412689
0.00409965
0.00106577
0.0123743
0.00475637
0.00778049
0.172065
0.0526984
0.00366685
0.0360156
0.00191576
0.000517356
0.00707248
0.00383222
0.06606
0.00329766
0.00371282
0.0122093
0.0429583
2.27943e-005
0.0203561
0.0532998
0.0537708
0
0.000355645
0.0739161
0.0037783
0.00421917
0.31459
0.0361406
0.0171793
0.0328167
0.0395278
0.0233174
0.0411679
0.0365381
0.000807887
0.0511302
0.00743026
0.00582652
0.000899486
0.15304
0.00575399
0.00116286
0.121694
0.00137684
0.0449077
0.00132214
0.0241522
0.00225678
0.00591369
0.000579861
0.00302284
0.00160765
0.00186552
0.0617064
0.00463991
0.0104695
0.00228928
0.0135403
0.0259714
0.00345488
0.00402335
0.0821323
0.00889995
0.00663066
0.0166616
0.00442031
0.0282373
0.0120548
0.0292451
0.00161457
0.0184284
0.0402435
0.000485246
0.0325862
0.00676817
0.00488145
0.0134251
0.00122043
0.00132544
0.00425853
0.0068557
0.00394296
0.00413966
0.00192795
0.00108471
0.0198702
0.0371932
0.00027137
0.121723
0.0156659
0.0222627
0.0374169
0.00106947
0.00191304
0.0392992
0.00236375
0.00149669
0.00786996
0.00180999
0.00507353
0.00265769
0.00289847
0.00155845
0.00511547
0.000118911
0.00597065
0.060397
0.111254
0.000244629
0.0148673
0.0486672
0.0598775
0.00282134
0.0142393
0.0543283
0.0305971
0.0210151
0.000684501
0.0107663
0.00759718
0.000595766
0.0723889
0.0677973
0.00445977
0.00941588
0.000748289
0.000564558
0.000560121
0.00235538
0.051677
0.0186147
0.0666874
0.00736608
0.0114214
0.00615177
0.00429034
0.0243079
0.00138801
0.000191647
6.65263e-005
0.00265553
0.000396639
0.000459925
0.0322441
0.00182042
0.00179951
0.00999468
0.079072
0.00909602
0.000327056
0.00222229
0.00227641
0.149587
0.0353807
0.00765554
0.00282893
0.00332239
0.00107479
0.0034191
0.0150292
0.00542712
0.00433168
0
0.00702109
0.00992886
0.00847022
0.0221273
0.00433438
0.000696409
0.0253509
0.0163768
0.0211027
0.00399443
0.0545189
0.00172714
0.0245354
0.000328241
0.000240022
0.145826
0.000576959
0.00761268
0.00433186
0.0144767
0.03525
0.00624761
0.00875962
0.00476229
0.0027506
0.0826727
0.00266794
0.0345132
0.000830209
0.00565431
0.00931783
0.0290418
0.0204405
0.0351878
0.00160555
0.000908778
0.00467084
0.00415107
0.00233547
0.10981
0.119974
0.0242668
0.00425521
0.00111829
0.0179746
0.0779043
0.124827
0.00127428
0.0133692
0.0756489
0.0227448
0.0178658
0.00238153
0.00464311
0.0231608
0.000911869
0.00141072
0.0459158
0.00219492
0.0724424
0.0062791
0.0535225
0.0634549
0.00108548
0.000825155
0.00264921
0.0505537
0.00274985
0.0394614
0.00132133
0.00648894
0.0592378
0.0409728
0.00242535
0.00812956
0.111191
0.0198899
0.0524247
0.00928854
0.0020466
0.00353683
0.00884784
0.000777892
0.000866355
0.0440492
0.0829986
0.00191242
0.0104398
0.137726
0.00113396
0.00134827
0.00233914
0.0206774
0.0113545
0.0049004
0.067015
0.0200964
0.00497776
0.043906
0.0045343
0.00291656
0.00405156
0.18008
0.0834432
0.131599
0.000579468
0.0365091
0.122877
0.00610462
0.00559893
0.0202467
0.00194663
0.00178631
0.00467419
0.00435493
0.0108469
0.00228945
0.000757242
0.00568186
0.113128
0.00606738
0.00312129
0.0401349
0.135708
0.00972709
0.0283891
0.0341265
0.0354554
0.00819736
0.0022334
0.00217577
0.00355266
0.004731
0.000132205
0.00413708
0.028191
0.0439099
0.00195383
0.00454733
0.0789598
0.0583469
0.000323607
0.00112592
0.00119214
0.00080279
0.0630859
0.015069
0.0289573
0.0109153
0.00846742
0.114136
0.00179845
0.00391008
0
0.00206255
0.0185128
0.00202458
0.108848
0.00255125
0.0413942
0.00131493
0.000301459
0.0117362
0.00282772
0.00364603
0.0745717
0.00365288
0.0852595
0.00491474
0.00860819
0.00226521
0.00209484
0.0748298
0.0657124
0.0060274
0.00815115
0.00158583
0.00144841
0.00277513
0.00307813
0.0515375
0.00248923
0.00919149
0.0422053
0.0240702
0.00744363
0.0963989
0.0238054
0.0793603
0.000899807
0.00180838
0.00752886
0.0600264
0.0075681
0.0884238
0.00581054
0.00154839
0.0108455
0.00393328
0.00408114
0.00590903
0.014322
0.00987475
0.00262717
0.0494054
0.0163661
0.0634514
0.000266449
0.0604131
0.0387347
0.0105925
0.0397999
0.000833687
0.00205873
0.00138522
0.000329624
0.00117131
0.00257395
0.00330642
0.00154672
0.000740437
0.0104706
0.0110974
0.00334522
0.00505342
0.00187236
0.000427605
0.00524551
0.00168386
0.00152969
0.004249
0.000673674
0.0534651
0.00967203
0.0719155
0.0271126
0.0132964
0.00599094
0.10915
0.00914175
0
0.050409
0.00265804
0.000877388
0.00760403
0.0462153
0.00360619
0.00316815
0.0524465
0.00654987
0.14726
0.0201873
0.0136852
0.00617455
0.0434532
0.0182754
0.000791068
0.0797129
0.0192687
0.00150297
0.00168003
0.0324409
0.00230997
0.0288777
0.00254319
0.00356125
0.00100086
0.018572
0.00118346
0.0662391
0.00144935
0
0.07876
0.00211492
0.00162411
0.000848545
0.00193244
0.00166079
0.00159897
0.146618
0.0872658
0.0384082
0.00110168
0.00251942
0.00263943
0.0441185
0.00521889
0.00525596
0.00731037
0.000615859
0.0916224
0.0175413
0.00218744
0.0217577
0.0104617
0.0304368
0.0205083
0.0829936
0.00195368
0
0.000678007
0.00137008
0.0012669
0.0625346
0.0374896
0.00323569
0.000389847
0.000438593
0.0112845
0.00409954
0.000275017
0.0449998
0.010664
0.00472997
0.00513681
0.0172815
0.000334325
0.00919106
0.0536714
0.0132547
0.0150422
0.0157343
0.00189509
0.0141012
0.0481159
0.00527967
0.00983627
0.000266211
0.00060053
0.00194221
0.0197705
0.00714052
0.0633456
0.00477856
0.0482921
0.000473666
0.0239582
0.0129541
0.000107343
0.00457063
0.0123852
0.0318403
0.115732
0.00489776
0.000528986
0.00191377
0.000290249
0.00139848
0.000181769
0.000403278
0.00301722
0.0144606
0.000442628
0.089022
0.00963548
0.000767715
0.00223414
0.018434
0.000808774
0.00276922
0.00234605
0.00185706
0.0500238
0.00446928
0.00654624
0.000762057
0.00486858
0.0657557
0.00168505
0.0120343
0.000221334
0.0113377
0.00290211
0.000620393
0.00237246
0.0019175
0.00655244
0.0190915
0.06325
0.0428621
0.102835
0.0224259
0.000158223
9.84688e-005
0.000198194
0.00065426
0.00504345
0.00166226
0.00470265
0.000224297
0.0605101
0.00152896
0.118403
0.00196567
0.0957087
0.109698
0.00339009
0
0.0276696
0.00180909
0.0126847
0.00770857
0.000322107
0.000304172
0.00664405
0.00161777
0.0113999
0.00337153
0.00538331
0.00212032
0.0114114
0.00266735
0.124992
0.00921747
0.0600432
0.0284741
0.00722583
0.00116689
0.00478409
0.00156457
0.00173286
0.0510834
0.00409079
0.0639265
0.0444262
0.0021922
0.00355614
0.00247329
0.00239636
0.00514191
0.00589599
0.00630001
0.00319047
0.0577012
0.13484
0.0503982
0.00658331
0.00503086
0.0584507
0.0452136
0.101686
0.000136885
0.00445809
0.000435264
0.00498935
0.00109709
0.00148076
0.0303583
0.0439591
0.069258
0.00518805
0.00484173
0.0107598
0.00056966
0.00243921
0.00893575
0.00291602
0.0300119
0.00113663
0.00485039
0.00234573
0.00144815
0.0598264
0.00104724
0.0454893
0.00611835
0.000245656
0.000226603
0.130507
0.00589703
0.00435396
0.111928
0.00736818
0.00147895
0.00104072
0.0045431
0.0140847
0.0606053
0.00170048
0.00143069
0.0151678
0.0202978
0.028526
0.0344107
0.006563
0.00107222
0.00175148
0.00636005
0.0227602
0.0379189
0.0224174
0.0318508
0.00135746
0.00908314
0.073893
0.0168685
0.0493737
0.00650988
0.0135874
0
0.00018333
0.048649
0.00237676
0.0313598
0.0470943
0.00438581
0.00675831
0.00234602
0.000828036
0.00140689
0.0960876
0.00103558
0.0090581
0.0194331
0.00135169
0.0707603
0.00413801
0.256471
0.00117402
0.00435108
0.00439105
0.00180678
0.000247756
0.00719503
0.00104276
0.00116018
0.104764
0.000963259
0.0232329
0.0271538
0.0160906
0.0020675
0.122136
0.00115409
0.00580269
0.00139596
0.129687
0.0227197
0.0126053
0.00256232
0.00235241
0.00909314
0.00618385
0.0952197
0.00178771
0.00238115
0.123943
0.0008073
0.00304137
0.0140547
0.00101285
0.152361
0.0725033
0.000102587
0.00127423
0.00320936
0.00824178
0.0046462
0.00226856
0.00303976
0.0273201
0.00324611
0.00851477
0.000948253
0.00254243
0.00165682
0.00852217
0.00465145
0.0015833
0.0048881
0.00401595
0.0356182
0.0726506
0.09797
0.105689
0.000419043
0.00452645
0.0037655
0.0335334
0.00598923
0.0064656
0.000509844
0.00286764
0.00548718
0.0252772
0.00256892
0.00345661
0.0596392
0.00298937
0.135793
0.0229329
0.0596457
0.0332452
0.00205674
0.000922997
0.0464201
0.0065647
0.00381913
0
0.0215484
0.00649522
0.00490705
0.00444271
0.0381856
0.111688
0.0948502
0.106538
0.00319791
0.00602448
0.00472158
0.0133304
0.000934977
0.00247171
0.16731
0.00742715
0.00754694
0.00113542
0.000360116
0.0376621
0.00266315
0.0212223
0.00137991
0.0377172
0.0130167
0.024517
0.0030981
0.0805169
5.8891e-008
0.00151641
0.0106947
0.000894683
0.00269148
0.0151753
0.0223781
0.0851746
0.0349916
0.00165503
0.124772
0.0494315
0.0854852
0.0152666
9.84716e-005
0.0224634
0.000336336
0.00201916
0.00745929
0.124796
0.00208598
0.0165783
0.000178306
0.00169006
0.0125596
0.00196646
0.110276
0.000931759
0.0063279
0.0371656
0.0142668
0.0260189
0.0836942
0.00232879
0.0616158
0.00308712
0.00448766
0.00183596
0.00169839
0.0046385
0.00145442
0.0152002
0.00271756
0.00729653
0.0570654
0
0.05024
0.0010058
0.00777903
0.0056914
0.0372178
0.00120774
0.0332749
0.0324638
0.0151219
0.064767
0.00986925
0.0231461
0.0510931
0.00817228
0.049004
0.00424474
0.00107511
0
0.00195658
0.00444165
0.00734846
0.00806184
0.0023784
0.00204925
0.00195958
0.000993899
0.000669173
0.0130173
0.0319916
0.0027093
0.00572811
0.0521178
0.000179605
0.0953115
0.0138244
0.00320793
0.00533907
0.0132697
0.0145669
0.00388207
0.0316014
0.00286654
0.00967463
0.00532593
0.134942
0.0180836
0.119036
0.0264747
0.00170316
0.00521358
0.00961379
0.000880446
0.00231629
0.00904885
0.0423478
0.0841721
0.00119972
0.0264227
0.0813863
0.00443253
0.000747822
0.0534004
0.00415423
0.000462825
0.0522771
0.00830521
0.00144549
0
0.00503419
0.00174758
0.0387547
0.093831
0.0073748
0.00859169
0.0521746
0.00671475
0.0816783
0.00295224
0.0041032
0.00481651
0.00046835
0.037297
0.0178618
0.005048
0.0761284
0.0163917
0.00805904
0.000326686
0.00611327
0.0989315
0.00544268
0.000584419
0.0842355
0.00571267
0.00241383
0.00327998
0.0673131
0.0221652
0.0964871
0.129152
0.00467264
0.00528178
0.0611273
0.000369952
0.00104431
0.0717623
0.00250383
0.000333301
0.00245477
0.0174688
0.0128993
0.00991884
0.0076333
0.000848208
0.0351271
0.000848824
0.0311988
0.00189378
0.02672
0.00042616
9.20892e-006
0.120862
0.0200873
0.151888
0.00109783
0.00301109
0.00152219
0.00148467
0.0024784
0.000816956
0.000366987
0.0867691
0.00384125
0.0401036
0.00384121
0.00858518
0.0605076
0.0388119
0.0338186
0.0208108
0.0807712
0.000676603
0.00113669
0.00171081
0.00112345
0.116279
0.00350589
0.0554248
0.00501684
0.0011495
0.00635111
0.0105364
0.103289
0.0027322
0.0384259
0.00233026
0.0298439
0.075716
0.000588984
0.0352783
0.00908012
0.00319096
0.0385977
0.00404344
0.00284505
0.00111534
0.0323083
0.000475796
0.00379331
0.0085137
0.215575
0.0013165
0.00235861
0.0013334
0.075032
0.0155115
0.00327581
0.0496259
0.00144873
0.00172068
0.0238467
0.00194686
0.0380641
0.00589558
8.64528e-005
0.0830443
0.0257864
0.00458948
0.0260014
0.0105341
0.0514675
9.81616e-005
0.00612594
0.00319506
0.0023253
0.00798184
0.0616082
0.0132234
0.0103276
0.0314396
0.303488
0.00402008
0.000731218
0.001132
0.0930273
0.00423634
0.0176347
0.0130476
0.0116751
0.0531895
0.0010045
0.00430995
0.0156716
0.000471747
0.0347307
0.00184492
0.00108984
0.00103955
0.0429217
0.0372005
0.00259013
0.0774567
0.00479508
0.00419438
0.000453433
0.00120402
0.134477
0.0375669
0.00439759
0.143163
0.00438496
0.00484932
0.00333473
0.00120162
0.00153305
0.00268327
0.0625837
0.00467504
0.0127241
0.0495908
0.00604208
0.000259614
0.0637317
0.00143621
0.000970962
0.0300476
0.0288624
0.00660096
0.0139532
0.0126274
0.00911711
0.000221102
0.000513014
0.0137143
0.0126736
0.0990138
0.00547852
0.00180986
0.0965757
0.0650062
0.00353479
0.0425648
0.00546989
0.0535074
0.000532789
0.00214381
0.0110036
0.134826
0.000700349
0.0902825
0.00733454
0.0763048
0.00194546
0.000450969
0.0747781
0.0191653
0.0013641
0.0112603
0.00113987
0.000606048
0.066489
0.0466726
0.00529318
0.00942545
0.0274666
0.0499904
0.00128598
0.0210229
0.000745076
0.0395317
0.00650787
0.0909873
0.0836915
0.000618352
0.00065638
0.0142368
0.125028
0.00270667
0.0270659
0.000793295
0.000972074
0.0184916
0.142196
0.000234811
6.26492e-005
0.0910113
0.0551822
0.0105649
0.050581
0.0543381
0.00105138
0.000946531
0
0.000914745
0.00467394
0.0153373
0.00843914
0.0239959
0.00060762
0.0719458
0.011904
0.0805368
0.036108
0.0018297
0.0405205
0.0880473
0.00394766
0.0526156
0.0165212
0.00154365
0.0182791
0.0592012
0.00204486
0.00523823
0.000836206
0.00534579
0.0110232
0.0554925
0.105822
0.0108337
0.00584706
0.015067
0.0418176
0.0131322
0.00317416
0.00321972
0.00150216
0.0619776
0.00162615
0.00324359
0.00119276
0.00278262
0.114805
0.155144
0.0105999
0.00455275
0.00250742
0.000905158
0.0322547
0.098657
0.00102529
0.000907311
0.00904918
0.00662065
0.087032
0.00223051
0.0907664
0.0389855
0.0198415
0
0.0239864
0.00433612
0.043336
0.0577709
0.0133758
0.00206604
0.0117848
0.0809304
0.0825726
0.040244
0.0030769
0.0485532
0.0533461
0.0695808
0.0629503
0.006143
0.0218707
0.000207124
0.000528238
0.00106069
0.022461
0.00181203
0.0181086
0.00578925
0.00119422
0.00209206
0.0853
0.0088957
0.00118085
0.0823515
0.00714132
0.00133691
0.00113747
0.00660459
0.106198
6.86665e-006
0.000738272
0.123493
0.0674154
0.00590732
0.00206317
0.00559438
0.138764
0.0555531
0.00142683
0.083604
0.00445963
0.00092931
0.00325875
0.00256179
0.0756841
0.000981794
0.00162446
0.0615739
0.0641412
0.0016694
0.0603214
0.00995271
0.00144484
0.0284488
0.00405591
0.00478236
0.00346868
0.0435126
0.00430353
0.00149893
0.0259406
0.00829792
0.113864
0.0883683
0.00271019
0.00088426
0.00367141
0.00497067
0.00260894
0.00088922
0.00149811
0.00562162
0.00346794
0.0723213
0.018259
0.0604522
0.0277251
0.0224606
0.000510941
0.00204337
0.0583727
0.00105153
0.000849738
0.040913
0.001532
0.00251374
0.00070457
0.0612006
0.120431
0.00109491
0.145526
0.00412071
0.122687
0.0045636
0.0151592
0.0104936
0.0203337
0.0185565
0.00464703
0.0147532
0.109567
0.0214587
0.257352
0.00340287
0.00127686
0.000504699
0.000668386
0.000861861
0.00989278
0.0304421
0.0013878
0.00125462
0.0112947
0.0111918
0.0098864
0.0890484
0.00254324
0.0351634
0.000920608
0.151223
0.0127064
0.00294274
0.000184998
0.094993
0.00535433
0.0170852
0.0111209
0.00157006
0.0497877
0.00292713
0.047678
0.000275739
0.00543106
0.0533513
0.00845153
9.2202e-005
0.00936129
0.110269
0.0290062
0.0060321
0.0304749
0.0027281
0.00384086
0.0794833
0.0442029
0.0147796
0.00725966
0.0133746
0.0626156
0.00807695
0.0369956
0.00907015
0.00130213
0.00599971
0.011358
0.00129402
0.00527776
0.195095
0.0159081
0.00273963
0.246347
0.112216
0.0362804
0.00126172
0.00154471
0.000750877
0.195802
0.00137239
0.089828
0.0791636
0.117122
0.0997484
0.0046827
0.124468
0.106827
0.0134829
0.052756
0.0868515
0.0143177
0.000848215
0.0892397
0.000969866
0.00406243
0.0510576
0.0400112
0.00312732
0.088418
0.0365383
0.0178168
0.0107976
0.00271029
0.0179312
0.00423985
0.000182721
0.0292363
0.00770898
0.0300193
0.00278433
0.00640142
0.000914649
0.000415769
0.147672
0.131926
0.0491827
0.00049126
0.000656707
0.000849757
0.0329877
0.0369649
0.0192097
0.0505098
0.0819947
9.34759e-005
0.00179855
0.0390993
0.00021433
0.000999979
0.000863989
0.00728105
0.00838062
0.00115039
0.000527474
0.00362792
0.0126216
0.021834
0.0014903
0.00386671
0.0520669
0.000848086
0.00139805
0.000108951
0.000828753
0.0759916
0.00215093
0.00925326
0.185292
0.0873694
0.0283471
0.000877834
0.00688236
0.0200538
0.00392188
0.000558473
0.0182336
0.000416604
0.000980743
0.0024755
0.0253762
0.00434317
0.031049
0.00356734
0.0149418
0.0477346
0.00452064
0.00134216
0.0083656
0.00402587
0.00826557
0.122101
0.00328099
0.00119974
0.0213382
0.0855405
0.0191638
0.0015305
0.00249136
0.000587345
0.00869965
0.0049077
0.00170148
0.00128791
0.00221507
0.000944661
0.0031842
0.124551
0.0431801
0.00057489
0.00985511
0.00201879
0.0225553
0.0016109
0.00138439
0.091829
0.000588993
0.00745608
0.0177128
0.00917614
0.00683691
0.0800991
0.0427369
0.0302454
0.00868283
0.0535466
0.00179643
0.00197635
0.00190617
0.000483429
0.000724854
0.0184023
0.0337984
0.0366643
0.00175477
0.0306898
0.052582
0.0260876
0.0017872
0.0266052
0.000941565
0.0036226
0.00256236
0.00544385
0.0023167
0.0710197
0.122191
0.0174961
0.0242512
0.00732097
0.0491878
0.0370676
0.00793866
0.119212
0.00133426
0.0175191
0.00204569
0.163949
0.00118979
0.0368274
0.00252749
0.00508282
0.00125312
0.00636305
0.000610595
0.187297
0.00160234
0.00380028
0.000324204
0.000275214
0.0484672
0.00474052
0.0868376
0.014319
0.0130684
0.000355453
0.0338192
0.00672495
0.0207685
0.000571687
0.00358183
0.00872421
0.0117753
0.0673893
0.00537238
0.000610594
0.00114953
0.0259357
0.00231504
0.00169182
0.0160345
0
0.00343834
0.109295
0.0193673
0.0020806
0.000259264
0.00171052
0.00435151
0.048691
0.0101983
0.0165135
0.00677964
0.0434989
0.00301774
0.00183571
0.000318074
0.0192766
0.0427964
0.00311195
0.00106859
0.00261605
0.00495839
0.120252
0.014105
0.0274709
0.00162244
0.00178669
0.121203
0.0238624
0.00156128
5.70177e-005
0.01823
0.0126375
0.00290687
0.00350745
0.00224916
0.0316927
0.00291379
0.000221303
0.0218795
0.00476694
0.00364349
0.0409507
0.11687
0.00290844
0.00224258
0.00559734
0.0298823
0.00465157
0.00420719
0.00127815
0.000676477
0.00161314
0.0442381
0.0977399
0.124397
0.0582157
0.00107989
0.0470749
0.0398928
0.0946784
0.0707218
0.00691738
0.00126219
0.00983604
0.00487336
0.00169251
0.00168855
0.00274793
0.00179091
0.0299655
0
0.0656795
0.00131934
0.00671691
0.00109466
0.000148562
0.0416801
0.00912327
0.00817049
0.00214438
0.0425962
0.00668354
0.00069411
0.0151598
0.00353886
0.00246495
0.00116881
0.130752
8.09944e-005
0.0099033
0.00017154
0.00301581
4.55719e-013
0.000303705
0.00150251
0.139904
0.156139
0.0104398
0.0561673
0.0477287
0.00143467
0.00112017
0.00654107
0.0153788
0.00140535
0.000359472
0.00503283
0.000310259
0.106651
0.0460107
0.080994
0.066125
0.0479469
0.0917424
0.0575512
0.00668806
0.00161727
0.000633025
0.00588292
0.0194123
0.00798209
0.0040176
0.047458
0.0433798
0.0964138
0.0060842
0.0235857
0.0614377
0.0879818
0.00165788
0.00657019
0.0328327
0.0688549
0.00538681
0.0128007
0.0298812
0.000645597
0.000992206
0.00090344
0.000838076
0.0332455
0.0122623
0.00644602
0.110457
0.00257169
0.0258021
0.00125053
0.0282413
0.00123644
0.000951864
0.0899731
0.00474429
0.15438
0.0555796
0.0351927
0.0628778
0.000551993
0.0344301
0.0143907
0.00016154
0.112151
0.00289808
0.100666
0.0736972
0.00315689
0.0642881
0.0683745
0.0195459
0.000471967
0.00448741
0.0217536
0.0298298
0.00824657
0.0950892
0.000301235
0.000546086
0.0293447
0.0010446
0.0735151
0.134888
0.0377938
0.0433842
0.0305051
0.00650517
0.117118
0.00066774
0.0414618
0.0204323
0.00095769
0.0010875
0.0797965
0.00184229
0.124427
0.0101484
0.0388517
0.000529181
0.00410746
0.0166976
0.00287802
0.00636982
0.000199927
0.00029857
0.00115716
0.00423091
0.00170726
0.000499817
0.0603486
0.0816888
0.00120953
0.037381
0.00111615
0.0186322
0.0212807
0.00112053
0.122454
0.00788322
0.0028193
0.0249813
0.0647301
0.101891
0.00759809
0.00951777
0.000482893
0.00691932
0.00262461
0.00516005
0.0468033
0.014185
0.0792957
0.00141672
0.000282007
0.00146719
0.0041627
0.00213309
0.00200907
0.00903656
0.0581157
0.00133476
0.0010625
0.00355775
0.00576993
0.0102399
0.0047456
0.00126527
0.00101935
0.078754
0.00917614
0.0493615
0.00231926
0.00846254
0.00238732
0.0895255
0.00526201
0.00737143
0.000106935
0.000233154
0.0113212
0.00561405
0.00395725
0.00178682
0.0102539
0.00336866
0.010605
0.00634373
0.000916327
0.00301387
0.00908336
0.00260861
0.000423149
0.00187515
0.0110663
0.0379861
0.0121491
0.0325488
0.010718
0.00675135
0.00228554
0.00186884
0.0221637
0.0003768
0.0012187
0.00484029
0.014277
0.11288
0.119886
0.0790278
0.0763035
0.0202094
0.00744652
0.00129985
0.124859
0.0109097
0.0575085
0.00295905
0.00368414
0.0882269
0.0662519
0.046018
0.0061374
0.00465731
0.000365441
0.00237703
0.00728363
0.00120093
0.0529219
0.0755747
0.0870189
0.00055687
0.107465
0.000169387
0.128343
0.0300053
0.0329826
0.000969203
0.00567243
0.00102067
0.00131293
0.00140021
0.00983454
0.0679281
0.0374382
0.0358133
0.00976318
0.0037847
0.00235753
0.00859155
0.00727695
0.0791267
0.00369793
0.0835771
0.0495795
0.0144085
0.00651436
0.0408438
0.000398659
0.000950589
0.00108488
0.0976701
0.0344634
0.000180109
0.0183315
0.0113093
0.00565174
0.000700026
0.0808967
0.00141186
0.000433957
0.0401445
0.013929
0.00208496
0.0232878
0.0184925
0.0125871
0.0392548
0.00423362
0.0906603
0.136254
0.137762
0.00666076
0.00204763
0.0054349
0.00261388
0.00139118
0.0987324
0.00751931
0.000789887
0.000663618
0.00359294
0.00044789
0.0381142
0.0125738
0.00447203
0.000272063
0.0014075
2.97326e-005
0.100224
0.0683683
0.00178196
0.000662199
0.161692
0.0309189
0.00247046
4.85707e-005
0.108081
0.00157134
0.0691914
0.00921935
0.00531968
0.124938
0.000503187
0.0769684
0.00416376
0.00297156
0.000334723
0.000369646
0.0123512
0.013386
0.107797
0.000255757
0.00813531
0.00108661
0.00433709
0.021961
0.00261996
0.000339468
0.000900292
0.1184
0.0107442
0.0112676
0.00137622
0.00326977
0.00382013
0.000585969
0.00118226
0.00269876
0.00155405
0.167795
0.00485438
0.001003
0.00907351
0.0054223
0.0405192
0.0987475
0.00492777
0.000385154
0.00160992
0.00263542
0.0803838
0.0577638
0.00624304
0.0923149
0.00207844
0.00484509
0.000506803
0.0767581
0.0695153
0.00225705
0.0585348
0.143245
0.0128745
0.0064605
0.00508402
0.00103001
0.0241807
0.000373421
0.00625002
0.0372882
0.0516661
0.0112623
0.00199899
0.0149111
0.00590793
0.0208235
0.0814545
0.0760766
0.00643342
0.00665
0.0209743
0.0385783
0.00401614
0.00319562
0.00095136
0.000363598
0.0479382
0.000276969
0.00195338
0.124998
0.00812759
0.00193125
0.104949
0.01547
0.0607293
0.0281704
0.029367
0.000133652
4.61248e-013
0.0190116
0.0847486
0.0645417
0.000154924
0.00125076
0.0892696
0.0073418
0.0833174
0.00198215
0.000898161
0.00535156
0.00309522
0.0204006
0.0858225
0.00891919
0.0585234
0.0018551
0.00139385
0.12385
0.0557352
0.0548965
0.0169075
0.000525911
0.00401054
0.00151733
0.0439946
0.0530309
0.00552282
0.00119701
0.000353772
0.0598104
0.00117556
0.150041
0.0887933
0.0028216
0.0010179
0.00718463
0.111107
0.000237203
0.000566001
0.000498755
0.0109508
0.00192536
0.000888281
0.0057234
0.0451206
0.00450343
0.000291578
0.00405169
0.00692158
0.047783
0.00208877
0.0156331
0.0398947
0.0523154
0.0792552
0.0105022
4.61248e-013
0.000389571
0.00074847
0.0593736
0.00183464
0.000576579
0.026186
0.00330153
0.0754725
0.0150607
0.0173933
0.00626628
0.00520946
0
0.00819266
0.00509102
0.0533355
0.00124225
0.00819926
0.000862338
0.001088
0.019484
0.0179405
0.0162632
0.00520436
0.000419175
0.00506189
0.0521938
0.00385135
2.42485e-005
0.00033431
0.00367717
0.0253006
0.000289045
0.0330233
0.0086502
0.102037
0.0811943
0.00384505
0.0232418
0.0185794
0.0841682
0.00147333
0.000129547
0.125612
0.00194814
0.00142312
0.00597752
0.00920026
0.00324128
0.0182175
0.000796367
0.00219018
0.00151908
0.00615817
0.000654145
0.0486507
0.014766
0.00875893
0.00143856
0.00228837
0.00243374
0.000659273
0.00180566
0.0692338
0.119873
0.0376762
0.000533908
0.0462889
0.00256842
0.0372538
0.0420077
0.124564
0.0260582
0.000488324
0.160242
0.00106433
0.000852172
0.118278
0.0524783
0.00653948
0.000153326
0.00142035
0.0019055
0.00039952
0.122807
0.00146823
0.0387025
0.001542
0.0325169
0.00886977
0.0104792
0.000974612
0.0014414
0.00569101
0.011228
0.0950231
0.0637097
0.123601
0.0456488
0.134975
0.000439045
0.000957061
0.0120042
0.00102604
0.00244574
0.112304
0.00106171
0.00212815
0.00134512
0.00456154
0.00738197
0.121732
0.0281408
0.000854041
0.124518
0.00846255
0.0108461
0.000872225
0.0234654
0.0177028
0.00381014
0.0100226
0.0826381
0.00818223
0.000650031
0.0309219
0.0312145
0.0077733
0.000827835
0.0276457
0.00333313
0.02375
0.0483666
0.112301
0.0204495
0.00579259
0.02691
0.0203066
0.000662547
0.0229998
0.000476523
0.0123298
0.0213887
0.000529833
0.0205582
0.0270619
0.108645
0
0.0501463
0.00462296
0.000496454
0.0165031
0.0823843
0.0800068
0.107394
0.00274735
0.001746
0.0711793
0.00904446
0.000302007
0.000555988
0.0277684
0.0593067
0.0912202
0.00436581
0.00695063
0.0151281
0.00368664
0.00231926
0.0901648
0.0018038
0.0275957
0.000571144
0.0252085
0.000675209
0.0384872
0.00281592
0.00724405
0.00578047
0.000277337
0.00645266
0.00237655
0.00695608
0.000827849
0.00552522
0.00802847
0.00148953
0.00576019
0.0854905
0.0477803
0.00265072
0.046038
0.00210608
8.89098e-005
0.0121335
0.00119486
0.0392796
0.000348733
0.00793545
0.00359915
0.000521796
0.0120669
0.0138276
0.00620194
0.130124
0.0187867
0.00909807
0.00708706
0.0121234
0.000489649
0.000903279
0.000679594
0.0869278
0.103369
0.0524571
0.000441265
0.0125354
0.0164503
0.00246269
0.0861686
0.0752112
0.0579038
0.00335616
0.0526777
0.0104366
0.0067848
0.060777
0.058242
0.00510547
0.00306213
0.00145076
0.0288866
0.00347922
0.00127489
0.0439375
0.0695846
0.0776922
0.00643378
0.014204
0.103989
0.00901905
0.0503515
0.00481747
0.0493333
0.0381346
0.0837113
0.00452987
0.0204804
0.000585607
0.00048054
0.00111854
0.054091
0.118317
0.0120887
0.000555983
0.0023684
0.00376117
0.000890119
0.00490409
0.016091
0.0009865
0.0148001
0.00841845
0.000623785
0.000428879
0.000615318
0.000897521
0.319293
0.0033406
0.00866563
0.00174317
0.00118107
0.00088165
0.000442103
0.000475306
0.0614607
0.000916546
0.00147906
0.0307143
0.0200605
0.000559489
0.00348135
0.0860265
0.00448297
0.0841816
0.0416552
0.0237017
0.0499453
0.000193567
0.00107377
0.055698
0.144936
0.0056351
0.00504076
0.0051269
0.0681913
0.000974945
0.00547522
8.98572e-005
0.0446708
0.000940211
0.00381067
0.109365
0.00117803
0.00942659
0.00184507
0.0400815
0.0180379
0.0285533
0.00722508
0.0043383
0.00235383
0.00677868
0.00021284
0.0237727
0.0754767
0.043899
0.000546949
0.100245
0.0807739
0.00437889
0.000490029
0.00523602
0.0187376
0.00175263
0.00119636
0.00048543
0.00210972
0.00429883
0.0195613
0.00153956
0.00147281
0.00719157
0.000257645
0.0437502
0.0185722
0.000769732
0.000567703
0.0026778
0.091242
0.0541589
0.0188693
0.00201162
0.000593814
0.0662657
0.0647673
0.0052032
0.0386211
0.00267407
0.0442925
0.00252252
0.107171
0.085036
0.0791273
0.0733251
0.00640454
0.0435577
0.0961232
0.0566594
0.00252946
0.000793991
0.00759656
0.0182534
5.82683e-005
5.82683e-005
0.00622262
0.00148022
0.000594501
0.000810215
0.000274578
0.00388319
0.00179509
0.0029973
0.000759533
0.00139971
0.047664
0.0065134
0.109133
0.045914
0.000513378
0.0686606
0.00369581
0.000143228
0.00595816
0.000412203
0.00423761
0.00620667
0.024284
0.0374518
0.0172413
0.00893758
0.0372004
0.0316378
0.0503726
0.0874125
0.00204156
0.00118082
0.031867
0.121179
0.00051079
0.137321
0.000108846
0.0020246
0.0177898
0.00492773
0.0205929
0.00418244
0.00491184
0.213335
0.00426838
0.000573364
0.00185464
0.011835
0.0111509
0.000680429
0.0250544
0.0231761
0.0326743
0.0324527
0.0282081
0.0897743
0.00757094
0.0282815
0.026318
0.00057465
0.00224256
0.000554283
0.00225005
0.00146836
0.0410374
0.0417447
0.0207657
0.000741318
0.117493
0.0179754
0.00248646
0.00148956
0.014021
0.0389726
0.0461951
0.00605684
0.111292
0.000847734
0.00163522
0.00045016
0.00433055
0.0140302
0.0447365
0.0699195
0.0323397
0.00458439
0.00351919
5.16352e-005
0.00608165
0.00295842
0.000886088
0.0267339
0.0990163
0.0439365
0.0354404
0.00292478
0.00122272
0.0967682
0.00288037
0.00269329
0.00117404
0.0471824
0.01144
0.00110955
0.0365445
0.0106949
0.000729895
0.0518059
0.0349858
0.0452253
0.000488141
0.000942468
0.000657242
0.00207919
0.0806998
0.00530671
0.00256303
0.0042202
0.000754217
0.144548
0.0519177
0.00139116
0.0341123
0.0329941
0.0633926
0.0966537
0.00228621
0.105829
0.0133257
0.0318101
0.000230122
0.12737
0.00280583
0.000372291
0.00107234
0.12324
0.0459525
0.0276675
0.0521329
0.000938458
0.0107404
0
0.00149119
0.00322862
0.0780816
0.00202647
0.0872534
0.0398607
0.00983454
0.0160894
0.000290737
0.00033379
0.000193567
0.000237067
0.00059797
0.00140029
0.0132685
0.00150891
0.074453
0.0136615
0.0130285
0.000182723
0.00101163
0.000228918
0.0825841
0.00521935
0.000601964
0.00893629
2.61858e-005
0.0304528
0.0022845
0.0639936
0.0825993
0.0746036
0.00239264
0.0207004
0.00120125
0.00385467
0.00710849
0.00498102
0.0218706
0.00451812
0.000351729
0.00231475
0.00126775
0.0767618
0.00164176
0.0360239
0.0403878
0.00262009
0.00652033
0.0867453
7.52523e-005
0.001577
0.00058934
0.000608055
0.00483817
0.0286571
0.000188222
0.00930471
0.00891988
0.00112269
0.00334959
0.00877244
0.000122011
0.00344765
0.110075
0.00129852
0.00617539
0.00590906
0.00471518
0.0160389
0.0615113
0.00123669
0.0348578
0
0.000729083
0.00628892
0.0381256
0
0.000653774
0.010883
0.00397059
0.000764754
0.0363037
0.0146584
0.040517
0.108999
0.000984338
0.00471618
0.0410731
0.000449462
0.000839575
0.0256315
0.00489015
0.0069719
0.00388318
0.001228
0.00183642
0.00222206
0.0281788
0.0598812
0.000923536
0.00104437
0.0238665
0.00191651
0.000804081
0.120719
0.00119995
0.00711711
0.000211278
0.00132455
0.00360735
0.0907904
0.102049
0.0482496
0.126456
0.00529912
0.00266418
0.00968848
0.0052706
0.0238586
0.0100222
0.000563587
0.00266401
0.000592792
0.182645
0.000137951
0.110459
0.00011949
0.00376299
0.00331092
0.0299203
0.0132335
0.0133866
0.000700683
0.0272742
0.00254815
0.0790188
0
0.000592954
0.000534733
0.00495518
0.0143034
0.000705596
0.00122979
0.123305
0.00826588
0.00829167
0.0273612
0.020402
0.0134821
0.00155924
0.0391922
0.0472427
0.022916
0.0240251
0.00849376
0.00357716
0.0116324
0.00344584
2.97324e-005
0.0836417
0.00128748
0.0712309
0.00147766
0.0185832
0.00060658
0.0612977
0.00465774
0.0705127
0.000819418
0.00946642
0.0929953
0.000386598
0.000830801
0.065836
0.00049885
0.000107111
0.00206321
0.00346124
0.00039321
0.00641562
0.0143836
0.00203732
0.0815266
0.0916065
0.166948
0
0.0346948
0.0286657
0.0136045
0.01112
0.0945729
0.0433163
0.00307947
0.0966198
0.000363548
0.00553394
0.000100927
0.0706963
2.57881e-005
0.00302828
0.00178581
0.0190078
0.000369709
0.00722943
0.0153171
0.00824759
0.00125657
0.00331374
0.0028184
0.0183468
0.00103545
0.00646355
0.000707871
0.0180086
0.0444162
0.0531804
0.105097
0.126824
0.00460623
0.000512264
0.00326012
0.00925303
0.0131723
0.055772
0.0145167
0.00388052
0.0802485
0.00384949
0.0117465
0.000987475
0.0276008
0.00186904
0.000554446
0.000941715
0.0102386
0.00586032
0.00465293
0.0510129
0.00196611
0.00274374
0.00222011
0.00963946
0.070282
0.00104941
0.00543224
0.0068157
0.000987768
0.0254659
0.00219469
0.00478806
0.00177576
0.00178464
0.0357032
0.000555858
0.00211336
0.00300048
0.00724733
0.0943982
0.000542193
0.00447753
0.00122513
0.00917378
0.00116308
0.00301978
0.0038774
0.00948888
0.00355095
0.00181064
0.00115502
0.0016645
0.00570325
0.0147454
0.011608
0.000702514
3.76386e-005
0.0174767
0.0230277
0.00115136
0.00944842
0.00103558
0.000635443
0.232087
0.0119734
0.0831641
0.00460225
0.0519845
0.0372619
0.000506415
0.00586529
0.000557605
0.00218343
0.00287311
0.011022
0.0152813
0.100245
0.00127816
0.101457
0.00232096
0.0202757
0.0475388
0.0944519
0.0156024
0.0489333
0.000497527
0.0739741
0.0389097
0.0181837
0.0168201
0.00259247
0.0483754
0.0116032
0.00213848
0.00245756
0.00315149
0.0911041
0.0103163
0.00099042
0.0453534
0.0210054
0.000318081
0.00190881
0.0250394
0.000818909
0.0310377
0.00548355
0.0461606
0.0245531
0.00916361
0.00250508
0.00852088
0.00480624
0.0312058
0.00127545
0.00124629
0.100304
0.044724
0.000207469
0.000818763
0.0288002
0.000630719
0.000352933
0.000680705
0.00327911
0.0553132
0.00911231
0.00280115
0.00253667
0.000405606
0.113477
9.12516e-005
0.0428079
0.000226567
0.0301099
0.035632
0.00386846
0.0010367
0.00102272
0.000148471
0.0469729
0.016127
0.00186048
0.0121602
0.00117812
0.00119503
0.109068
0.109614
0.00774809
0.0960368
0.101297
0.072531
0.0155027
0.0405673
0.00221693
0.000843175
0.00604217
0.0220584
0.000492199
0.0030588
0.00116615
0.00325268
0.0309213
0.0100782
0.000253828
0.00143465
0.0014873
0.116202
0.000152482
0.0131503
0.0019277
0.000613976
0.0023482
0.00311963
0.000555988
0.0756313
0.00199002
0.000388334
0.000130779
0.00176324
8.89098e-005
0.00103191
0.0650602
0.0443781
0.0293762
0.0759554
0.124956
0.00101849
0
0.000373161
0.00568771
0.0217829
0.0310601
0.0615501
0.0533269
0.000415199
0.0744203
0.00183364
0.000309182
0.0481339
0.08585
0.0804467
0.0982805
0.00612025
0.0802481
0.107596
0.000191868
0.0898437
0.00776633
0.162042
0.18445
0.00248759
0.0293153
0.0462319
0.0696703
0.058351
0.00437662
0.00330839
0.0232046
0.000446978
0.0397683
0.000100927
0.000830167
0.00682644
0.00611458
0.0102048
0.0288704
0.000330026
0.000642675
0.0033968
0.12325
0.0599441
0.00814188
0.00799221
0.00323027
0.00224409
0.00124044
0.0119877
0.000352004
0.00036378
0.00822539
0.0226421
0.00278962
0.0329119
0.0302885
0.012445
0.000121688
0.000247896
0.0153899
0.0128818
0.00288612
0.00371385
2.57881e-005
0.0833929
0.0159287
0.0613222
0.105993
0.0402006
0.0206538
0.0252132
0.000529865
0.00326818
0.150026
0.0998227
0.0190682
0.00438159
4.46799e-005
0.00158004
0.063869
0.00164016
0.00138959
0.000264388
0.00200182
0.0647681
0.113385
0.0087242
0.0690884
0.00624648
0.0586396
0.00284831
0.00251819
0.0680483
0.0777149
0.00837554
0.00118321
0.00178581
0.00101828
0.00184538
0.102262
0.00143344
0.0479253
0.0631207
0.0755074
0.054662
0.0207979
0.00142057
0.00124636
0.000270784
0.000798436
0.000754404
0.000715667
0.000378213
0.0455471
0.0202288
0.00809422
0.0548091
0.00719089
0.0144393
0.00878446
0.00202191
0.0463103
0.000184916
0.000204321
0.0068778
0.00955985
0.000732439
0.000196848
0.00139591
0.00132691
0.00095557
0.000525584
0.0174271
0.0179814
0.0306815
0.00368488
0.0570561
0.00832389
0
0.00113846
0.00212871
0.00363934
0.00235104
0.0216494
0.00183552
0.000560605
0.000400737
0.000230527
0.0641773
0.0564582
0.0297824
0.0243799
0.00140434
0.086908
0.00364903
0.00848817
0.0020719
0.0140554
0.00238718
0.117976
0.0119252
0.0100808
0.0122533
9.64545e-005
0.0164635
0.00241841
0.0200909
0.0138994
0.0044526
0.00271292
0.0849801
0.000626014
0.0318838
0.0751754
0.000309173
0.0046669
0.00344116
0.039312
0.10919
0.0345792
0.0027432
0.00126035
0.00399456
0.0937809
0.000844496
0.000595068
0.0031165
0.00630654
0.00033631
0.00180513
0.00859005
0.00240476
0.000519034
0.00365956
4.88844e-005
0.00020827
0.000626601
0.00088433
0.0114248
0.000169247
0.00137782
0.00193944
0.000935214
0.00183511
0.0460622
0.0260573
0.00483802
8.98569e-005
0.00416688
0.0125885
0.123935
0.0248847
0.0125577
0.00401932
0.00206965
0.00178574
0.0281421
0.00634023
0.00307622
0.0130762
0.0810768
0.0669215
0.00468057
0.00266263
0.010493
0.0019604
0.00541235
0.105255
0.0126818
0.0222676
0.00213692
0.00153603
0.000706114
0.0225017
0.020937
0.000761733
0.0680564
0.0255157
0.115187
0.00103143
0.000503001
0.0375887
0.000135497
0.00201013
0.0698816
0.230749
0.0952815
0.00329206
0.000963431
0.000878125
0.0953547
0.051268
0.000672831
0.00314026
0.0287138
0.0014006
0.00329133
0.00679996
0.0896052
0.00270785
0.0189059
0.00410324
0.00565464
0.00333402
0.0750161
0.00480847
0.193478
0.0892703
0.0967377
0.0170102
0.0798041
0.00637233
0.00214485
0.0304785
0.00152283
0.00896239
0.0102414
0.00198924
0.000412089
0.00353949
0.000124162
0.00636832
0.000456591
0.00130452
0.0501138
0.00236332
1.82774e-005
0.000390024
0.000145937
0.000350784
0.00579441
0.00570882
0.0036735
0.169561
0.0078243
0.0292106
0.00227017
0.00225309
0.000353675
0.00904807
0.0109144
0.0586268
0.0232868
0.0255135
0.0223767
0.0796861
0.00103255
0.0174013
0.0224328
0.00225817
0.0159941
0.162009
0.0229961
0.00816282
0.0341207
0.00293697
0.00744304
0.00815952
0.0047759
0.000416913
0.00149881
0.000336721
0.000385443
0.000241409
0.000981354
0.0323741
0.107717
0.00724773
0.00205573
0.00812025
0.00497622
0.00516545
0.00163488
0.000405702
0.070924
0.0289625
0.0143879
0.00376291
0.125189
0.107242
0.0467184
0.00279664
0.0347789
0.0179419
0.00103487
0.00283793
0.0615493
0.0564291
0.00153696
0.00045853
0.00224006
0.000977119
0.00170305
0.00342883
0.00179421
0.0271405
0.00112066
0.00296212
0.0905128
0.00670395
0.00303656
0.0180761
0.125177
0.00861289
0.0016744
0.00519216
0.103956
0.0114221
0.163128
0.00251637
0.000445928
0.0482103
0.0361985
0.00212758
0.00280952
0.00103312
0.000635588
0.018584
0.0063116
0.000294845
0.00397654
0.0019522
0.00132581
0.0012398
0.00697983
0.0344409
0.0462027
0.0253108
0.0108009
0.0114384
0.0056468
0.00738404
0.00244638
0.00221594
0.000833086
0.0101947
0.0118533
0.0110483
9.83247e-005
0.00398628
0.000891539
0.0137597
0.102844
0.105781
0.0674507
0.00275056
0.0107616
0.00114771
0.088457
4.85706e-005
0.00178219
0.0166872
0.055788
0.000613646
0.0383862
0.0419292
0.00394255
0.0396543
0.0687801
0.0185929
0.00052988
0.00304784
0.0177878
0.000767516
0.102474
0.0129598
0
0.0268617
0.00353575
0.0812692
0.00083026
0.000703703
0.128326
0.00267841
0.000277128
0.0600071
0.00184466
0.0055284
0.00421309
0.0783003
0.0386721
0.000247514
0.00402024
0.00598084
0.00710311
0.000442722
0.00841114
0.0156042
0.0752294
0.000138973
0.000174572
0.00613682
0.220769
0.142525
0.000176213
0.0201806
0.0195755
0.00168548
0.0468847
0.0229918
0.00164428
0.00956029
0.031728
0.0166677
0.0236389
0.0495747
0.110489
0.0117904
0
0.00804506
0.0244092
0.0810041
0.01728
0.13858
0.179352
0.00137521
0.00127072
0.000894716
0.0193295
0.00486179
0.0848523
0.000456874
0.121658
0.0338206
0.000228515
0.0937151
0.00147342
0.00112678
0.00729772
0.00176124
0.00384869
0.133139
0.162483
0.0429403
0.00136697
0.00477273
0.00596704
0.000442719
0.00730236
0.00294937
0.000231123
0.00155173
0.0581664
0.000534364
0.00594144
0.0833438
0.00398059
0.00260541
0
0.0133032
0.00417019
0.00224291
0.00393822
0.0354944
0.0591776
0.000642947
0.0009003
0.0215638
0.00035104
0.0954993
0.0598041
0.002723
0.000282757
0.0594251
0.00269372
0.0172652
0.0118551
0.046101
0.0632782
0.098173
0.0521633
0.0029178
0.0180725
0.000737936
0.0011364
0.000275985
0.00183521
0
0.0796714
0.0048301
0.00085274
0.00153732
0.00303203
0.0055807
0.00268106
0.0883966
0.0299792
0.00187875
0.000247086
0.00088029
0.000761885
0.000515845
0.00310079
0.00714297
0.00219512
0.000986994
0.00265486
0.000633876
0.000558368
0.0202389
0.0970157
0.00790273
0.0125152
0.00814888
0.000453015
0.00652695
0.0308793
0.0013566
0.00426758
0.00757951
0.0591109
0.00041196
0.0125708
0.00199296
0.00189879
0.000164709
0.00519069
0.00197164
0.000665072
0.0384009
0.00114637
0.12382
0.0122526
0.010069
0.00508306
0.0166137
0.0781781
0.0020819
0.0041088
0.00421967
0.00200137
0.0631975
0.00529116
0.00323027
0.00170872
0.00214909
0.0330328
0.0834721
0.000302714
0.00616269
0.0162223
0.00305655
0.0811582
0.00438588
0.00818552
0.00390161
0.00392866
0.00314424
0.124425
0.00139862
0.00872268
0.00487112
0.00342534
0.000302567
0.00419969
8.8052e-005
1.3153e-005
0.000762707
0.000117753
0.000638196
0.00652369
0.00327088
0.00057777
0.00477047
0.0544663
0.000921173
0.117665
0.0339742
0.0340296
0.140616
0.00182119
0.00988562
0.00261009
0.0260332
0.0623057
0.0309672
0.0252338
6.29517e-005
0.00148601
0.00133242
0.00864485
0.0132146
0.0149241
0.000627607
0.216788
0.00160477
0.00308485
0.181695
0.00869123
0.057523
0.00374259
0.00424552
0.00170264
0.00541614
0.130261
0.0096408
0.00679392
0.00330334
0.0115448
0.0121987
0.0485022
0.0372952
0.139102
0.0239359
0.0252462
0.00883949
0.00100803
0.0290052
0.00573145
0.0686046
0.0142712
0.00144536
0.00399984
0.000928895
0.000530014
0.0540936
0.0132577
0.00661184
0.0100522
0.000374096
0.00102901
0.0002235
0.112801
0.00330993
0.00351843
0.00316891
0.00113894
0.0100996
0
0.00103907
0.000627607
0.00558997
0.000394839
0.157311
0.00786364
0.000640531
0.00582909
0.000903743
0.00974054
0.0783805
0.00202225
0.00095922
0.0191571
0.0119712
0.00301758
0.00834483
0.00864758
0.000316188
0.0145688
0.00107697
0.000545943
0.0629755
0.0277621
0.0124322
0.00941044
0.00372495
0.00884871
0.0020877
0.0930682
0.0386002
0.063093
0.000626014
0.00181052
0.095066
0.00124171
0.00206437
0.000652669
0.0742347
0.008327
0.0572282
0.0024694
0.00693106
0.00671993
0.000261449
0.113959
0.013922
0.0010444
0.002611
0.0029066
0.00364921
0.0243589
0.0161775
0.00379356
0.00834324
0.0782356
0.00608446
0.00680041
0.00038602
0.000290588
0.00417537
0.00192827
0.133037
0.00155841
0.00288811
0.000217386
0.00176297
0.000565534
0.0131699
0.00155508
0.00148545
0.0020046
0.00460961
0.00165526
0.0813179
0.000245001
0.00129913
0.00112565
0.00225262
0.00210592
0.00108008
0.00282179
0.104779
0.000162206
0.0763297
0.0963954
0.0100702
0.124943
0.0135763
0.156999
0.0434274
0.0132488
0.000112235
0.0385403
0.0181952
0.0214903
0.0392211
0.00341689
0.00017763
0.135704
0.0202855
0.00550523
0.0378664
0.000738069
0.031625
0.00666928
0.00297731
0.00337348
0.000651258
0.00114273
0.0328474
0.00103266
0.0469836
0.00175312
0.0246172
0.109681
0.193739
0.123091
0.105871
0.0933307
0.145628
0.00551038
0.0206252
0.00383415
0.0674877
0.059156
0.0242069
0.00326577
0.000216709
0.0250605
0.00146148
0.00216381
0.00257925
0.00371379
0.000187874
0.000252023
0.00107665
0.0204263
0.000973491
0.0179718
0.064644
0.0404226
0.0392214
0.0010562
0.000556183
0.0896052
0.00219556
0.000222542
0.00774857
0.0120609
0.00128788
0.00114964
0.0433204
0.00315939
0.00807152
0.00215295
0.0131698
0.0381964
0.0212906
0.0023266
0.00182683
0.00660965
0.00182347
0.0011762
0.00793488
0.0436715
0.000482353
0.00408396
0.00982255
0.00312328
0.00248491
0.00324081
0.100045
0.00525232
0.00731066
0.0183671
0.0119273
0.0520899
0.199952
0.00326458
0.0141202
0.000704274
0.0299789
0.0280494
0.0280915
0.00107635
0.00044365
0.00120861
0.045301
0.105523
0.148673
0.0152442
0.00811601
0.0880983
0.0118785
0.0156416
0.136221
0.061524
0.00210184
0.045986
0.00255913
0.00287893
0.0017194
0.00708599
0.181565
0.0106196
0.0686409
0.00118259
0.0134973
0.0151688
0.112538
0.00341424
0.000411796
0.0721421
0.0248591
0.115588
0.00216651
0.0894533
0.00284892
0.000505187
0.100979
0.0257899
0.00232937
0.00273055
0.0205765
0.0950033
0.00222772
0.000236574
0.0565697
0.00308162
0.00222053
0.150441
0.0676816
0.00190676
0.0398995
0.00642047
0.0125044
0.00528917
0.0025221
0.00147342
0.00407621
0.000939199
0.00397547
0.0847942
0.00803849
0.0971916
0.110737
0.0208128
0.00562843
0.00338428
0.000877828
0.00130074
0.0601152
0.0601156
0.000482352
0.00161108
0.0630086
0.00904817
0.00271447
0.0730087
0.00316495
0.00374754
0.0910702
0.00322542
0.0229302
0.0454523
4.7034e-005
0.00333054
0.130305
0.0330331
0.00130481
0.00331202
0.0416898
0.00113798
0.00766012
0.0808551
0.00323675
0.0314578
0.0667259
0.0192385
0.00138967
0.000377395
0.0027955
0.00183304
0.0015927
0.0115097
0.0359337
0.00063083
0.0505048
0.0216915
0.0127944
0.00380029
5.31462e-005
0.000926006
0.0906325
0.00486634
0.0255437
0.00153763
0.00508424
0.00212354
0.000834475
0
0.0268449
0.00220364
0.00248444
0.0420233
0.00210469
0.011956
0.00790697
0.0875147
0.0183402
0.0106562
0.266213
0.000998418
0.00306738
0.101372
0.0661307
0.000444674
0.00213085
0.0103311
0.295267
0.000397555
0.0216741
0.00278021
0.00410192
0.000124162
0.0063814
0.0010928
0.001894
0.000865416
0.00103059
0.012679
0.00181873
0.0189985
0.124838
0.000308471
0.00143283
0.0012816
9.29245e-005
0.00404601
0.0132533
0.00255568
0.0155544
0.00742671
0.0105183
0.0851417
0.128273
0.00410771
0.0435705
0.0491932
0.0330309
0.00595011
0.0141447
0.017284
0.0203376
8.90401e-005
0.00184502
0.00408024
0.000739703
0.00195809
0.0106459
0.000348818
0.0147332
0.121937
0.00192059
0.000514363
0.111343
0.000956797
0.000402961
0.0243825
0.0311713
0.04844
0.0145572
0.00515004
0.000212456
0.23317
0.306768
0.0253597
0.0219544
0.0131205
0.0527816
0.156318
0.13413
0.0399722
0.0056611
0.00098896
0
0.0274613
0.0058866
0.00838779
0.00126355
0.000827657
0.00163217
0.133693
0.0666218
0.00162216
0.100657
0.000267882
0.000307324
0.0276001
0.00666518
0.0282079
0.00154666
0.00235424
0.00312285
0.00280899
0.00416036
0.00850543
0.00370581
0.00686237
0.0104426
0.00178839
0.172413
0.117392
0.00114272
0.000488798
0.00456063
0.00288533
0.0838751
0.00136809
0.000754809
0.0115448
0.00791142
0.00640901
0.00140526
0.024911
0.00106949
0.0934921
0.000539356
0.06797
0.00408438
0.0116595
0.0551102
0.000442544
0.00868749
0.00129803
0.0137531
0.182015
0.00014711
0.00141193
0.00232126
0.0339125
4.00881e-005
0.000719505
0.00179973
0.046326
0.000476818
0.00203028
0.000528324
0.00152647
0.000662234
0.00190998
0.010131
0.00593185
0.0277864
0.0148595
0.0161247
0.0588263
0.0966032
0.0760335
0.000495538
0.000847582
0.0895251
0.000842083
0.000854164
0.00206776
0.0316447
0.00360085
0.0362641
0.026588
0.0838045
0.00445519
0.00980077
0.00136753
0.00220128
0.00148462
0.00136981
0.00116108
0.0605179
0.107923
0.000132303
0.107031
0.0837916
0.00463437
0.121901
0.0549075
0.000868244
0.00184524
0.00562301
0.000717615
0.00212997
0.00116086
0.00805882
0.000374775
0.00914307
0.0114124
0.0823815
0.00364178
0.00234072
0.00243343
9.79615e-005
0.00796462
0.0277825
0.00286783
0.00174447
0.025434
0.099392
0.0802303
0.0310597
0.000281254
0.00326374
0.00262519
0.0541583
0.0018791
0.046068
0.0236095
0.127468
0
0.00291553
0.0351378
0.0465327
0.115617
0.000587167
0.0492689
0.00236407
0.114879
0.00213988
0.0830386
0.0149228
0.000149269
0.00666716
0.00372882
0.00252922
0.00124876
0.00307612
0.173302
0.0779037
0.0628153
0.00709032
0.0220048
0.0493745
0.0109469
0.0118562
0.0130395
0.0031025
0.00299366
0.0234408
0.034747
0.00155573
0.0017954
0.00188228
0.000250903
0.00112807
0.00413194
0.00943086
0.0933176
0.00180819
0.000444109
0.108591
0.0151499
0.0185098
0.000517291
0.0140722
0.0158344
0.128481
0.000875545
0.00874845
0.0136368
0.054959
0.00214941
0.051759
0.108568
0.139608
0.0017111
0.059053
0.00484306
0.0159245
0.00210587
0.00309867
0.0279907
0.000470365
0.000104899
0.06867
0.175019
0.00534586
0.00576979
0.116456
0.000787371
0.00213764
0.0365419
0.112791
0.00261519
0.0166979
0.089132
0.00116631
0.0148427
0.0021209
0.00480059
0.00222557
0.0811011
0.0738381
0.00370174
0.000940192
0.00238765
0.0223867
0.0273846
0.0126339
0.0152384
0.0821043
0.00176201
0.000853649
0.00270238
0.00222286
0.0933935
0.00194308
0.00598146
0.0472493
0.0691959
0.0189077
0.0177921
0.00289525
0.124987
0.00198149
0.000355907
0.0295657
0.000873129
0.00102541
0.00014711
0.0459735
0.0734736
0.00821196
0.0610031
0.016275
0.0843696
0.0338415
0.000871563
0.00161936
0.000562808
0.00119114
0.000443186
0.00167069
0.000373157
0.00133182
0.0673858
0.00376512
0.0753427
0.000384013
0.0723424
0.130452
0.16787
0.000638432
0.00341907
0.000331914
0.0158455
0.0359333
0.0155671
0.00260764
0.00225809
0.0262292
0.0271435
0.0130762
0.0117297
0.111977
0.0247636
0.0850341
0.105584
0.00435917
0.00141988
0.068285
0.0121141
0.00159391
0.00250973
0.0106894
0.0181717
0.0024816
0.000611326
0.124779
0.000240456
0.0803679
0.00259985
0.00596543
0.00115024
0.0339082
0.11335
0.00531605
0.00308145
0.00213846
0.00301378
0.000727098
0.03059
0.00313017
0.12371
0.179469
0.00128772
0.0265853
0.00369948
0.00106912
0.00154638
0.00854849
0.00392655
0.0389973
0.00820812
0.0943665
0.00165866
0.00385712
0.00564561
0.120472
0.00152312
0.0847051
0.0013484
0.00233993
0.00923907
0.000773625
0.00147553
0.0020914
0.00216207
0.00421023
0.00317616
0.00336106
0.055418
0.00277464
0.0167643
0.00270978
0.00164024
0.126073
0.000520342
0.0412554
0.00178236
0.00134567
0.00401549
0.0459529
0.209169
0.040634
0.0146734
0.0127019
0.0438843
0.0627683
0.00223426
0.00254744
0.000847358
0.000995897
0.110288
0.131693
0.0279979
0.00121107
0.00320135
0.00193753
0.0038045
0.0443124
0.0233039
0.0970406
0.00432685
0.00384606
0.0541602
0.0307021
0.00213417
0.00086158
0.00109709
0.116951
0.0173677
0.00186971
0.0252154
0.00108061
0.00257303
0.00299384
0.00386513
0.0864961
0.0131436
0.155364
0.123187
0.0690357
0.122899
0.00282242
0.000435733
0.107953
0.0305847
0.288949
0.0193046
0.015924
0.00416532
0.00430203
0.00103998
0.00143969
0.0341667
0.00109331
0.102698
0.032123
0.025336
0.0189667
0.0749981
0.0441302
0.158426
0.00762552
0.00328231
0.000911327
0.00333841
0.0254355
0.0608829
0.0725764
0.00135552
0.00139413
0.00382732
0.0410408
0.0769232
0.000600391
0.154835
0.00153521
0.0313463
0.0011398
0.00176014
0.00268105
0.000709871
0.000438219
0.00265131
0.0704643
0.168281
0.0094497
0.00549663
0.158734
0.00303239
0.00112591
0.00341958
0.00143534
0.00161616
0.00395102
0.000985174
0.00216032
0.00536169
0.00868605
0.00302072
0.0571595
0.00277425
0.00613116
0.0796483
0.00470821
0.000222989
0.00756968
0.0935854
0.0686088
0.00179356
0.00637568
0.0124823
0.00098924
0.0685995
0.00346706
0.0269185
0.00104832
0.00692211
0.0020633
0.00039925
0.00123181
0.167699
0.163223
0.276625
0.104837
0.0264108
0.00150412
0.00334269
0.0262324
0.047357
0.00268199
0.00437781
0.00182094
0.137292
0.119277
0.00362851
0.00145863
0.0392891
0.00217157
0.000758204
0.0119361
0.00283808
0.136147
0.00237926
0.0496505
0.00296598
0.0152856
0.0160935
0.0741776
0.000571268
0.000290453
0.000989991
0.0283144
0.0414625
0.045228
0.00121131
0.00114942
0.00149266
0.110399
0.101474
0.116567
0.00724387
0.12496
0.00131629
0.00190371
0.0258587
0.0145467
0.0727085
0.0016811
0.00271108
0.000684726
0.00178332
0.0120744
0.0410755
1.31529e-005
0.0934871
0.00264748
0.0419662
0.000863863
0.00169231
0.00123238
0.0949166
0.00121548
0.0014162
0.0237607
0.0124377
0.0867632
0.000469418
0.00023747
0.10794
0.191746
0.00123284
0.00201515
0.00086526
0.0119552
0.00151935
0.0730854
0.0386905
0.00127685
0.00103818
0.136792
0.0407508
0.00105346
0.0224704
0.00143203
0.00600299
0.00523031
0.000957548
0.0147251
0.0114697
0.0395494
0.00353371
0.000552223
0.0313443
0.00421533
0.00225839
0.00473789
0.00727111
0.00258205
0.00387041
0.000179091
0.00167496
0.000607781
0.0233406
0.0132296
0.00265093
0.0482603
0.0186186
0.000455434
0.0191883
0.0757982
0.0685748
0.00181844
0.00106574
0.00975423
0.000254149
0.000234388
0.00505534
0.00941191
0.0253349
0.0028265
0.063369
0.020839
0.0113754
0.00137306
0.00193585
0.00325085
0.0538691
0.000140427
0.00133571
0.000482339
0.00431435
0.00559436
0.00205939
0.00194165
0.039184
0.00316625
0.0027239
0.000293543
0.0200255
0.0409892
0.103946
0.00397551
0.00213634
0.00115854
0.000440739
0.0005046
0.185566
0.0868165
0.00466
0.00030715
0.0016493
0.0013763
0
0.0595648
0.0844912
0.0123916
0.0125114
0.0311564
0.0563471
0.00115037
0.0351585
0.000829259
0.000910046
0.194862
0.00917837
0.0392212
0.0362035
0.0158308
0.00078444
0.00105702
0.0196811
0.00289171
0.00391869
0.0229546
0.0028889
0.00516037
0.0339725
0.0243797
0.00200027
0.0930209
0.0179502
0.087059
0.000254149
0.000407873
0.00193738
0.00154496
0.0302887
0.00318713
0.0264346
0.0356405
0.0293393
0.0330743
0.00131746
0.0304573
0.00600906
0.0313192
0.00896958
0.00367521
0.0444041
0.0167594
0.0366937
0.00345314
0.00913348
0.000587396
1.01881e-005
0.002705
0.00199995
0.000937875
0.00960905
0.000665302
0.146314
0.0404199
0.00439165
0.0159051
0.00177001
0.00422242
0.00414025
0.124819
0.0870663
0.00152314
0.00137914
0.0807229
0.0449007
0.083409
0.0112801
0.0943791
0.00708825
0.00967246
0.00213148
0.00380939
0.107274
0.00336278
0.00441395
0.00392344
0.00585673
0.0633558
0.00111754
0.0305725
0.0628015
0.000234661
0.057293
0.000700399
0.000495542
0.00362779
0.0405467
0.0504752
0.0988217
0.01531
0.00836781
0.00196705
0.00245538
0.00191656
0.00181927
0.00207715
0.192459
0.0264403
0.0962712
0.137377
0.00181986
0.0137937
0.0939896
0.00176728
0.0025275
0.00292934
0.0004302
0.00129623
0.00455355
0.000706569
0.00108769
0.0289969
0.0011195
0.00301114
0.0099175
0.02363
0.000898808
0.0155464
0.00177002
0.00271128
0.0110193
0.059954
0.0828916
0.000539648
0.00089778
0.0448238
0.00397357
0.00295537
0.0778332
0.0451418
0.076731
0.0901293
0.000474188
0.00226527
0.024852
0.0242102
0.0196104
0.00244971
0.0942386
0.117816
0.152244
0.155121
0.000438222
0.0024505
0.000386547
0.0983132
0.0555281
0.00376912
0.000319991
0.00165404
0.00365481
0.00166037
0.130668
0.130228
0.0028122
0.0225496
0.000677099
0.00199436
0.0030375
0.0428978
0.00132151
0.0220746
0.00134105
0.00560596
0.00164914
0.00141389
0.214806
0.0172846
0.250427
0.0753118
0.103825
0.0219445
0.00283685
0.00239686
0.1217
0.00486723
0.00250097
0.000804852
0.00144122
0.00513735
0.10095
0.00178763
0.00890354
0.0698342
0.0028122
0.000693683
0.00171871
0.0018605
0.0973074
0.00381789
0.00569937
0.242645
0.0130125
0.000584283
2.41038e-005
0.00139125
0.000649682
0.00133348
0.000885925
0.0321444
0.00218549
0.00556202
0.00152768
0.00422148
0.00369968
0.00289545
0.0196247
0.00122169
0.000447792
0.00328403
0.000322324
0.00113005
0.000866999
0.00692415
0.0142568
0.000845755
0.00374787
0.00106756
0.0284383
0.000912814
0.00243358
0.000212455
0.169043
0.0510411
0.018668
0.0277057
1.01881e-005
0.0494339
0.0364999
0.00606939
0.00231732
0.000863192
0.0172021
0.0971469
0.00153509
0.0270238
0.00351329
0.00157936
0.0141614
0.0145819
0.00384971
0.0450358
0.0232873
0.00102007
0.00221306
0.00317537
4.62602e-005
0.000715118
0.0140738
0.000559786
0.00193791
0.00372757
0.0055979
0.181264
0.00449408
0.0489003
0.0104641
0.00429647
0.00324222
0.0368488
0.00353098
0.000835774
0.00108532
0.00136494
0.00103307
0.00107099
0.000775051
0.0200601
0.001054
0.0382496
0.0408663
0.00205914
0.000967647
0.111917
0.105118
0.0739488
0.00232898
0.149692
0.149712
0.0410162
0.00186723
0.0013856
0.00354627
0.00720723
0.134555
0.0998971
0.00851516
0.00113625
0.0679625
0.00243641
0.00416081
0.140533
0.0448718
0.00335968
0.00678981
0.0160783
0.014633
0.0331874
0.0176582
0.0901905
0.00681953
0.0884705
0.00558038
0.0045986
0.0670902
0.00122456
0.000742779
0.00179863
0.00204488
0.0105904
0.00587885
0.000873553
0.000866999
0.00523562
0.00651347
0.00251327
0.00160996
0.00277858
0.00361023
0.00166867
0.000268008
0.00381045
0.000661832
0.029915
0
0.0647051
0.0249788
0.00114251
0.0297542
0.0126437
0.00104936
0.0629122
0.000647702
0.00429313
0.115186
0.0113066
0.0127058
0.00934728
0.00504843
0.00416092
0.0011635
0.000709979
0.030269
0.0602055
0.000360881
0.0151182
0.000674084
0.0224382
0.0594435
0.0846326
0.0760012
0.00182645
0.0260182
0
0.00618222
0.00243653
0.00192088
0.0691922
0.000770184
0.000860918
0.00186899
0.00117184
0.00416781
0.000889953
0.00501014
0.00654281
0.000833992
0.00106448
0.0200235
0.0520974
0.00180805
0.0853463
0.0233162
0.0765136
0.0719345
0.0528526
0.00700949
0.00430194
0.00232085
0.103953
0.121723
0.123713
0.00393454
0.0127834
0.00179896
0.00105014
0.0532441
0.000434598
0.0017746
0.0159421
0.0147753
0.0235065
0.00181895
0.00110345
0.00696433
0.00479831
0.0103657
0.00303559
0.0358546
0.0126377
0.00086624
0.0178409
0.0186099
0.00136536
0.00719094
0.0024714
0.000834283
0.00247162
0.00112221
0.132058
0.121651
0.000140427
0.00157295
0.000457575
0.0764691
0.0393197
0.000398504
0.0295199
0.00236627
0.00269269
0.0264174
0.0792624
0.108383
0.108512
0.0895886
0.00696233
0.0626531
0.00250507
0.000603147
0.0354446
0.0502731
0.000402931
0.000431464
0.0330229
0.000736882
0.00554916
0.0436833
0.00242423
0.0659056
0.0253682
0.00320221
0.00158524
0.00219186
0.0255009
0.0243362
0.00239198
4.62602e-005
0.00596962
0.00471947
0.000621541
0.0399085
0.051665
0.000128823
0.00415721
0.0784158
0.0220649
0.0135174
0.0412245
0.000733299
0.0024929
0.0020346
0.0789655
0.00129696
0.0544026
0.0763408
0.00135224
0.0045522
0.00259698
0.00169155
0.00139608
0.00375179
0.0106198
0.00115955
0.00133389
0.102048
0.055866
0.00317984
0.00149265
0.079123
0.165339
0.232929
0.0008093
0.0016424
0.0195113
0.0475343
0.0355305
0.117892
0.00685481
0.00557317
0.0074505
0.00939991
0.0116129
0.0582943
0.00337441
0.0204277
0.0892471
0.000989213
0.0838169
0.0137668
0.00197291
0.00132797
0.00129538
0.000934737
0.000955815
0.00179169
0.024308
0.0200758
0.0892876
0.0247437
0.0188945
0.0968914
0.00778685
0.0616968
0.224711
0.0398444
0.00076636
0.0874777
0.00274187
0.00119917
0.00028874
0.0366329
0.00699721
0.0184254
0.0104055
0.000502866
0.116798
0.010783
0.0472332
0.11034
0.00129866
0.170569
0.0383602
0.0585285
0.00274584
0.0285557
0.00827633
0.122343
0.000207655
0.000922638
0.0512204
0.00892115
0.00161072
0.0900476
0.0236533
0.0324073
0.0276146
0.0551247
0.000523987
0.0909881
0.000850642
0.00338251
0.0711091
0.00409216
0.0207065
0.00139722
0.00625426
0.0148994
0.0216242
0.00124986
0.136106
0.133899
0.00046693
0.0149261
0.0679446
0.000585402
0.054087
0.0617371
0.023654
0.047195
0.0182606
0.00460789
0.0139291
0.0522274
0.00180601
0.00116126
0.0216815
0.0609776
0.019491
0.147117
0.133902
0.000128822
0.01361
0.00116006
0.00709764
0.00184147
0.00146251
0.251674
0.136798
0.0305278
0.00139723
0.0372004
0.105164
0.00144841
0.173122
0.000418206
0.00795711
0.00176618
0.00556101
0.00367234
0.00422712
0.0803412
0.000857862
0.100179
0.185981
0.198692
0.0275419
0.0695227
0.000724878
0.00138987
0.00140024
0.000527802
0.0110351
0.00137298
0.0443628
0.00997655
0.00157435
0.00225866
0.0321774
0.0664713
0.0160802
0.0282984
0.0280584
0.120354
0.149609
0.000425364
0.000996608
0.00419283
0.021909
0.148772
0.0140397
0.00831822
0.00875048
0.0427138
0.0216908
0.00451598
0.0027031
0.000683689
0.00279428
0.0772102
0.147836
0.00109394
0.00371444
0.00311009
0.000783971
0.00343157
0.00071031
0.0421635
0.0684454
0.100819
0.00093658
0.000933127
0.000521896
0.00131739
0.000447235
0.0871334
0.108531
0.00168833
0.0015626
0.0015626
0.0331924
0.0319522
0.0674538
0.0255467
0.0226967
0.00203183
0.00229534
0.00376715
0.00347448
0.000743675
0.081017
0.001563
0.00282293
0.00129123
0.0134039
0.000673988
0.00086597
0.00134718
0.00399922
0.15025
0.00439354
0.00582512
0.14182
0.00103252
0.0177221
0.135631
0.00164954
0.00331407
0.0219555
0.0754441
0.00244865
0.138408
0.000880379
0.0108809
0.0101484
0.00344673
0.0189707
0.000733366
0.00166863
0.0287037
0.0648259
0.00115394
0.0490963
0.000980614
0.00583497
0.00122675
0.00101261
0.00233945
0.0111808
0.00163354
0.0962478
0.00224854
0.00159832
0.0321085
0.00231884
0.00157012
0.000269836
0.000412187
0.256994
0.00209929
0.00252713
0.00105251
0.00129027
0.0438273
0.00108759
0.00028679
0.00232453
0.0686431
0.257119
0.000654136
0.00182469
0.00109205
0.00138617
0.000580912
0.00244995
0.0516802
0.0776217
0.16086
0.0012676
0.0886633
0.093647
0.052256
0.0391509
0.00255581
0.0323025
0.00101175
0.000491015
0.00179279
0.0522982
0.000817417
0.000945471
0.0012329
0.00117242
0.0372388
0.00101743
0.00130292
0.00230449
0.00617231
0.0348611
0.0738021
0.0180298
0.000825317
0.0140227
0.0112189
0.096944
0.000830699
0.00184394
0.056107
0.0938837
0.101387
0.00129437
0.0218721
0.00267538
0.0326824
0.000655871
0.00434016
0.00036729
0.0041025
0.00095254
0.00329966
0.00044519
0.00616144
0.00341061
0.00340396
0.00190471
0.000320822
0.107511
0.155443
0.00173563
0.0019036
0.00177456
0.0385147
0.00255327
0.00273787
0.0690588
0.186235
0.00335396
0.0291671
0.00130993
0.0622784
0.000373424
0.00094552
0.000136469
0.00245347
0.0583238
0.0119642
0.00167486
0.0781903
0.163603
0.00149879
0.0347701
0.00187068
0.000971825
0.0296641
0.00222268
0.000412928
0.0274754
0.00244053
0.00240102
0.00748145
0.00934522
0.00190414
0.18808
0.00110493
0.00152836
0.00109751
0.0742925
0.00286457
0.00314299
0.00102836
0.0102698
0.011153
0.00122839
0.00132224
0.000786269
0.0272967
0.142634
0.134409
0.00171341
0.000920611
0.00100341
0.0173261
0.0014952
0.0553621
0.0522661
0.00039015
0.0013615
0.00487203
0.0697763
0.000678553
0.137276
0.000504312
0.000352412
0.11112
0.0412919
0.0372111
0.000293802
0.000576262
0.00149144
0.0280967
0.000272613
0.00135036
0.000756589
0.00191327
0.000982894
0.00743248
0.00893972
0.0810084
0.000673882
0.000556695
0.00910381
0.000625786
0.00282342
0.0407088
0.000851222
0.000807053
0.0637963
0.129857
0.120837
0.0232743
0.00627094
0.148464
0.000528658
0.000562611
0.00216242
0.0150969
0.00137497
0.00122643
0.00363061
0.000625792
0.00239091
0.00279495
0.000789647
0.0146853
0.0680966
0.0708994
0.0999668
0.101091
0.00898691
0.00108435
0.0944683
0.00113979
0.00406982
0.00278188
0.000784121
0.0432363
0.00333895
0.00147549
0.00303491
0.0828919
0.00917145
0.00288357
0.0011883
0.00360137
0.117542
0.000437085
0.000404791
0.075989
0.0334431
0.00351428
0.0515567
0.000977276
0.00224094
0.00883004
0.00869129
0.021445
0.000558112
0.000496408
0.0953844
0.00109349
0.000947106
0.00107785
0.000954853
0.032551
0.000676839
0.00495488
0.000346091
0.00348382
0.110853
0.00121994
0.000833594
0.00100988
0.00279287
0.0176951
0.0532715
0.000661152
0.00574811
0.00188847
0.000883572
0.0615549
0.0855212
0.152221
0.0494352
0.0110604
0.0781934
0.000647119
0.0289115
0.0166163
0.00525478
0.0211573
0.00248674
0.0255203
0.00086463
0.00103368
0.00628112
0.0153993
0.113164
0.00133313
0.000686741
0.0548168
0.00145975
0.000322585
0.00130704
0.00029021
0.0441437
0.00118248
0.000815693
0.00169173
0.00179259
0.0670234
0.108973
0.000575584
0.0687281
0.00955249
0.00646986
0.0518163
0.0348881
0.00566463
0.0079211
0.00848563
0.0110575
0.0746237
0.0693987
0.00344987
0.0755566
0.0686124
0.0128216
0.00309697
0.0411165
0.00124827
0.000585778
0.0325887
0.0286089
0.0025968
0.0512872
0.0380652
0.00196252
0.00204551
0.00189607
0.00622247
0.000165648
0.000634123
0.00125248
0.00140395
0.00134569
0.0228341
0.00117441
0.000289656
0.00103596
0.00331865
0.0491766
0.00129034
0.0134972
0.00141915
0.0736493
0.0022743
0.0868892
0.111381
0.124346
0.0695998
0.0696045
0.00121429
0.0981249
0.0394794
0.00185433
0.000151527
0.0875563
0.00113725
0.000491457
0.000231783
0.000831931
0.000927932
0.00112241
0.0584726
0.0651806
0.0697146
0.103162
0.00130355
0.00169704
0.124292
0.000689353
0.00286481
0.000290377
0.00189099
0.00111435
0.00139931
0.170247
0.000523788
0.000631504
0.00179217
0.115896
0.000903304
0.0321741
0.0148467
0.000739194
0.00144413
0.0010043
0.000595649
0.00157228
0.000796101
0.00142751
0.000838258
7.09305e-005
0.0792107
0.0959082
0.0981711
0.00314485
0.0711682
0.00126647
0.000770829
0.0413652
0.0842891
0.0177768
0.00226099
0.0614237
0.000194589
0.00394918
0.0296022
0.120909
0.0770612
0.0641762
0.00094385
0.0368285
0.00122217
0.0190561
0.145813
0.00121853
0.00068349
0.00200707
0.00195428
0.000771586
0.0897946
0.00139433
0.00309728
0.0164944
0.000877827
0.0140983
0.120422
0.00147323
0.00358151
0.00215594
0.0922941
0.315122
0.00109766
0.00201538
0.00194447
0.0105725
0.00179981
0.0025608
0.00261844
0.00293801
0.0106754
0.0142696
0.00136259
0.000598957
0.0489429
0.00245291
0.0167858
0.0596034
0.0118178
0.0023898
0.00183133
0.0046397
0.0028681
0.0323456
0.0117732
0.0129298
0.00676027
0.000825568
0.00994218
0.00153192
0.0106659
0.00113659
0.0013633
0.00119967
0.0020688
0.000374894
0.140255
0.0611716
0.120083
0.00693888
0.00150223
0.00949737
0.0208448
0.0390976
0.0126871
0.0967723
0.00105564
0.000964758
0.00863376
0.0104577
0.0443771
0.0436318
0.0470581
0.0749695
0.000888569
0.0804144
0.00433917
0.0102703
0.169209
0.000961016
0.04495
0.0705127
0.0903716
0.000821983
0.000773644
0.00255855
0.000864296
0.0735569
0.00288381
0.00125867
0.0232571
0.112429
0.14472
0.0278534
0.0222876
0.0208216
0.0168888
0.0281011
0.0110687
0.0528021
0.0729881
0.0426924
0.0170252
0.00846906
0.00113787
0.0101464
0.000789358
0.0682813
0.0520766
0.000442261
0.139703
0.0220883
0.0431597
0.000664167
0.000705273
0.12694
0.0553576
0.00819269
0.0105143
0.0188357
0.0624056
0.131725
0.109643
0.000927867
0.0108483
0.000670386
0.000901298
0.0811505
0.00632219
0.0428143
0.241662
0.00350495
0.0127175
0.231504
0.00229663
0.0213764
0.107245
0.140928
0.0184217
0.0780037
0.000962414
0.0016587
0.00164357
0.00151815
0.00116851
0.00137781
0.00644724
0.00359981
0.0114964
0.00523199
0.0316164
0.000984031
0.00236362
0.00224352
0.00244348
0.00061275
0.00193069
0.00201739
0.0017615
0.00510307
0.0030746
0.00225708
0.00267578
