8792
0.00537115
0.00167055
0.00348553
0.00468184
0.000133093
0.00248465
0.0592362
0.00166948
0.162413
0.00731934
0.00345251
0.00321367
0.0361015
0.00450146
0.000438319
0.00561568
0.00406192
0.00367689
0.00242675
0.00181084
0.000763335
0.00581253
0.00205309
0.000579485
0.247902
0.00109614
0.000920437
0.000968033
0.00283493
0.00108279
0.00183607
0.00672649
0.000578458
0.0030837
0.000136178
0.203911
0.00382429
0.00277102
0.00292966
0.00237369
0.000106278
0.0013915
0.00270036
0.00315382
0.00122583
0.000721351
0.00319018
0.0421274
0.00382659
0.000150309
0.000863518
0.001626
0.033989
0.00213555
0.207683
0.00193889
0.00144197
0.00067625
0.000332577
0.00208211
0.248112
0.141248
0.00250284
0.000673341
0.000645468
0.00340617
0.000391039
0.108646
0.0728468
0.215461
0.00203535
0.00244129
0.0321733
0.00115919
0.00145397
0.0423634
0.0015371
0.00222309
0.00385287
0.00152307
0.00547474
0.00436863
0.00230029
0.00318724
0.0396755
0.244696
0.000702411
0.00210596
0.00127343
0.000556484
0.000988272
0.00122798
0.00805748
0.00177448
0.038681
0.225192
0.00054194
0.0085256
0.00189474
0.00156543
0
0.171973
0.00120846
0.0165707
0.000389211
0.00163063
0.00239716
0.000387181
0.055598
0.000698983
0.0376366
0.00079502
0.00167787
0.00173288
0.00351673
0.243263
0.00139094
0.00368748
0.0278985
0.000896012
0.000877966
0.00117783
0.0014168
0.00224122
0.000599939
0.00127622
0.00161197
0.00126128
0.00140079
0.000876434
0.00244143
0.0010082
0.00261868
0.00376799
0.000367313
0.00164136
0.000328318
0.0012022
0.0253177
0.00588374
0.000387181
0.000832099
0.00236084
0.19151
0.00585601
0.00430891
0.229303
0.0026917
0.00114143
0.00152255
0.0014413
0.000756152
0.000817284
1.46797e-005
0.00278422
0.0164771
0.00449552
0.00125659
0.00256436
0.00216465
0.190444
0.00170464
0.000945388
0.0532674
0.161142
0.00102637
0.0132975
0.00100312
0.00116823
0.000926239
0.000434661
0.00119041
0.00112932
0.0119428
0.00173082
0.000347491
0.00483522
0.151019
0.00166131
0.0113066
0.00394929
0.00094881
0.00245088
0.0260814
0.00247562
0.0030107
0.00246582
0.00189011
0.00119312
0.000127099
0.0915234
0.000776492
0.0503946
0.00275335
0.000555486
0.00307646
0.00366436
0.0072328
0.000364899
0.00150719
0.00117923
0.00218379
0.00392885
0.21569
0.00216374
0.00218954
0.00136461
0.0404589
0.00128861
0.000902613
0.00135022
0.00110023
0.0106589
0.0501802
0.000637168
0.00361052
0.00929606
0.00242549
0.00383851
0.044344
0.119245
0.249791
0.0062186
0.0136062
0.00307857
0.0121034
0.000878998
0.0024452
0.00179015
0.0220247
0.00426071
0.00353873
0.00204775
0.00205226
0.0032149
0.00172332
0.00308462
0.0419216
0.0025979
0.000390506
0.00238232
0.247436
0.0936875
0.00175534
0.00163153
0.103162
0.00119305
0.00470238
0.00174796
0.244224
6.19554e-005
0.00224681
0.00846386
0.00269944
0.0591644
0.127735
0.136689
0.00148428
0.000287717
0.000214132
0.000197237
0.0567812
2.7082e-005
0.00309043
0.00749926
0.00194106
0.00116218
0.0189775
0.0163037
0.00101115
2.39452e-007
0.0138878
0.00270294
0.00398519
0
0.00191239
0.027315
0.00248959
0.0845009
0.00305268
0.000844171
0.000384965
0.00120218
0
0.0141649
0.202764
0.00118296
0.0103321
0.00229794
0.00169192
0.0028295
0.000635598
0.00198638
0.0012381
0.00231533
0
0.00519273
0.021003
0.00253708
0.00530524
0.00816888
0.272348
0.000641945
0.00125246
0.0020565
0.177725
0.00192395
0.00565684
0.00128356
0.0239666
0.00753537
0.0011817
0.0174984
0.205707
0.242959
0.000963018
0.00133054
0.00101199
0.000695394
0.0102668
0.00119258
0.00330428
0.0281898
0.00110201
0.00613123
0.00386089
0.0141431
0.00544776
0.00214392
0.00126546
0.0120225
0.0302474
0.00174459
0.0439761
0.00335609
0.0269965
0.0061689
0.0019855
0.00120992
0.00483778
0.00319466
0.0182733
0.00331225
0.00483466
0.0386478
0.00154118
0.0152208
0.00139057
0.0111116
0.047485
0.00255524
0.011019
0.00118405
0.000943814
0.00052581
0.203595
0.000187761
0.00186153
0
0
0.00179501
0
0.000411066
0.0036946
0.0153251
0.00167692
0.00638456
0.0131886
0.00406884
0.00162725
0.00370853
0.00454947
0
0.00345703
0.000471756
0.0322661
0.000120042
0.00235628
0.00234757
2.85708e-005
0.00155727
0.0044235
0.00086534
0.000498974
0.00185582
0.00196021
0
0.00113722
0.00396935
0.0164765
0.0029397
0.00323028
0.00374196
0.00228083
0.00866987
0.00760112
0.13066
0.000138372
0.00109635
0.0024611
0.0160612
0.00396128
0.00142535
0.0308165
0.0261657
0.00223642
0.0016706
0.00245405
0.00762523
0.000266864
0.00084773
0.00120343
0.00363449
0.00378059
0.00394228
0.000610653
0.00420415
0.00171221
0.00146614
0.0568902
0.0239666
0.00169364
0.115426
0.0253082
0.0034788
0.00315874
0.0586065
0.0733797
0.000127722
0.00191558
0.000197237
0.193158
0.0015885
0.000991561
0.00341721
0.249043
0.00376542
0.00112627
0.0653023
0.000588456
0.00210659
0.00672001
0.00235898
0.0141252
0.0427397
0.00118668
0.126385
0.0214561
0.000841779
0.162968
0.0197086
0.00265505
0.0184255
0.0708374
0.0141341
0.00253701
0
0.00308204
0.00095776
0.079096
0.00817536
0.00675752
0.15116
0.0128454
0.0005878
0.0148612
0.0152081
0.194452
0.0224909
0.00656586
0.000506212
0.00337117
0.000808505
0.0056205
0.00177575
0.00178379
0.000909509
0.0141125
0.0911649
0.00460471
0.00274538
0.0104162
0.00153859
0.00199066
0.000476178
0.0358643
0.0254249
0.00108062
0.00112528
0.0133348
0.00102652
0.0165942
0.00363298
0.00427224
0
0.00384851
0.00177602
0.00134213
0.00112485
0.00170862
0.00152506
0.00118222
0.00488258
0.154672
0.00100405
0
0.00420864
0.00523623
0.00177112
0.00426862
0.00955749
0.00256471
0.030628
0.0055151
0.0360697
0.000253917
0.153532
0.0317056
0.154863
0.0516944
0.136306
0.00140744
0.0391022
0.0198123
0.0181996
0.15982
0.00785478
0.00769657
0.000990372
0.000894517
0.238401
0.00179818
0.00248216
0.02627
0.0318684
0.216047
0.00418926
0.00198112
0.235414
0.00585883
0.00548556
0.00234509
0.0197506
0.0006977
0.00118835
0.165828
0.00020765
0.0372838
0.0100604
0.00512695
0.166687
0.0622351
0.000557453
0.00763504
0.00351026
0.00411971
0.0299296
0.00711062
0.143437
0.00465862
0.0542803
0.00397528
0.00240236
0.00273599
0.00425447
0.000905764
0.0015196
0.00157096
0.00343114
0.00195496
0.000214132
0.00153026
0.171007
0.16594
0.000286162
0.00270804
0.0235356
0.00965299
0.00222826
0.0114403
0.0112085
0.00300358
0.000939069
0.0176561
1.68742e-005
0
0.000486592
0.0928491
0.0139631
0.00335904
0.00251835
0.0378042
0.00180691
0.179969
0.0022706
0.00124851
0.0123278
0.0335451
0.000182603
0.00375941
0.00346091
0.0119777
0.00469085
0.00140198
0.0529983
0.0101823
0.00344364
0.00386495
0.00589124
0.00131905
0.00337289
0.2499
0.00974198
0.0188746
0.0016147
0.00808255
0.0102391
0.00958394
0.00139912
0.0193193
0.00606968
0.00442263
0.0187019
0.0080482
0.00099344
0.00116802
0.0258676
0.00169249
0.00106738
0.000950156
0.00175463
0.00674158
0.00187513
0.168142
0.0150032
0.0251755
0.00316156
0.00230615
0.00716982
0.00106459
0.0018578
0.00332086
0.00188976
0.0064134
0.000445077
0.00153651
0.00116813
0.00198825
0.00161826
0.0256168
0.00099042
0.106518
0.00133997
0.0034717
0.00116854
0.0318598
0.00206866
0.00353789
0.00613022
0.0061893
0.130545
0.00490314
0.000796458
0.0503072
0.000303171
0.00081315
0.176746
0.000504648
0.00964804
0.00211988
0.00895178
0.0420231
0.237183
0.000242809
0.00177055
0.0110788
0.249223
0.00182071
0.00144918
0.00191886
0.00122793
0.00181064
0.000640909
0.00167067
0.013358
0.00309725
0.00074374
0.0928209
0.0112569
0.000718071
0.127157
0.00160322
0.00302797
0.00260662
0.00354771
0.00072675
0.00162599
0.152224
0.00134585
0.000820583
0.00655826
0.0169679
0.00189716
0.000689968
0.00164354
0.000924857
0.000915752
0.00169408
0.0130297
0.0223731
0.00796602
0.173359
0.0304092
0.103543
0.00076602
0.000989566
0.0116508
0.000918571
0.00228535
0.170785
0.00100274
0.00371621
0.0083185
0.000971214
0.0134147
0.00434008
0.00966772
0.247948
0.000441769
0.000261013
0.251314
0.00675214
0.00838283
0.00530989
0.0282419
0.0684454
0.000520034
0.011328
0.00259609
0.00266877
0.00463899
0.00446455
0.0123581
0.00365249
0.00433996
0.126033
0.00805932
0.00162691
0.00243669
0.0301535
0.000204132
0.00375939
0.212987
0.00460757
0.110845
0.030398
0.00184362
0.000900127
0.039982
0.0211123
0.0181521
0.00223304
0.190343
0.000586061
0.0349804
0.00645261
0.00150486
0.000823031
0.000914705
0.00195107
0.0180788
0.00398877
0.00144453
0.0165067
0.0179714
0.00160633
0.00107829
0.184179
0.00365359
0.00180598
0.00370434
0.00844697
0.00181417
0.00117703
0.00684456
0.100466
0.0124085
0.00107197
0.0338946
0.132929
0.00337027
0.00342219
0.000705538
0.0171476
0.00212672
0.00180262
0.000275376
0.001869
0.000751121
0.0202891
0.000632505
0.01121
0.00551524
0.00635991
0.042803
0.0719517
0.00089038
0.0402837
0.000120741
0.00687824
0.00562673
0.00426268
0.00357211
0.318267
0.0225103
0.169771
0.126536
0.000431812
0.00128255
0.0306239
0.00420865
0.00069224
0.0915446
0.0299946
0.0356005
0.0014455
0.0133782
0.000596245
0.00584158
0.00546985
0.0023796
0.00152939
0.00292539
0.0669969
0.0131603
0.0288231
0.00103635
0.0114737
0.000464973
0.0985692
0.00045818
0.00629423
0.010368
0.150933
0.0432689
0.00256331
0.00204715
0.000672249
0.0014849
0.000917672
0.00100387
0.12161
0.000735658
0.0049334
0.0116495
0.0805806
0.249405
0.0046974
0.00133133
0.020426
0.000315848
0.186927
0.00158357
0.0572974
0.00154617
0.00344718
0.00036777
0.00127278
0.245998
0.000631007
0.0013176
0.0014923
0.0235769
0.00587051
0.272111
0.00823608
0.00903789
0.0558144
0.127309
0.0665083
0.00130754
0.00101121
0.000975092
0.0025424
0.0415235
0.00337507
0.0189218
0.00169432
0.034598
0.00245592
0.0492781
0.140141
0.00782694
0.179742
0.00205642
0.0184459
0.00121019
0.153893
0.000946548
0.228007
0.00298609
0.000782995
0.000782995
0.102505
0.0354128
0.0795448
0.0193232
0.00243546
0.0526025
0.00151534
0.00127469
0.00795878
0.00162478
0.0814108
0.000757914
0.00071472
0.00200929
0.0128952
0
0.0239979
0.00316635
0.133186
0.00265213
0.0557743
0.00496211
0.0039044
0.000661488
0.0026566
0.00109508
0.238026
0.00275249
0.00199951
0.00286828
0.00224818
0.20873
0.00472912
0.0108315
0.00120935
0.00110228
0.00117132
0.000866797
0
0.000607805
0.00219251
0.00363262
0.000813976
0.00221689
0.150132
0.00430193
0.0222676
0.00101123
0.075686
0.0024122
0.0132977
0.188673
0.00319464
0.0255612
0.000971219
0.228378
0.00688505
0.0166118
0.00825198
0.00258347
0.153378
0.0134699
0.0579768
0.00179777
0.00179271
0.00675025
0.212187
0.000670977
0.177517
0.00136814
0.0834171
0.000169465
0.0651754
0.15132
0.0145356
0.00132878
0.0207145
0.000394182
0.00382152
0.00159113
0.00831786
0.000621991
0.00110728
0.104197
0.000577312
0.0166715
0.00260112
0.00164726
0.0255625
0.0191455
0.0412209
0.00253322
0.000838977
0.00186151
0.00623452
0.00119038
0.00194496
0.000475101
0.00245961
0.0369092
0.00291904
0.0118454
0.159968
0.00133093
0.139879
0.00949823
0.00515953
0.0742043
0.00195523
0.00104766
0.0191246
0.00245954
0.00133582
0.0270001
0.00902356
0.0975694
0.0310223
0.0166851
0.0026824
0.0591817
0.135906
0.00214285
0.188858
0.00165251
0.0196885
0.000758848
0.00314771
0.0139588
0.000829807
0.00485515
0.0388469
0.00499667
0.0192579
0.00168989
0.202164
0.00227261
0.202189
0.00582618
0.00121732
0.00233749
0.0169466
0.0102549
0.000320634
0.000237471
0.00129116
0.00224376
0.011138
0.0447757
0.00238238
0.00214013
0.00312607
0.00123746
0.074997
0.00434247
0.130506
0.0181814
0.201643
0.0063511
0.000818106
0
0.00097523
0.00221897
0.188128
0.0197007
0.000636729
0.00297437
0.0781883
0.00188208
0.000483321
0.239403
0.143286
0.000606705
0.000646051
0.0279115
0.0896583
0.00364262
0.00512635
0.00279776
0.114801
0.140994
0.000646229
0.0173592
0.00454533
0.00383682
0.420685
0.0395084
0.000635917
0.0754578
0.00188274
0.0042251
0.0038024
0.00141124
0.0341805
0.0264309
0.268789
0.00723169
0.0393069
0.015946
0.00401086
0.00487713
0.0608613
0.000768455
0.00339965
0.00140127
0.00206674
0.0054509
0.00105105
0.0013639
0.0034189
0.00521683
0.0785296
0.00281313
0.000640932
0.000938021
0.0593637
0.00227819
0.0013163
0.109925
0.245418
0.00290994
0.00157231
0.00993862
0.00713505
0.00422873
0.00172419
0.246438
0.016119
0.00346376
0.0024898
0.000316385
0.00401582
0.0158787
0.214237
0.00141094
0.0243567
0.00362347
0.184745
0.00103977
0.000847644
0.0970174
0.00805327
0.114296
0.000933766
0.196612
0.0078269
0.0193477
0.0175664
0.00157025
0.0361802
0.00275124
0.00114791
0.0834685
0.00164513
0.0774321
0.00321869
0.0125582
0.00182806
0.00101141
0.0142659
0.248111
0.00313464
0.00242026
0.00423536
0.0046017
0.000650202
0.0562674
0.00155563
0.0012099
0.00110202
0.0167341
0.0235155
0.0279143
0.00113472
0.115744
0.00200531
0.020716
0.00579516
0.0030693
0.00560928
0
0.00541093
0.00242539
0.140556
0.147687
0.0679851
0.00386814
0.000759788
0.00181099
0.00230167
0.00326194
0.000837868
0.00825647
0.108048
0.00115744
0.000911564
0.00127463
0.0404228
0.351785
0.00411431
0.00534751
0.00576441
0.239226
0.0344127
0.116888
0.000962904
0.0230405
0.0186044
0.0100235
0.00282921
0.0104097
0.24463
0.00418616
0.0182403
0.0282905
0.228386
0.0286022
0.0164192
0.00376495
0.0027471
0.0874479
0.00477095
0.18105
0.00748549
0.00232349
0.00309689
0.0042585
0.179187
0.00283381
0.268877
0.00127725
0.244978
0.217826
0.000621081
0.00257324
0.0340038
0.102553
0.00195441
0.229176
0.00182055
0.0144883
0.00294169
0.00562413
0.00994922
0.00204845
0.00139106
0.00971606
0.00108921
0.0170523
0.000136522
0.131972
0.0890895
0.0299249
0.000587032
0.000975512
0.00170168
0.00203212
0.0237814
0.00116953
0.0161709
0.0277531
0.0316393
0.0116635
0.00499911
0.247682
0.00863436
0.00339422
0.00340757
0.00090697
0.00539543
0.00514732
0.0280545
0.0497401
0.00223178
0.108663
0.00172087
0.0105988
0.0498623
0.00526581
0.000242371
0.00047646
0.000603012
0.075623
0.0925432
0.220794
0.023333
0.00601926
0.0170264
0.01238
0.0418506
0.0562259
0.00777198
0.0555256
0.00410259
0.00396891
0.00100522
0.0115799
0.00159139
0.00067355
0.00218939
0.00174809
0.0770867
0.00357395
0.00136865
0.0117599
0.0550449
0.000545647
0.00194483
0.00249788
0.00133021
0.0324036
0.0168471
0.000327298
0.00636909
0.0128638
0.195246
0.00521188
0.003183
0.177764
0.0795671
0.104943
0.000327661
0.00130004
0.00247139
0.000820937
0.00245983
0
0.000615663
0.0330694
0.00255059
0.00450528
0.00305092
0.140084
0.000205528
0.0191364
0.0126816
0.00204353
0.0371244
0.0041545
0.00220159
0.00191884
0.00232444
0.000804663
0.00448392
0.000755674
0.391787
0.0622663
0.000869741
0.00207117
0.00911812
0
0.00178656
0.0525605
0.003669
0.00714001
0.000568882
0.0488457
0.0196139
0.000361977
0.0247396
0.00241294
0.132716
0.0232594
0.0011037
0.00583922
0.00288606
0.00216926
0.00150998
0.00702715
0.0451138
0.0956533
0.0234537
0.112413
0.0426094
0.0025847
0.072696
0.245362
0.00530854
0.00592389
0.0050813
0.00239099
0.246652
0.00375434
0.00449632
0.00262325
0.00201088
0.0171965
0.0101113
0.0261239
0.203534
0.00405755
0.00203477
0.00133129
0.0061453
0.0130211
0.0529731
0.0403025
0.00166477
0.0021089
0.0464427
0.0329915
0.0549918
0.223819
0.0487839
0.129001
0.0309332
0.00117531
0.0019311
0.0245969
0.0179229
0.145944
0.00481714
0.00402104
0.084505
0.00337258
0.0192012
0.00387967
0.00952332
0.0873207
0.200911
0.00340104
0.391305
0.000947999
0.000649445
0.00895897
0.0722182
0.00272712
0.00166203
0.0019924
0.00654628
0.00117118
0.014561
0.000988276
0.0309481
0.00231091
0.0446126
0.0848155
0.0276413
0.0988799
0.000969346
0.00126594
0.00468204
0.00276986
0.00180101
0.00137475
0.00788072
0.000184407
0.000583702
0.197409
0.00289418
0.00281182
0.00119221
0.234559
0.0109932
0.00128988
0.00182718
0.00157528
0.0700149
0.00185774
0.0170231
0.0083691
0.00130671
0.00257695
0.000691143
0.00742711
0.192545
0.0787238
0.00228118
0.00196785
0.00829562
0.00432475
0.131841
0.0089444
0.000591537
0.155537
0.113503
0.0154199
0.00117932
0.0564315
0.0157979
0.00159496
0.00258486
0.013967
0.260241
0.255496
0.279348
0.000678064
0.000943807
0.00228118
0.000949141
0.00228761
0.00280492
0.0055384
0.0523276
0.00152073
0.000818665
0.0490081
0.000618951
0.0139667
0.0111966
0.0457101
0.187613
0.148513
0.0191225
0.00656482
0.194144
0.000278143
0.030017
0.00194605
0.000841902
0.00619166
0.000805487
0.00325358
0.00232411
0.0111523
0.011083
0.217689
0.242164
0.0862674
0.196834
0.210907
0.00268783
0.0039333
0.00501554
0.000686174
0.0102668
0.00228393
0.00196356
0.00115457
0.00371831
0
0.0162457
0.149958
0.000436239
0.00119863
0.000495444
0.0042441
0.00427265
0.00412615
0.0138986
0.0655909
0.000838517
0
0.221773
0.000773954
0.000921008
0.0025633
0.00418409
0.0288855
0.00306183
0.00487468
0.00178255
0.159013
0.00285174
0.00589582
0.000438958
0.0167221
0.000302808
0.00118834
0.00683075
0.282308
0.0173236
0.0304858
0.00416076
0.00932219
0.00105184
0.00220831
0.00179953
0.0206135
0.00892259
0.164021
0.000775504
0.0763064
0.195649
0.00259431
0.0104141
0.00146495
0.00228579
0.00109908
0.0145264
0.0348796
0.0050895
0.0104677
0.0012218
0.00458901
0.139424
0.129966
0.00132823
0.00250686
0.00194242
0.0101189
0.00116289
0.000876456
0.0188906
0.0371776
0.00616777
0.0276373
0.246447
0.00271054
0.0135097
0.00191258
0.00299137
0.268439
0.00266865
0.000586546
0.000928368
0.108107
0.04063
0.00164987
0.002808
0.000698346
0.00121617
0.00899469
0.00118362
0.000582312
0.200393
0.00419709
0.00181643
0.0962804
0.000611396
0.00410772
0.0139321
0.0172194
0.114944
0.00834776
0.0186444
0.0426247
0.00765359
0.0892827
0.0195422
0.00228787
0.0378267
0.0452964
0.0175695
0.441527
0.00370075
0.00110738
0.0102992
0.000660571
0.0163801
0.00217829
0.00109586
0.0925212
0.000558334
0.0415906
0.0866646
0.00314179
0.263715
0.0410648
0.00262672
0.00537765
0.00226188
0.000412634
0.0951169
0.0336634
0.00183344
0.00480133
0.000759204
0.0324667
0.0209448
0.00243215
0.0214918
0.0030606
0.00827311
0.184448
0.0147557
0.0310556
0.00256021
0.00104537
0.00542718
0.0019749
0.00263708
0.0021032
0.00284005
0.0210195
0.00153778
0.00210446
0.00163521
0.509704
0.0929126
0.135324
0.00255519
0.0815342
0.36417
0.00255618
0.000883253
0.117823
0.297041
0.00330347
0.00315801
0.129716
0.00134425
0.000832793
0.0166012
0.003097
0.000313714
0.29697
0.012256
0.00502161
0.209368
0.00738539
0.00402105
0.0220219
0.192406
0.0010636
0.00255464
0.0236137
0.0899443
0.212498
0.00413675
0.0116063
0.16123
0.0422412
0.25
0.00317785
0.00116118
0.00284632
0.136324
0.00144546
0.000940086
0.0641452
0.00311976
0.000871646
0.00249141
0.00146978
0.00511615
0.315126
0.00145324
0.000749762
0.0400176
0.00204356
0.00293304
0.0108608
0.239754
0.192353
0.00131951
0.160027
0.0103165
0.0247877
0.00312241
0.0273443
0.0040177
0.000422945
0.00428662
0.00044161
0.0157818
0.0247379
0.129961
0.0421471
0.103366
0.00346756
0.00235788
0.00369157
0.00369187
0.00681488
0.0184481
0.018903
0.000789429
0.00143137
0.00125663
0.113887
0.00195055
0.0820009
0.0160896
0.00175178
0.0333211
0.0198968
0.000734433
0.00121738
0.0637002
0.00378532
0.000268568
0.0331929
0
0.0173943
0.000851199
0.000997472
0.0157185
0.00268044
0.00670054
0.0169736
0.00134036
0.000840374
0.0111862
0.0010303
0.213642
0.00607882
0.045912
0.0007383
0.00436109
0.0057344
0.000562387
0.00819206
0.213385
0.000734924
0.00456155
0.00473366
0.166885
0.126449
0.0152149
0.0751156
0.000258768
0.0909594
0.00108061
0.00430932
0.00518063
0
0.00616583
0.10577
0.11313
0.00146753
0.00254364
0.00826136
0.00111444
0.152705
0.00234891
0.00254093
0.12597
0.00350922
0.00103632
0.0208329
0.060169
0.013776
0.00311934
0.0111381
0.0010162
0.00206787
0.000743869
0.000809967
0.0194856
0.209485
0.000604608
0.0229239
0.00542442
0.0151921
0.000694148
0.00323249
0.075623
0.00238885
0.000215437
0.0121588
0.00109922
0.00490744
0.0022012
0.136189
0.0310596
0.01844
0.00155455
0.00185968
0.0627508
0.00935808
0.000403615
0.0308684
0.0211676
0.0872182
0.0594272
0.0053858
0.00923249
0.00194713
0.0657824
0.115244
0.00788581
0.0550139
0.00269145
0.00772588
0.00314893
0.00279056
0.00386399
0.00201163
0.0018948
0.0979668
0.00666025
0.00723422
0.000366712
0.0719867
0.0288724
0.0435331
0.0780557
0.0136777
0.00766507
0.0725899
0.20284
0.005336
0.00383945
0.000595875
0.0240907
0.000833104
0.00258393
0.171574
0.167519
0.00984384
0
0.00759658
0.076345
0.00457507
0.0167778
0.00453455
0.00151979
0.0200888
0.00429948
0.0171467
0.00256667
0.00166583
0.000761079
0.000789229
0.00899176
0.111514
0.00217911
0.0123689
0.00467532
0.00141094
0.00119165
0.000960351
0.00647555
0.00969265
0.149451
0.060692
0.000322011
0.00278426
0.00149865
0.0018016
0.0615035
0.00272537
0.00644546
0.115455
0.152182
0.190959
0.00189041
0.00433024
0.220388
0.199152
0.00200922
0.0117461
0.0102891
0.102218
0.189498
0.00421783
0.00220944
0.000591579
0.0143518
0.00745806
0.0044529
0.000856705
0.0709783
0.00335965
0.00115913
0.000120803
0.00446889
0.00102816
0.0161528
0.193468
0.0135851
0.00883038
0.00385348
0.000727305
0.00207969
0.00111546
0.00315266
0.00350571
0.00286352
0.00137781
0.132412
0.128217
0.000602243
0.00694373
0.00145373
0.0274145
0.00177277
0.0282624
0.000797853
0.0238907
0.0604948
0.180518
0.00479931
0.00462068
0.0787548
0.00885309
0.0270202
0.00339568
0.00332949
0.000983989
0.00107406
0.0300413
0.0707911
0.0514437
0.0546247
0.00117114
0.00338194
0.0158909
0.00276246
0.00380486
0.000889343
0.0034881
0.0078403
0.0107661
0.00223626
0.00373179
0.00265746
0.0118826
0.00395478
0.00325538
0.152295
0.00263902
0.231865
0.0143097
0.00266844
0.101536
0.0332089
0.0151552
0.00303816
0.000425925
0.00329644
0.0037251
0.00888416
0.000931252
0.103972
0.00183938
0.00185611
0.00141884
0
0.0540793
0.00123945
0.0040296
0.0036046
0.0187473
0.0273
0.00377994
0.00387277
0.00119068
0.00299363
0.0974732
0.0140142
0.00956168
0.00568942
0.128558
0.00126149
0.0199652
0.0199915
0.00204909
0.00140188
0.0101528
0.00472885
0.0193438
0.00083457
0.0022686
0.0016476
0.000887776
0.17932
0.0502519
0.326127
0.00173424
0.0282455
0.0140234
0.0371155
0.0488845
0.0220123
0.00409762
0.00287447
0.0152357
0.0583065
0.00419098
0.00334697
0.00141741
0.0233469
0.00152468
0.00147004
0.00252687
0.00569444
0.0234844
0.00792149
0.0142012
0.18599
0.148263
0.00292777
0.00484324
0.00134977
0.00336554
0.0787677
0.000416664
0.00712889
0.00107588
0.000652077
0.00165407
0.0685409
0.00154668
0.00544466
0.000785297
0.000852685
0.0270241
0.000159935
0.124381
0.000559361
0.000933148
0.00188148
0.126797
0.0238148
0.0041655
0.149876
0.0027353
0.00486435
0.151821
0.0625418
0.0166689
0.0176401
0.133533
0.00172165
0.0768088
0.0150262
0.00290123
0.072968
0.01829
0.29045
0.0193563
0.0766339
0.00423591
0.0211436
0.012949
0.0828482
0.23093
0.000675386
0.0165139
0.0139299
0.0244047
0.00646818
0.00285834
0.00220061
0.00874843
0.00204084
0.00501759
0.102997
0.00178422
0.00133686
0.00200079
0.170822
0.00249417
0.00145357
0.00345868
0.00241555
0.000308707
0.177929
0.0490368
0.0513095
0.00105536
0.132824
0.318418
0.00459304
0.00677207
0.0277822
0.01118
0.243047
0.00543389
0.00212334
0.00101016
0.0132416
0.00101256
0.000434747
0.00295681
0.089153
0.0397057
0.040031
0.00114373
0.167444
0.0246482
0.00517212
0.00512053
0.0343974
0.282659
0.00256074
0.0023444
0.00157007
0.0103534
0.00264955
0.00022697
0.101068
0.00200541
0.0188865
0.00447433
0.212081
0.00049613
0.00407319
0.00449163
0.00123898
0.00103131
0.0087905
0.00212931
0.000547277
0.000499084
0.00789376
0.000727334
0.00161115
0.0323708
0.0185573
0.0884151
0.00046985
0.219484
2.39451e-007
0.0039449
0.0286991
0.0487867
0.315007
0.00130939
0.00199923
0.012051
0.0615503
0.00584586
0.00278786
0.0520907
0.0012629
0.00239636
0.00774213
0.00843709
0.0421979
0.0481765
0.000709084
0.00981415
0.00232812
0.00544792
0.000946527
0.00276485
0.00821843
0.0010719
0.273414
0.0113918
0.0104569
0.00209694
0.000727856
0.00100645
0.018902
0.000923669
0.0136286
0.00643533
0.00949977
0.00659
0.0114435
0.010581
0.00966052
0.0031446
0.000615372
0.00587492
0.00187268
0.00394403
0.00138014
0.0156753
0.00310701
0.0176721
0.00213776
0.242205
0.00851074
0.00117342
0.000640908
0.00767913
0.00407647
0.00377287
0.0192008
0.000805745
0.149738
0.000190277
0.168292
0.00299466
0.00282338
0.0710677
0.082686
0.00412718
0.00767808
0.0020761
0.000884076
0.114592
0.0265032
0.232509
0.27109
0.000366273
0.00192533
0.14101
0.230997
0.000326238
0.0666803
0.00253085
0.00415953
0.0211012
0.00131931
0.00299953
0.000718936
0.0895022
0.00106572
0.00240377
0.0962358
0.00519003
0.00129254
0.0549142
0.023678
0.0120951
0.00493698
0.0044939
0.207472
0.176438
0.00141447
0.00685238
0.0165913
0.00173608
0.00693232
0.0292605
0.00152868
0.000457538
0.260602
0.0108331
0.000837203
0.0356193
0.00461455
0.227141
0.00939158
0.0154091
0.0332449
0.00135415
0.0740204
0.00568487
0.0374402
0.00133341
0.00118398
0.00160289
0.396211
0.000435052
0.00417338
0
0.0219739
0.00694375
0.00374595
0.00783816
0.00117349
0.012332
0.0263332
0.000680818
0.00418639
0.00658129
0.030015
0.00209028
0.00415696
0.00218838
0.0241598
0.003556
0.0520907
0.000878335
0.00471599
0.000426953
0.0168518
0.234823
0.00126053
0.0103215
0.00560492
0.0433972
0.0061495
0.00498996
0.000768776
0.00290669
0.00354691
0.0984994
0.000811631
0.0460597
0.000704842
0.249981
0.00267295
0.00106929
0.00481605
0.00542125
0.028594
0.0825513
0.105998
0.00159759
0.000919253
0.0031359
0.0127381
0.00480662
0.144155
0.000752062
0.0016386
0.00597623
0.0961778
0.00089294
0.0355694
0.000781329
0.000677248
0.0058054
0.00176544
0.0167843
0.0735152
0.0748461
0.0024039
0.00197979
0.0289091
0.0116728
0.00205603
0.0300658
0.0202066
0.0023487
0.0519344
0.00265197
0.0203682
0.000876257
0.158012
0.079602
0.00122422
0.0260843
0.0235142
0.00251088
0.00544105
0.000676859
0.00396883
0.0617372
0.155828
0.000650664
0.0012204
0.0805387
0.00820463
0.00251956
0.0130675
0.00203737
0.00401059
0.000476105
0.00453938
0.151959
0.241175
0.239786
0
0.0159805
0.0121968
0.000982095
0.00282852
0.201161
0.231907
0.051202
0.0595829
0.146389
0.00231732
0.0004338
0.0350564
0.0285137
0.0378605
0.00546111
0.00608116
0.13742
0.00175963
0.0038216
0.0229004
0.0274898
0.000946361
0.0442948
0.00333852
0.00554961
0.0723882
0.0307017
0.180285
0.0370375
0.00363085
0.0457534
0.00164435
0.0114059
0.00801028
0.000902768
0.00286399
0.00603438
0.0109653
0.00341119
0.00273415
0.0307449
0.000322726
0.00455469
0.0148723
0.00124803
0.0918352
0.00590481
0.111559
0.00601955
0.0545086
0.00292564
0.000940784
0.0213446
0.00059098
0.000887445
0.00549231
0.0330833
0.00615979
0.0115788
0.00564883
0.00251099
0.0023188
0.0126127
0.0035812
0.00272744
0.0248208
0.0100149
0.010983
0.1065
0.152541
0.00421799
0.00178222
0.00127765
0.0188777
0.0906353
0.00177172
0.0012722
0.000838516
0.00285145
0.00779241
0.0036429
0
0.0942501
0.00365079
0.0340352
0.111171
0.00187288
0.00105117
0.00128372
0.0629372
0.197381
0.00213501
0.010827
0.191379
0.00305346
0.000659368
0.00331326
0.00108633
0.0668806
0.0266229
0.0055691
0.179626
0.00430264
0.00432617
0.00944199
0.187469
0.0343488
0.00245546
0.00147477
0.00221901
0.000912218
0.00157644
0.0119038
0.00132306
0.000997176
0.00219078
0.00103184
0.109802
0.0133468
0.00765535
0.00173469
0.00181296
0.0021042
0.116957
0.109251
0.0901462
0.139996
0.0296347
0.00862997
0.00171787
0.0194387
0.0791047
0.0174731
0.000611175
0.122818
0.00163043
0.0204435
0.00152666
0.00218328
0.012879
0.00713323
0.00154996
0.00268767
0.0447649
0.172385
0.000360908
0.0756437
0.0101316
0.000140047
0.0122337
0.00185029
0.00300814
0.000881014
0.023917
0.0440984
0.00124379
0.000718168
0.0679016
0.000793099
0.116463
0.0639647
0.00282637
0.000216696
0.00422499
0.00182845
0.00140214
0.045988
0.00400256
0.0102409
0.00391848
0.0117457
0.100458
0.00733915
0.000908668
0.0011392
0.207132
0.0174501
0.0120443
0.00297006
0.000929264
0.015809
0.00968498
0.00799211
0.0487277
0.000876257
0.123092
0.133334
0.016757
0.00162784
0.0145523
0.21683
0.00271868
0.0229378
0.160267
0.00222645
0.000219843
0.0127651
0.00241482
0.0648887
0.15471
0.26453
0.0678352
0.0759055
0.0154245
0.0252935
0.00384124
0.000266864
0.00242743
0.000611449
0.0059989
0.0547761
0.000653088
0.00439574
0.0789667
0.00150253
0.0233871
0.00158241
0.00175574
0.0507901
0.0216346
0.00393573
0.0014228
0.00104189
0.129144
0.00469261
0.00113375
0.00847348
0.0151486
0.211589
0.000374108
0.00199866
0.00692097
0.131035
0.0021939
0.0852558
0.00162392
0.186783
0.00161129
0.00053536
0.0516145
0.0105279
0.0413441
0.0123396
0.106047
0.00672175
0.0085148
0.0403444
0.0236568
0.0201214
0.0319238
0.00647136
0.00266952
0.0358142
0.00680165
0.00893713
0.00809092
0.00105973
0.000827535
0.00328657
0.00133984
0.00158406
0.0237069
0.00156329
0.0187974
0.000594979
0.14918
0.124758
0.000797778
0.000395162
0.0022995
0.00453392
0.0977755
0.0233547
0.0036221
0.00153227
0.0440996
0.00597686
0.00870979
0.00460598
0.00903119
0.00374901
0.00321913
0.0170098
0.00160653
0.0147587
0.00784478
0.0045954
0.0303554
0.00252841
0.00188739
0.00327332
0.0437231
0.0122931
0.00450178
0.010606
0.00177752
0.00146636
0.00241052
0.0939541
0.0234389
0.0889178
0.0164379
0.00161921
0.0090745
0.0932762
0.129648
0.00399872
0.000713712
0.2048
0.0589001
0.003742
0.00734233
0.00226727
0.0371481
0.000279464
0.0041187
0.0413687
0.071284
0.11362
0.189995
0.180952
0.00105822
0.00279016
0.000984474
0.0553926
0.00212524
0.011053
0.0906984
0.0145689
0.0177048
0.000115658
0.00220679
0.0813571
0.00153186
0.00180503
0.0221212
0.131976
0.0156139
0.0325123
0.00257814
0.00081328
0.0309754
0.0343636
0.0200758
0.102921
0.0103172
0.00179442
0.00192407
0.234183
0.0179873
0.0197664
0.00551869
0.00317002
0.000676858
0.00144168
0.000662641
0.0537875
0.0118164
0.214976
0.0290271
0.00443687
0.00138975
0.000808555
0.00852785
0.00710925
0.000327412
0.0559156
0.0697474
0.192184
0.237287
0.246921
0.00262126
0.00203398
0.0710801
0.00729386
0.00946912
0.00221569
0.000765087
0.0160396
0.117385
0.00127207
0.00302509
0.00271593
0.00238307
0.217439
0.00189912
0.0681257
0.00119953
0.000336124
0.0710193
0.000259176
0.0197977
0.00302506
0.0057655
0.00438745
0.000223213
0.0147712
0.00777512
0.00262473
0.00440513
0.00258651
0.00181205
0.0123108
0.0185288
0.0021935
0.0135778
0.0210613
0.0182546
0.00169452
0.0177875
0.000229757
0.0100963
0.0501019
0.0041501
0.00373745
0.0537468
0.00927559
0.0109925
0.0221037
0.22553
0.00691111
0.026976
0.025498
0.00281697
0.00143272
0.00113567
0.000451886
0.0219386
0.000552678
0.117128
0.0111182
0.000317403
0.00853241
0.000512589
0.0167968
0.000157792
0.00481727
0.00965722
0.00218416
0.0176387
0.023343
0.00196158
0.0939675
0.000575167
0.00177463
0.000595673
0.0337555
0.0116149
0.00770959
0.00122265
0.00489232
0.000620693
0.00295195
0.00140435
0.00533608
0.00307429
0.00769831
0.0582793
0.0378537
0.00167977
0.00261116
0.00688473
0.0455671
0.000430059
0.00154058
0.249461
0.0197968
0.00674909
0.00435633
0.16576
0.131993
0.0167822
0.248345
0.00355032
0.0418071
0.0787476
0.00104766
0.00691223
0.0011161
0.102392
0.00828787
0.0132112
0.0235977
0.00701659
0.000680715
0.00623265
0.000644268
0.00416157
0.00196103
0.0131095
0.00570933
0.0243341
0.00411968
0.00164045
0.000698625
0.234791
0.064913
0.0262177
0.00892228
0.0511749
0.0113349
0.149643
0.000329187
0.0205493
0.00298077
0.0388849
0.00124439
0.0530901
0.00543309
0.000835691
0.00096715
0.000255456
0.00649096
0.0044441
0.0615595
0.0347833
0.179029
0.00256476
0.0212682
0.0498414
0.0442997
0.00361755
0.00087537
0.00972777
0.000206737
0.00195837
0.0416349
0.203868
0.0119551
0.00933038
0.0829742
0.103807
0.00188585
0.00288865
0.0229197
0.0403319
0.0307667
0.00140462
0.00209008
0.0039593
0.0109449
0.0164664
0.23543
0.163547
0.00683299
0.00101866
0.00443964
0.0467904
0.00352772
0.00244298
0.0466374
0.0384803
0.0114938
0.0247945
0.0272609
0.0138115
0.00185896
0.0126976
0.0360861
0.00345718
0.00117148
0.247036
0.00298105
0.00249982
0.0561446
0.000981314
0.0992389
0.0264215
0.00274238
0.0429533
0.0013575
0.000434136
0.0153109
0.00905637
0.0165785
0.00211776
0.00109123
0.273451
0.146344
0.00254483
0.0240553
0.0121391
0.025071
0.00333852
0.00380258
0.00117303
0.00741241
0.0241454
0.0533895
0.0260621
0.00185044
0.0347917
0.0007145
0.0080609
0.00224265
0.000798145
0.00200281
0.00229377
0.0657315
0.0367173
0.00326397
0.0008274
0.00384402
0.00116807
0.166723
0.00654936
0.00272845
0.00312492
0.206154
0.100276
0.00168691
0.00460957
0.114289
0.251444
0.00467078
0.0140613
0.025344
0.013491
0.00452297
0.0132112
0.0531234
0.00237905
0.0230578
0.00199646
0.0827753
0.0121394
0.00442411
0.000802164
0.00237849
0.0070056
0.00814188
0.00113178
0.00221773
0.000362551
0.000647383
0.0404732
0.0118801
0.0972997
0.0110334
0.00141195
0.0167384
0.246064
0.218682
0.00246538
0.114159
0.00152072
0.00382907
0.0062682
0.01558
0.0460263
0.0266858
0.00228856
0.00913419
0.156716
0.00401565
0.000974907
0.0256829
0.0151871
0.00715275
0.131346
0.0018258
0.00333524
0.137502
0.00216174
0.00510991
0.00229147
0.00247994
0.120592
0.00165082
0.0811745
0.179928
0.142089
0.00985963
0.000647162
0.0030081
0.00149463
0.000763375
0.00301638
0.000230062
0.0252426
0.00729572
0.125767
0.00499528
0.0452274
0.0520393
0.029524
0.000765808
0.014234
0.00287495
0.067851
0.00384768
0.00611012
0.0265935
0.00167415
0.011625
0.00394692
0.000925854
0.00199459
0.117574
0.0273244
0.0173853
0.00227582
0.00629821
0.00915465
0.124228
0.0493155
0.0136133
0.0408012
0.00259567
0.00248823
0.0202501
0.0115964
0.0578287
0.200539
0.00224396
0.00332535
0.0026297
0.00447922
0.0302641
0.00567982
0.0489131
0.019369
0.0041944
0.134649
0.0215433
0.212569
0.220382
0.213725
0.00135438
0.0100602
0.00604847
0.00609323
0.000133663
0.0113203
0.000610544
0.00028124
0.000690428
0.00195103
0.115521
0.00495282
0.0394845
0.0131381
0.0058
0.0004833
0.00255788
0.000777739
0.000645622
0.0167248
0.0104139
0.0116912
0.0057359
0.0060791
0.00296095
0.0296023
0.000396443
0.00211277
0.00148582
0.00514793
0.0309488
0.00187316
0.00767206
0.00735811
0.00140995
0.00348577
0.0010286
0.00104811
0.0132611
0.00345854
0.00179941
0.00301693
0.000412676
0.0147439
0.0063083
0.00454748
0.00673072
0.098087
0.106416
0.00161077
0.0817005
0.113976
0.0167602
0.00106066
0.00766961
0.249985
0.000759099
0.00863278
0.0972004
0.00482307
0.00214589
0.00215201
0.000135235
0.0601397
0.0939424
0.112908
0.00175416
0.00163364
0.0021302
0.0918952
0.00193115
0.0525129
0.00111407
0.209372
0.00725104
0.325403
0.00124317
0.020852
0.0340704
0.00635782
0.0328608
0.0057013
0.0768239
0.000320777
0.00179557
0.00238279
0.00487507
0.00784311
0.029877
0.0139629
0.0187689
0.00846826
0.00342375
0.214397
0.0170733
0.000187144
0.00127765
0.327502
0.00345478
0.333992
0.00260635
0.001064
0.00232385
0.0491577
0.0202105
0.00288074
0.0124652
0.0121465
0.218489
0.0256702
0.0436552
0.00421059
0.00789071
0.01921
0.00115789
0.00212293
0.0562502
0.0575537
0.211709
0.00442752
0.00175235
0.183619
0.026569
0.110005
0.0865656
0.00228926
0.00805214
0.00143574
0.00667155
0.0104389
0.0754819
0.00602928
0.00190863
0.00317736
0.0329915
0.0018177
0.00252628
0.000591417
0.0246067
0.0318986
0.0285152
0.0193817
0.109363
0.126665
0.0153977
0.00127809
0.000723187
0.0119348
0.00212971
0.00317095
0.000778498
0.024489
0.128336
0.00171102
0.000198328
0.000561099
0.0253434
0.0054805
0.00157251
0.00336644
0.000425546
0.0749594
0.0018725
0.00317317
0.0873809
0.000477021
0.00719158
0.00635822
0.0602908
0.00228903
0.00548754
0.137657
0.000379078
0.0683998
0.067247
0.158959
0.0025771
0.00450321
0.0101639
0.0179854
0.225468
0.00379127
0.00302644
0.00489489
0.241764
0.0109302
0.228031
0.0151939
0.000911401
0.151876
0.00158363
0.0269907
0.0109039
0.00745999
0.000738252
0.00269023
0.0291403
0.00207592
0.00475529
0.00203374
0.00923216
0.00655225
0.114265
0.0862662
0.121318
0.342268
0.00201455
0.0022388
0.166097
0.00554131
0.000841051
0.16831
0.0056363
0.000261484
0.0155782
0.00899463
0.00279045
0.0191534
0.00475728
0.158181
0.00166438
0.0214504
0.241215
0.00303161
0.00430119
0.0064338
0.0312819
0.00121771
0.0019267
0.0590262
0.019706
0.0187495
0.000703916
0.000950927
0.00503292
0.00198272
0.128636
0.146433
0.00188817
0.00693901
0.00261783
0.0240988
0.0128658
0.0198436
0.00319231
0.0171459
0.000580408
0.153717
0.00214273
0.00131574
0.0234272
0.00263642
0.223922
0.0186171
0.0515733
0.00120734
0.000706621
0.152549
0.015826
0.056561
0.00323118
0.00533864
0.00114356
0.00884003
0.100485
0.00104104
0.0069951
0.010738
0.000964739
0.00720365
0.001099
0.010391
0.00819813
0.0166754
0.000510195
0.000985288
0.00433543
0.0273536
0.0825643
0.0693505
0.00716764
0.000421887
0.122193
0.00430339
0.198573
0.00207344
0.0150587
0.00258693
0.0256775
0.00208858
0.018105
0.0155686
0.000719087
0.0622827
0.00672252
0.00285043
0.000429621
0.00351837
0.00377556
0.000748051
0.00378061
0.0044816
0.00757853
0.00942603
0.0109654
0.105236
0.00647182
0.0234593
0.0523661
0.052892
0.00154141
0.00223018
0.00186572
0.013395
0.162179
0.0999972
0.221351
0.0072624
0.0357977
0.00149415
0.00580396
0.00426292
0.0276069
0.00180345
0.0353797
0.00755893
0.0062925
0.000174473
0.000939952
0.00161885
0.164661
0.275277
0.00345052
0.0684972
0.00452939
0.00506286
0.0028488
0.0292469
0.15784
0.163805
0.0321827
0.227049
0.290497
0.0101412
0.258826
0.0177287
0.0980558
0.0082414
0.00108632
0.0374987
0.0221149
0.0109625
0.00367675
0.00191702
0.0102082
0.0166497
5.91155e-005
0.00292901
0.00172741
0.00653963
0.00037831
0.000275899
0.000482367
0.0056283
0.00412582
0.000954058
0.0112893
0.0815446
0.0103422
0.00100555
0.0948608
0.00425127
0.000728738
0.00362268
0.00448876
0.00538901
0.0142605
0.0015226
0.0115301
0.0113761
0.0287995
0.130506
0.0526133
0.000251727
0.0395143
0.00207635
0.0094387
0.00112896
0.01006
0.00174689
0.074637
0.0152648
0.00193407
0.0781754
0.0145234
0.0132571
0.00530398
0.0071577
0.000731025
0.00208097
0.0673244
0.0118631
0.034591
0.00437162
0.150082
0.0407716
0.251305
0.00251829
0.00133069
0.0142123
0.00603813
0.00699633
0.00758729
0.02247
0.00489391
0.00448856
0.156019
0.00270596
0.164703
0.181786
0.0535029
0.176946
0.00847414
0.0147782
0.249383
0.012289
0.00100929
0.00131364
0.0135529
0.00457573
0.00141364
0.00246167
0.00502808
0.00225435
0.00248889
0.00244967
0.00270022
0.0028515
0.00485566
0.00274428
0.00175947
0.0015787
0.00290349
0.00111105
0.0157942
0.00276657
0.00317185
0.00209478
0.00138816
0.0580796
0.0362636
0.0022647
0.0125517
0.0186468
0.00144821
0.00819895
0.00830985
0.0195321
0.00714239
0.00174964
0.0528522
0.0236014
0.013528
0.00574511
0.00189893
0.123989
0.00151578
0.0254991
0.198598
0.198734
0.0229077
0.00597213
0.00079272
0.00248732
0.00230679
0.00672936
0.000799506
0.0382673
0.0200685
0.00117608
0.0113847
0.000939134
0.0100864
0.0758356
0.0152689
0.00192642
0.0174995
0.00173402
0.0151558
0.00229712
0.00313175
0.0260247
0.00174665
0.118415
0.0548791
0.153469
0.00771875
0.005558
0.00563157
0.0351289
0.00391248
0.00133959
0.217344
0.00490342
0.00793465
0.00172735
0.00868376
0.00458958
0.0178193
0.00083263
0.00390249
0.0515126
0.00517497
0.0104259
0.00471051
0.00258822
0.0353978
0.0365442
0.0488222
0.0139949
0.028242
0.00344435
0.0184705
0.0131945
0.187588
0.0320751
0.000780178
0.00139338
0.00171335
0.00132866
0.0014444
0.000326121
0.000460101
0.0936214
0.242952
0.0127215
0.00152158
0.00614684
0.00176467
0.000713552
0.00206093
0.00323729
0.000747421
0.00185691
0.00290147
0.0066056
0.0279226
0.047147
0.00132149
0.00157408
0.00176578
0.00113669
0.000586396
0.00258965
0.000697222
0.010665
0.000743874
0.0330836
0.00478293
0.0332849
0
0.0936689
0.00091861
0.0343435
0.00568112
0.0189155
0.0149756
0.00150513
0.00028857
0.0223087
0.00158372
0.0160007
0.00118661
0.000760263
0.000519827
0.00127305
0.00129017
0.00448171
0.00117559
0.0220381
0.000554707
0.0362105
0.00167998
0.010541
0.00500378
0.00478595
0.00531302
0.00369925
0.00923698
0.0882345
0.00944769
0.0477852
0.0320085
0.00172437
0.00221834
0.0147122
0.0165531
0.00562448
0.0113009
0.00130091
0.0144253
0.000405981
0.274186
0.246083
0.15465
0.00223273
0.0302503
0.00180194
0.00442176
0.00240902
0.00487409
0.027341
0.00177203
0.000575625
0.000479934
0.00764197
0.00623548
0.0111026
0.0119335
0.00491407
0.00584199
0.0112049
0.00282336
0.0105868
0.00111696
0.000741245
0.156928
0.00894768
0.000752719
0.00187852
0.00141044
0.00570979
0.0950969
0.000717631
0.12686
0.0023015
0.000728502
0.0103182
0.0162393
0.0881664
0.00979842
0.0038389
0.000168839
0.0971896
0.00468417
0.00301755
0.00265451
0.0248274
0.00100973
0.0702465
0.0108745
0.0103011
0.0853365
0
0.0750742
0.159714
0.000540375
0.031173
0.00713413
0.0873536
0.00265593
0.120841
0.0428808
0.195573
0.0107566
0.000752242
0.00315882
0.00113733
0.00710903
0.0283507
0.036501
0.0160537
0.0284102
0.00626928
0.00966888
0.0600115
0.00488501
0.0230894
0.000224951
0.0550227
0.00180947
0.000459108
0.00142632
0.0145466
0.0212611
0.00537016
0.0298232
0.0978485
0.0194354
0.0106787
0.0379618
0.0124409
0.00786775
0.00290063
0.00837163
0.00461563
0.0284275
0.0159382
0.00383149
0.000450679
0.000464405
0.129794
0.00702275
0.00086582
0.192903
0.00175394
0.00275962
0.00959622
0.0258929
0.02631
0.00419083
0.00353332
0.0230888
0.017691
0.000802617
0.12674
0.0771788
0.00763507
0.0432848
0.00335696
0.0252478
0.00426976
0.0238293
0.0233566
0.0310649
0.0045472
0.0299788
0.00158709
0.0323841
0.0242178
0.00208358
0.116242
0.0526526
0.00138836
0.123324
0.00161993
0.0142089
0.00125579
0.0059777
0.181076
0.204901
0.126763
0.0771015
0.172893
0.00170796
0.00151879
0.052411
0.00268105
0.00562263
0.00442433
0.0159967
0.00163593
0.0260145
0
0.00181954
0.0279717
0.00260044
0.000337371
0.0207012
0.00213142
0.234558
0.00621085
0.0662386
0.00282261
0.000755487
0.00447932
0.206167
0.0512138
0.00104648
0.00949754
0.105624
0.0108128
0.00238923
0.00183008
0.0100215
0.00427072
0.000871522
0.141715
0.000387437
0.0988686
0.0202832
0.00519752
0.286871
0.035832
0.13258
0.000918651
0.0183305
0.00789536
0.0739759
0.0727664
0.00119996
0.00630684
0.0126771
0.000565044
0.00251878
0.000746871
0.0802855
0.0852568
0.00122254
0.00153943
0.00306208
0.0113035
0.00107272
0.00767807
0.0838572
0.19309
0.149462
0.0197176
0.00115679
0.00137904
0.0674251
0.00448648
0.00510915
0.000386108
0.0172602
0.00725429
0.00380182
0.00109703
0.00195891
0.00466155
0.00265837
0.0275833
0.000549094
0.0115854
0.232754
0.0985826
0.053141
0.0380758
0.00412952
0.00167542
0.0110124
0.00222057
0.000760527
0.00282399
0.0159912
0.00788436
0.0373245
0.0022059
0.00027765
0.00353203
0.0128524
0.00822664
0.014947
0.000854237
0.00101996
0.155229
0.0149775
0.022536
0.0012397
0.00589329
0.0044685
0.0263886
0.248514
0.0318024
0.031859
0.00143834
0.00441337
0.0125752
0.0189582
0.0974878
0.0127951
0.0540484
0.0127321
0.00164139
0.0067325
0.00164623
0.219789
0.0103545
0.00161628
0.0021329
0.0187444
0.00214614
0.00550608
0.0033585
0.179722
0.0333131
0.00356772
0.0565762
0.137642
0.0216184
0.0142704
0.007368
0.000980785
0.0142618
0.00244499
0.00096492
0.00929824
0.0129507
0.0491732
0.00264596
0.00224168
0.0024995
0.00113845
0.00522441
0.00527491
0.0212341
0.0214547
0.0442435
0.00242149
0.00295961
0.0184891
0.0662169
0.000404234
0.0115442
0.00253371
0.00308424
0.000262802
0.00126338
0.0429558
0.00900945
0.211
0.0360396
0.0145224
0.00283157
0.00157538
0.000815642
0.0195194
0.0517338
0.039647
0.00192853
0.00438022
0.00124793
0.0186999
0.0728772
0.00343518
0.00676812
0.0835015
0.0101787
0.00167584
0.00121677
0.143083
0.00447998
0.0366468
0.00192672
0.083456
0.00836628
0.00957173
0.011088
0.210381
0.0079013
0.0012297
0.0012305
0.00116959
0.0016324
0.00352402
0.00419438
0.228922
0.000708031
0.0172339
0.0051883
0.00308876
0.0435536
0.0380673
0.00594035
0.00247872
0.166136
0.0225684
0.0137086
0.30616
0.000363503
0.0060554
0.000320198
0.0872562
0.034465
0.00531103
0.107297
0.0125037
0.0018309
0.0223661
0.00727343
0.00597929
0.239742
0.00395409
0.00367848
0.0990077
0.00247287
0.0237621
0.035763
0.00218645
0.00202957
0.00445126
0.00141878
0.00225844
0.00169266
0.247394
0.0176837
0.279158
0.112812
0.00155674
0.00207429
0.141028
0.0345693
0.00196318
0.0786132
0.0112699
0.00211942
0.0248472
0.000502918
0.00622742
0.017264
0.166924
0.0135907
0.00812043
0.00265477
0.0059352
0.021948
0.0937362
0.00314578
0.151418
0.00099908
0.027071
0.00401318
0.000420474
0.0117102
0.238266
0.388682
0.0605612
0.0447444
0.00311474
0.162418
0.00537382
0.000580344
0.000573182
0.0153457
0.152263
0.00580743
0.0594381
0.00827021
0.0116841
0.00264617
0.00421685
0.0342508
0.0013907
0.000306207
0.00140427
0.00431681
0.00535831
0.00125892
0.00260455
0.00598252
0.119826
0.0238507
0.129121
0.00402167
0.0152225
0.0857766
0.00315906
0.000784703
0.016359
0.0085904
0.00249008
0.000417141
0.00255601
0.0100914
0.0101853
0.0502133
0.000852469
0.00108396
0.196599
0.0434163
0.00274308
0.00631503
0.00200241
0.00562555
0.0358991
0.000984429
0.00116827
0.00144088
0.0995353
0.00888258
0.000602688
0.00713719
0.00394367
0.0757066
0.000424207
0.00213185
0.00323243
0.0776338
0.0176574
0.147461
0.000327806
0.0020717
0.00551547
0.13422
0.152388
0.00086629
0.0375052
0.00285162
0.013839
0.0139029
0.166939
0.200646
0.0258232
0.0181248
0.000594156
0.0260389
0.00614813
0.00261772
0.000696904
0.00758113
0.232433
0.00134512
0.00222519
0.0012087
0.00170439
0.023125
0.000847059
0.0201905
0.00124046
0.00766869
0.00130823
0.000529422
0.00341428
0.0336923
0.0354145
0.0162201
0.0334458
0.00208296
0.0111737
0.00114068
0.0881031
0.00203608
0.0360669
0.00659488
0.28479
0.00294149
0.000915542
0.00329183
0.00157487
0.0136184
0.00603084
0.00133847
0.000463751
0.13922
0.006192
0.00211879
0.038886
0.0250338
0.000513944
0
0.00133132
0.0912049
0.00527783
0.00509517
0.00192733
0.00283979
0.00164876
0.00178761
0.00132213
0.0182011
0.0410411
0.00135644
0.0592491
0.0016055
0.290376
0.00392107
0.00273947
0.0192714
0.0710927
0.0020908
0.493508
0.356779
0.00782264
0.0018463
0.000688056
0.000486941
0.00180717
0.00900709
0.0418793
0.00552399
0.0184787
0.00367366
0.151914
0.0144396
0.0309546
0.0165661
0.0156577
0.0229604
0.000275156
0.00892003
0.0033895
0.00729135
0.000956044
0.0165129
0.0258182
0.00282673
0.0158656
0.0008753
0.00383554
0.219796
0.00497798
0
0.0098238
0.00193202
0.00688528
0.000816884
0.111947
0.0189575
0.00513597
0.0597137
0.00871025
0.00333442
0.0308963
0.00527316
0.00603749
0.00667534
0.00591428
0.00607253
0.00193865
0.0196356
0.012208
0.0159825
0.00159954
0.000817134
0.00270327
0.00072055
0.000930225
0.00241815
0.0291115
0.00139798
0.0018075
0.00359458
0.0423961
0.00320739
0.00302264
0.0208576
0.000413607
0.035298
0.00335554
0.020926
0.0297973
0.0397001
0.0102024
0.00290906
0.0410987
0.0478997
0.189529
0.0453993
0.124184
0.00273785
0.0106932
0.0529837
0.00833298
0.243125
0.00116486
0.0236226
0.00657687
0.00263287
0.00286175
0.0337882
0.00375311
0.00588402
0.0551606
0.00709783
0.00605396
0.0932637
0.00475151
0.0159993
0.000757104
0.00101581
0.100714
0.0946963
0.255518
0.00342271
0.00725702
0.00135643
0.00368258
0.00139826
0.00515436
0.00115542
0.00947215
0.00708801
0.0316992
0.000972356
0.00262125
0.0126365
0.2311
0.0479983
0.000955337
0.0568013
0.00593806
0.000765051
0.0338369
0.00220162
0.0650896
0.104861
0.00306007
0.0970694
0.00213661
0.22927
0.000850876
0.000876907
0.00330203
0.00166029
0.0102881
0.00152533
0.00573051
0.180062
0.00179323
0.00239479
0.0203922
0.00107984
0.00297025
0.140026
0.0332291
0.000736529
0.0449771
0.000396608
0.0516694
0.00063608
0.123144
0.0969406
0.362737
0.00104066
0.00144688
0.00847824
0.0264122
0.0233416
0.010803
0.00619539
0.000226831
0.0273908
0.0602466
0.00197922
0.0173538
0.00348696
0.000942558
0.00230588
0.0568897
0.00460186
0.00238481
0.00531744
0.195897
0.00583628
0.023781
0.00913631
0.00249117
0.0606129
0.00613171
0.00578679
0.00215739
0.315195
0.143169
0.000818856
0.0922382
0.00737214
0.00275407
0.218216
0.132629
0.0279004
0.0766617
0.000543562
0.0167154
0.0284835
0.034861
0.0307386
0.0339486
0.0224292
0.0236032
0.2441
0.0465264
0.00498252
0.0113156
0.00109723
0.0078457
0.0543076
0.0292633
0.0103092
0.00104363
0.0359033
0.0361208
0.115096
0.000547535
0.00121891
0.0929652
0.0027683
0.0078147
0.00106834
0.00123378
0.154246
0.00240694
0.000991496
0.0881346
0.00603394
0.0192719
0.00104732
0.00364152
0.00183161
0.0756088
0.000539536
0.0417097
0.00174508
0.00634629
0.00391015
0.00833721
0.00975408
0.00921449
0.000392737
0.0182562
0.00140433
0.00061767
0.0126261
0.00151623
0.0134148
0.00124228
0.00180685
0.13922
0.00556708
0.00597573
0.00135643
0.217103
0.096205
0.135038
0.000782993
0.00285303
0.141412
0.00854642
0.00121019
0.0107587
0.00209974
0.00191048
0.00386181
0.00168333
0.0517254
0.00100203
0.000624797
0.0132174
0.00615833
0.00170662
0.00231532
0.0450308
0.272517
0.120413
0.394216
0.00118055
0.0432526
0.00377273
0.00339757
0.00169701
0.0215318
0.0105366
0.0179304
0.123766
0.0364267
0.00565696
0.000641972
0.0104719
0.00259664
0.0531052
0.0697969
0.00128884
0.00191915
0.0196167
0.00075513
0.00482075
0.0172391
0.0851928
0.003898
0.00269685
0.00627017
0.0314137
0.000230062
0.00533984
0.00170141
0.141696
0.0719495
0.00410135
0.00423078
0.118326
0.0153087
0.0123479
0.00361235
0.00610043
0.0145136
0.00199494
0.00191155
0.00535387
0.0147733
0.00415953
0.000329455
0.0310214
0.00200408
0.00256527
0.00307082
0.197449
0.0374585
0.0547648
0.00205095
0.00209527
0.0136876
0.000609936
0.044226
0.000631533
0.000853831
0.0177527
0.0231373
0.00406679
0.0267479
0.00204718
0.012921
0.00813784
0.0216472
0.157042
0.0467519
0.00117664
0.00421779
0.000920205
0.00145027
0.0554527
0.217544
0.0019752
0.00607466
0.00136144
0.00811487
0.00135206
0.00404382
0.140636
0.0294104
0.0124949
0.12669
0.00119704
0.0172948
0.000577486
0.209561
0.00230062
0.125668
0.0388726
0.02301
0.000467773
0.0315842
0.00153303
0.193408
0.00165332
0.00138611
0.137273
0.134879
0.0165248
0.0264322
0.00995374
0.148187
0.0563439
0.00402343
0.022505
0.0889354
0.000946129
0.0124661
0.00114555
0.000278959
0.0580979
0.0282326
0.176343
0.194425
0.00217453
0.00161697
0.0597729
0.00241555
0.00136303
0.00135186
0.00150822
0.0152416
0.114277
0.000769266
0.0441251
0.0310244
0.00269728
0.0133469
0.00853287
0.00195646
0.0287902
0.0108637
0.011345
0.0268509
0.00871636
0.0498495
0.000362159
0.0450102
0.248691
0.000942269
0.00167576
0.000916895
0.00556121
0.00469743
0.00796665
0.00220845
0.000437024
0.00510011
0.00187126
0.00317502
0.000544416
0.00728892
0.00851003
0.0035029
0.144305
0.141671
0.18872
0.00847887
0.162195
0.00626566
0.345955
0.0046718
0.00320269
0.00508588
0.00144139
0.0117173
0.00383505
0.00614917
0.0014477
0.00197333
0.00206345
0.00998479
0.00614912
0.0143049
0
0.00631893
0.00243802
0.00142544
0.0049755
0.0242729
0.234966
0.0030592
0.00469306
0.10263
0.0335749
0.000356346
0.0537853
0.00373844
0.00201442
0.161609
0.0078422
0.00820415
0.335053
0.00254192
0.220051
0.0311038
0.174477
0.00166275
0.0132726
0.028306
0.00287915
0.111661
0.0280094
0.0343969
0.00943188
0.00244273
0.0602942
0.00864236
0.000949961
0.1124
0.147219
0.00725916
0.0166164
0.185772
0.00334475
0.032434
0.0404037
0.00181366
0.0058256
0.02776
0.0326098
0.000442567
0.00702782
0.00226546
0.00115665
0.000624611
0.0108864
0.117385
0.031809
0.00207432
0.00221795
0.0104629
0.00150967
0.0007571
0.0286201
0.0392532
0.0955691
0.00660918
0.00377034
0.0192924
0.0040479
0.00148798
0.00165955
0.00364822
0.00143831
0.00179193
0.00366555
0.153147
0.00336576
0.00683426
0.00373719
0.0196747
0.00142956
0.000887998
0.064777
0.0185381
0.00184427
0.00155674
0.0191342
0.00346794
0.00770279
0.0103771
0.00310015
0.00611345
0.0844549
0.0798716
0.0207433
0.00195929
0.0853621
0.00107978
0.00165683
0.0123677
0.00142736
0.00276679
0.00133343
0.297835
0.00563123
0.0116223
0.0356804
0.00519775
0.00308095
0.16638
0.0104938
0.000816757
0.0150777
0.00524069
0.0586911
0.00480753
0.0120636
0.00598904
0.00690129
0.00399849
0.00246059
0.00260632
0.00115784
0.00130422
0.00220168
0.0058401
0.00264771
0.00146732
0.000224951
0.0344819
0.0992348
0.000606245
0.00094406
0.0145659
0.00927476
0.00133131
0.00179835
0.00100628
0.000926278
0.000353912
0.0163993
0.00452945
0.00159457
0.200529
0.00369285
0.00120768
0.00157034
0.00360584
0.00349654
0.00524127
0.22856
0.00555245
0.00125238
0.00182645
0.00989007
0.00104477
0.023386
0.0266931
0.00299177
0.00192889
0.192919
0.0188622
0.0273933
0.00164598
0.00264341
0.0115008
0.0703072
0.000606952
0.0112617
0.00221534
0.0118991
0.00109741
0.0447635
0.00564335
0.00749359
0.0153449
0.00440579
0.00168874
0.000681436
0.00194415
0.00760475
0.000580326
0.0376581
0.001414
0.000480948
0.0343487
0.214718
0.00516582
0.00284676
0.0396412
0.00174774
0.00233664
0.00965273
0.00133256
0.000931299
0.000778161
0.000774244
0.0212228
0.00781475
0.00271163
0.000892151
0.00911799
0.0092407
0.00204313
0.128411
0.00373039
0.003849
0.0014593
0.00158388
0.0554234
0.0889348
0.0486415
0.00194655
0.0068
0.0227233
0.000944262
0.00215361
0.00484841
0.000700344
0.0155178
0.0185937
0.00164228
0.288549
0.0181033
0.00553707
0.00178142
0.0256192
0.00261258
0.162278
0.00488247
0.0663986
0.000665855
0.000390315
0.24409
0.00402695
0.000746349
0.00245623
0.00146498
0.0263893
0.0152527
0.0696023
0.101587
0.000223213
0.209113
0.000394811
0.000350799
0.000914017
0.00103672
0.10606
0.00139961
0.0868572
0.000880779
0.270769
0.203835
0.082565
0.000198519
0.00148312
0.06722
0.00573518
0.0725409
0.001599
0.00878376
0.0361932
0.0401836
0.0365888
0.00584406
0.00604503
0.00163391
0.00105182
0.00127423
0.0192485
0.0529077
0.00470964
0.00255351
0.0944756
0.00366705
0.00253442
0.162387
0.00145243
0.00265127
0.00531121
0.0342534
0.000382494
0.0074055
0.000966193
0.00297625
0.005121
0.0143082
0.188535
0.000889771
0.00134395
0.00109504
0.0329333
0.00342105
0.00352998
0.000609527
0.00224704
0.00914735
0.0100193
0.00254318
0.00542745
0.00147238
0.00046846
0.000255732
0.00856608
0.0116035
0.0816646
0.111883
0.0052441
0.00397913
0.0742799
0.0870304
0.00120749
0.0488185
0.0329284
0.00128512
0.00276017
0.00162079
0.00162154
0.00118197
0.00365006
0.0131083
0.00415573
0.0059116
0.00113385
0.00523217
0.000702146
0.00933704
0.0983012
0.00350197
0.00504106
0.00614376
0.0014036
0.000536152
0.00151588
0.0973568
0.0736417
0.207246
0.0641831
0.00183794
0.00399635
0.0118396
0.0017398
0.000336061
0.00108091
0.0271599
0.00234947
0.0886583
0.00351559
0.0110779
0.294368
0.00373951
0.158222
0.00184943
0.00117994
0.00987886
0.000677823
0.216639
0.0128066
0.00843289
0.0136658
0.00309904
0.00245756
0.00106279
0.0623172
0.00115771
0.000551025
0.014144
0.00195527
0.000896952
0.00198696
0.1462
0.143378
0.00180854
0.00249062
0.0022251
0.00183161
0.00127438
0.223833
0.00594088
0.00197631
0.00127144
0.00161318
0.183775
0.0672331
0.000948165
0.00217903
0.000474142
0.0475004
0.000754071
0.00266246
0.0639327
0.0476984
0.0015459
0.132278
0.072393
0.00148353
0.181022
0.000141372
0.00132776
0.00455531
0.00220389
0.067441
0.00151875
0.0344806
0.0160498
0.00630899
0.00415227
0.00347474
0.144618
0.0130625
0.025972
0.0432424
0.000974857
0.00709102
0.00125578
0.00107779
0.000675004
0.505399
0.089146
0.103688
0.223665
0.000997828
0.0106603
0.000687681
0.0398057
0.163162
0.0508777
0.0196242
0.0153585
0.245148
0.0073768
0.0169716
0.00737977
0.00217694
0.000861122
0.0410849
0.24978
0.00153207
0.01007
0.0843461
0.00508745
0.0119715
0.0675963
0.00456565
0.00198702
0.0035619
0.0939775
0.120058
0.00671731
0.304876
0.000153984
0.00264188
0.00359674
0.00934674
0.0677755
0.0619101
0.000491413
0.0597004
0.00576371
0.00520127
0.00349083
0.00517065
0.0002517
0.000613968
0.00194395
0.0215645
0.000692438
0.00101279
0.00293305
0.00500789
0.115241
0.00123498
0.0195684
0.00463049
0.0016441
0.000233258
0.00033136
0.00907613
0.00111537
0.0237031
0.0656084
0.0335736
0.0464196
0.00239229
0.00295854
0.0181522
0.0249782
0.0136509
0.00549587
0.00200369
0.00374073
0.00180067
0.000416778
0.0220593
0.000915016
0.046026
0.00307454
0.000600815
0.0654503
0.0143301
0.0355748
0.00592326
0.000261265
0.0131845
0.00278242
0.000917358
0.0123011
0.00801347
0.103304
0.0246113
0.0206951
0.00212332
0.0226182
0.0308482
0.00326965
0.0330899
0.073782
0.00227908
0.000250617
0.000206679
0.0103393
0.00354538
0.0804879
0.0428399
0.0100634
0.00109744
0.00475499
0.0035374
0.014524
0.000788545
0.00597063
0.0386628
0.00569333
0.00432064
0.00146736
0.146852
0.0556332
0.0349841
0.00158314
0.00696482
0.00332729
0.000491413
0.0133908
0.00057248
0.00817849
0.000787456
0.12867
0.0304599
0.0392153
0.0590129
0.0044748
0.0276058
0.129956
0.0191415
0.111177
0.232747
0.000685499
0.00151825
0.0206472
0.0657105
0.00116101
0.0240927
0.00781134
0.00189927
0.247829
0.000480863
0.00121311
0.127757
0.0279634
0.0183242
0.00039225
0.0426093
0.000496592
0.00251934
0.0114652
0.0081219
0.00244327
0.0117018
0.000706864
0.000669394
0.00309257
0.00789205
0.0146919
0.176605
0.0356556
0.00427432
0.00222452
0.00997083
0.0543431
0.114317
0.147992
0.0117929
0.0118272
0.000656775
0.0300584
0.115405
0.0136182
0.00192098
0.00155763
0.00175826
0.00175574
0.00876683
0.187177
0.000713949
0.00385895
0.000804186
0.000395119
0.00105938
0.000232806
0.0407169
0.0034549
0.00194698
0.174702
0.00430909
0.00200266
0.00756963
0.0108436
0.181635
0.00189083
0.00221829
0.00941052
0.00468341
0.0428106
0.0239158
0.0380252
0.0026142
0.00286268
0.011095
0.000348999
0.000632656
0.00278453
0.00364646
0.00455625
0.00345292
0.0141005
0.00117918
0.00498921
0.24996
0.0141794
0.00263636
0.0208533
0.0270745
0.00226316
0.00458105
0.0266827
0.000966181
0.0624223
0.00573357
0.00190884
0.000404751
0.00284886
0.00428037
0.0128934
0.0185575
0.0198463
0.000717182
0.00889448
0.0862339
0.0860736
0.00664665
0.0562213
0.0115786
0.199579
0.0190951
0.00869489
0.0208606
0.00606198
0.00369286
0.00800296
0.0176342
0.000984653
0.000682721
0.00266893
0.094963
0.103016
0.000729627
0.235332
0.00605255
0.073216
0.000749752
0.00886561
0.0115968
0.0204527
0.00267192
0.0495196
0.0248249
0.000201146
0.0352834
0.0354922
0.000604124
0.00732775
0.147655
0.0851044
0.171264
0.0694057
0.00156434
0.000932554
0.23707
0.00251089
0.0969055
0.223796
0.0770254
0.0055697
0.0344473
0.179425
0.00033888
0.000632754
0.0887379
0.00528845
0.00300685
0.158042
0.00139338
0.00235552
0.0581959
0.0010385
0.00775405
0.00164577
0.0114258
0.000336562
0.0484416
0.0100364
0.0813202
0.0941331
0.0814724
0.0999157
0.110493
0.0662969
0.00927979
0.0389065
0.0719474
0.00114403
0.122353
0.000471547
0.00021845
0.000501276
0.0541444
0.119768
0.0014783
0.00322647
0.170934
0.158031
0.00344341
0.0066298
0.115394
0.00151977
0.0441163
0.0134383
0.00921159
0.00245436
0.00300314
0.00490995
0.00631338
0.0129003
0.0173143
0.142314
0.0011429
0.0930841
0.0172612
0.00216794
0.00904733
0.0014933
0.00468225
0.000572535
0.0250379
0.00661716
0.00149165
0.00291866
0.0156295
0.00105184
0.00292356
0.00662612
0.0320868
0.000943079
0.00102399
0.00709841
0.00241167
0.00343123
0.00359565
0.0103771
0.0012214
0.0172549
0.000863628
0.0940207
0.29684
0.00182833
0.00610294
0.000183706
0.0296647
0.000851344
0.000521696
0.000598181
0.000909407
0.000850365
0.000536204
0.000492677
0.0571823
0.0220203
0.10883
0.33982
0.000874294
0.000992902
0.0144501
0.00085899
0.145129
0.0404393
0.00151632
0.010423
0.0432029
0.00339848
0.00855189
0.0104636
0.0160266
0.00625717
0.00224272
0.000643147
0.0321083
0.00262543
0.00125885
0.0125573
0.0123186
0.00158287
0.00753098
0.00606198
0.00538729
0.0134998
0.00560876
0.0102959
0.00379862
0.0618944
0.0122575
0.00055049
0.00596162
0.000330523
0.0392872
0.0313822
0.00170373
0.00247571
0.00135229
0.0453596
0.0136975
0.226573
0.106294
0.00123148
0.223672
0.00221312
0.000950434
0.000732968
0.0355283
0.000997591
0.0217426
0.0102229
0.000777195
0.00449519
0.138149
0.00240646
0.193674
0.012145
0.00474235
0.0447531
0.0330263
0.0551517
0.00611271
0.0169569
0.253535
0.009661
0.00246334
0.0102244
0.0613797
0.00184166
0.000936055
0.00350329
0.00185781
0.00818938
0.00201809
0.00238211
0.00122361
0.00117121
0.0653122
0.0531905
0.0106014
0.00432756
0.00279771
0.00256197
0.00123633
0.00112019
0.00268977
0.00734628
0.0068652
0.184727
0.00126818
0.00362298
0.00486853
0.0707865
0.00144237
0.005308
0.00193466
0.137429
0.0495205
0.0109163
0.145291
0.192952
0.00175239
0.00561642
0.00138098
0.0152067
0.242915
0.0129068
0.00695517
0.0224356
0.00438118
0.00147829
0.00113803
0.0014269
0.00126343
0.0580697
0.134213
0.2025
0.147651
0.00275819
0.019285
0.0355636
0.0328377
0.0628715
0.00617053
0.0155882
0.00137128
0.00320036
0.00234615
0.000690619
0.00206914
0.157829
0.00298692
0.0822534
0.00150634
0.00788604
0.00582733
0.0171665
0
0.0194601
0.0859679
0.0190106
0.00348771
0.133492
0.00147563
0.0259349
0.0841226
0.00263121
0.00179019
0.315825
0.0035228
0.00408406
0.0203137
0.00209151
0.0345765
0.00251065
0.124887
0.0189698
0.126479
0.00229748
0.00905793
0.0164986
0.0203356
0.0235548
0.0346259
0.144147
0.000350885
0.00146199
0.289093
0.379216
0.00264022
0.0027915
0.00163522
0.213941
0.0661073
0.242787
0.000335137
0.00193418
0.00048087
0.00326112
0.000502488
0.0370234
0.00315048
0.00147093
0.0235558
0.00405315
0.0745339
0.0032828
0.000588721
0.00470697
0.0307624
0.0010631
0.121941
0.00119118
0.00119479
0.152551
0.0164759
0.0258829
0.0211307
0.00263825
0.00549708
0.00164218
0.0711278
0.0132852
0.00830279
0.000350536
0.0464179
0.00203748
0.292738
0.00512391
0.00443958
0.00752705
0.00117497
0.0403811
0.0137521
0.021034
0.0130889
0.0145473
0.0158452
0.00288916
0.00244856
0.150059
0.00116759
0.00603041
0.00606904
0.0147539
0.00176463
0.00209658
0.0035683
0.0366239
0.0190482
0.000325351
0.0726105
0.116833
0.00160762
0.000483146
0.000637126
0.00110271
0.0199249
0.0140255
0.0222285
0.000301129
0.118362
0.00402928
0.0177046
0.0016627
0.00098028
0.0121811
0.00207765
0.121218
0.000789571
0.00273954
0.0034089
0.000995863
0.0167535
0.0379621
0.000679417
0.183617
0.00476445
0.117186
0.000816724
0.0955635
0.0912403
0.0026054
0.00131929
0.00129583
0.0603997
0.00343323
0.0141523
0.201607
0.00900447
0.39194
0.00134667
0.00373453
0.00296988
0.0981289
0.00158921
0.00558002
0.000476837
0.0410649
0.434249
0.00310899
0.00560454
0.0248996
0.00904616
0.0291964
0.0367271
0.0284125
0.266236
0.0639946
0.0334775
0.0104636
0.00813335
0.00194649
0.000230249
0.123571
0.0109019
0.00783552
0.00125145
0.000166991
0.000241763
0.100783
0.0758024
0.152729
0.0407171
0.00340922
0.022585
0.00334954
0.00273626
0.0222903
0.00677846
0.00359477
0.0255419
0.00548681
0.205918
0.0130128
0.00764755
0.00181949
0.280381
0.00216634
0.00434038
0.0981271
0.000180918
0.0229805
0.000435709
0.00382285
0.00765526
0.0136995
0.00433257
0.00133419
0.000774199
0.00210035
0.0231635
0.0551916
0.0550588
0.000541476
0.00573082
0.182993
0.0807036
0.00182049
0.00393834
0.00454481
0.0315259
0.00100941
0.0184796
0.0228818
0.0061132
0.00186964
0.0081617
0.00199319
0.00965874
0.2156
0.00482421
0.00235823
0.113434
0.00120549
0.024459
0.0439599
0.00675637
0.00206832
0.00191207
0.0051965
0.117114
0.00263343
0.0210723
0.00250758
0.00195298
0.0190971
0.00189068
0.0853483
0.0041017
0.0450654
0.00328048
0.000337758
0.167649
0.128405
0.178676
0.00603621
0.000985923
0.00644461
0.374491
0.393486
0.109431
0.00165502
0.00223537
0.00245133
0.000886085
0.105782
0.111529
0.00262252
0.00827753
0.0931104
0.00734871
0.00290781
0.0731274
0.00111379
0.148991
0.0130812
0.00920051
0.0722646
0.0238965
0.00470379
0.000455002
0.0105145
0.132944
0.00718025
0.000349272
0.0021859
0.00464681
0.021737
0.000579338
0.0151982
0.0871604
0.127025
0.00335621
0.00072932
0.00405658
0.0515944
0.138883
0.000345775
0.054544
0.12684
0.00222309
0.0135941
0.00392423
0.00605932
0.00229698
0.00044934
0.00733251
0.0053651
0.00406169
0.00455434
0.325501
0.113051
0.00161067
0.00442227
0.0660349
0.210228
0.00328875
0.00119297
0.0525693
0.00251307
0.030439
0.00387844
0.00317575
0.136984
0.023803
0.167827
0.00693065
0.000758374
0.0023467
0.000862414
0.00786117
0.0393481
0.00109815
0.00464155
0.175918
0.0121653
0.118131
0.00209292
0.132018
0.0173373
0.00294868
0.0348817
0.0630918
0.00185094
0.0105698
0.00481574
0.167777
0.00220671
0.107861
0.0990413
0.00300723
0.119049
0.00667669
0.00210472
0.0278037
0.0063231
0.0249197
0.201918
0.00307613
0.0152705
0.0260021
0.000724561
0.00432747
0.00207831
0.00192769
0.0648756
0.0932655
0.0023224
0.00849194
0.00140532
0.00135836
0.00593901
0.0138405
0.0379026
0.0209102
0.00232187
0.00743723
0.000284925
0.00297015
0.0147842
0.000541081
0.00340168
0.0218352
0.150622
0.00750834
0.00400628
0.0341339
0.0181185
0.00171196
0.00679601
0.0070979
0.00273198
0.170274
0.0170758
0.00553707
0.0024918
0.137321
0.00180105
0.00236067
0.241477
0.00522383
0.0567687
0.0326925
0.00169021
0.00185428
0.177537
0.138099
0.14767
0.00185845
0.00184353
0.000589418
0.199733
0.0309643
0.00512988
0.0745931
0.10084
0.00377532
0.000741286
0.00408467
0.0195395
0.0586887
0.0068808
0.000286531
0.000978965
0.00290048
0.0023921
0.0111914
0.00378685
0.00249601
0.00386357
0.0102943
0.000279111
0.022136
0.000715394
0.00195115
0.00852444
0.00119395
0.0230665
0.00530954
0.0025271
0
0.00230719
0.00130709
0.00314243
0.00154884
0.00166609
0.0648301
0.145529
0.00061789
0.00147418
0.027112
0.00594456
0
0.000473644
0.163994
0.00515047
0.00495241
0.00920932
0.00345923
0.000926621
0.0667522
0.00363502
0.0342836
0.0322917
0.00413834
0.0851134
0.0991075
0.240328
0.0203592
0.00105579
0.0052563
0.0015675
0.0413631
0.00358445
0.0372913
0.00491987
0.0100525
0.0498611
0.00126445
0.000411868
0.00128418
0.0010075
0.00242806
0.00174607
0.00462652
0.155753
0.0104124
0.00923196
0.0013434
0.029194
0.210774
0.00375105
0.00246625
0.0167835
0.00667951
0.154058
0.0836131
0.00354298
0.0418791
0.00241878
0.014097
0.0453347
0.081362
0.287752
0.00600768
0.0191337
0.0188158
0.066126
0.0198463
0.02939
0.00698085
0.00328391
0.170651
0.0110559
0.0356084
0.0110903
0.00297704
0.00216389
0.00773678
0.0026253
0.0406406
0.0504553
0.0171675
0.000653403
0.00421069
0.333165
0.00241674
0.0475368
0.0441086
0.0176897
0.234192
0.157402
0.0294405
0.000358038
0.00298177
0.00454011
0.00111224
0.00292599
0.0022086
0.00421901
0.00724699
0.132595
0.00272444
0.031834
0.0363704
0.00134086
0.00426669
0.000564728
0.00204942
0.0041078
0.00449091
0.0415462
0.00372312
0.00240554
0.0133308
0.0203914
0.0204819
0.00381853
0.0140379
0.0766891
0.0739017
0.000347589
0.00430403
0.00232154
0.00112249
0.000668226
0.000797485
0.00266047
0.00788797
0.00124021
0.00120779
0.249842
0.0158966
0.000956537
0.0122233
0.00651072
0.017899
0.00829083
0.00530503
0.000827221
0.0207305
0.135141
0.00133101
0.0517645
0.00118363
0.00246105
0.130356
0.000811869
0.00068358
0.000678432
0.00188125
0.012671
0.0252933
0.138105
0.000427565
0.00161614
0.00286529
0.00196528
0.000622901
0.00126392
0.000754064
0.00206749
0.0065735
0.0596437
0.00306761
0.035277
0.244998
0.0425236
0.00205253
0.00292083
0.00102384
0.00981204
0.0185064
0.00278687
0.00118638
0.00603579
0.00638109
0.0845073
0.214342
0.00649921
0.0183067
0.00246657
0.0030571
0.00302363
0.0647606
0.0384839
0.122604
0.000872635
0.0113687
0.00480375
0.00130458
0.00617075
0.00275022
0.210957
0.000312891
0.00105134
0.00902362
0.000836124
0.00247291
0.0093639
0.143755
0.00276226
0.00179353
0.000188238
0.00247889
0.0033924
0.00951096
0.130822
0.125611
0.159753
0.0594134
0.0441837
0.00127056
0.00064964
0.00144144
0.00197665
0.0902211
0.138351
0.00190048
0.000854323
0.038982
0.000435854
0.00474965
0
0.0134133
0.00116978
0.268667
0.133981
0.0128312
0.0171959
0.00104545
0.113979
0.140832
0.114994
0.0122106
0.170658
0.174602
0.00151905
0.00682379
0.000729368
0.263863
0.319204
0.00379876
0.00273934
0.0026703
0.000642276
0.00770131
0.00825353
0.027891
0.000529005
0.00308946
0.000642633
0.0347836
0.0559548
0.0392043
0.334603
0.267168
0.00543105
0.00544141
0.0112627
0.000761982
0.000793504
0.151023
0.00257586
0.150136
0.00349185
0.0292196
0.00270718
0.000552347
0.00263937
0.000588952
0.0117084
0.00401637
0.0120656
0.0677896
0
0.00438817
0.0114551
0.00182311
0.341596
0.00273199
0.00112048
0.254557
0.0123105
0.027744
0.011446
0.0525018
0.00127184
0.00179845
0.0968294
0.130359
0.00269229
0.0104013
0.00199842
0.0139557
0.226765
0.0746698
0.0926663
0.0410965
0.00134543
0.000733395
0.00934856
0.00295109
0.0147495
0.00851596
0.0839451
0.000570616
0.00231418
0.279549
0.00150847
0.00106126
0.152931
0.0291368
0.00085415
0.00191136
0.105288
0.0200947
0.00380282
0.00559394
0.0672996
0.00291713
0.080111
0.138085
0.00225845
0.00741786
0.00787071
0.0715857
0.00617311
0.00274762
0.0864639
0.000822618
0.00099856
0.0844177
0.15301
0.0316825
0.234881
0.010117
0.0159943
0.00114795
0.0170029
0.000396644
0.00157437
0.00461669
0.00502797
0.00391156
0.00290511
0.0497805
0.0183559
0.00162154
0.00193894
0.077076
0.0042245
0.00169644
0.0197099
0.0044544
0.00504024
0.00133812
0.000659824
0.00417668
0.00104617
0.000455268
0.000911719
0.000272418
0.053002
0.0335434
0.00606198
0.0616077
0.0166965
0.000976884
0.00297278
0.0061346
0.00185928
0.00481668
0.00745312
0.00483898
0.00112018
0.00150962
0.0941304
0.00655688
0.0359766
0.00304529
0.198762
0.0644053
0.010959
0.00402772
0.00125172
0.000477749
0.00670606
0.00143008
0.00697829
0.00190036
0.0184178
0.0014777
0.0343599
0.414135
0.00161047
6.71729e-005
0.0373194
0.0100007
0.0263148
0.0097754
0.00217453
0.0681268
0.00223463
0.0034082
0.00468944
0.0939095
0.107863
0.0974918
0.00128793
0.0623697
0.000920721
0.00347413
0.00891653
0.00524861
0.00340529
0.00907837
0.00273386
0.000943316
0.00070729
0.0490781
0.0011349
0.00634746
0.00014482
0.0190033
0.00175298
0.0174765
0.00220379
0.00795271
0.240115
0.00325913
0.0580882
0.00675234
0.0931723
0.00430657
0.0143455
0.00662368
0.00399182
0.00757929
0.000966877
0.152699
0.326161
0.00307958
0.00402106
0.00138957
0.00538701
0.00101808
0.111397
0.00189716
0.00620709
0.00445284
0.000760744
0.148044
0.000332292
0.00424099
0
0.136186
0.00316847
0.0144884
0.152987
0.321322
0.138307
0.00297632
0.123105
0.00269623
0.00322501
0.00264934
0.0673247
0.019529
0.0306483
0.000761894
0.000587611
0.00115892
0.0558701
0.0457589
0.0130847
0.0136706
0.00612915
0.0103566
0.0464386
0.162377
0.00233307
0.0054055
0.00701405
0.00289868
0.17567
0.115296
0.00326343
0.00389233
0.0220656
0.0108547
0.00110246
0.000669359
6.5403e-005
0.00259139
0.0478093
0.0301395
0.0734543
0.0806465
0.0822483
0.000872717
0.013523
0.0159265
0.125343
0.133797
0.0175052
0.0134209
0.00863866
0.000464405
0.0759898
0.180782
0.00224967
0.0407239
0.00214751
0.24927
0.00855052
0.00327981
0.000426909
0.0020712
0.0262082
0.00210669
0.0450413
0.010808
0.150817
0.115812
0.0808005
0.00302234
0.00284676
0.0344292
0.00839146
0.125205
0.00898547
0.213911
0.290764
0.000514693
0.0020274
0.214243
0.00121398
0.00227368
0.00305457
0.00779859
0.00133479
0.00554343
0.043705
0.0355427
0.000472813
0.00290149
0.0192398
0.0324077
0.000788233
0.00577752
0.0317
7.36374e-005
0.000450149
0.0176367
0.00125739
0.000831748
0.0961173
0.0639831
0.00199998
0.0187808
0.00177731
0.00226872
0.0864702
0.16614
0.0583709
0.00940582
0.0272282
0.00547451
0.0104612
0.00299061
0.00235636
0.117825
0.00239605
0.00339075
0.00428997
0.00340835
0.0227442
0.15334
0.258288
0.000993256
0.00068541
0.249088
0.00590535
0.00380187
0.00525144
0.000886228
0.00310301
0.0317574
0.00352287
0.00134021
0.0158609
0.00284625
7.36373e-005
0.034726
0.00407663
0.0770004
0.0761593
0.0656145
0.0337936
0.004609
0.00140783
0.0954587
0.000778408
0.34901
0.00450694
0.0013357
0.147944
0.00197376
0.01181
0.251759
0.104742
0.0263026
0.0833145
0.00301495
0.110482
0.17678
0.00660571
0.0116451
0.108147
0.000578912
0.0257386
0.000716122
0.000732936
0.00370911
0.000560155
0.182909
0.000544085
0.0364547
0.0276397
0.0185747
0.00239307
0.00805155
0.00210945
0.0956457
0.0526641
0.00212492
0.000322663
0.00165709
0.000590821
0.000469178
0.00200216
0.00387487
0.00893757
0.00446925
0.0674072
0.00677469
0.00589087
0.041304
0.0244858
0.00367438
0.00125915
0.00400266
0.157497
0.00433643
0.000641737
0.0246325
0.0273358
0.00205213
0.00891091
0.168993
0.00107481
0.0042255
0.00138111
0.00485928
0.00170548
0.00247444
0.393472
0.0287001
0.00111752
0.0406994
0.0386561
0.000643451
0.017855
0.0380991
0.0680949
0.00653507
0.120424
0.0675694
0.0178021
0.00803452
0.0014639
0.00510202
0.039887
0.0579895
0.190837
0.00251106
0.0028717
0.000819464
0.278261
0.0480168
0.00160689
0.00520591
0.0553388
0.0373036
0.00388693
0.00818629
0.00275905
0.00153965
0.0441622
0.0121444
0.00343008
0.00177489
0.00336752
0.00268651
0.00237897
0.035608
0.00145696
0.000859702
0.00346777
0.0125334
0.012061
0.057929
0.0125531
0.00184136
0.0573924
0.0550146
0.000919184
0.0508294
0.00184339
0.00106536
0.139532
0.00218212
0.00385708
0.00212607
0.0344229
0.000292582
0.00134042
0.00106597
0.00183819
0.012036
0.0901471
0.0092973
0.00176852
0.00253676
0.249999
0.150327
0.03233
0.0033679
0.0748261
0.00194611
0.00379667
0.023146
0.221722
0.0696361
0.131465
0.00286014
0.334905
0.000623617
0.000330369
0.00135185
0.00975064
0.00108149
0.00225237
0.00267033
0.0047613
0.00233519
0.188997
0.00830979
0.00164788
0.074368
0.236651
0.00173674
0.000292344
0.0183935
0.00347686
0.000402578
0.000433374
0.0141549
0.104573
0.0101825
0.0109039
0.00166853
0.00454835
0.00185462
0.000317791
0.0044648
0.00120664
0.133872
0.00566929
0.0034401
0.00118613
3.77125e-005
0.00255294
3.59555e-005
0.00155274
0.0982911
0.00827686
0.0584288
0.00868783
0.00165676
0.000611842
0.00339214
0.120404
0.0607147
0.0765674
0.00565945
0.0176013
0.00423161
0.000868027
0.00478397
0.00891786
0.00657794
0.00387541
0.0100144
0.00318367
0.107643
0.00712943
0.00255057
0.118595
0.00140782
0.00131377
0.00178979
0.00885674
0.0354597
0.0675881
0.00107687
0.0073845
0.000784047
0.00596464
0.00240495
0.0467022
0.00397936
0.000198132
0.0323593
0.01089
0.000237515
0.0131802
0.118444
0.000750647
0.00396707
0.00229438
0.00510738
0.144143
0.149152
0.00243419
0.000648436
0.0738246
0.0665669
0.00630454
0.000263181
0.00758186
0.0958644
0.00481888
0.0128105
0.00891308
0.000462227
0.00121869
0.11593
0.147754
0.0141756
0.037995
0.14886
0.0367575
0.0430962
0.00254685
0.000915402
0.011784
0.000782264
0.0102412
0.00790869
0.00117288
0.00121151
0.0468598
0.0086491
0.00812753
0.00778347
0.000444266
0.00126935
0.00558923
0.00179973
0.0187742
0.00294773
0.00335161
0.00334326
0.00328263
0.0479792
0.000871322
0.187828
0.00439314
0.00184619
0.279755
0.00302458
0.00125257
0.120497
0.149228
0.00272477
0.00889417
0.0652395
0.010278
0.000989237
0.00592811
0.0268793
0.0303968
0.000192479
0.0565321
0.00209726
0.0954778
0.00273704
0.00119868
0.0965481
0.0110271
0.00132819
0.040132
0.00181651
0.00138646
0.00146792
0.000431936
0.000771959
0.000366532
0.0645087
0.00435721
0.00333308
0.0150912
0.170385
0.0737382
0.000524005
0.00410426
0.00167716
0.0137411
0.0572503
0.0611065
0.0041937
0.000979124
0.00108853
0.00718079
0.0105244
0.00252274
0.0430622
0.000650238
0.00370649
0.0977777
0.000839175
0.00247873
0.00101678
0.0320163
0.00373224
0.000496047
0.000373257
0.00116095
0.00795496
0.00206884
0.000927606
0.00431778
0.000212953
0.00169486
0.00739092
0.000901268
0.0384591
0.00162196
0.00311824
0.00147909
0.000771261
0.00575655
0.0143354
1.9196e-005
0.0238949
0.00128528
0.105911
0.0308257
0.0320041
0.004275
0.00161425
0.117489
0.00164218
0.0304004
0.00108138
0.00104438
0.00076782
0.0053671
0.000515399
0.0230646
0.00148183
0.018573
0.00068081
0.00595258
0.00919756
0.00198634
0.00204282
0.0074887
0.00176203
0.00741125
0.000628379
0.0330279
0.00346066
0.00427473
0.00519433
0.00671729
0.00135289
0.00320591
0.00197787
0.00161126
0.00229936
0.00250858
0.00521762
0.0117887
0.00167658
0.164975
0.0150038
0.00849957
0.00147709
0.0140595
0.0103734
0.0752747
0.000986623
0.00318235
0.00373307
0.00743973
0.000700118
0.002355
0.00162479
0.00077822
0.00018231
0.00244198
0.127231
0.00105722
0.037986
0.000892885
0.117584
0.115255
0.00571722
0.00173731
0.000736776
0.00386288
0.00352038
0.0106458
0.000634374
0.00522585
0.220196
0.00580816
0.0581683
0.000634199
0.000637982
0.00202875
0.0450654
0.00149329
0.000444129
0.143317
0.0495395
0.273457
0.025754
0.00393724
0.00460891
0.00172134
0.00383899
0.0854766
0.00453101
0.00172855
0.00357185
0.000218943
0.000693375
0.000640873
0.00217741
0.00293404
0.000455094
0.00203273
0.0436459
0.00535428
0.00509399
0.0888717
0.00378667
0.0370652
0.000698132
0.00342927
0.00194653
0.0388699
0.00257173
0.223271
0.254342
0.000657284
0.00189738
0.000903631
0.038412
0.00339427
0.00346636
0.0066866
0.113713
0.193625
0.00363454
0.00763902
0.000412183
0.000448461
0.0351181
0.0134617
0.00197525
0.00519913
0.00188067
0.0551337
0.289549
0.0467114
0.00368557
0.00169156
0.0241354
0.103904
0.183608
0.0185155
0.0300715
0.0629251
0.0314052
0.00209725
0.0751292
0.162212
0.135783
0.232248
0.00198729
0.00910307
0.00385402
0.010251
0.00527391
0.014981
0.00657487
0.0013304
0.00189021
0.00207362
0.00648838
0.0410247
0.0511061
0.000365932
0.000925677
0.00529937
0.00598242
0.246718
0.000534787
0.00448241
0.00153122
0.0058758
0.14936
0.00611825
0.00416932
0.221072
0.00172007
0.00169671
0.0015946
0.0831122
0.000367418
0.00214624
0.00395939
0.0668186
0.0596483
0.160853
0.0020693
0.00253626
0.0143198
0.00245322
0.00109255
0.000933161
0.00140091
0.026283
0.00329504
0.00110798
0.00367566
0.00119143
0.0128183
0.000408365
0.132086
0.00264851
0.00512027
0.105202
0.0263952
0.00146601
0.00300593
0.00442064
0.00598129
0.0403452
0.285918
0.160073
0.198856
0.00808585
0.00299582
0.00185714
0.129369
0.0973942
0.00130267
0.00040476
0.0031815
0.000981014
0.00171227
0.000919075
0.0469976
0.00176302
0.00162947
0.000601197
0.00801367
0.300996
0.102646
0.0178475
0.0355647
0.00253165
0.00110472
0.00391685
0.0370448
0.064205
0.309605
0.000445053
0.35103
0.0422858
0.00416204
0.0676512
0.000583733
0.00243304
0.00177784
0.128359
0.00619002
0.0391759
0.00347987
0.00235508
0.00437189
0.00326719
0.21219
0.000934028
0.115004
0.131379
0.0469158
0.00468412
0.0216332
0.00311751
0.0312129
0.0361751
0.0163675
0.00131052
0.00147053
0.00482957
0.00110497
0.174433
0.0118657
0.00213024
0.0770991
0.0398662
0.00470404
0.00223199
0.00890378
0.267006
0.00136729
0.00168106
0.0011239
0.160045
0.0994665
0.0180149
0.0884931
0
0.00297009
0.149461
0.00244923
0.0790051
0.00752615
0.125566
0.0781391
0.0545213
0.0483181
0.00965325
0.108308
0.00858784
0.0353065
0.0385115
0.00171902
0.00139521
0.34735
0.0954573
0.00140413
0.000905419
0.0297251
0.000460656
0.0323213
0.0120533
0.00078052
0.39799
0.00783306
0.198501
0.00145584
0.160607
0.00879858
0.00824631
0.247749
0.0176621
0.00683766
0.00116542
0.00189142
0.0140282
0.0343313
0.0308808
0.00314833
0.00707449
0.00368394
0.00152101
0.368985
0.112473
0.0011206
0.00126045
0.00165886
0.00174092
0.00586385
0.000436402
0.00635448
0.00240216
0.00237942
0.0184865
0.0617086
0.00530992
0.00286632
0.000938524
0.00132592
0.000295332
0.0129942
0.0154822
0.0186936
0.00131117
0.0029814
0.0174502
0.0533758
0.029038
0.239082
0.0776132
0.0021393
0.00149043
0.00235743
0.00370194
0.0198194
0.0103226
0.0863944
0.000748983
0.00344261
0.00522682
0.0265085
0.13548
0.0334503
0.00279295
0.136499
0.00268859
0.0375925
0.0033661
0.000708421
0.00301524
0.00162967
0.000485065
0.127941
0.136032
0.00209318
0.000421419
0.0149774
0.0018643
0.00648877
0.0646596
0.0028968
0.0664866
0.00108415
0.00259734
0.145214
0.000718009
0.00657975
0.0927285
0.155906
0.1305
0.00295434
0.0185367
0.00245559
0.0134474
0.00122868
0.00173011
0.00164911
0.0187938
0.00489438
0.192011
0.00193829
0.000857381
0.00214161
0.0810231
0.00891634
0.0227339
0.00280871
0.00249566
0.0128608
0.00395045
0.014501
0.0124308
0.107577
0.0483161
0.00202906
0.169508
0.0229233
0.108941
0.00643079
0.0123759
0.1559
0.125832
0.119705
0.0208152
0.0340658
0.00259606
0.0599024
0.00540623
0.000557746
0.0840033
0.014182
0.0141572
0.00252877
0.000892606
0.0673436
0.00467059
0.110679
0.0814931
0.00337727
0.00474839
0.00157594
0.00547106
0.000320529
0.000592435
0.0299192
0.000664635
0.00256926
0.255983
0.103405
0.00131397
0.000546165
0.0127227
0.0160189
0.023069
0.00272103
0.123787
0.00164369
0.165751
0.0247465
0.10649
0.0145108
0.0921246
0.00764956
0.131475
0.00766611
0.185233
0.0206927
0.00349854
0.220623
0.000644769
0.00294103
0.00115259
0.00260795
0.337341
0.141896
0.267404
0.00195732
0.00709841
0.0665492
0.0540348
0.00163048
0.000803184
0.00272629
0.00544625
0.00502016
0.0136156
0.0128676
0.0595464
0.00114624
0.0358595
0.0336392
0.119656
0.00152093
0.00326983
0.0290393
0.00550124
0.000744286
0.0093833
0.00498803
0.0133393
0.0011519
0.10377
0.00272373
0.0091734
0.0125395
0.00293908
0.0016019
0.129513
0.0269546
0.0661884
0.0252628
0.0395417
0.0215224
0.00376928
0.414676
0.0943293
0
0.000296907
0.00884674
0.00633447
0.000761687
0.0133917
0.00175815
0.300018
0.00646783
0.0783904
0.00102505
0.0038525
0.00497458
0.00194678
0.00095542
0.00268153
0.000486487
0.0560063
0.0071449
0.0399636
0.00801784
0.0015224
0.0796258
0.103119
0.00186881
0.00272343
0.00365753
0.0301106
0.00103816
0.00111722
0.00223407
0.00899675
0.00224075
0.023573
0.132629
0.000834475
0.00260727
0.00551198
0.113095
0.108646
0.00603587
0.00316703
0.00123336
0.00853085
0.00379564
0.290002
0.0399022
0.00905809
0.000999553
0.00441669
0.0163741
0.00325813
0.00331719
0.00415115
0.00211724
0.00135746
0.00458933
0.000556003
0.0199136
0.00074431
0.000413924
0.00381428
0.00356188
0.00642266
0.000445801
0.0064313
0.00227453
0.249551
0.0110897
0.0238199
0.00991909
0.00114028
0.0257162
0.037738
0.0013567
0.0298637
0.00258653
0.11137
0.000381308
0.109552
0.0110319
0.000653484
0.0046148
0.0696241
0.00300927
0.113613
0.00794729
0.0355508
0.00625611
0.227431
0.015418
0.00479476
0.00156101
0.000482617
0.00111375
0.00232881
0.0264892
0.00134141
0.000981792
0.446869
0.0941405
0.00172751
0.000286531
0.000428433
0.00122191
0.00346527
0.174026
0.302257
0.000955531
0.0244822
0.00713514
0.00144155
0.0047535
0.00211754
0.00495092
0.0165546
0.00088143
0.0023824
0.0856277
0.000536608
0.00313639
0.015557
0.0298633
0.145307
0.23035
0.250932
0.0545756
0.113058
0.118719
0.000731088
0.151902
0.00436612
0.00417093
0.0701158
0.0026366
0.00285803
0.000481405
0.00345792
0.0554731
0.193604
0.000761314
0.135918
0.0022632
0.00167977
0.00212343
0.321723
0.00144535
0.167234
0.0127478
0.00442872
0.000637609
0.000781809
0.000831363
0.0701393
0.00336959
0.00262578
0.000365052
0.000871436
0.00319739
0.00291445
0.00488791
0.127203
0.00841994
0.00103637
0.0122865
0.00134092
0.00143649
0.00135227
0.00261
0.00660908
0.00282338
0.119952
0.0780877
0.00835007
0.0063279
0.0150594
0.00390934
0.00480386
0.000993743
0.0119021
0.0414786
0.175035
0.0344581
0.00243179
0.00299088
0.185258
0.000628927
0.1712
0.00137527
0.0037122
0.126194
0.028945
0.0875018
0.00762272
0.00416685
0.204175
0.0725382
0.0331535
0.00264298
0.00334293
0.0717741
0.0121044
0.00176954
0.0434983
0.21861
0.305079
0.114225
0.0383059
0.00180118
0.00547224
0.00074231
0.0527172
0.00133469
0.00389625
0.108068
0.136118
0.107317
0.0018995
0.036552
0.00364421
0.00187999
0.00907631
0.018857
0.000685035
0.000977272
0.0371277
0.140871
0.048083
0.0112925
0.0133427
0.00194016
0.00130225
0.00396623
0.00364087
0.000834632
0.0053353
0.0494989
0.0129778
0.188215
0.000850913
0.0083068
0.113778
0.00401801
0.0885062
0.00150075
0.13891
0.0031371
0.000406749
0.00178648
0.277185
0.304781
0.0303369
0.00450063
0.178791
0.0851216
0.0421512
0.147758
0.229488
0.00213673
0.251362
0.242097
0.101049
0.000155963
0.00179093
0.030124
0.242421
0.00155831
0.00213575
0.000917677
0.00118965
0.00540631
0.0043347
0.0015602
0.00428332
0.0511908
0.00598346
0.00132901
0.00133456
0.0331072
0.0344409
0.0287638
0.00328429
0.00432441
0.0258563
0.00355797
0.314808
0.000645554
0.00263827
0.0607216
0.122342
0.118807
0.00395888
0.00777455
0.00754558
0.00255942
0.00112111
0.0505326
0.00138383
0.000386151
0.0237804
0.00349548
0.000999958
0.172145
0.000842391
0.00298259
0.00184982
0.113622
0.0925173
0.0252538
0.00167495
0.00315137
0.143381
0.1852
0.253676
0.176536
0.0128235
0.00496128
0.106885
0.135507
0.12296
0.100175
0.170654
0.0728162
0.00396247
0.0268799
0.263285
0.173524
0.0141546
0.00126036
0.00270185
0.198152
0.173938
0.00638565
0.00268398
0.00596013
0.00282654
0.00709097
0.00110057
0.00548873
0.0026032
0.00467056
0.00766769
0.000658335
0.0016583
0.0374224
0.0308042
0.00135031
0.35676
0.00097655
0.00119305
0.223167
0.277383
0.00114752
0.00216957
0.0765348
0.000633959
0.0371184
0.160544
0.0067973
0.101778
0.00997583
0.0132115
0.000599251
0.00451545
0.290172
0.00238167
0.00215993
0.0172345
0.18473
0.00303245
0.163451
0.00980637
0.0107592
0.00409332
0.0327168
0.181532
0.269103
0.0312551
0.00695474
0.076229
0.0144959
0.00122669
0.000651922
0.202665
0.165962
0.00211549
0.00360019
0.00579342
0.00422251
0.136017
0.128207
0.000898019
0.000334179
0.00132226
0.00113958
0.217408
0.00980933
0.00342546
0.177887
0.0468503
0.00164883
0.00171121
0.241908
0.0139428
0.000592097
0.111542
0.131081
0.0545378
0.0284697
0.127884
0.146174
0.116053
0.0613741
0.127791
0.132014
0.0125585
0.004738
0.289807
0.00677993
0.00886096
0.0204542
0.00314169
0.00947048
0.00174369
0.283189
0.00213177
0.0137464
0.000935198
0.00495681
0.013226
0.0326992
0.00114078
0.0330511
0.000828435
0.00195054
0.00624547
0.00205821
0.000463825
0.0158407
0.0195914
0.00207384
0.00706182
0.0653758
0.000971254
0.00245723
0.0452804
0.0579803
0.0214684
0.00180519
0.000754793
0.113397
0.000971349
0.00300705
0.000704653
0.00220077
0.0470324
0.000262877
0.0133332
0.00249482
0.137276
0.109341
0.0789912
0.00181168
0.0327666
0.00488423
0.00162679
0.00196244
0.000394553
0.269317
0.309146
0.0445006
0.00161993
0.0792825
0.00879234
0.00202287
0.00644533
0.00671104
0.051386
0.00199067
0.0596903
0.000576376
0.00364355
0.042182
0.0012429
0.000347071
0.0101956
0.00326588
0.00303202
0.150843
0.00157601
0.0280932
0.12346
0.120407
0.0362391
0.138598
0.000999122
0.00588517
0.000225524
0.0178832
0.0016011
0.0011801
0.0317091
0.0035806
0.00508454
0.139141
0.0042584
0.00145785
0.00266948
0
0.00188257
0.327512
0.00270861
0.000955442
0.00256951
0.0127342
0.0575911
0.00971468
0.00964875
0.00943888
0.113379
0.000308589
0.0657816
0.0150892
0.00309198
0.0146086
0.0620079
0.126398
0.0975433
0.0351552
0.00442064
0.00155685
0.0315193
0.0124316
0.000993534
0.00507897
0.059626
0.00851869
0.00496838
0.0113548
0.00226023
0.00135497
0.0642973
0.000312804
0.00172716
0.0110366
0.0871567
0.0933953
0.00472904
0.00175798
0.0033578
0.00311322
0.122884
0.181566
0.00395001
0.120895
0.159704
0.000520214
0.000918507
0.00547547
0.000475548
0.0350728
0.061215
0.204853
0.00202868
0.00143327
0.00590097
0.0197079
0.00478676
0.0950103
0.107411
0.00266876
0.00678385
0.0332307
0.00169038
0.000800515
0.110426
0.00120581
0.00125822
0.00102326
0.00183882
0.00108384
0.00182303
0.0165195
0.00386211
0.16846
0.00338817
0.00852163
0.00235254
0.00910668
0.00328245
0.00759478
0.0302117
0.00277441
0.00194126
0.000731807
0.0063926
0.0430101
0.00196062
0.134939
0.00344682
0.00302245
0.2015
0.19487
0.0298071
0.0857689
0.023435
0.0335886
0.0985109
0.0125345
0.0744075
0.205229
0.00137689
0.00144045
0.183404
0.00229242
0.150368
0.0709987
0.00174387
0.267706
0.0106143
0.00623799
0.00240754
0.0024938
0.00186508
0.0018161
0.206153
0.00281046
0.00343566
0.122039
0.0030928
0.205058
0.120883
0.00169919
0.00325414
0.0678051
0.193436
0.124082
0.0019177
0.0152396
0.00317478
0.0701747
0.00287853
0.00125087
0.000965443
0.116418
0.00263757
0.0508931
0.28422
0.00126917
0.00206547
0.0975794
0.113891
0.130175
0.0018649
0.00338198
0.122716
0.0112193
0.00153739
0.0031425
0.0116147
0.147102
0.00405052
0.00243932
0.000267299
0.000469905
0.0187342
0.00143651
0.00175742
0.354037
0.0658495
0.02672
0.00197763
0.0303518
0.156243
0.0127895
0.433499
0.0008854
0.000512007
0.00169273
0.126129
0.00204963
0.0565925
0.200958
0.00424452
0.000170902
0.246417
0.00138266
0.010723
0.0957967
0.106197
0.26455
0.00070299
0.0245319
0.0276452
0.00285324
0.0281753
0.00809445
0.0012109
0.0863921
0.0339044
0.00404711
0.00347115
0.0100524
0.0139364
0.0830146
0.0720414
0.183993
0.128269
0.000976727
0.0379093
0.000596876
0.0201864
0.141301
0.00206866
0.0158736
0.00141077
0.000690974
0.109286
0.150348
0.00277756
0.0255143
0.000995738
0.0158746
0.00315326
0.00932375
0.0675437
0.0988004
0.102199
0.00327798
0.000281072
0.0076513
0.000302701
0.00217885
0.00376926
0.00597972
0.00253102
0.00829117
0.043076
0.211313
0.000180154
0.00187642
0.00121232
0.00908406
0.000511068
0.000681276
0.0151229
0.108743
0.142342
0.0102655
0.000916196
0.00216904
0.00443489
0.00209726
0.224574
0.000787778
0.00223104
0.240119
0.117637
0.0852631
0.104157
0.147314
0.158757
0.106431
0.0219976
0.0219748
0.0182254
0.00138025
0.00135097
0.00116431
0.0561017
0.0153236
0.146454
0.000792742
0.0255381
0.0266094
0.0215915
0.0519596
0.0448828
0.0448843
0.00124223
0.00256378
0.00261443
0.00462761
0.326295
0.11628
0.0840852
0.00175765
0.163316
0.175145
0.00255129
0.28116
0.277373
0.122776
0.00209988
0.00338022
0.00767089
0.00260295
0.0411301
0.00326883
0.0456897
0.00124531
0.00182213
0.00405936
0.00381984
0.0119872
0.0266435
0.0688691
0.117548
0.0167403
0.00218904
0.170724
0.115539
0.0210823
0.00649454
0.0235009
0.0172349
0.0326718
0.00126575
0.174296
0.0436553
0.00490529
0.143326
0.00969414
0.196354
0.157479
0.112723
0.304788
0.185973
0.00406679
0.138723
0.00116426
0.00391971
0.158284
0.00160032
0.00130924
0.137423
0.0980069
0.141743
0.240691
0.171129
0.000800707
0.0034661
0.142799
0.00167689
0.00173143
0.00184006
0.0659536
0.0957001
0.00258144
0.00189454
0.0208344
0.0777553
0.0831886
0.0031741
0.0344482
0.00743093
0.00910185
0.00995246
0.365228
0.099977
0.000265617
0.10078
0.132831
0.0333836
0.00162848
0.135853
0.00279829
0.016215
0.0323472
0.0069884
0.00354458
0.019902
0.0636986
0.168825
0.0184328
0.0245894
0.00645768
0.00211296
0.000559142
0.00212634
0.0200393
0.156528
0.00266125
0.00139785
0.000346114
0.140175
0.00132042
0.0143499
0.0142735
0.213253
0.288517
0.0913118
0.199421
0.0223963
0.0412572
0.00927479
0.188677
0.00161547
0.0035994
0.101638
0.154292
0.0130198
0.0408805
0.113684
0.0178011
0.0369316
0.186426
0.147248
0.00137936
0.000634521
0.131833
0.00264845
0.00266063
0.0018937
0.174278
0.000435855
0.129799
0.102034
0.0568163
0.000600007
0.00192883
0.360617
0.0113934
0.00332686
0.00426161
0.0393681
0.0458401
0.000793298
0.00361999
0.00264503
0.00943595
0.0428291
0.00150032
0.0421511
0.00104032
0.00241378
0.00463365
0.00216864
0.337313
0.00404052
0.0775703
0.00426892
0.070732
0.0575006
0.0100413
0.00274675
0.159111
0.0856092
0.140328
0.00785403
0.108402
0.005233
0.103703
0.00120508
0.103903
0.159838
0.00642432
0.0241355
0.00266431
0.0650986
0.0996827
0.000747736
0.237896
0.107093
0.209515
0.00175803
0.0174624
0.00965939
0.0181495
0.0264464
0.0309055
0.00103682
0.00081818
0.000628174
0.00365676
0.00358745
0.17045
0.0131861
0.135473
0.20758
0.00197168
0.0141223
0.00605503
0.11101
0.0996725
0.127173
0.247017
0.02217
0.102887
0.00584309
0.0037674
0.00345245
0.0155485
0.0911132
0.00266549
0.0868985
0.00680644
0.208061
0.332192
0.0334348
0.00210444
0.0280967
0.00355948
0.00148116
0.0165651
0.0028329
0.00368686
0.00237556
0.00897474
0.0726094
0.00226551
0.0500367
0.208432
0.00503525
0.00407641
0.296259
0.0606185
0.00163767
0.031918
0.0351882
0.0293457
0.276675
0.187849
0.00153736
0.0424394
0.0533613
0.0401243
0.0404635
0.144257
0.00432712
0.00428985
0.113997
0.0676917
0.00940785
0.187619
0.0676655
0.105491
0.0885565
0.00405146
0.0297023
0.0399822
0.0505917
0.00258357
0.00500655
0.153949
0.418732
0.0766923
0.00349
0.00432276
0.00161435
0.00299106
0.0025702
0.267301
0.029526
0.0136561
0.010678
0.00744504
0.14154
0.167377
0.131081
0.0417764
0.190794
0.124907
0.0288748
0.00256003
0.00152073
0.00141502
0.0123318
0.0311288
0.28184
0.143171
0.0376862
0.0308985
0.102035
0.00199574
0.057481
0.0660876
0.00247373
0.25274
0.153109
0.121544
0.0423826
0.483578
0.100931
0.149803
0.0282883
0.0336505
0.00634248
0.124703
0.00226152
0.026766
0.121394
0.0373725
0.169205
0.158185
0.122202
0.12238
0.164226
0.00368559
0.201752
0.00202928
0.00202041
0.0401701
0.0393096
0.138133
0.0952669
0.0118843
0.0518843
0.250317
0.110727
0.0948264
0.171964
0.246774
0.143053
0.122562
0.1409
0.119472
0.0323543
0.0347873
0.0807588
0.00423027
0.0125564
0.042463
0.00406679
0.257632
0.00186367
0.00234873
0.00146816
0.00903647
0.0404924
0.0407938
0.446543
0.0260722
0.344183
0.0084289
0.00242572
0.00689159
0.23992
0.197456
0.122098
0.316662
0.218955
0.0482609
0.0348875
0.0997075
0.0840474
0.0977215
0.0106285
0.0265901
0.118175
0.00331916
0.27259
0.244742
0.0719148
0.00389447
0.152647
0.131051
0.332247
0.379832
0.119357
0.391256
0.133764
0.00318436
0.0263704
0.133892
0.0483679
0.00982291
0.155105
0.0886317
0.0472388
0.0018374
0.00421787
0.00213706
0.00684368
0.000935309
0.00818192
0.199687
0.0277183
0.000620547
0.014437
0.129917
0.00365474
0.00536587
0.00598466
0.00956289
0.000709258
0.00524126
0.00177274
0.00548264
0.00476913
