8792
0.00303486
0.000658985
0.000964507
0.00135714
2.34132e-006
0.000684883
0.0234271
5.18982e-005
0.000325892
0.00345191
0.000690383
0.000324597
0.000314992
0.00137383
1.80458e-005
0.000105319
0.000473866
0.000593333
0.00134871
9.70581e-005
0.000216809
5.49174e-005
0.000603808
8.27443e-005
0
4.16362e-005
0.000428884
0.000108846
0.00142119
0.000732575
0.000588332
0.00094038
0.000201106
0.000742842
1.36144e-006
0.000191972
1.52559e-005
0.000141113
0.0015934
0.00012196
6.1041e-005
0.000193453
0.000582593
0.000378756
1.34541e-005
0.000618495
0.00185537
0.00125154
0.00133372
2.31861e-005
9.10105e-005
0.000521607
0.00136548
0.000374614
0
0.000152956
0.000219162
4.94422e-005
9.58951e-006
0.000659172
0
0.00104416
0.000348512
1.50058e-005
3.48845e-005
0.000287218
0.000107516
0.0209112
0.00633854
0
0.000298504
0.000624321
0.00709157
0.000519107
0.000181151
0
0.000635935
0.000750763
3.81359e-005
0
0.000990187
0.00109784
0.000362838
8.46043e-006
0.00077147
0
8.28999e-005
0.000104336
6.98174e-005
5.18637e-005
0.00029923
3.69229e-006
0.000255951
0.000570411
0
0
0.000193984
0.0001545
0.000754211
0.00012899
0
0.000448291
0.00101075
0.00133337
0.0002866
0.000184121
0.000107856
4.56191e-005
0.0134062
0.000191021
0.000667883
0.000210832
0.00104421
0.000741471
0.000372675
0
0.000273637
7.39115e-007
0.00102499
0.000292373
0.000308026
0.000403358
0.000186342
0.000170977
0.000132657
1.99669e-005
1.70462e-005
0.000127189
0.000725641
7.4684e-005
0.000954634
0.000183712
0.000778579
3.38985e-005
7.28329e-006
0.000423514
0.000169734
9.69585e-005
0
0.000566225
4.56191e-005
0.000161758
0.000135583
0
0.00114367
0.000965368
0
0.000125152
7.31755e-005
8.13758e-005
0.000645496
0.000481993
0.000294282
3.63206e-010
9.85226e-005
0.000416001
0.00107115
0.000242026
0.000648002
8.09619e-005
0
0.000301034
0.000147537
0.00119647
0
0.00022393
0.00133611
0.00020369
0.000236318
4.17643e-005
2.31966e-005
0.000711624
0.000107188
0.00573371
0.000454221
3.55814e-005
0.000130293
0.000177542
0.00025573
8.01082e-006
0.00173091
0.000254696
0.000242792
9.49939e-005
0.00114626
0.000178939
0.000937704
0.000335679
0.000220083
7.45315e-005
0.00320483
0.000562124
4.7153e-006
0.00141592
0.000179426
0.000730914
0.00111926
0.00203311
1.07498e-005
0.000256542
7.98397e-005
0.000775726
0.000855995
0.000549648
0.000921674
0.00154749
0.000302333
0.000398372
0.000644369
0.000102006
2.60488e-005
2.56477e-005
0
0.00128598
1.38319e-005
0.00228537
0.000667985
0.000165853
0.000136554
0.00357606
0.006404
0
0.00310521
0.00400932
9.82122e-005
0.00271895
0.000753763
0.00094193
0.000684989
0.00325882
2.17195e-005
0.000690939
5.39603e-005
0.000653645
0.000607317
0.000538956
0.000238881
0.0038128
0.00114105
1.38117e-006
0.00154382
0
0.00173241
2.92695e-005
5.69045e-005
0.000951231
0.000458095
0.00209223
0.000317488
0.0274885
1.55231e-009
2.93549e-006
0.00195702
0.000924136
0.00040941
0
0.000246658
0.00115245
9.91644e-006
3.31222e-006
1.36812e-010
0.00288787
2.72665e-006
0.00186643
0.00106455
0.000790205
0.000534935
0.00232008
0.00129098
0.000212781
0
0.000609232
0.000396439
6.1939e-005
0
0.000210951
0.00386729
0.00156744
0.0398928
0.00147284
0.000179777
0.000203405
9.69589e-005
0
0.00189885
0
0.000612063
0.000971951
0.000279621
4.17184e-005
0.000459128
0.000255399
8.10307e-006
0.000131355
0.000383805
0
0.00138015
0.00122087
0.000198518
0.00275057
0.000678745
0.0889142
0.000141621
0.000482535
0.0013496
0.0028386
0.000264672
0.00275916
0.000241157
0
0.00116319
0.000532207
0.00289443
0.00207242
0
0.000830121
0.000850382
0.000311898
2.10921e-005
0
0.000367684
0.000382602
0.00689399
0.000234381
0.00149688
0.000669707
0.000130866
0.000974085
0.00011754
0.000128713
0.000712275
0.00133355
0.000220855
0.00670071
0.000874904
0.00246044
5.95411e-005
0.000445659
0.000862774
0.00196297
0.000501216
1.38291e-005
0.00150627
0.00174101
0.00195339
0.00013998
0.000936031
8.27345e-005
0.00135138
0.00880282
0.000436412
0.00153898
0.000878368
0.000287617
5.65994e-005
0
3.64126e-005
0.00049577
0
0
0.000272685
0
0.000207645
0.00094318
0.00274601
0.00117023
0.000930268
0.00546741
0.000321479
0.000210374
0.000585344
0.000199926
0
0.00163461
8.48173e-005
0.000666595
9.00762e-005
0.000608974
0.000354667
1.00901e-005
0.000592492
0.000155988
0.000164701
1.15924e-005
0.00011909
0.000129751
0
0.000503487
0.000501716
0.00172784
0.00109129
0.000179374
0.000168096
0.00101339
0.000174201
0.00233394
0.00374119
2.95948e-006
8.93841e-006
0.00095767
0.00204827
0.000145297
0.000639792
0.00439916
0.00132447
0.00020443
0.000128615
0.00208566
0.00142154
7.29669e-011
0.000210524
0.000573662
0.000357676
0.000292478
0.00225287
0.000212031
0.000570762
0.000609477
0.000151226
0.000953753
0
0.00067286
0.0736691
0.00198962
0.000598674
0.000322667
0.000618221
0.000621264
2.9536e-007
0.000388677
1.30303e-010
0.00013349
0.000854596
0.00072166
0.00141878
0
0.000452805
0.000260203
0.00167271
0.000130095
0.000134977
0.00303324
0.000739448
0.00141037
0.00162284
0.000262251
0.0268454
0.0145149
5.87569e-005
0.000795379
0.000484621
0.00178696
0.00395196
0.00290143
0.000757132
0.00104778
0
0.000964972
8.68588e-005
0.00101546
0.000492131
0.00365864
0.000136084
0.000811601
0.00021775
0.00141741
0.00400239
0.0065534
0.00544573
0.00271869
0.0002765
0.000199763
0.000223651
0.000548158
1.77564e-005
0.000557335
4.4068e-005
0.000739933
0.00722117
0.00189528
6.05218e-005
0.00652148
0.000808631
4.73745e-005
6.88873e-005
0.00170545
0.0016572
0.000547688
0.000245815
0.00168553
9.81941e-005
0.0011986
0.00123489
0.000943272
0
0.00227242
0.000491809
0.000223405
4.65528e-005
0.000173795
8.54569e-005
0.000351819
0.00350729
0.000635448
0.000149552
0
0.000198496
0.00105861
0.000453785
0.000380924
0.00132154
0.00045572
0.00740023
9.47958e-005
0.00271518
1.55483e-006
0.00813613
0.000576367
0.0318666
0.00341246
0.000307986
0.00011239
0
0.0072835
0.00140335
0.00196892
0.00148595
0.00160307
0.000139907
1.41079e-005
0
0.000275371
0.000285702
0.00745694
0.00688414
0.00220628
0.00238182
0.000524708
0
0.00140557
0.000323079
0.000227778
0.00122973
9.16995e-005
0.000417476
0
5.51693e-005
0.00818569
0.00080983
0.00156709
0.0299012
6.76061e-005
0.000270331
0.00639459
0.000233426
0.000638543
0.000790835
0.00182042
0.00932404
0.00193644
0.00256416
0.00142337
0.000338612
0.00133997
0.000765444
8.56844e-005
0.000200873
5.57822e-005
0.000654459
4.24632e-005
3.31217e-006
0.000264815
0.00218822
0.00117837
0.00016362
0.00112444
0.0028681
0.000529588
3.30713e-005
0.000248849
0.00487793
8.99953e-005
0.000283328
0.00138021
1.03093e-005
0
0.000240279
0.00345883
0.00199303
7.20779e-006
0.000229377
0.00125417
0.000559903
0.00199181
0.000251472
0.000113571
0.00330186
0.00150782
5.4711e-005
0.000364885
0.000847869
0.00660123
0.000205769
0.000609879
0.0160861
0.00100351
0.000127767
0.000407655
0.0013315
0.000235179
0.000945466
0
0.000908313
0.00169814
0.000716739
0.000545113
0.0013828
0.00253041
0.000220119
0.00594426
0.000488058
0.0017444
0.0104976
0.00275949
7.85092e-005
0.000267165
0.000962045
0.000278387
2.06493e-005
0.000152554
0.00130557
0.000440074
0.000541048
0.0306442
0.00195896
0.00150516
0.000243345
0.000436747
0.000490311
0.000104155
0.00011776
0.00222694
0.000342386
0.000469978
0.000125137
0.000681093
0.000114306
0.000830652
0.000164222
0.00115243
0.000249592
0
0.000101777
0.00160556
0.000460261
0.0012629
0.000862435
0.000768203
0.000730643
4.96923e-005
0.000287298
0.000477569
1.06688e-005
0.0099015
0.000142754
0.000678053
0.101859
9.12601e-005
0.000384297
4.49241e-005
0.00363412
0.000714139
0
6.99476e-005
0.000903834
0.00256897
0
0.000454304
0.000286273
0.00124416
0.000572847
3.01842e-005
0
0.000157823
0.00163772
0.00113624
0.000107596
0.000358041
0.00213171
0.000299545
0.0288129
0.000326397
0.000436878
0.000105421
0.000410704
0.000170891
0.000870724
0.00324057
9.07545e-007
4.81098e-005
0.00202473
0.00176775
0.000169482
0.000281133
0.000202677
0.000137852
0.000214457
0.000119384
0.00178223
0.000488383
0.00116117
0.0029356
0.000283691
0.00532083
8.79114e-006
8.42788e-005
0.0027121
5.37058e-006
0.000158342
0.0313022
0.000172608
0.00140489
0.000231991
4.29628e-007
0.0013666
0.000361897
0.00615999
0
0.000122129
9.48905e-005
0.0147139
0.00283162
0.000116579
0.0023412
0.00899628
0.0207288
0.000283128
0.000763041
0
0.000298907
0.000569501
0.000631429
0.00112586
0.00143223
0.000228433
0.000699231
0.00196614
3.69472e-005
0.0006178
0.00154546
0
0.000215057
0.00145663
0.000601165
0.00581037
0.00556049
0.000791353
0.00042628
0.00050875
0.00256815
0.00124723
0.00032532
0
0.000300778
-2.65953e-009
0.000420742
0.000266563
2.67275e-006
1.10531e-005
0.000504469
0.00184612
0.000419128
0.000147845
0.000257635
0.00279031
0.000456521
0.000337394
0.000659909
0.000849415
0.000769872
0.00191099
0.000540948
0.000229476
6.87235e-005
0.000769395
-3.7499e-009
0.00162947
8.8287e-005
0.00757077
0.0021988
0.000139878
0.00222956
0.000121027
0.00271912
0.000194811
5.16926e-005
0.000251777
0.000202188
0.000137445
0.00492407
0.000197329
0.00552029
0.000959905
0.000823667
0.000534141
0.00847811
0.000719405
0.00340854
6.1958e-008
0.000236423
0.00199183
0.00339495
0.000141191
0.00984432
0.0128224
0
0.000164277
2.92152e-005
0.000291862
0.00138957
0.00181377
0.000152489
0.0126947
0.00531301
0.00594214
0.000488983
0.00147905
0.000183338
0.000987264
4.98009e-005
0.000789646
0.000174904
0.00177682
0.00302908
0.000610767
0.005236
0.000363797
0.00412358
9.1744e-005
0.0201877
5.21457e-005
0.00168798
0.00681388
0
0.0111112
0.000229418
9.87428e-005
8.62492e-005
0.000219938
0.000226301
5.53936e-005
0.0850809
0.000556086
0.00126359
0.00392083
0.0134661
0
0.000437479
0.00010067
0.00756407
8.89108e-006
1.12802e-005
0.000197756
0.0015449
0.000681966
0.00173556
2.39261e-005
0.000561399
0
1.83745e-005
0.000237466
0.00124449
0.00182021
0.00230961
0.0109492
0.000922198
0.00144279
0.00648205
0.000852246
0.00785235
0.000292924
0.000184502
0.000124428
0.000350838
0.00576086
0.000351472
0.00185497
0.000324799
0.000765627
0.000576309
0.00016215
0.00103641
0.00037524
3.67283e-005
0.000963326
0.00154934
0.000126102
0.110601
0.000340597
7.24468e-007
0.000600842
0
0
0.000249272
0.0067401
0.0343238
0.00249696
1.42426e-005
0.00165668
1.66466e-005
0.000188757
0.00164102
0.000471718
0.0370259
0.00032113
0.000168296
0.000273125
0.000481144
0
0.00316814
0.00136342
0.000260273
0.000487639
0.0170905
0.00253135
4.46645e-005
0.000464151
0.00156895
0.000315778
0
0.000722802
0.000314741
0.0013754
0.000285901
0.0014581
7.22924e-005
0.00701147
0.000757992
0.000260678
0.00020241
3.94635e-005
0
6.05804e-006
9.27569e-005
0.00133462
1.03888e-005
0.000638278
0
0.00101235
0.00107815
1.42492e-005
0.00010445
0.000730769
0.000991147
0
0.000475519
0.0051185
4.29589e-007
0.0170286
0.000516522
0.00336451
0.00240787
0.00180648
0.00365528
0.00349815
0.00328533
0.00150792
9.50681e-005
0.000998745
0.0011616
0.000194252
0.000795428
0.000177716
0.0134574
1.66342e-005
2.5885e-006
0.000868416
0.00100445
0.000244632
0.00390996
0.000197486
0.000421492
0.000731885
0.00159995
4.0999e-005
0.000127887
0.0530544
0.000108508
0.00374083
0.00029381
1.93046e-005
0.000182592
0.00469345
0.00189605
0.000315862
0.000268601
0.00136761
0.0016284
9.05682e-005
3.8055e-005
0.000117996
0.00114192
0.0125145
0.00101571
9.62232e-005
0.0641361
0.00111693
0.00308183
0.00158159
0.00021004
0.00148804
0.000179847
-4.75323e-011
0.00239852
4.35847e-005
0.000393863
0.00228326
0.0014959
0.0442299
0.00778505
0.00342656
0.000807519
0.00903496
0.00216899
0.00103634
0.00053283
0.000839667
0.00819424
0.000152549
0.00105558
0.0022293
0.00017819
0.000245907
0.0066566
0.000653549
0.00144356
0.000635049
0
0.00185421
-1.05306e-008
0.000819501
0.000163796
0.00113384
0.00162286
0.000209786
1.50939e-005
4.77517e-006
4.06933e-007
9.64452e-005
0.000507632
0.00110738
0.000214171
0.000224203
0.000102155
0.000694719
4.81616e-005
0.00116967
0.0589892
0.00510794
0.000931038
0.00028802
0.000221656
0
0.000211373
0.000203676
0.0650876
0.00416209
1.90295e-006
4.02129e-005
0.0227779
0.000131094
2.36392e-005
0
0.0285836
0.000433045
8.39088e-005
0.00118053
0.00942244
0.000326535
0.00265347
0.00028724
0.0493808
0.0495221
3.9114e-005
0.00107116
0.000639872
0.000986621
0.00309149
0.0027552
0.000501985
0.00407036
0.00057891
0.000198917
0.00125885
8.99631e-005
0.0113001
0.0100193
0.00961213
0.000180149
0.00210921
0.000594099
4.64757e-005
0.00123483
0.00564391
0.000156797
0.00136726
0.000352444
4.98983e-007
0.00034675
0.0005107
0.000314006
0.00140638
0.00142035
0.0524037
0.000181509
1.89903e-005
0.000518059
0.00517716
0.000292555
0.000449078
0.0290415
0
6.61982e-005
8.91285e-005
0.000654304
0.000315772
0.000229799
0.000197284
0
0.00216354
0.00118504
0.000606513
0.000199255
0.000831041
0.00163302
0.116527
0.000861133
0.00454672
0.00188714
0
0.000150782
0.000130162
0
0.000242032
0.086477
0.000847497
0.000740522
0.00331585
0.00448734
0.00063969
0.0003342
0.000494801
0.000397908
0.000501024
0.00406
3.1003e-005
0.0101231
8.40068e-005
0.00147054
0.00119881
0.000204921
0.0003892
0
0.000493209
0.00100503
0.000132744
0.000474646
0.000291291
0.00903472
6.36646e-005
0.000272745
0.000115839
0.00152092
0.00121342
0.0101467
6.8351e-005
0.0108251
0.000366618
0.00145848
0.00189168
0.000152118
0.00216765
0
0.00129525
0.000887427
0.0252307
0.0337136
0.00842587
0.000365965
0.000231718
0.000176073
0.000101645
2.64533e-007
0.000143214
7.79019e-005
0.0343489
0.000453362
0.000118298
0.000343347
0.00119031
0.0131417
0.000970477
0.00213978
0.000800251
0
0.010676
0.000587854
0.000167854
0.000340544
0.00552967
0.00794534
0.000247004
0.00309347
9.27177e-009
0.000151758
0.015731
0.00238451
0
0.0157134
0.00234236
0.000915095
0.000861418
0.00492723
0.000128518
0
0.00013881
0.000827177
0.000823002
3.50003e-005
0.000485001
0.00107136
0.0311045
0.00012879
0
0.00475205
0.000160717
0.000165191
8.64071e-005
0.00759362
0.000482884
0
0.000101572
0.00948155
0.00234107
0.00220566
0.00232192
0.000178343
0.000246779
0.000507018
0.000505209
0.00185103
4.43924e-005
0.0488961
0.079464
0.00322673
0.000243456
7.40944e-005
2.60702e-005
0.000784644
0.00498731
0.000593914
0.000992628
0.000748794
0.00176276
0.00558473
0.00172993
0
0.0019045
0.000276698
0.000324003
0.000454473
0.000711497
0.00401975
0.0126874
0.00100339
0.000759218
0.00280861
0.00117482
0.00169778
0.00294355
0.00215293
2.82632e-005
0.000134528
0.00013584
-3.22332e-009
0.000486342
0
0.00161059
0.00208933
0.000480016
0.00162599
0.0031115
0
0.00260759
0.000687852
0.00130755
0.000804358
0.000449915
0.000663208
5.95973e-005
0.00014128
0.000288441
0.00116446
0.0103619
0.00112257
0.000460562
0.00243813
0.0103243
0.00019813
0.000518103
0.000426349
0.000264692
0.000458083
0.000172493
9.16939e-005
0.00157276
0.006823
0.000155545
0.00239871
0.000465819
0.00220841
0.000473044
0.00524036
1.66915e-005
0.00118938
0.000331315
0.000107225
0.000519892
0
0.000212674
0.0161461
0.000436166
0.000777006
0.000314127
0.0447057
0.000183001
0
0.000471214
0.000860855
0.0299941
0.000433377
0.000489493
0.000162283
0.000921861
0.000112266
0.000523201
0.000135561
0.00207116
0.0135365
0.000111615
0.000322554
0.0020083
0
0.000195381
0.0129279
0.00111612
0.000599589
0.000115115
0.00341657
0.00161272
0.000120278
0.00811281
0.00043725
0.000110044
0.00319731
0.000309096
0.00334259
0.001542
0.000254678
0.000184306
0.000635857
0.00525671
0.0361174
0.00180735
0.00957825
0.00281522
8.14698e-005
0.000611914
0.0212999
0.0034934
0.000139566
0.000142186
0.00054381
0
0.000191319
0.000285072
0.00103982
0.000179924
0.0027464
0.00311803
0.00345363
0.000447571
0.000643378
0.000178805
0.000310276
0.00184685
0.00244487
0.0141476
0.00565501
0.000454473
0.000160334
0.00406372
0.00730031
0.00525073
0.0189945
0.0036985
0.0178414
0.00319851
0.000459792
0.000227157
0.00160288
0.00524654
0.0889963
0.00169452
0.000761219
0.00656704
0.000659392
0.00273652
0.000159874
0.00155576
0.00307656
3.88342e-005
0.000574417
0.00420773
8.89107e-005
0.000105906
0.00161312
0.0091638
0.000526772
0.000627904
0.00104012
0.000224149
1.56178e-005
0.00143545
0.000279548
0.0191038
0.000669274
0.00193672
0.0476531
0.0101938
0.021062
0.000226382
0.000633989
0.000298367
0.000454032
1.431e-005
0.000863819
0.00284854
8.46483e-005
0.000106651
0.00498455
0.00104327
0.00108457
0.000392554
0
0.00288303
0.000595347
0.000533647
0.000714421
0.0105665
0.000411215
0.0010168
0.00184263
1.23871e-007
5.74242e-005
9.15085e-005
0.00314996
0.000278471
0.00880618
0.000223527
0.000125105
0.0016923
0.000901098
0.0100582
0.000258261
0.000128809
0.0521257
0.0122404
0.00708547
0.000132902
0.00615393
0.00275954
0.000447638
0.00056159
0.000314128
0.0135771
0.0176156
0.0178883
0.000250707
0.000234948
0.000223536
8.74385e-005
0.000176171
0.00122328
0.000434089
0.000392302
6.19438e-006
0.000108801
0.00797972
0.000498058
0.000924829
0.00161192
0.0112629
0.0202995
0.0194222
9.99666e-005
0.00282976
0
0.000151062
0.00267841
6.18885e-005
-3.37106e-011
0.000488138
0.000248923
0.000988021
0.000852514
0.000341936
0.00328981
0.0126973
0.022072
0.00673598
0
0
0.000569671
0.000341026
0.00431136
0.000580317
0
0.000817071
0.000153596
6.03103e-005
0.00050885
0
0.00116085
0
2.91369e-005
0.000376819
0.000210835
0.000538114
0.00182273
0.000577799
0.002123
0.00252434
-2.87915e-011
0
0
0.000362833
0.000511586
0.00130017
0.000206879
0.00071434
0.000723778
0.000221197
0.000192916
0.000424104
0.000496009
3.74623e-005
2.32027e-005
0.00326732
3.4399e-005
0.000600039
0.000846871
0.00347206
0.00665932
0.00147695
0.00125985
0.000191484
0.000317833
0.000636334
0.000195412
0.00109216
0.000188739
0.000836709
0.000130617
0.0168487
0.0931925
0.000547988
0.000748457
3.51288e-005
0.000425756
0.000756272
0.00111292
0.0138859
0.000898751
0.00544543
8.00632e-005
0.00247359
0.000589991
0.00357734
0.000222063
0.000775834
3.88009e-005
0.00222
0.000101105
1.7296e-005
0.00181597
0.00693577
0.000941248
0.00198363
0
0.000228712
0.00346571
0.000433093
0.00067449
0.0314081
0.000538253
4.51107e-005
0.000222749
0.0133169
0
0.000453037
0.000394784
0.000124147
0.000431084
0.0020967
1.40807e-009
0.000313711
4.30112e-005
0.0017626
0.000723267
0.000715248
3.31569e-005
0.000373881
0.00387884
0.000449464
0.000400677
0.00266708
0.00387915
0.0150751
0.00121445
0.0198201
0.00172641
0.00020398
0.00412926
0.00786998
0.000562079
0.0792874
0.00104803
5.68298e-005
0.00310282
3.21167e-005
0.00162007
0.000227565
0.000372979
0.0039737
0.000364766
0.00937195
0.0463528
0.00178526
0.00543445
0.00274862
0.000263086
0.000299268
0.000544262
0.000167637
0.0431349
0.00988293
0.000113601
0.000372173
4.90579e-005
0.000672138
7.03194e-005
0.000473079
0.00314349
0.000357093
0.001113
0.00200945
0.00477618
0.00755119
0.000144371
0.000114012
0.00463559
0.000233864
0.000846352
0.000443837
0.000544394
0.00214101
4.69863e-005
0.00059906
0.000837876
0.0891188
0.0209905
0.0969527
0.000297465
0.00665555
0.0113903
0.00079079
9.07602e-005
0.00436607
0.0103633
0.000693483
0.000436707
9.78671e-005
0.000737937
0.000126302
0.00911581
0.000420397
0.00010982
0.00262462
0.00729661
0.00177961
0.00388661
0.00106713
0.000908171
0.00474806
0.0332679
0.000469317
0.000367923
0.00218776
0.00961699
7.55462e-005
0.000250333
0.00346479
0.0019914
0.00119076
0
0.00124785
9.56594e-007
0.000321793
2.86848e-006
0.000726419
2.63651e-006
0.0178392
0.00098506
0.000143602
0.00171526
0.000579089
0.00101576
0.0105571
0.000173962
0.000301889
0.00907551
9.3725e-005
0.00142741
0.00111318
0
0.000776791
0.000416413
0.000485595
0.00435043
0.0019296
0.00039317
0.00286948
0.000152916
0.000172985
0.000914391
0.000317251
0.000125505
0.00293404
0
0.00226216
0.0170317
0.000581738
0.00112818
0.000127398
0.000243282
0.000704111
0.000259517
0.000489812
4.27859e-006
0.000531771
0.000338454
0
0.000507825
0.0129589
0.00712677
0.000792093
0.00203198
0.00417548
0.000145757
0.000210847
0.035836
0.00117976
4.96993e-005
0.00172222
0
0.000626314
0.000415784
0.000118543
0.00449326
0.000400065
0.000112546
0.00423848
0.000343694
0.000170222
0.00248353
0.00010826
0.0778411
0.00128735
0.00043255
0.000299375
0.00106014
0.000375424
0.000194573
0.00018989
0.00037806
0.000204982
0.000483997
0.00143737
0.0182437
0.0734058
0.00719018
0.0159106
1.45283e-005
0.000405164
5.87205e-005
0.000760954
0.00077554
0
9.76711e-005
0.0127716
0.0136331
0.000164182
0.00129975
0.00297431
0.000421717
0.000353484
0.000226347
0.000843179
0.108797
0.00301024
2.04325e-005
0.00124801
0.00314473
0.00260795
6.71546e-005
0.000689107
0.000760073
0.000287248
0.000148831
0.000184363
0.00326935
0.145004
0.000484403
0.00828219
0.000809279
0.000639891
0.000261455
0.000559079
0
0.000121916
8.02441e-005
0.000838522
0.000600234
0.00186703
0.000964979
0.000677526
0.0072487
0.00332137
0.000297118
0.000501072
0.0125389
0.00578837
3.63419e-005
0.0128776
0.00407536
0.000232663
0.00259884
0.00125963
0.000930011
0.000388352
0.00544043
0.000493403
0.000848255
0.0109425
0.000493082
0.00193759
0.00120864
0.000152535
0.00282218
7.71353e-005
0.000532787
0.095164
0.00413378
7.596e-005
0.00024395
0.00399686
0.00107424
0.000800368
0.0157477
0.00343949
0.00268944
0.0270324
0.0163114
0.001771
0.000611719
6.9028e-009
0.00150133
0.000283277
0.00102501
0.000899812
0.00600676
0.000778174
0
1.08822e-006
0.014526
0.00068584
0.00101553
0.00302169
0.000807124
0.00202111
0.00100326
0.00187722
0.000881909
0.000118489
0.000303861
6.23719e-005
0.00363494
0.00665892
0.000525833
0.0095606
2.73081e-005
0.000861133
0.000302423
0.000166545
0.00230171
0.000839609
0.0564592
0.00333384
5.68238e-005
0.000308907
0.000176055
1.15357e-005
0.000476035
0.00148124
0.000863941
0.00702317
0
0.0569069
0.00104444
0.00106467
0.0158821
0.0930767
0.00129614
0.0020378
0.00755623
0.0260558
0.0132822
0.00060913
0.000345853
0.000258199
0.00273888
0.000277354
0.00158913
0.000154452
0.00554615
0.00139186
0.000275211
0.000112187
0.000246638
0.000283502
0.0018535
0
0.00275904
0.00321065
0.000774798
0.000553714
0.000419125
0.000290818
3.28226e-005
0.000851676
0.000731236
0.00099185
0.0344111
0.0193514
2.44801e-005
0.000356948
5.79672e-005
0
0.000543006
0.00128066
0.00051385
0.0111786
0.00880434
0.00306
0.00232667
0.000215454
0.00649624
0.003293
0.00179424
1.31738e-005
0.00212077
3.17146e-005
2.87827e-005
0.00111174
0.0129497
0.00298964
0.00297968
8.17707e-005
0.000193119
0.00522306
0.000868222
0.000475661
0.000202502
0.000620095
0.00101046
0.00236585
0.000157879
0.000561455
3.95855e-006
0.00360547
0.00102488
0.000142502
0
0.000171739
0.0269684
0.0010226
0.00125236
0.00790565
0.0148715
0.00155785
0.000393423
0.000135148
0.00199032
4.40363e-005
9.15888e-005
5.62978e-005
0.00381985
3.06612e-005
0.00043437
0.000103014
0
0.0164529
0.000483069
7.03782e-005
0.000285472
0.00169371
0.00302608
0.000453846
0.00224582
2.26763e-005
0.000318127
0.000277066
0.00237492
0.00251242
0.00223311
0.000146434
2.99088e-005
0.00141952
0.00121564
0.000420804
2.08606e-005
7.35046e-005
0.00158052
0.00147374
0.000303022
0.000208603
0.00110534
9.05321e-005
0.000864714
0.00246994
0.0465186
0.0002404
0.00134888
0.00507786
0.00211776
0.0113987
0.00608875
0.000631194
0.000367573
0.00137547
0
0.000202745
0.000253782
0.000939948
0.00165483
0.00022081
0.000550162
0.000478655
0.00336779
0.00130869
0.00381614
0.00288534
0.0609282
0
0.000776311
0.000256411
4.23697e-005
0.000312114
0.00744533
0.000274852
0.00180123
0.00012785
0.000281993
0.000676448
0.00676581
0.000152673
0.00405994
7.04537e-005
3.7445e-005
0.00194622
4.76366e-005
0.0222546
0.000298233
0.000100968
0.000229089
0.0110138
0.00854327
8.32365e-005
0.0397878
0.000244594
0.000946997
0.105563
0.0408618
0.00165985
0.0057783
0.022576
0.000842342
0.00393663
0.00397195
0.000151111
0.0576586
0.00734394
0.0358022
0.000823255
0.01014
0.00226784
0.00324143
0.00118756
0.0249836
0
1.00225e-005
0.000899144
0.00191319
0.00619157
0.00015783
0.000469256
0.000349026
0.00300486
0.000180583
0.00012001
0.00193123
0.000132411
4.75668e-005
0.000287221
0.0625596
0.000605185
0.000185324
0.000577168
0.00119569
0.0001621
0.0600449
0.00119548
0.0364066
9.43821e-005
0.00034288
0.00336356
0.00258805
0.00136891
0.000833148
0.00490823
0
0.000994204
0.00136598
0.000182657
0.0110585
0.000290908
9.39697e-005
0.000410382
0.0275682
0.00454653
0.000578214
0.000822096
0.0278052
0.00188779
0.00014601
0.0021454
0.00989145
0.010984
0.00131283
0.00121131
0.000376517
0.00434355
0.000550968
0.000126678
0.0737077
0.00085727
0.00762682
0.00216778
0.00141526
6.23577e-005
0.00300368
0.000166985
0.000309708
0.000979958
0.00789601
0.00045273
2.36622e-005
0.000173592
0.00059903
0.000191938
0.000240725
0.0017008
0.00755556
0.0114908
0.000165177
0
0
0.000747906
0.00705295
0.0165644
0.0552333
0.000321721
0.000465128
0.00295037
0.0169086
0.000375792
0.00056934
0
2.38695e-005
1.86236e-005
0.00351578
0.00182947
0.00183727
0.00777287
5.48268e-005
0.00166765
0.000169941
0.00384318
0.000479126
0.000144282
0.00093443
0.00023498
0.00481705
0.0047176
0.0029038
0.000331375
0.000417805
8.27269e-005
0.00312938
3.39032e-005
0.00038929
0.00168764
0.00174078
0.000293354
0.000381739
0.000436086
0.00459016
0.00233008
0.000130335
0.00213833
0.001048
0.00174741
0.000350805
0.00425256
0.0011926
0.0107541
0.00135491
0
0.00285627
0.000227024
0
0.00148932
0.00196205
0.000354388
0.00731328
9.95015e-005
0.00966551
7.46783e-006
0.016799
0.00206402
0.000174523
0
0.00283324
0.00153582
0.00477755
0.00111173
0.000209343
0.0053869
0.00238913
0
0.0916678
0.000168527
0.000252588
0.0299698
7.87834e-009
0.000201774
0.0424873
0.00064666
0.000275009
0.00349002
0.000491417
0.000109595
0.000306512
0.0149566
0.000148264
0.000194181
0.00711289
0.000153319
0.00073274
0.0151954
0.00247017
0.000718687
0.00344504
0.000231
0.0374444
0.0691215
6.2726e-005
0.00107657
0.00248613
3.49731e-005
0.00163378
0.00696731
0.000679822
0.000133009
0.0055119
8.28333e-006
0.000135265
0.00183481
0.000228614
0.0188558
0.000909114
0.0033702
0.0115854
0.000805435
0.00955182
0.00151428
0.0148671
5.99517e-005
0.000812982
0.000193691
0.00380772
0.00011284
0.00127682
0
0.00570583
0.000356941
0.0018227
0.000212965
0.000599992
0.000400588
0.00824263
0.000147773
0.00109297
0.00484197
0.0188184
0.000646413
0.000821843
0.000382686
0.00902469
0.00259088
0
0.000108828
0.00130002
0.000101467
0.00175675
0
0.000768406
0.00207375
0.000262306
0.0129594
0.00027977
0.00124307
4.45249e-007
0.000447545
0.00168471
0.0118728
5.09652e-005
0.00801295
2.98957e-005
0
0.00089359
0.000131779
0.00171933
0.00205739
0.00612326
0.000613387
0.000907702
0.000307169
6.97657e-005
0.00118093
0.00535537
0.00283636
0.0126961
4.29353e-005
0.000617161
0.000440487
0.0047881
0.00017105
0.00935937
0.000202562
0.000192501
0.00287911
9.36347e-005
0.000847669
0.0206323
0.00260781
0.00061701
3.80215e-005
6.78673e-006
0.00176775
0.00101404
0.00116328
0.0022233
0.000360464
0.000828762
0.00096287
0.0159252
0.000284978
0
0.00222041
7.9131e-005
0.00812572
0.00196589
0.000139198
0.0014701
0
0.000356838
0.0328218
0
2.17969e-005
4.4079e-005
0.00604942
0.00213592
0.000183214
0.00540176
0.00127824
0.000647942
0.000164269
0.00266866
-6.11035e-009
-8.67483e-009
0.0228143
0
0.00885657
0.0074514
3.25643e-011
0.00175757
0.0165143
0.0228207
0.00384513
0.00659288
0.0274843
0.0013475
5.00548e-005
0.0048409
0.00318231
0.00221996
0.00129087
0.000228501
0.0191124
0.000134989
0.00212143
0.000607493
0.012739
0.000381516
0.0023476
0
0.0010408
0.0308059
0.00171663
0.00993459
0.0164099
0.000642024
0.043259
0.000409445
0.00375576
0.00142894
8.69445e-005
0.000246179
0.000417527
0.000936769
0.000344227
0.00194409
0.00111545
8.75176e-005
0.000604682
0.00153112
0.000510863
0.0288861
0.000258634
0.0530566
0.000715032
0.00957341
0.00151525
0.000227573
0.000264239
0.000105704
7.92298e-005
0.00143741
0.00189692
0.00154127
0.000649734
0.0010388
0.00115006
0.00125095
0.00345605
2.65342e-005
0.000741605
0.00175404
0.00195918
0.00394029
0.0315973
0.0723084
0.000697036
0.000213349
0.000610589
0.00936262
0.0365973
0.000136551
0.00015399
-3.09419e-011
4.55813e-005
0.00111703
0.000768597
0
0.000245317
0.000243194
0.00428576
0.00378487
9.22515e-005
0.000505503
0.000315664
0.0116176
0.0684013
0.00159283
0.00142638
0.0302075
0.00119144
0.000337776
0.000199811
0.00020073
0.0143145
0.00226827
0.00106705
0.0307848
1.25844e-005
0.000838746
0.00203731
0.0194006
0.000424331
0.00118376
0.000871277
0.000177518
2.01496e-005
0.00128292
0.0011944
0.000762049
0.000237245
0.000323741
0.000181335
0.0797253
0.00253738
0.00101377
0.000164646
0.000117288
0.000285242
0.00144906
0.00155893
0.0301189
0.0700954
0.00117414
0.000363447
0.000349566
0.00389359
0.0103188
0.00250424
5.55374e-005
0.00354499
0.000212237
0.000798913
0.000712273
3.69972e-005
0.00619467
0.0029748
0.000343872
0.00113068
0.00200578
0.0219037
0.000191552
0.0386102
0.000255819
9.65189e-006
0.00467373
0.0011085
0.00230697
7.65391e-005
0.00236946
0.00311656
0.000496103
0.000152741
0.0227789
0.000290819
0.00419087
0.0195715
8.57568e-007
1.59694e-005
0.00207629
0.00023977
0.000291087
0.00618716
0.00359199
0.00359237
4.22364e-007
0.000343263
0.0163813
0.000687415
3.25515e-005
0.000219089
1.54606e-005
0.00143862
0.00113064
0.000437553
0.000583966
0.00254112
0.000878561
0.0025695
0.0021766
0.000284978
0.0327253
0.0516975
0.00363378
0.000993007
0.00189535
0.00125632
0.000576614
0.00028392
-6.2129e-009
0.000749759
3.6448e-005
0.000488926
0.000308964
0.0453001
0.0491011
0.0489164
0.0469153
0.0110189
0.00357884
0.0122779
0.00260692
7.29669e-011
0.000137936
0.000460342
3.17533e-005
0.0212267
0.000454825
0.000603399
0.00350574
0.000294124
0.0036571
0.00087988
0.000698707
0.00125742
0.00316954
0.000438561
0.000231405
0.000386054
0.0234745
0.00339799
0.000461789
0.00437454
0.00948808
0.00923874
0.000239094
0.000910921
0.000101557
0.0746114
6.21654e-005
0.00308226
0.000140176
0.00026561
0.000240368
2.8981e-005
0.00102096
0.00396909
0.0196055
0.00449034
0.032113
0.00335393
0.00196509
0.00291024
0.00227012
0.00101315
0.00112765
0.00106675
0.000181318
0.00160746
0.00269314
0.00395338
0.00419409
0.000485572
0.000524289
0.00140369
0.000297597
0.000314857
0.0149395
0.000110233
0.00101193
5.88776e-005
0.00264862
0.0646565
9.33748e-005
0.000244287
0.000268927
0.00103185
0.00416233
0.00771672
0.00127056
4.70352e-005
0.0216224
0.000772147
0.00043702
0.00220366
0.00200101
0.00101015
0.000332671
0.00214328
0.000181464
0.000318045
0.000459506
0.002695
0.000588731
0.000895375
0.000457156
0.000988769
0.000900154
0.00395637
6.35469e-010
0.00194946
0.000138645
0.000477866
0.000654707
0.0577196
0.000269527
0.00422572
0.00273193
0.00041765
0.00294635
0.00816687
0.00647378
0.000476769
2.88154e-005
0.0308001
0.00316164
0.00053493
0.000341193
0.00041306
0.0120785
3.95206e-005
0.00210655
0.00581663
0.0458017
0.0801726
0.00581149
0.00621412
0.000822078
0.000410196
0.000102703
0.0046508
0.000524036
0.00190199
0.0511143
0.000438253
0.0138599
1.25335e-005
0.000252778
0.0237962
8.39345e-005
0.00108377
0.00784893
0.0222356
0.000442026
0.000559163
0.00038634
0.000450292
0.0060711
0.0104336
0.000811889
0.00045515
0.00212227
0.000725626
4.15122e-005
0
0.00376837
0.00549644
0.000240163
0.000125905
0
0.000167394
4.43484e-005
0
0.00720276
9.48013e-005
0.0128568
0.000176334
0.000353719
0.000331462
0.000296422
0.00115676
0.000288342
0.053895
0.0320692
0.0426268
0.00405569
0.00400743
0.00150932
0.000216007
0.00247323
0.0025064
0.00123195
0.0002934
0.000301752
0.00166441
0
0.000723364
0.000567347
0.000347489
0.000996989
1.16372e-006
0.000843827
0.00559542
4.56363e-005
0.000211573
0.0547634
3.61941e-005
0.000774239
0.000170723
0.00128134
0.000690894
7.47068e-005
0.00278241
0.000627295
0.00171254
0.00284757
0.000536183
4.23261e-006
0.00140307
0.00264534
0.000678596
0.00509685
0.0044605
0.00238413
0.00108088
0.00232875
6.40398e-005
0.00155492
0.00545674
0.000541257
0.000487988
0.00612572
0.00343307
0.00079621
0.00359386
0.0131306
0.00453077
0.00202823
0.0108605
3.50213e-005
0.00048751
0.000134382
0.000128247
0.00658196
3.60804e-006
0.0512565
0.00158589
0.000124414
0.000919952
0.000206972
0.0038151
6.62056e-006
0.00141282
0.00262945
0.00116254
0.00366888
0.000785351
0.000787445
0.0241055
0.000307367
0.000427419
2.73122e-005
0.00157491
0.00198185
0.00196522
0.000602194
7.36133e-006
5.05762e-007
0.000267409
0.000212306
0.00106679
0.000366683
0.00077965
0.000530021
0.0125967
0.000563015
0.000367374
0.000221157
0.0196287
0.00024591
0.000287244
0
0.00283975
0.00028745
0.00128983
0.000756782
0.042232
0.00368513
0
0.00034982
0.00462963
0.0705686
-4.75323e-011
0.00236892
0.000498162
0.00907297
0.000968716
0.00166154
0.00094208
0.000730395
0.000201226
0.00225759
6.26077e-005
0.000480096
0.000190344
0.00425347
0.00129811
0.0180802
0.00035285
1.2882e-005
0.000150892
0
0.0011227
0.00698482
0.00546741
0.00648343
0.0027392
0.0776139
5.94327e-006
0.00171735
0.000910402
0.00779452
9.02291e-005
0.0057496
0.00218695
0.000324813
0.000388034
7.62695e-005
0.000135673
0.00152789
0.00300486
0.0153103
0.0788256
0.000271846
0.0051828
0.0240802
0.00101143
0.00053119
4.44823e-005
0.00629654
2.25654e-005
0.000481222
0.030913
4.7192e-005
0.00708937
0.00331059
0.0281198
0.0480126
1.86859e-005
0.00013329
0.00161768
0.00952723
0.00830211
0.000513787
0.000565323
0.0013605
0.00233347
0.00102545
0
0.00124748
0.00263753
5.96053e-005
0.000296954
0.0186564
0.00060624
0.000718938
0.0101261
0.0183357
0.00484235
0.00168045
0.00317625
0.00126415
2.4009e-005
0.00264988
0.0300082
0.00177626
0.000330547
8.39422e-009
9.06022e-005
3.40141e-005
0.00383178
0.000159675
0.0527489
0.000994105
0.000455688
0.00129183
0.000144039
0.000167538
0.000652034
0.00449768
0.0109568
0.000105245
2.50412e-005
0.0697331
0.00132606
0.00128532
0.00113519
0.0028214
0.00527343
1.3683e-010
0.000464293
0.000232256
0.000217698
0.0015822
0.000484727
0.0157905
0.000284693
0.0212214
0.000243231
0.00744194
0.000326674
0.000280743
8.38612e-005
0.0011806
0
0
0.00120387
0.000430399
0.000240006
0.000699254
0.0651106
0.00329856
0.00188856
0.00161069
0.0333778
0.00172849
9.44265e-005
0.00260487
0.00220163
0.0244709
2.49466e-006
0.00534324
0.00125979
0.0033057
0.000279058
0.00104007
0.0294361
0.00025676
0.00700674
0.000961175
0.00775253
0.00329388
0.000433915
0.000162834
4.56689e-005
0.000199314
0.00500454
0.000171765
0.000273274
7.68494e-005
8.01634e-005
0.00380555
0.00273605
0.00268539
0.00400631
0.00044661
0.000916236
0
9.04911e-009
0.00160605
6.32278e-005
0.000164489
0.00281603
0.000867303
0.000643222
0.00135216
0.000661286
7.48532e-005
0.000920639
0.000128648
0.000321352
0.000462826
0.00119432
0.0035636
7.08473e-005
0
0.000230792
0.0010287
0.00249883
0.00010832
0.000214598
3.37424e-005
0.000608426
0.0457461
0.000360089
0.0196311
2.79468e-005
0.0233094
0.00168331
0.000163328
0.000103278
6.39547e-005
0.000202915
0.000929287
5.2888e-005
0.0116895
0.000889971
0.000190132
0.00109549
0.0266408
0.0145446
1.46442e-006
8.14465e-005
0.00267573
0.000141234
0.00619631
0.000476043
0.00206268
0.00354799
6.95787e-005
0.00312178
0.0011832
0.000480316
0.000955764
0.0162574
0.00315171
0.00649235
0.000339346
0.000745771
0.00310518
0.00818987
0.00512774
0.00419812
0.00117011
0.00220125
0.000454358
0.0102024
0.00417202
0.0430016
-6.71166e-009
0.000818706
0.000158114
0.000647951
0.000670291
0.00677666
0.000810458
0.0104898
0.00219468
0.00109854
0.075352
0.00919603
0.0822833
0.0999373
0.0602672
0.000259132
0.000916052
0.00347602
6.81677e-005
6.62143e-005
0.00204245
6.28875e-006
9.62995e-006
0.000240459
0.00054426
0.0674173
0.000351979
0.000653116
0.000533473
0.00159204
0.000169266
0.000525931
0.000522793
6.00366e-005
0.00432596
0.0029049
0.000614918
0.00179761
0.000341097
3.67382e-005
0.0107735
0.000165734
4.20899e-006
0.000657617
0.00090826
0.00053816
9.9143e-005
0.00202759
0.00233663
0.000109856
0.000105183
0.000870749
1.54076e-005
0.00453333
0.000533904
0.000173132
0.000175319
9.34112e-005
0.00164707
0.00113584
0.0023184
0.00223587
0.0323224
0.0272411
0.000422215
0.00703445
0.0186016
0.00984832
0.000275317
0.000387723
-1.13203e-008
0.000191626
0.00310856
0.0264756
0.00211584
0.000596533
0.00124255
0.000116091
0.0428745
4.48153e-005
0.00103981
0.000794693
0.000518467
0.000498337
0.000172807
0.000241209
0.00511497
0.000944118
0.00121889
0.000478538
0.0246596
6.90497e-005
0.0039528
0.0042329
9.42446e-005
0.00990465
0.00324783
0.00286421
2.35799e-005
0.000468533
0.00017425
0.000363515
0.000212961
0.00217523
0.000859053
0.00174974
0.00144573
0.000206147
0
0.00297297
1.60775e-005
0.000610587
0.025701
7.84287e-005
0.0263949
0.00225662
0.000350959
0.00019134
0.00746606
0.000180574
0.000435036
0.00248305
0.000810006
0.000552281
0.00369074
0.00285968
0.000153551
0.00175859
0.00511925
0.00028511
0.000646288
0.0278924
0.00210483
0.036565
0.00156159
0.000341927
0.0254566
0.000918839
0.0274646
0.00842368
0.000646488
0.00150728
4.27704e-005
0.0021044
0.00390953
0.00166411
0.00192243
0.00151218
0.000286786
0.0134941
0.000135071
0.000118323
0.000479397
0.00580315
0.01538
0.0151768
0.000974208
0.0314243
0.0100377
0.00675131
0.000119872
0.000110918
0.01006
0.000186205
0.00128398
4.89935e-006
0.0141781
0.0579428
4.56927e-005
0.000133921
2.85925e-006
0
0.00176214
0.000117033
1.40836e-005
2.30427e-006
0.0113746
0.00109364
0.000572619
0.0219923
6.41748e-005
-2.91844e-010
0.000905216
0.00553381
0.000200648
0.00142043
0.0906229
0.000282145
4.52299e-005
0.0020194
0.0853544
0.000814347
0.000520693
0.000872109
0.000998094
0.000304495
1.39416e-005
0.00105127
0.000367354
0
0.000810579
0
0.00132657
0.000105661
0.0443407
9.6098e-005
0.0108901
0.000867278
0.0037318
0.000612701
0.000242824
0.0053062
0.00190253
0.000537841
0.000287393
0.00154592
0.00126314
0.00287831
0.0278396
0.0392414
0.00503235
0.000421074
7.86153e-005
0.00157771
0.00116263
5.07453e-005
0.0234369
0.00027383
5.21721e-005
0.00104653
5.04109e-005
0.00106003
0.00882897
0.000288793
0.0874554
0.000339342
0.00627223
0.0115715
0.000666364
0.000332291
0.00172279
0.00760347
0.000129208
0.000366461
0.0151797
0.00511658
0.00228804
0.000136607
0.000133864
0.000625805
0.000260471
0.00290275
0.000562449
0.000971761
0.00433535
0.000223562
0.003287
0.00097086
0.00191765
0.00169813
0.00511422
0.000269119
0.000263055
3.81881e-005
0.000520082
0.00142394
0.000683214
0.0699481
0.000774632
0.0102963
0.000469134
0.000129826
0.0794732
0.000475353
0.00831282
0.00094268
0.000357006
2.79247e-006
0.0005907
0.0219487
0.000316917
0.00280548
0.00388892
4.52698e-005
0.00200078
6.2761e-005
0.00477552
0.00121795
0.00324665
3.07274e-005
0.000256879
0.00218815
0.00313665
0.0310594
0.00109334
0.000107413
6.29015e-005
0.0489062
0.000196844
0.0143822
0.000631336
0.000462472
0.000629347
0.00567109
0.000595617
0.00828043
0.00739969
5.38988e-005
0.00653832
0.000494447
7.6199e-005
0.000293947
0.00197371
0.00202574
0.000344092
0.000445165
0.000349481
0.000121464
0.00306213
0.00417799
0.0326001
0.00211027
0.00423768
0.0060125
0.00130313
0.000239117
6.17727e-005
0.000909407
0.00508043
0.0299753
0.0304409
0.0495352
0.000708497
0.0040944
4.12658e-005
0.00071636
0.000552597
0.000638541
0.000937929
0.00123406
0.000261122
0.00199461
2.17907e-005
0.000353307
0.000269471
0.0377074
0.0574674
0.00093615
0.00169801
0.00021871
0.000410053
0.000128736
0.0143209
0.00591782
0.00630982
0.00103193
0.0802855
0.0467078
0.000560378
0.0336202
0.00198802
0.0510144
0.00279079
0.000200729
0.0182686
0.00882066
0.00680088
0.000326327
0.000744196
0.00301009
0.00367367
1.75611e-005
6.2165e-005
3.51763e-005
0.00042848
2.94438e-005
5.28352e-006
0.000247595
0.0029031
0.0036458
4.59223e-005
0.00123442
0.0132399
0.00164478
0.00020083
0.0283096
0.000758168
5.50305e-005
0.000896221
0.00201824
0.0037842
0.0111131
0.000123037
0.0018101
0.000144519
0.00350109
0.0589892
0.0147651
6.17796e-005
0.0131777
0.000173771
0.00446768
4.1541e-005
0.000958763
2.12055e-006
0.00185346
0.00268353
0.000180563
0.00633917
0.00150175
0.00280498
0.00117713
0.00496483
5.17975e-005
0.000294828
0.0496951
0.00300975
0.00011684
0.000819374
0.0165532
0
0.00167277
0.000247903
0.000203288
0.0109744
0.00253827
0.00436311
0.00464843
0.00246132
8.70381e-005
0.000150213
0.030853
0.000464393
6.82438e-006
0.0309529
0.0113264
0.0056242
0.00363747
0.00532542
0
0.00184884
4.56084e-006
9.25749e-005
0.00136291
0.00193432
0.00131916
0.000547499
0.00121494
0.000343942
0.000445038
0.000638552
0.000232626
4.64463e-006
0.00127632
0.000148668
0.000614629
6.68691e-005
0.00154166
0.000265232
0.00233598
0.000448005
0.00145462
0.000483608
0.000356062
0.0103102
0.00443669
0.00060101
0.00025205
0.00497011
0.000489615
0.00160987
0.00207024
0.00294825
0.000122671
0.00015606
0.0222381
0.000684993
0.00016521
0.00069721
0.000119034
0.0646572
7.5444e-005
0.00538889
0.0681062
0.0680788
0.017164
0.00171954
9.14603e-005
0.000101293
0.000468201
0.000246266
0.000281909
0.0124372
0.00353757
0.000740116
0.000828552
4.71284e-005
0.00119153
0.0370571
0.00205475
3.70229e-005
0.010125
0.000256514
0.0015055
0.000369477
0.000122012
0.00417279
0.00112275
0.0435036
0.0127266
4.85707e-009
0.00258449
8.89465e-005
0.000154849
0.00870041
0.00121468
0.000404171
0.00526712
0.000704042
0.000527149
5.84212e-007
0.000155444
0.00148308
0.003834
0.000202295
6.98623e-005
0.00645832
0.001544
0.00789568
0.000395028
0.0018932
0.00848828
0.0118185
0.0139967
0.00376351
0.00899629
0.00099818
0.00130478
0.00162757
0.0102638
0.00703636
0.000289194
0.000151998
8.55682e-005
0.000558928
0.000361847
0.00020434
0.000200338
0.000320766
0.0156683
0.0043065
0.000490331
0.000768397
2.77665e-005
7.78162e-005
0.000928207
0.000970029
0.000349812
0.000303185
0.000632809
0.00289739
0.00160811
0.0094721
9.37518e-005
0.000411293
0.00037379
0.0004545
2.23244e-005
0.000724343
0.000189739
0.0024373
0.000290425
0.00120384
0.00108769
0.00256282
0
0.0188894
0.000291352
0.00307699
0.000214762
0.00346295
0.000632343
0.00021928
5.83969e-005
0.00129837
0.00106639
0.00133858
0.00109423
0.000286469
0.000293167
0.000467911
0.000130963
0.0026899
9.38347e-005
0.00819156
5.3953e-005
0.00926505
0.000505645
0.000971758
0.00010377
0.000682566
0.000772804
0.00057816
0.0024711
-3.75953e-009
0.00151152
0.0171161
0.00149726
0.000421879
0.000711536
0.00551382
0.00472495
0.000194071
0.000636403
0.00029088
0.00719617
0.000146266
0.0276865
-9.96593e-009
0.0771435
0.000269481
0
0.0012687
0.000921428
0.00140243
0.000696234
0.0140051
0.000644934
0.00019282
0.000424194
0.000136914
0.0002575
0.00208752
0.00319716
0.00148281
0.000963818
0.000827111
3.31657e-005
0.00188857
0.00026837
0.00015697
0.00099126
0.00457306
0.000479943
3.85936e-005
0.000261193
0.00236194
0.0183007
5.36309e-005
4.78456e-009
0.000308833
5.35592e-005
0.000827613
0.000933009
0.0127712
0.00212164
0.0002039
3.67499e-005
0.017498
0.000405448
0.00106911
0.00138562
0.00207639
0.000530872
0.0432854
0.00173496
0.0027272
0.0407101
0
7.5383e-005
0.0890376
1.24196e-005
0.000556509
0.00191098
0.0435034
0.00226737
0.0569753
0.00140275
0.000754262
0.00219168
9.175e-005
0.000681766
0.000541423
0.000301113
0.00215844
0.00251274
0.000149658
0.000663891
0.000560299
0.00710323
0.00155526
0.000732396
0.0164223
9.28498e-012
4.82105e-005
0.000366633
0.000186463
0.00114063
0.00187084
0.00179827
0.00191636
0.00179246
0.00183053
0.00178883
0.000501302
0.00247711
0.000443653
0.00504888
0.00115875
0.0017851
0.000565161
0.004364
0.00262288
0.000595301
4.79454e-005
-2.1445e-011
0.026113
0.00184216
9.00209e-005
0.0610653
0.000380331
0.000243801
0.0056235
0.000700509
0.000669005
0.000199702
0.000559505
0.0163272
0.00107806
8.18788e-005
0.000796451
0.00917318
0.000144202
0.0167051
0.0013547
0.0103259
0.00196327
0.000862531
0.00225145
0.000547379
0.00139761
0.000516707
0.000699165
0.012419
0.00244388
3.84307e-005
0.0240317
0.0204706
0.000961542
0.000233638
0.000260249
0.00136816
2.87873e-005
0.00141448
0.0021455
0
0.0679037
0.0455682
0.000954432
0.00090887
4.07619e-005
0.0031631
0.000157665
0.000515655
0.00204932
0.0149847
0.000515149
0.00146961
0
0.000212834
0.0081023
7.7512e-005
1.22489e-005
0.00202454
0.000418717
0
0.0015017
0.00345475
0.000585018
7.00783e-005
0.000227119
0.0400177
0.00644483
6.09915e-005
0.000929728
0.000765222
0.00150774
0.000311703
0.00036263
0.00512801
0.00140596
0.000189215
0.000115425
7.39384e-005
0.0184708
0.000954247
0.00144908
0.0692636
0.0078523
0.0515913
0.000174652
0.00501264
0.00265432
0.0397228
0.022865
2.72568e-005
0.00154304
0.00182599
0.000229533
0.000725652
0.00064659
0.00310706
0.00653247
4.53329e-005
0.00046171
0.000488609
0.00331505
6.75994e-005
0.00106409
0.0202136
0.00195502
0.00044024
0.0127443
0.000765134
0.000177042
0.00532311
0.000275751
0.00189354
0.000262488
0.00330593
0.000764384
0.000263026
0.000163857
0.000304509
0.000154614
0.00152369
0.00151531
0.000215357
0.00973883
0.00663177
0.0133595
0.00379048
0.0111105
0.000179179
4.92421e-005
0.00780549
0.000288633
1.09641e-005
0.000463871
0.0121862
0.000467702
0.00378996
0.000199679
1.18705e-005
0.000282026
0.000239428
0.00117481
0.00345073
0.000123386
0.000469943
0.0287789
0.00270945
0.0117888
0.000512382
0.000480464
0.00162854
0.00610612
8.60043e-009
0.00078594
0.000666128
8.33428e-005
0.00103654
0.00348845
0.0111107
0.0492868
0.00137814
0.0102203
0.00201799
0.000515851
0.000626607
0.00101976
0
0.00325157
0.000188939
0.000395277
0.00417633
0.000932024
0.000319177
0.000205606
0.00598529
0.00636889
0.000389896
0.0268509
0.00927169
0.00137725
0.00237717
0.000189516
2.69168e-005
0.00183488
0.000529981
8.03831e-005
0.0012047
0.00133889
0.00234988
0.000454089
0.000301133
0.000216669
0.000696583
0.00214171
0.00147101
0.00348763
0.00687534
0.0162937
0.000850211
0.000302858
0.000947851
0.0215308
0.000200174
0.000448179
8.88688e-005
0.0023574
2.275e-006
6.05317e-005
0.00838609
0.000969382
0.018378
0.00455397
0.000503828
1.55802e-005
0.000303133
0.000118368
0.010585
0.0150233
0.0117214
0.0011946
0.000485323
7.0948e-005
0.000567945
0.00373263
8.5103e-005
0.00181548
0.0306473
0.00486061
0.000454082
2.02844e-005
0
0.00010077
0.0125155
0.000537484
0.00702407
0.00047671
0.00246123
0.0100331
0.00256267
0.00425269
0.000703488
0.000155569
0.000389133
0.000600353
0.000619366
0.00101192
0
0.000375095
0.00262068
0.000278632
0.00060033
0.011152
0.00926929
0.000171769
0.00100384
0.00346725
0.000599927
0.00155646
0.0618759
0.000118301
0.00203736
0.000108391
0.0313242
0.00814009
0.000736762
0.0947101
0.00848118
4.41769e-005
0.00331426
0.00549795
0.000875805
0
5.03456e-005
8.04159e-005
0.0376325
0.000180569
0.00104432
0.00502199
0.000271042
0.000849433
0.00094647
0.000267124
0.00015356
0.000559204
0
0.00416146
0.0998932
0.0200727
0.000180936
0.000534417
0.0567454
0.000858287
0.000129573
0.00318608
0.00395582
0.00142048
0.00100792
1.60864e-005
0.0014295
0.000636397
0.00110603
0.00112095
0.000967754
8.7411e-005
0.00197853
0.0102352
0.0295875
0.000795606
0.121566
9.09376e-005
0.0073622
0.000438518
0.000260861
0.00890742
0.0103098
0.0147758
0.0181769
0.0319454
0.000324408
0.0296349
0.000130334
3.47921e-006
0.000284511
0.00793296
0
0.000271373
0.000943702
0.00106456
0.000350066
0.000128555
0.000367962
0.000715294
0.000385405
0.000136419
9.26352e-005
6.58935e-005
0.003553
0.000557985
0.000341614
0.000580151
0.0352684
0.0096752
0.0080379
7.31291e-005
0.00457442
0.00190938
0.000696415
0.000125086
0.00294479
0.000359141
0.000274417
9.93226e-005
0.000392967
0.00335624
0.000524285
0.00295901
2.45843e-010
0.000167124
0
0.0110191
0.00123061
0.00256846
0.000360165
0.0023293
0.0117625
0.00028378
0.000104611
6.46167e-005
0.0136684
0.000595226
0.000240903
0.00210825
0.00148455
0.00555178
0.000275446
0.00107932
0.000521849
0.0103584
0.0043031
0.00308517
0.000133836
0.000181555
0.00200838
0.0336343
0.0623702
0.00032272
0.0217771
4.64494e-006
0.0015277
0.00184011
0.0277566
0.0236569
0.00213209
0.00783541
1.25363e-005
0.00102246
0.00024756
0.000155402
8.73695e-005
0.00239793
0
0.000171645
0.00163759
0.000328714
0.000299271
0.00302175
0.000105713
0.00468847
0.000123177
0.00146114
0.000416706
0.000272776
0.000135033
0.00181904
0.00192476
0.000854969
0.0142835
5.62945e-005
0.00684899
0.00012528
0.0312729
0.000205941
0.00197143
0.00220003
0.00552402
0.000198062
0.000656199
0.00206808
0.000517763
0.000815752
0.00192414
0.000579967
0.000110987
0.00665891
0.00127728
0.00028438
0.00729784
0.00158584
0.000107088
0
4.5694e-006
0.00171972
0.00186755
0.00136473
0.000209922
0.00031273
0.00070592
0.000839498
0.000220106
0.00378691
0.007074
0.000183908
0.00519178
0.000402232
0.0122305
0.000986721
0.000336314
0.0041156
0.0450067
0.00149473
0.0763742
0.106153
0.000519448
0.000266362
7.37632e-008
9.93844e-005
0.000681047
0.000484788
0.0180098
0.00043779
0.0123775
0.000336106
0.00532235
0.0104719
0.0226459
0.00537425
0.00640562
0.00740464
7.69879e-007
0.00208385
0.000481438
0.000100303
0.00034405
0.00184002
0.000757638
0.00103515
0.00427149
0.000240717
0.00211375
0.00034365
0.0018249
0
0.000509637
0.000277235
0.000470395
3.95631e-005
0.0487641
0.00156295
0.00301974
0.00994848
0.000186434
0.000554031
0.0109831
0.000794482
9.70871e-005
0.00448969
0.000124364
0.000741893
0.000823432
0.0062214
0.00616861
0.0021636
0.000262686
0.000118007
0.000188176
0.000315631
0.000192483
2.63682e-005
0.0123776
0.000143691
0.000134035
0.000790995
0.00294139
3.2379e-005
0.000630868
0.00168573
0.000108421
0.0108854
0.00135065
0.000992198
0.00298444
0.0086804
0.000674745
0.000127064
0.00674964
0.00729144
0.000196485
0.00171941
0.0681687
0.000493512
0.00346844
0.0182101
0.00533406
0.0285569
0.000731024
0.0127333
0.00278774
0.000569593
0.000246701
0.0176119
0.000107907
0.000207047
0.041849
0.000818173
0.000862098
0.00421821
0.0010262
0.00125648
2.40963e-009
6.63451e-006
0.0303999
0.0463696
0.0126567
0.00142188
0.00418323
0.000219385
0.000973867
7.92915e-005
0.00352709
0.000404561
0.00448536
0.00139723
0
0.000311841
0.000225477
0.00241783
0.0132466
0.00463485
0.000142153
0.0290454
3.57251e-006
2.17961e-005
0.0107596
0.000133273
0.0017848
0.00170733
0.000394493
0.0109552
0.000211926
0.00923139
0.000162281
0.000507803
9.2623e-005
0.000180821
0.00103671
0.00029469
0.0028691
0.0311893
0.000637885
0.000666655
0.00769054
0.000181854
0.000934549
0.0194251
0.0192915
8.51407e-005
0.0264339
0.000115754
0.0047116
1.17111e-005
0.00785583
0.0113675
0.0212174
4.92081e-005
0.000411931
0.00146675
0.00117565
0.0198927
0.00104808
0.00244315
8.51413e-005
0.00109857
0.0393737
0.000294637
0.000634285
0.00184064
0.000138927
0.000780069
0.0143602
0.00207973
0.00173754
0.00130953
0.013789
8.80771e-005
0.00215433
0.00217033
0.000229289
0.020348
7.65338e-005
0.00106359
8.23872e-005
0.0110615
0
6.68427e-005
0.00886904
0.00364721
0.000276034
0.0532762
0.00240554
0.00198326
0.0138223
0.000189518
0.00291248
0.00622038
0.00135827
0.0267339
0.0279677
0.00399066
0.0230585
0
0.00105953
0.000771485
0.000776719
0.000148279
0.000546417
0.0252473
0.00153796
0.00100034
7.62744e-005
0.00537695
0.00495943
0.059165
9.84355e-005
0.000841116
0.00351807
0.00141878
0.000863401
3.43293e-005
0.000260272
4.78695e-005
5.63708e-005
0.000183209
0.0576182
0.00174575
0.009979
6.08343e-005
0.000307548
1.01616e-010
0.0186601
5.43791e-005
0.00321319
0.000441993
0.0028076
0.000541394
0.00122631
0.00860719
0.00162645
1.59664e-005
0.000486212
0.000395526
4.44758e-005
0.00371294
0.000495463
0.0105235
0.000763901
0.000151567
0.0424956
0.00336341
0.00114413
0.00101589
0
0.0178769
0.0457227
0.00020411
0.000120353
0.0100134
0.000988888
0.000235424
0.00221457
0.000484399
0.000887076
0.00068205
0.00063566
0.0245418
0.000375383
4.68243e-005
0.00476365
0.000377449
0.00035061
0.00111013
0.000726706
0.059866
0.0485408
0.0763112
0.000187094
0.00190648
0.000225513
0.00103152
0.000354559
0.00550608
0.000203729
0.0141644
0.0834332
0.0194734
0.000160183
0.000223817
0.00113198
0.000420889
0.00770972
0.0369033
3.23874e-005
0.0003212
0.00134039
0.000276571
0.00113156
0.00663231
0.00273328
0.000391992
0.000183973
0.000493602
0.00295897
5.28879e-005
0.0024766
0.000239771
0.01545
0.034693
0.00147963
0.000390894
0.0207216
0.00536929
0.00150148
0.000578474
0.000451011
0.000974222
0.00039914
4.90484e-005
0.00157946
0.00139821
0.000972897
0.000230807
0.00366428
0.000305432
0.00113
0.00243433
9.02106e-009
0.00358201
0.000102476
0.000258891
0.0010575
0.000598804
0.000271192
0.00257074
0.00030077
0.000699757
0.00136571
0.00140401
0.000762366
0.000525362
0.000100975
0.00123897
0.00140146
0.000964301
0.0207465
0.0114868
0.000349616
0.000181447
0.000406575
0.000304446
0.00660307
0.0185777
6.56103e-005
0.00129071
0.000158783
0.00482226
0.0003548
9.87347e-005
0.0538247
0.00735487
0.000745159
0.00016402
0.000130496
6.91558e-005
0.000329234
0
0.00065228
0.0363331
0.00154585
0.0103071
8.67606e-006
0.000867104
8.37986e-005
0.012136
0.000443897
1.83801e-005
0.00165127
0.0727345
0.00175215
0.0118267
0.00249715
0.0509565
-1.95576e-009
0.00339325
0.010361
0.0385275
0.000412483
2.73593e-005
3.87353e-005
9.02435e-005
0.0241292
0.0208121
0.0320211
0.0358494
0.000454876
0.000176731
0.0177499
0.00119569
0.000140842
0.000119135
3.49297e-005
0.000917175
0.0278775
0.00015041
0.0046705
0.0011028
0.00112157
0.00169835
0.00143106
0.000200444
0.0092689
0.000483923
0.000870716
0.00317394
0.0010765
0.0450971
1.20549e-005
0.00259558
0
6.07055e-005
0.000115216
0.000821552
0.000168791
0.000378148
0.000406779
0.000614898
7.97426e-005
0.000137464
7.79672e-005
5.20766e-005
0.000434371
0.00326831
0.00299968
0.00144124
0.000735032
0.00344672
0.0109508
4.88849e-005
0
0.000855024
0.0541304
0.00111977
0.00242462
0.000774586
0.000559933
0.00326268
0.000604807
0.000332043
0.000124636
0.00120876
0.000644264
0.00410979
0.00337202
0.00506162
0
0.00170717
0.000770003
0.000113503
0.00107618
0.00166742
0
0.00176302
0.0015048
0.000319313
0.0024967
0.000110278
0.0146415
4.54877e-005
0.000939736
0.00587747
0.00174605
0.0015029
0.00359021
0.000453465
0.0272667
0.0141993
0.0373814
4.95259e-005
0.000339215
0.0161716
0.00032204
0.00036826
0.000453792
0.00929226
0.00180404
5.9153e-005
0.0111261
0.00306649
0.0003016
0.00582181
0.00589411
0.000492058
0.00618421
0.000282048
0.000973739
0.000534101
0.0248646
6.09759e-005
0.0027411
0.000729456
0.0152725
0.00012063
0.00203126
6.75318e-005
0.00011764
2.80069e-005
0.000593782
0.00183089
0.0110592
6.59424e-005
0.000674665
0.00214442
0.000131399
2.45023e-009
0.00202904
0.0124608
0.0196588
0.00141369
0.00112017
0.000436429
0.000471007
0.000444444
3.77665e-006
2.39417e-005
0.000498467
0.000854756
0.00159113
9.58559e-005
0.00146934
0.000374518
0.00117447
0.00662159
0.00094162
5.15139e-005
0.00340811
0.00640513
0.000558061
0.000180936
0.00693929
0.000697786
0.000931272
0.00174512
0.00140564
0.000720903
0.0102186
0.0145549
0.00512553
0.00108542
0.00805721
0.000160138
0.000186379
0.000715426
0.000209961
0.000252832
0.000236944
0.0103152
0.0041003
0.00225563
0.0107774
0.000152773
0.000563635
0
0.000450528
0.000273683
0.0066104
0.000308829
0.0138234
0.00142745
0.00954696
0.00106703
0.000505755
0.00012788
0.000996084
0.000497951
0.0004356
0.000298209
9.27738e-005
0.000758766
0.000348258
0.000117317
0
0.00343158
0.0009447
6.81088e-006
0.000572906
0.00150909
0.000671063
4.56998e-006
0.000213323
0.000419295
8.73684e-005
2.63653e-005
0.00216971
0.000394559
0.000168951
0
0.00086609
0.00014984
0.000241502
0.00127301
0.00141655
0.000944376
0.0356829
0.000360267
0.000711155
0.000817793
0.000729106
0.000174683
0.00227609
0.000866433
0.00114164
4.12423e-006
0.0209054
0.000171097
0.000634994
0.000148123
4.42549e-005
0.00888072
0.00402742
0.000157695
0.00166228
5.88227e-005
0.00115908
0.000340845
0.0108271
7.51322e-005
0.00245519
0.000183734
0.000171586
0.000318507
0.000252427
1.60639e-005
0.000997415
0.000166685
0.00802967
0.000366027
0.000108876
0.000189359
0.000393018
0.00357425
0.00109721
0.0180552
0.001283
0.000340769
0.00278325
0.000271855
0.000362645
0.00011335
4.66553e-005
0.000898108
0.000898922
0.000192332
3.32923e-005
0.000475963
0.00129552
0.00106487
0.0846094
0.000588186
8.38785e-005
0.000139847
0.000628552
0.0180497
0.0554064
0.0310088
0.000286296
0.000269878
0.00378238
0.000310254
0.00107549
0.000140077
7.5852e-005
0.00128031
0.0122816
0.000545175
0.0498038
0.00553657
0
0.00106164
0.000332353
0.00165765
0.0466021
0.00087553
0.00204969
0.000388689
3.37472e-005
0
0.000589798
0.000206712
0.000433279
0.000315834
0.00292014
0.000468096
0.000282819
0.0154654
7.47067e-005
0.0828061
3.23272e-005
0.000126243
0.000143414
0.000154175
0.00809026
9.29959e-006
0.0181418
3.69846e-005
0.16944
0.103611
0.00214755
2.4905e-005
0.000141096
0.0539286
0.00062273
0.00176663
2.61838e-005
0.003687
0.0270787
0.00264334
0.00321912
0.0031679
0.00106915
0.000852372
0.000192903
0.000133822
0.00309449
0.00213763
0.00138564
5.87872e-005
0.0339842
0.000899215
0.000428442
0.0639574
7.54784e-006
0.000219472
0.00068286
0.00484586
6.52533e-005
0.00160605
0.000634276
0.000133794
0.000123147
0.00132398
0.000694166
0.000100386
1.33201e-005
0.000150144
0.00128907
0.00173643
0.000771557
6.30416e-005
0.000151932
0.00104549
0.00380532
4.24694e-005
0.00181314
0.000119513
9.6187e-005
0.000209302
0.000919204
0.00582115
0.0224157
0.039947
0.000404079
0.00183517
0.0413147
0.0708048
0.000265678
0.00234265
0.00101629
0.000868098
0.000156131
8.60762e-005
0.000440627
0.00028011
0.00186648
0.000796137
0.00046777
0.000475862
0.000216873
0.00284472
0.000123609
0.00302468
0.0278557
0.000675035
0.000371984
0.00213578
0.000755372
0.000155369
0.000917252
0.00642787
0.0159549
0.037754
0.00717399
3.07434e-005
8.98788e-005
0.00630893
9.23766e-005
0.000129896
0.00054278
0.00812017
0.000300572
0
0.000201216
0.00241226
0.0792671
0.000260371
0.0297398
0.000347753
0.000332929
0.000317028
5.95266e-005
0
0.00385364
0.00179101
0.00198474
0.00176013
0.00025553
1.43757e-005
0.00202273
0.000661209
0.000208427
0.00594833
0.000611506
0.000418452
0.00133589
0.0457833
0.0182347
0.00019961
0.000261349
0.00054907
1.01616e-010
0.000180662
9.37208e-007
0.00206772
0.000239324
0.000153806
0.000278064
0.000498572
0.0010196
0.000467006
0.0005212
8.48197e-005
0.00696107
0.000271726
0.000903122
0.0255254
0.0089869
0.00031585
0
0.00251051
0.000257619
0.0101
5.59377e-005
0.000789308
6.45588e-005
0.000222964
0.00554389
0.000500487
0.00429934
0.00907661
0.000120108
7.92956e-005
0.00139327
0.000967022
0.000512607
0.0177506
0.000181818
0.000387253
0.00139508
0.00045137
0.000214509
8.78839e-005
0.117597
0.00290772
0.010989
0.0778888
0.000172823
0.0021313
8.41425e-005
0.0221901
8.51064e-005
0.00493871
0.00109965
0.00157958
0.00784167
0.00254871
0.00340615
0.00508651
0.000448963
0.000215527
0.00361928
0.0769512
0.000405385
0.00260165
0.0394607
0.00266913
0.000190952
0.0107507
0.00209551
0.00155024
0.00226713
0.00617118
0.00380929
0.00129532
0.00872226
8.95864e-005
0.000685972
0.00205301
0
0.0014012
0.00224573
2.93154e-006
0.0198323
0.00173886
0.001626
0.00103875
0.000958509
1.21365e-005
1.15882e-005
6.74459e-005
0.000310898
8.74662e-005
9.34887e-005
5.73498e-005
0.000288959
0.0381348
0.000516489
0.0142469
0.00124096
0.000152023
0.00011748
1.55163e-005
0.00298244
0.000321646
0.00178867
1.28343e-005
0.00762976
0.0150152
0.000671851
0.000525557
0.012171
0.00982558
0.00353596
0.00043851
0.00107246
0.000693288
0.000122164
8.31576e-005
0.00361852
0.000405469
0.0146684
0.000707346
7.83927e-005
0.0144191
0.00690374
0.000295116
0.00142621
5.52068e-006
0.00684478
0.00197656
0.000100102
0.00152611
0.00406002
0.00309545
0.00675801
0.00140594
0.0014048
0.0100264
0.00214207
0.000200643
0.00162021
0.0293315
0.000282607
6.40119e-005
7.51875e-005
0.000548912
0.000270768
0.0550817
0.0032391
0.000593899
0.000648212
0.00165331
0.00136601
0.00998998
0.000217913
0
0.0238628
0.00103046
0.000711427
0.000214932
0.00530749
0.0238994
0.0235352
0.000124562
0.00061691
0.000141464
2.93157e-006
0.00130193
0.000151121
0.00129633
0.000305056
0
0.00166863
0.00122447
0.0405669
0.00164113
0.0124354
0.0686969
0.00688362
0.0163709
0.0536223
2.99127e-005
0.000773104
0.00409533
0.015368
0.000199812
0.00177047
0.000618238
8.87601e-005
0
0
0.000774835
0.0101921
0.000513667
0.0055499
8.16585e-005
0.00281523
4.33622e-005
1.71378e-005
0.0013002
0.00361932
0.00203247
0.00327432
0.000198753
6.1426e-005
0.000701284
0.00149496
0.000137123
0.0366757
0.00752706
2.2044e-005
5.07942e-005
0.00169183
0.00837797
0.0367257
0.000250309
0.00801482
0.000942215
0.000317268
0.00167765
0.0111788
0.000634635
0.00071322
2.93992e-005
0.000549297
8.82091e-005
0.000436601
0.00135542
0.00014839
0.00238806
6.39988e-005
7.81502e-006
0.000152599
0.000116769
0.000733489
0.00277477
0.000390531
0.0897368
0.00018691
0.000452073
0.00381977
0.00544285
0
0.000954292
0.000506242
0.00156388
0.000288217
0.0289504
0.00503274
0.00222349
0.000261424
0.0011336
0.00116328
7.2866e-005
0.000115217
0.000126748
0.00103351
0.000233304
0.000936569
0.00111613
0.000277292
0.00101249
0
0.0100326
0.00103286
0.0057101
0.000174032
0.000585551
0.000664131
0.00722751
0.000238884
0.0121806
0.0012957
0.000190606
6.2227e-005
0.000621029
0.000910482
0.00234322
0.00244565
0.00133862
0.000412565
0.00149723
0.00515314
0.00479843
0.000279051
0.0427862
0.00502585
0.0509563
0.00433301
0.000456205
0.0012706
0
0.000160669
0.00333248
0.00255366
4.75026e-005
0.000111801
0.000569015
0.00630896
0.00162666
0.000102649
0
0.000336018
0.0333871
0.000311142
0.00174338
0.00222609
0.00220429
0.000360715
0.0140535
0.00829519
2.39651e-005
0.0269753
0.0109181
7.56174e-005
0.0012055
0.0219744
0.0339174
0
0.00903734
0.00028538
0.000337682
0
0.000274716
0.00341511
0
0.00657373
0.00156503
0.00275968
0.0352608
0.000107509
0.000180561
0.065876
0.00379086
0.00136163
0.0149532
0.000151998
0.000825999
0.0178893
0.000323912
0.000406598
0.000404179
0.00231911
0.000141857
0.0149569
0.00687215
0.0370474
0.0295684
0.031823
0.00515694
0.0101862
0.0287069
0.00155126
0.0045106
0.0151145
0.000685517
0.0355567
5.0699e-006
2.0938e-005
0.000398653
0.0153789
0.0876739
0.000118317
0.000479924
0.0760299
0.10077
0.00029271
0.00201017
0.000947438
9.23558e-005
0.014709
0.00266379
0.00380544
0.000913372
0.00116337
0.000334899
0.00101609
0.0109431
0.00962193
0.0433595
9.83178e-005
0.000163089
0.0057831
0.000295947
0.00139474
5.97568e-006
0.00292152
0.000100369
0.00182666
0.00345376
0.000263263
0.000163229
0.00103881
0.000524341
0.00156134
0.00350395
0.00251493
0.000429163
0.000152823
0.00126313
0.00154956
0.000698197
0.000790293
0.00164363
2.29914e-005
0.000800802
0.000671955
0.0108038
0.0565588
0.00141698
0.0015654
1.55221e-005
0.00256329
5.42667e-005
0.000171439
2.06476e-005
0.000218652
0.000251528
0.000183211
0.000188817
0.0130709
0.00604411
0.0544945
0.0155178
0.000164753
0.000163834
0.00146085
0.000207088
0.048391
0.002345
5.78381e-005
0.000277759
0.0144531
0.000768785
0.00349781
0.00263708
0.00135644
0.000322542
0.000429413
0.000188739
0.0183917
0.000881643
0.000732271
0.00475655
0.0038195
0.000461963
0.000844588
-2.12835e-010
0.00247809
0.00126324
0.00196975
0.000627751
0.000157525
0.0107647
0.000314579
4.49229e-005
0.00101634
9.12581e-007
0.000791601
0.0102498
0.000796197
5.93846e-005
7.24489e-005
0.0251035
0.00145298
0.0277283
0.00132106
0.000282712
0.000230758
0.000236186
0.00054026
0.00012654
0.0121036
0.000820471
0.00125524
0.00518757
8.32529e-005
0.000201175
0.0324486
0.000368277
0.0155189
0.00102892
0.000719336
0.0037929
0.0280945
0.012383
0.000485854
0.00126716
0.0924209
0.00312046
0.000375877
0.00127738
0.00356244
0.00112567
1.67349e-005
0.00063872
0.000571975
0.00381768
0.000626702
0.000687902
4.0249e-006
0.000615031
0.00317367
0.00822423
0.000627643
0.000922223
0.000581017
0.000203407
0.000354163
0.0002213
1.98575e-005
9.38606e-005
0.000138018
0.0179142
0.000586572
0.00132522
0.000395689
0.00275534
0.000651971
0.000763125
0.000392411
0.111889
0.000638412
0.00268822
0.000882056
0.00195481
0.000154358
0.00102379
0.00101452
0.0102391
0
0.00223001
0.000769563
0.00305026
0.00117543
0.000385471
0.000115033
0.000254996
0.000188608
0.0162185
0.0118868
0.013157
0.0114912
5.97217e-006
0.00242094
0.002405
0.00267305
0.000188586
0.00257472
0.000484402
6.76932e-005
0.000706888
0.000388712
0.000416097
0.00037129
0.0518235
3.85782e-005
0.0564915
0.000597851
0.000460712
0.0014704
0.00304948
0
0.00247175
0.0761456
0.0111373
0.00115532
0.076646
3.37362e-005
0.0176571
0.00348734
0.00110284
0.000647714
0.0115581
9.49826e-005
0.000472766
0.0162743
8.34375e-005
0.00889681
0.000782126
0.00655012
0.00156159
0.0705287
0.00023396
0.000178178
0.00716059
0.0097056
0.00326124
0.0234543
0.076943
6.25665e-005
0.000226887
0.0467509
0.0124001
0.000422531
2.50017e-005
0.000319802
0.0172526
0.000971932
0
5.01932e-005
0.000405028
0
0.00175708
0.000181438
0.00502802
0.000283059
0.00128636
0.00178874
0.000218906
0.00199365
0.000351286
0.000475688
0.000219397
0.00615688
3.41583e-005
0.0432051
4.04174e-005
7.8544e-005
0.0212126
0.00642517
0.00208229
0.00196981
0.000538906
0.000413708
0
0.00996161
0.000871382
0.00248486
0.000268012
0.00149671
0.000474139
0.0552137
0.00108583
0.000141423
0.00235586
0.000118544
0.00352833
0.000699066
0.00196421
0.0043533
0.00658851
0.00360621
0.00148154
0.00174005
0
0.00015942
0.00282587
0.000772271
0.00869246
0.000450111
0.000148438
0.000420744
0.000948785
0.00328649
0.000273703
0.021148
0.0331837
3.86437e-005
3.81476e-005
1.19168e-005
5.00852e-006
0.00644238
0.00198106
0.000830361
9.79628e-006
0.0693545
5.70953e-005
0.000723285
0.000868915
0.0001507
0.000875857
3.23873e-005
0.0535507
0.000334765
0.000255458
0.00134626
0.00016088
0.00254461
0.00270028
0.000124653
0.0385445
0.000754418
0.0517341
0.000174343
0.0119881
0.0450696
0.00088978
0.000162845
0.000170386
0.000877831
0.000136512
0.00617141
0.0499274
0.00330963
0.00851286
0.000520913
0.00103404
3.23209e-005
0.020739
0.000184265
0.000557549
9.4171e-007
0.031763
0.0453495
0.000243495
0.000603567
0.00798768
0.00524418
0.0136423
0.023273
0.00166148
0.00418717
0.00187845
0.00747704
0.000896542
0.000680095
7.16825e-005
5.88768e-005
0.00399025
0.00203115
0.00146924
3.84374e-006
9.56391e-005
9.74378e-006
0.0781914
0.00304966
0.0119191
0.00277271
0.000402383
0.00217409
0.00234319
8.36001e-005
0.0159615
0.0017637
0.000535962
0.0054038
0.000966809
0.0452139
0.00298704
0.00113239
0.000498628
0.111209
0.000597835
0.00237599
0.0133443
1.76521e-005
0.00887494
5.03438e-005
0.00149887
0.00211414
0.000842289
0.000357402
0.000121171
0.000299035
0.00127906
0.00199442
0.0252386
0.0193047
1.24812e-005
0.000751424
0.103349
0.00534473
0.000409793
0.000192883
0.000866623
0.00290725
0.000297021
0.00102792
0.00592305
0.00390143
0.000155971
0.00147242
9.00196e-005
0.00159632
0.022967
0.00190589
5.63845e-005
0.0138836
0.000128738
0.00239682
0.00531495
0.00125417
0.000604513
0.000336176
0.00278829
0.00150942
0.000534432
0.0119136
0.000339795
0.000489575
0.0153172
0.000679414
0.0283178
0.00033843
0.0263182
0.00234403
0.00030382
0.0237846
0.0198584
0.00858675
0.000523275
0.00019973
0.000194385
0.0197709
0.0530805
0
0.000930302
0.00032157
0.000750147
0.000334827
0.0320129
0.0273705
0.00106478
0.00321589
0.0122355
0.00121373
0.000722613
0.00200761
0.000874602
0.000344176
0.00882142
0.00102859
0.00128205
0.0151139
0.00113199
0.000211508
0.00075361
0.0505698
0.0037917
9.90865e-005
0.00120381
0.00208831
0.00115346
0.0002329
0.000282675
0.00705148
0.0358444
0.000462535
0.000152791
0.00110003
0.00116311
0.00605552
3.441e-005
0.0175043
0.0380363
0.000717233
0.00150525
0.00148047
0.0025118
7.88354e-005
9.18722e-005
3.93576e-005
0.00117275
0.00203588
0.000917736
0.0151304
0.00332725
0.000271153
0.000769688
0.00401915
0.00809133
4.30786e-005
0.000473673
0.00580857
0.00150267
0.0178624
7.83964e-005
0.000112546
0.050938
0.0055568
0.00591369
0.000665769
7.63878e-005
0.000129643
0.000204441
0.00295065
0.00390754
0.000685615
0.000394931
0.0915182
0.000978696
0.00362915
0.000157434
0.00671208
0.015321
0.000636564
0.000504305
0.0119753
0.000185694
0.000301046
0.00236726
0.00149057
0.000294126
0.0151576
0.0133724
0.00155724
0.00975643
0.00390416
0.000620427
0.0140035
0.000745726
0.00368626
0
0.000148723
0.00124897
0.00500851
7.91573e-007
0.00402379
0.000906919
0.000234052
0.0161626
0.0348461
0.000649603
0.00167355
0.000156495
0.000270307
0.0012527
0.000183502
0.000282876
0.0024036
0.000528505
0.00119807
0.000147465
0.000767697
0.00164952
0.000147796
0.00280755
0.00324604
0.0691788
0.00309771
3.05631e-005
0.00276359
0.00783852
0.000651769
0.0013061
0.00207208
4.24631e-005
0.017115
0.00982559
-2.06305e-010
0.00137824
0.00182118
1.88808e-005
0.000174015
0
0.000448413
0.00139513
0.00148049
0.000513352
0.000113592
0.0343557
0.0443213
0.0534891
0.000542448
0.0002865
0.00023631
0.082349
0.000469589
0.000357735
0.00867442
0.0196356
2.25443e-005
7.77982e-005
5.90863e-005
0.000786859
0.00216139
0.00107938
8.57561e-005
0.000465055
0.000198745
0.000101799
0.00372461
0.00126917
0.000392742
0.00115363
0.00192778
0.00016568
0.00560526
0.000490895
0.000202936
0.00140682
7.07987e-005
0.0166161
0.00430441
0.00015189
0
-1.09008e-010
0.000452046
0.0022395
0.000862411
0.000575713
0.0077628
0.0117867
0.000249404
0.000189733
0.00666062
0.00171928
0
6.33453e-005
0.0639732
0.000590929
0.0019836
0.00171941
0.000101274
0.000134786
0.00241605
0.000225049
0.00428514
0.00434983
0.00107344
0.0657249
0.0051766
0
0.0162872
0.000377424
0.000376227
0.000243663
0.0127456
0.000171467
0.00176157
0.000484048
0.00115369
0.00409114
0.000171674
0.000325666
0.000170718
1.8492e-005
0.000154474
0.000271149
0.000410009
0.000569094
0.00272664
0.00151198
0.000368824
0.0112427
0.0311077
0.00189798
0.000227879
0.00177338
0.00154238
0.0311785
0.00580101
0.000262618
0.0104022
0.00126948
0.00120932
0.00111246
0.0174795
0.0665447
0.00129967
0.00712729
0.0151508
0.000819841
0.00093324
0.0223736
0.00204106
0.000364801
0.000481064
0.000988343
0.0053605
0.00705757
0.00263467
0.000415496
0.00321231
0.00101076
0.00409689
0.0115176
0.00116118
0.000117247
0.000281811
0.0385142
0.00134464
0.00317772
6.17301e-005
0.00274399
0.0336047
0.079025
0.00412044
3.13084e-007
0.000614235
4.6232e-005
0.000375607
0.00149505
0.000278046
0.000276173
0.00267652
0.0295586
0.000945663
0.00183454
0.00309922
8.73889e-005
0.0021451
0.000308781
0.000233948
0.000329622
7.21851e-005
0.0225454
9.31432e-005
0.000569633
0.00594081
0.000127191
0.0104291
0.000763236
0.00372533
0.00251511
0.00248821
2.75412e-005
0.00122069
0.000337985
2.63628e-005
0.000213199
2.34457e-005
0.00146688
0.00166783
0.00022361
0.000261698
1.11094e-008
0.00840621
0.000200214
0.000519061
0.0008558
0.00208452
0.00417453
0.000653315
0.000201741
0.00279739
0.000202006
0.000193127
0.011932
0.000155699
0.000294815
0.0502953
0.000480265
0.00023131
0.000143791
0.000927109
0.000223127
0.00142329
0.00161494
5.98349e-005
0.000341186
0.000405242
0.000229395
0.000241891
0.000106886
0.000154822
0.000675571
0.00109553
0.00517879
0.000483735
0.00183923
0
0.00102741
0.000843283
0.0020654
7.42638e-005
0.000990758
0.000704434
0.00131794
1.8353e-005
0.00123513
0.000985919
0.0160519
0.0305771
0.00149667
0.00496304
0.00103512
0.00143238
0.000681389
0.000899426
0.000738364
0.0241977
0.000157934
0.000455651
0.000251173
9.64355e-005
0.00158045
0.000192731
0
0.000199318
0.000718836
0.00133743
0.000224279
0.000137984
0.000875142
0.00134771
0.00105485
0.000891388
3.33054e-005
0.000282976
6.33099e-005
0.00216132
0.00812992
0.00870903
0.00783169
0.0176434
0.0187056
0.000291476
0.000399445
0.000132323
0.00038899
0.0196588
0.00918836
0.00154351
0.00018637
0.00144318
1.55328e-010
0.000411356
0
0.00144825
0.000537116
0.057433
0
0.00232671
0.00115967
0.000251502
0.0376916
0.0774958
0.000738647
0.00373555
0.0314499
0.0979789
0.000226332
0.000670353
0.000118516
0.072849
0.0156262
6.78814e-005
0.000400841
0.00082763
0.000129796
0.00140391
0.000182793
0.0160621
1.17128e-006
0.000422486
1.67106e-005
0.0147317
0.00509561
0.00769652
0.0639911
0.0794839
0.000772952
0.00480005
0.0029275
4.37587e-005
0.000264512
9.59248e-005
0.000454157
0.000283218
0.000236141
0.00806863
0.000492908
0.00013414
0.00121981
8.34762e-005
0.00208953
0.000306728
0.00053613
0.0167778
0
0.000174173
0.00730412
0.000919254
0.0853631
0.000237507
0.000186884
0.0488442
0.00469578
0.00163794
0.0020832
0.0143665
8.80761e-006
1.35006e-005
0.0109464
0.0730985
0.000339601
0.000306155
0.000455131
0.00105737
0
0.0428885
0.0438406
0.00764841
7.12138e-005
1.71543e-005
0.00117167
0.000159138
0.000949421
0.00380741
0.0320473
0.000270727
0.000294571
0.00714759
0.000592476
1.84041e-005
0.0560632
0.00222783
0.00030614
0.00124144
0.0604055
0.00792481
0.00136389
0.000828826
0.00964947
0.000346758
0.0115618
0.0143801
0.000179478
0.00208179
0.000901872
0.0585878
0.00284103
0.000106122
0.012969
0.000125307
0.000347814
0.0319936
0.057974
0.00131869
0.0334202
0.000862833
0.00223088
0.000161196
0.000664875
0.00010532
0.000208538
0.00159127
0.000776749
0.000202769
0.000427117
0.01378
0.00417198
0.000212159
0.000330388
0.00286146
0.00162933
0.00013094
0.000890587
0.00198219
0.000612706
1.17859e-005
7.23833e-005
0.000179872
0.00010068
5.0575e-005
0.00015962
4.01086e-006
0.00186149
0.000633923
0
0.00221788
0.00571087
0.00018627
0.000403286
0.000496163
0.000421307
0.00190958
0.00246183
9.31279e-005
0.0002213
0.000690812
0.00212842
0.000600707
0.00264771
0.000951847
0.0341727
0.0187685
0.000923681
0.000627094
0.000461434
4.18371e-005
0.000925904
0.001053
0.00155161
7.97073e-006
0.00170146
0.000833832
0.00528441
0.0103908
7.01482e-005
2.66528e-005
0.0175046
0.00286878
0.00196686
0.00072135
0.000454875
0.0376421
0.000533637
0.000857163
0.00133876
0.0375163
0.0908893
0.0159957
0.000741108
0.0328349
0.000404371
0.00040702
0.00183173
0.0012198
0.00131123
0.00301572
0.00201793
8.63523e-005
0.000194518
0.0175903
3.41672e-005
0.000357579
7.89755e-005
0.00553835
0.000238337
0.00105378
0.000905591
0.000994363
0.0384266
0.00115052
0.00602503
0.00142634
0.0501924
0.000972099
0.000931892
0.0023901
0.000803655
0.00451369
0.0001404
0.000386764
0.0062764
0.00113492
0.0013938
0.000150925
0.00119433
8.97769e-005
0.0390239
0.000960307
0.00125547
0.000672288
4.97814e-005
0.0698818
8.54598e-005
0.00108605
0
0
0.000502584
0.00112604
0.0940308
0.108659
0.0658087
0.000154519
0.0152333
0.000768766
0.00116733
0.000784224
0.00599324
0.00636347
0.0053415
2.84259e-005
0.00018553
0.000972261
0.00283024
0.00125736
0.00151071
0.000776284
0.000515012
0.00267187
0.00325542
0.000518717
0.000402011
0.00462004
0.00187754
0.000957616
0.0279265
0.00812294
1.96041e-005
0.00304486
0.0133532
0.000154636
0.000197679
0.000218104
1.29969e-005
0.00073376
0.0304348
0.00426253
0.00360925
0.0176763
0.0153511
0.000434747
0.00151786
0.000292662
0.0188955
0.0321231
0.000214367
0.00158668
0.0016573
-2.1445e-011
0.00249048
0.00012207
0.000233213
0.00786045
7.42569e-005
0.00906064
0.00192469
0.00082447
4.44822e-005
0.00024509
0
5.4059e-005
0.00775512
0.000163294
0.0194626
0.0463788
0.00120654
0.000229276
2.41462e-005
0.00196868
0.00368931
0.00235364
0.00049419
0.00064976
0.0635972
4.59067e-006
0.000702502
0
0.000176979
6.83784e-005
3.21948e-005
0.00393387
0.000122885
0.00110331
0.00938362
0.00645029
1.68842e-005
0.00124987
0.000453877
0.00997761
8.78436e-006
0.00231398
0.013713
0
9.11286e-005
0.00367508
0.000204432
0.000313911
0.00506076
0.0137557
0.00130339
0.00772542
0.000427391
7.07888e-006
0.0303823
0.00128659
0.0329191
0.00483584
0.0148977
0.0014324
0.00118316
0.000132635
0.000764411
0.0101593
0.000981704
0.000468019
0.000626491
0.00055259
0.000137372
0.000630677
0.0633178
7.17272e-005
0.000104167
0
0.000661453
0.00182592
0.000448811
0.000218312
0.00136549
0.000826959
0.000682352
0.000209713
0.000918651
0.000563923
0
0.00211792
0.000103118
0.00395752
0.00372502
0.00520401
0.00691597
0.000672161
-4.49971e-011
0
0.000329186
0.0189847
0.00148257
0.000445259
0.107973
0.00107463
0.0003668
0.09496
0.00255706
0.00166713
0.0502153
0.000549578
0.000226711
0.00881917
0.000420518
0.000951073
0.00870109
0.000210971
0.00116194
4.76292e-005
7.89566e-005
0.000250408
0.000164334
0.000884855
3.42493e-005
0.0204122
0.0142552
0.00714179
0.000501067
0.00202863
0.000416535
0.0440085
0.0439767
0.00161488
3.82054e-005
0.000772049
4.05164e-005
1.12017e-005
0.00111606
0.00100878
0.00175062
0.00117779
0.00266046
0.0010055
0.000650171
0.00731012
0.00615286
0.000284809
0.000286517
0.000207871
0.000715336
0.000209849
4.75844e-005
0.00796049
0.00203444
0.000194329
0.000287744
0.0108665
7.3001e-005
0.000371957
0.000344155
1.88896e-005
0.000165744
0.00103186
0.0953308
0.000838293
2.19491e-005
0.0119713
0.0122195
0.000162641
0.00138481
0.00116922
0.033851
0.000889129
0.0341976
0.00358648
0.0121915
0.00194819
0.000591589
1.21067e-005
0.00435091
0.00509456
0.0347307
0.000585887
0.00131507
0.000527523
0.0125415
0.0122591
0.000105028
0.000922263
0.0220282
0.0139919
0.00314427
0.00145166
0.000598376
2.78708e-005
0.030152
0.000848061
0.00118969
0.000668276
0.00251917
0.000555735
0.000579287
0.0127455
9.34572e-005
9.6069e-005
8.35879e-005
0.00455934
0.00280731
0.0410235
0.00860941
0.000693012
0.000221139
0.00180164
0.000122436
0.00289571
7.55592e-005
4.23684e-005
0.000500752
0.00174212
0.000903568
0.000965863
0.00273532
2.7119e-005
0.00017166
0.000544408
0.000629272
0.00197737
0.0235144
6.82795e-005
0.000825671
0.000337409
0
0.0861579
0.00439969
0.00200301
0.00607237
0.00160608
0.00152776
0.00159081
0.00898579
0.0059584
0.0135209
0.000418018
0.00369955
0.000149936
3.59086e-005
0.000628229
0.00171477
0.00041002
0.000545966
4.3279e-005
3.71459e-005
0.00136163
0
0.000823732
0.000310573
0.00115908
0.00891106
0.000378785
1.81677e-005
0.0138986
0.000474146
1.98279e-005
3.90141e-005
0.00529795
0.0409653
0.00258387
0.000223205
0.000195071
0.000224865
3.57937e-005
2.95981e-006
0.00117497
0.000444877
0.00680102
0.000249149
0.00079481
0.000754572
8.53936e-006
0.000418587
4.44108e-006
0.000968541
0.0109286
0.00450993
0.00538298
0.0049335
0.000147555
4.33698e-005
0.000173067
0.0162025
0.00193946
0.0197525
0.00367087
0.000827716
0.000445851
0.000330425
0.000716272
0.000720728
0.000604569
0.000253747
0.00127087
0.000559391
0.0284267
0.000744978
0.000354697
0.0939313
0
6.69224e-005
3.06221e-005
0.00014116
0.0081525
0.0151367
0.000678006
0.0014563
9.81836e-005
0.00183055
0.00101588
0.00166705
0.000339814
8.28446e-005
0.00230106
0.00813651
4.97395e-005
0.00261164
0.0286329
0.000103647
0.000145014
0.00130421
0.00186808
0.0790153
0.0880746
0.000582258
9.84032e-006
0.00539442
0.0209303
0.00036431
1.52694e-005
0.0010722
0.028664
0.00018781
0.0026065
0.00128562
0.000204283
3.45091e-005
0.0211535
0.0307197
0.000823716
0.00390385
0.00634949
0.00657909
0.0227584
0.00153912
0.000526285
0.0043334
0.000191407
0.000655713
0.004577
9.33961e-005
8.80451e-005
3.01115e-005
0.00108345
0.00178444
0.00155289
7.02142e-005
0.000250203
0.000651905
0.000375349
0.00196194
0.000626543
0.000380572
0.000726833
0.000725359
0.00537958
0.000118267
5.12991e-006
0.00214946
7.02584e-005
0.0923962
0.000820661
4.03997e-005
0.108415
0.0700115
0.00181816
0.000175819
0.000946372
0.00040418
0.00057786
0.00203358
0.00872165
0.00112694
1.07904e-007
0.00138273
0.00130414
0.00350366
0.000987129
7.36853e-005
0.00911519
0.00275832
0.000183261
0.00129836
0.000516335
0.000374358
0.00059926
8.87065e-005
0.000118672
9.04725e-005
0.00899823
0.00044581
0.000705247
0.0125149
0.030103
0.00640126
0.000203902
0.000335687
0.000985846
0.000927069
0.0177678
0.0174817
0.000614017
0.000252967
0.000396889
0.000911204
0.00808597
0.000579796
0.012994
0.000446691
0.000345274
0.059548
0.0002353
0.00193131
9.75317e-005
0.01385
0.000650603
4.03962e-005
0.000299972
0.000400571
0.000762435
0.000259218
8.55775e-005
0.000434189
6.18619e-005
0.000200293
0.00103139
0.000105018
0.00642737
2.87533e-005
1.41812e-005
0.000611646
6.74259e-005
0.00136059
0.00145599
1.37508e-007
0.0105005
6.99732e-005
0.000702553
0.0113784
0.00590793
0.00136871
0.00016139
0.0290753
0
0.00417308
0.000436019
3.08457e-005
0.000102391
0.00044382
0.000112182
0.00209308
0.000645901
0.0111654
7.01014e-005
0.0039261
0.00346286
0.0013197
0.000597208
0.00160195
5.60324e-006
0.00055754
0.000240197
0.0094609
0.000220662
0.000992163
0.00102731
0.00190881
0.000286788
0.000516766
0.000431059
6.1712e-006
0.000509484
0.00136538
0.00314631
0.000921565
0.000885603
0.0403209
0.00253445
0.00016726
0.000417144
0.00137428
0.00498209
0.0220366
2.38479e-005
8.8546e-005
0.000462176
0.00127794
0.000323866
0.000235464
0.000305065
0.000262268
6.09552e-005
0.000219118
0.00662503
0.000219933
0.00301693
9.50063e-005
0.0537606
0.0586089
0.000285477
1.53816e-005
0.000363868
0.00213354
0.0014659
0.000901982
8.66532e-006
0.000739792
0
0.000352675
0.00455096
0.000254855
0.000169564
0.000620804
0.0263181
0.000581591
0.000232853
0.00431729
0.00387943
0.00659152
0.0142322
0.000817506
0.00142965
0.000297302
0.000564252
0.0134321
0.00161595
0.000289474
3.63617e-005
0.000184049
0.000275533
3.84182e-006
0.000205105
0.000746142
9.70768e-005
3.81283e-005
0.00514374
0.00390789
0.000762738
0.0206004
0.00255911
0.0301714
0.000496493
0.000151613
0.0013438
0.00124825
0.00049778
0.0683341
0.060101
0.000141256
0.000410926
9.30912e-005
0.0113006
0.00119787
0.000482135
0.000695876
0.0102972
0.00996176
0.00130709
0.000655212
3.43102e-005
6.41471e-005
0.0303163
0.00419856
2.03412e-005
0.00144849
0.000609017
0.00821891
0.0128979
0.00735252
0.00100331
0.000853274
0.00932551
0.00590482
0.000541417
0.00163305
0.00246013
0.00228703
0.00928006
0.000896502
0.00470948
0.0070122
0.0470459
0.0781618
0.000205003
0.00144935
0.000205781
0.0047674
0.000462818
0.00158653
0.00280462
0.000411056
0.000620662
0.000152832
0.00201944
0.0173909
0.012166
4.73193e-005
9.97069e-005
9.66305e-005
0.000666728
-9.14339e-009
0.000138356
0.00143453
0.000111598
0.000356504
0.00885886
0.00170781
0.00159144
0.066203
0.000969432
9.5344e-005
0.000177839
0.0120115
7.99163e-005
0.000159481
0.00127827
0.0121215
0.0150504
0.00437786
9.67041e-005
0.000288579
0.00169635
0.000348296
4.77036e-005
0.000130269
2.19165e-006
0.0130149
0.000640705
0.000577553
0.00251063
0.000126427
0.000884408
0.000198619
0.0803882
0.00029402
0.000409935
0.0181233
0.00232636
0.000253574
0.00023197
0.00113625
0.000885744
0.00333875
0.0941837
0.0765007
0.0524992
0.00131468
0.000667205
0.00133717
0.0874429
0.000243351
0.000551613
1.20732e-005
8.97686e-005
0.000485453
0.000498466
0.000277589
0.0103427
7.92186e-005
0.000183709
0.000359899
0.00381607
0.008713
0.00425683
0.000115763
0.000597722
0.000523259
0.000596072
1.91397e-005
0.00186602
0.0344282
0.0828073
0.000240792
0.0852559
0.00858317
0.00033007
0.0411278
0.000120872
0.000437398
0.00100802
0.0862544
4.03163e-005
0.00432605
0.00068358
0.00182789
0.00212292
0.000333056
0.000396371
0.000228781
0.065408
0.102367
0.00313719
0.000223728
0.00529705
0.000986892
0.0103019
0.0100904
0.00261648
0.000228951
0.000640599
0.00140079
9.41344e-005
0.00585531
0.00330971
0.000763959
0.0529991
0.0101112
8.55672e-005
0.000287955
0.00104714
0.0469665
0.000430746
0.000251216
0.000750929
0.0115991
0.0686837
0.0106314
0.00143691
0
0.00102141
0.0604143
0.00115186
0.00666596
0.00431147
0.0189384
0.0021991
0.0115227
0.0112866
0.00122855
0.041232
0.00447726
0.00171598
0.000839023
0.000169205
0.000431401
0.0620049
0.00298746
0.000148621
8.28316e-005
0.00946018
0.000124843
0.0120519
0.00102258
0.000112255
0.00990159
0.000853368
0
0.000106184
8.2373e-005
0.00160241
0.000378977
0
0.00169387
0.00287205
0.000208303
0.000520766
0.000386564
0.0149835
0.0235227
0.000528378
0.00104921
0.00144542
0.000811709
0.104518
0.0410333
8.1392e-005
0.000151889
5.86329e-005
0.000279134
0.00459241
3.2989e-005
0.00248298
0.000382378
0.000728276
0.0100891
0.000794629
0.000758511
0.000701559
0.000132392
0.000187378
8.07149e-005
0.0082663
0.00501554
0.0091805
6.67113e-005
0.000771823
0.00532338
0.0113232
0.0018788
0.0158288
0.0170712
0.000210693
0.000222427
0.00149904
6.05482e-005
0.00957291
0.000906963
0.0525933
0.000360815
0.00170803
0.000910765
0.00721234
0.00849245
0.000843711
0.000961851
0.00420214
0.000143477
0.00240644
0.000223944
0.000363112
0.000744886
0.000906026
0.000154425
0.0038952
0.00485608
0.000403711
0.000136649
0.00129472
0.000117104
0.000957783
0.00670134
0.00144792
0.00231632
0.000329902
4.60411e-006
0.0631087
0.000140947
0.00151297
0.0111188
0.101224
0.100935
0.0012919
0.00641828
0.00029905
0.00271649
4.96739e-005
0.00115567
0.00126718
0.001167
0.000445958
0.0572766
0.000486694
0.000157625
0.00121514
0.00478503
0.00116291
0.0114061
0.000254327
0.00121087
0.000362411
0.000329253
0.00223016
0.000797275
0.00662735
0.007861
0.000167077
0.000151977
0.00381759
0.060061
0.00169359
0.00133114
0.0153027
0.012154
0.0393211
0.00803009
0.0121608
0.000380939
0.00454826
0.00100618
6.14993e-005
0.00418466
0.00180639
0.00089276
0.000595587
0.000103318
0.00152636
0.000675636
5.69645e-005
0.0337166
0.000422948
0.000823019
4.89755e-005
0.000340065
5.71094e-006
0.00012391
0.00198062
0.000232463
0.000789897
0.047876
0.0458651
0.000182506
3.31605e-005
0.0036675
0.00197833
0.0131626
0.00125642
0.0197081
0.000118558
0.0292356
0.0118652
0.0106311
0.0073599
0.00314351
0.000586776
0.00921081
0.000581427
0.0480431
0.000711808
0.000287771
0.0121405
0.000243014
0.000278408
6.92868e-005
0.000566499
0.0177251
0.0216108
0.0160872
0.000708872
0.00543839
0.0102887
0.00650034
0.000255197
0.000186058
0.000573619
0.00106051
0.000796876
0.00406534
0.00763081
0.00448199
1.0323e-005
0.0139904
0.0184433
0.00442395
3.87953e-005
0.000962801
0.00367165
0.00107144
4.65278e-005
0.00013145
8.77352e-005
0.000563967
0.00029281
0.0268622
0.000187587
0.0030078
0.000962378
0.00234178
8.51157e-005
0.06992
0.00989456
0.000706514
0.0151009
0.0106206
0.000217003
0.000182111
0.0372576
0.0542811
0
0.000132254
0.00204751
0.00232268
0.000554035
0.000859459
9.57287e-005
0.0725765
0.00208421
0.0357056
0.0003799
0.000517538
0.00133716
0.000940291
6.28413e-005
0.00025448
3.02466e-006
0.00463182
0.000200535
0.00137924
0.00186068
0.000592666
0.0102341
0.0126453
0.000426113
0.00215975
0.00123943
0.00751442
9.89356e-005
9.9341e-005
0.000372959
0.00354891
0.0003345
0.00619679
0.0815147
5.86963e-005
0.000143145
0.000121367
0.00635706
0.0532974
0.00141037
0.00147896
0.000722752
0.00590173
0.000100731
0.0426877
0.0128683
0.000985642
2.09468e-005
6.82867e-005
0.00230656
0.00252979
0.00109603
0.00114743
0.000500925
0.000384666
0.00044014
5.01574e-005
0.00531917
5.38788e-005
7.61416e-007
0.000538656
0.00142642
0.00167193
3.09096e-005
0.00282612
0.000816318
0
0.00260054
0.00608084
0.00254288
0.000404252
0.00918665
0.000841163
5.7349e-005
0.00276339
9.60854e-005
0.0357384
6.90233e-005
0.0563496
0.00292601
6.14525e-005
0.00203151
0.00364862
0.00179352
0.00369413
0.00303945
0.0245896
0.000282116
0.00544575
0.00211768
0.000738143
0.000274759
9.38619e-005
0.000153832
0.000105988
0.00457497
0.000369478
0.000382909
0.110605
0.0128593
0.000489122
8.5756e-005
0.000174225
0.000721636
0.00144865
0.012648
0.0499013
0.000243383
0.00245319
0.000512124
0.00060524
0.00134073
0.00024107
0.000669695
0.0013048
0.000135241
0.000808851
0.00287818
0.000342676
0.000744438
0.0133591
0.0094447
0.000425429
0.0605499
0.0176128
0.0113784
0.0139058
0.0736225
0.000350491
0.0808685
0.00144343
0.000182264
0.0116735
0.000209962
0.000420376
2.3127e-005
0.00209356
0.00574729
0.00269495
0.000219086
0.0944958
0.000363905
0.000713563
0.0010315
0.0155015
0.000204025
0.094851
0.000563502
0.000100278
0.000328724
0.000104812
6.22641e-005
0.0138407
0.00109287
0.000189255
9.99212e-005
4.27638e-005
0.000537062
0.000569463
0.00063116
0.0886897
0.0024624
0.000138638
0.00380253
0.000150467
0.000849133
0.000121583
0.00136025
0.00130991
0.00013764
0.0326794
0.0179158
0.00323525
0.00164124
0.0095955
0.00106166
0.00286539
0.000211961
0.00109875
0.0014951
0.0108012
0.00730447
0.000739142
0.00118438
0.0349127
0.00022443
0.0122139
0.000606528
0.00131592
0.000622383
0.00370064
0.0436552
0.000693206
0.00137407
0.0640956
0.0102338
0.00755398
3.86552e-006
0.000781279
0.0369231
0.000553848
0.000354279
0.00309408
0.00354211
0.00817337
0.0854972
0.00473995
2.94575e-005
0.00140768
0.000140132
0.0110114
0.000350235
0.000308525
0.00120971
0.0420141
0.0527658
7.98615e-005
0.00103768
0.000829136
0.000345546
0.0033277
0.00772551
8.18625e-005
0.000722188
0.00341019
0.00113903
0.00828465
0.00270882
0.00189869
0.000102041
0.000130766
0.000543123
0.00053436
1.73923e-005
0.000653105
0.00242522
0.00124551
5.54737e-005
0.000382068
0.000223972
0.077714
0.00144875
0.00330458
0.000267318
0.0322915
0.00153942
0.000145637
0.00151193
0.0794704
0.0309434
0.00147331
0.000121847
0.105381
0.0634942
0.0113238
0.00318808
0.0356017
1.38379e-005
0.0706647
0.105576
0.0405133
9.59401e-005
0.000466599
0.00360583
0.0940849
0.000912969
0.000510348
2.69316e-005
0.000121317
0.00188351
0.000503772
0.00011857
0.00157443
0.0029598
0.000194572
8.08696e-005
7.88757e-005
0.00135608
0.00405706
0.00106967
0.000200173
0.000823115
0.00651859
0.000943213
0.118201
6.96409e-005
0.000249302
0.00679571
0.0041584
0.0143045
0.00228849
0.00298768
0.00467509
0.000313283
7.00919e-005
0.00344037
0.000775793
0.000196436
0.00795336
0.000212173
0.000623731
0.066752
0.000383686
4.58862e-005
0.000642343
0.0594112
0.0912811
0.000878083
0.000101027
0.00160664
0.0501322
0.0768481
0.0517502
0.0679155
0.00508842
0.000633723
0.0114794
0.0144656
0.0202065
0.0241951
0.0616015
0.00786005
0.00113409
6.11029e-005
0.0510391
0.102198
0.00128564
0.000234112
0.000325864
0.0159199
0.0826149
0.00099948
0.000499096
0.00241289
7.88185e-006
0.00139507
0.000204244
0.00137814
0.000662609
0.00066463
0.00188996
0.00014989
3.16226e-005
0.00344807
0.00141002
0.00071217
0.0758699
9.20613e-005
0.000130143
0.00584379
0.00704504
7.64249e-005
0.000564451
0.0100626
7.16379e-005
0.00209665
-6.03761e-009
0.000473197
0.0346123
0.00022219
0.00145824
0.000328444
0.00197687
0.0597434
0.000267284
0.000428067
0.00499077
0.00497178
0.00118606
0.0502369
0.000951159
0.00232239
0.00251115
0.00606131
0.0812498
0.0055656
0.00577494
8.57283e-005
0.0021377
0.00103276
0.000168666
0.000217894
0.0107925
0.0128166
0.000609355
0.00095402
0.000764928
0.000979067
0.0405423
0.0205551
8.03264e-005
0.000222378
0.000822576
1.57608e-005
0
0.00104669
0.000137505
0.00423906
0.00979961
0.000583839
0.000729031
0.0690024
0.00353199
8.66329e-005
0.00597273
0.0519793
0.00315914
0.00202728
0.0561676
0.0931705
0.0668379
0.0237222
0.0186008
0.0259466
0.000765755
0.000396399
0.0189293
0.000716021
0.000809267
0.00382035
0.000330696
0.00207696
6.09065e-005
0.0268099
6.6407e-005
0.0010159
0.000422246
0.00301524
0.00944798
0.0148664
9.36051e-005
0.0080936
0.000199483
0.000556699
0.0024936
0.000561665
0.000153476
0.00137076
0.00180225
0.000826251
0.00213458
0.00257685
0.000691219
0.00160791
0.0334884
0.0063257
0.00470369
0.000862956
0.000113624
0.02934
0.000551757
9.09544e-005
0.000249453
0.000155816
0.0146898
9.73681e-005
0.000866953
4.10575e-005
0.0150724
0.00379638
0.0129604
0.000341057
0.00091515
0.00242166
0.000566776
0.000437036
0.000322042
0.0736586
0.0634624
0.00149865
0.000189902
0.0311379
0.00183338
0.000373777
0.00221544
0.000922263
0.00451081
0.000705839
0.00301196
0.000178814
0.00099494
0.00310021
0.000631939
0.000193205
0.000448949
0.00234963
0.000172918
0.00346591
2.43629e-005
0.00487203
0.0854447
0.0431421
0.00533904
0.0708813
0.000162644
0.00258517
3.91945e-006
0.00116456
0.00111694
0.000110864
0.00818285
0.000667515
0.00418053
0.00995277
0.000463808
0.000553013
0.000102614
0
0.00114394
0.0517315
0.000857825
0.000739357
0.000723311
0.00328494
0.0445507
0.000456529
0.00216119
0.000602721
0.00289296
0.00020139
0.00759224
0.00162745
0.000366305
0.00231548
0.00203732
0.0102592
0.0122255
0.00698919
0.00113625
3.32694e-005
0.00881181
0.00281789
9.34362e-005
0.000746713
0.0029019
0.000512331
0.000582414
0.00586633
0.000789073
0.000495438
0.0013235
0.000108049
0.000442517
0.00185788
0.0451882
0.0687363
0.00333729
0.00010055
0.00145258
0.000628689
0.0515419
0.0492552
0.00101777
0.065902
0.092564
0.000229605
0.000259253
0.000678402
9.46014e-008
0.00068112
0.00187345
0.0542537
0.00159803
0.000177877
0.000691351
0.0026063
0.000330892
0.0129547
0.0161073
0.0010989
0.00172559
0.00250018
0.000477749
0.000101132
0.0344484
0.000848833
0.000762246
0.000262658
0.000263829
0.000333155
0.000451062
0.00761681
0.000492034
0.086224
0.00177126
0.00201539
0.00025136
0.00484196
0.0014015
0.000692865
0.00287383
0.00100791
0.000702828
0.000403657
0.00473481
0.00706777
0.00043776
0.0130877
6.29634e-006
0.000523313
0.100641
0.0957513
0.0130174
0.032826
0.00583303
0.00193626
0.0258708
0.00132521
0.0223325
0.0796127
0.00039637
6.78576e-005
0.123422
0.000859619
0.00489159
0.00244425
0.000645429
0.0103479
0.00234101
0.00161721
0.000100368
0.000903218
0.000140473
0.000429828
0.0686935
0.000172189
0.0021189
0.00537266
0.00168904
0.0439528
0.0331349
0.000144032
0.00180596
0.0153823
0.0832048
0.0532983
0.000552771
0.00675245
0.000604495
0.0142852
0.00127702
9.87468e-005
0.000183273
0.0325604
0.000156418
0.00806379
0.0487766
5.20462e-005
7.30936e-005
0.0111624
0.00620578
0.0107947
0.000532944
0.00133748
0.00158253
0.000216777
0.000220372
0.00259547
0.00156654
0.00220157
0.00231569
0.000970506
0.000102351
0.000320602
0.00357897
4.96116e-005
0.00022515
0.0400303
0.0217107
0.0105063
0.000606586
0.0119783
0.0409415
0.00125209
0.111387
0.000412668
0.000163133
0.000112951
0.000817127
0.000578639
0.00528099
0.01244
0.000479874
9.33412e-005
0.00992461
0.000133734
0.00231477
0.0347936
0.070512
0.0655121
0.000350524
0.000363253
0.00181959
0.000360556
0.00263275
0.0011821
0.000902701
0.00873266
0.00978729
0.00307414
0.000969514
0.00168476
0.000267457
0.0292094
0.00212958
0.023352
0.00826013
0.000641494
0.0159743
0.000105292
0.000757854
0.00484461
0.000527149
0.000855649
0.0004309
8.48549e-006
0.0118441
0.0187118
0.000461655
0.000443479
0.000309486
0.00843721
0.00134685
0.00182161
0.0078431
0.01259
0.0235473
0.000272047
0.000171797
0.00132966
5.32137e-005
7.42611e-006
0.000182111
0.00465308
0.000452517
0.00091311
0.0138668
0.0601636
3.99481e-005
0.000787739
0.000132817
0.000991203
0.000109409
0.000234771
0.00211962
0.0501534
0.00860117
0.000414914
0.000404593
0.000495452
0.00120338
0.00130414
0.0266565
0.000317014
0.000220114
0.044726
0.0305809
0.00140984
0.00311317
0.0057526
0.0144466
0.0343546
0.00121498
0.00121498
0.0103266
0.000550217
0.000173268
0.000766576
0.0016434
0.0134625
0.0327992
0.000302751
0.0134168
0.00260567
0.00958768
0.00255118
0.00776373
0.00776375
0.000422028
0.000258228
0.00085627
0.00101505
0.0249517
0.00788296
0.00825087
0.00112296
0.0957856
0.0827966
0.00112311
0.161583
0.196782
0.0155426
0.00150464
0.00152403
0.000756345
0.000330025
0.00599048
0.000575266
0.0152162
0.000547154
0.000422427
0.00180921
0.00140851
0.000612306
0.00530779
0.0363756
0.00657954
0.000981214
0.000628539
0.00879988
0.0096978
0.000367872
0.000204816
0.0123035
0.00890388
0.0140667
0.000599448
0.0877666
0.0138212
0.000441938
0.0429119
0.00108549
0.0824769
0.0074649
0.0373327
0.0407817
0.0445167
0.00119766
0.0180691
0.000762103
0.00141957
0.110899
0.000827103
0.000243526
0.0342043
0.0251529
0.0917038
0.0061532
0.034204
4.0427e-005
0.00150841
0.0701096
0.000694577
0.000428204
0.000441549
0.0340588
0.0330048
0.000245699
0.000294555
0.00861711
0.0387476
0.0164334
0.000844539
0.00545922
0.000323958
0.00296949
0.00254011
0.090074
0.0284405
5.45023e-005
0.0288048
0.0315398
0.0119071
0.000439611
0.0568416
0.001117
0.00167044
0.0221433
0.00133078
0.000467534
0.00120485
0.00933185
0.0916154
0.00405738
0.0144216
0.00438854
0.000335144
0.000245493
0.00123475
0.0108947
0.0131084
0.00107413
5.77764e-005
0.000215757
0.0463327
0.00044358
0.00243731
0.00476602
0.0384785
0.0105472
0.00675363
0.0415868
0.00073316
0.0124009
0.00143641
0.0126461
0.000345653
0.00158949
0.0386449
0.00612227
0.000938547
0.00178356
0.041399
0.000380316
0.0107987
0.105891
0.0857584
0.000449588
3.88376e-005
0.00284412
0.000789241
9.56657e-005
0.000828399
0.0877668
1.74748e-010
0.0407865
0.0456237
0.00398805
7.62893e-006
0.00108988
0.0368241
0.0080116
0.000473674
0.000587147
0.0146322
0.0152846
0.000417775
0.0017413
0.000606474
0.00806829
0.0140296
0.000225031
0.02113
0.000117167
0.00103078
0.000182846
0.00152232
0.0391895
0.000468091
0.0267037
0.000756139
0.00968685
0.0012831
0.00551684
0.000928107
0.0260757
0.0125929
0.0264803
0.00125107
0.00304978
0.0015438
0.0318411
0.000449443
0.00935582
0.00247356
0.00147003
0.000530429
0.00125949
0.00307844
0.00731246
0.000112125
0.0850191
0.0552195
0.10846
0.000984474
0.00507357
0.00285128
0.0014375
0.0183654
0.00649844
0.00020444
0.000330092
0.000310625
0.00104274
0.00182505
0.0371035
0.00173273
0.0185798
0.0346161
0.00111118
0.00342999
0.000810943
0.0259974
0.00288775
0.0716193
0.133136
0.00159092
0.0647782
0.0028933
0.00114459
0.000473451
0.00286506
0.0253979
0.000312761
0.0114301
0.00203573
0.106674
0.0785712
0.00689518
0.000568163
0.0118875
0.00097895
0.000721935
0.00506081
0.00100292
0.00143592
0.000850483
0.00137148
0.0348529
0.000678498
0.000230278
0.00746912
0.000267163
0.000821255
0.079589
0.00479067
0.00045975
0.0161901
0.021551
0.0076925
0.0670211
0.120623
0.000371093
0.00162933
0.0184631
0.0216101
0.015646
0.0132174
0.000224649
0.00173621
0.0231887
0.00426585
0.00069185
0.0932095
0.00663147
0.043936
0.0331074
0.000318277
0.0138705
0.0107232
0.0123116
0.000623717
0.00220921
0.0799805
0.0206815
0.0237705
0.00274997
0.000686545
0.000344921
0.00213375
0.000669942
0.0312335
0.00597505
0.00328189
0.0035701
0.00145308
0.00173057
0.00878194
0.00857726
0.0183053
0.0140147
0.0276511
0.0174079
0.00145563
0.000340675
0.000395207
0.00815828
0.006629
0.0860123
0.0386372
0.0121378
0.0159878
0.0470456
0.00054758
0.00434264
0.00350386
0.000723946
0.00378293
0.00852279
0.00491384
0.00235218
0.080482
0.0252693
0.00442317
0.00233362
0.0160016
0.000488767
0.00414038
0.000776847
0.00449884
0.0717648
0.0034847
0.0607029
0.0657935
0.013112
0.00925114
0.00371285
0.000619257
0.0142268
0.000856386
0.000182324
0.00182678
0.0171699
0.00633628
0.0159494
0.00121846
0.00723795
0.0500897
0.0164647
0.0573058
0.0639658
0.0539733
0.055387
0.0355794
0.0408828
0.00959098
0.00789692
0.0152097
0.0303831
0.000954169
0.0012497
0.00506094
0.00119766
0.0136757
0.00124358
0.00101403
0.000989045
0.00754771
0.00133607
0.0122791
0.0514861
0.00710274
0.0370907
0.00104324
0.000392178
0.000162399
0.0199523
0.0230574
0.019699
0.0433102
0.0862423
0.00858367
0.00626366
0.0125644
0.0349373
0.00663405
0.00199565
0.000885009
0.0178437
0.000374759
0.18911
0.113598
0.0106447
1.21948e-006
0.0520531
0.0438639
0.0679552
0.0584107
0.0556735
0.0590766
0.071983
0.00246994
0.00217246
0.00733703
0.00821146
0.00146241
0.0144581
0.0123175
0.00575378
0.00115391
0.000181446
0.000137949
0.00133847
8.51062e-005
0.00039618
0
0.00358818
0.000584859
0.00263533
0.0023548
0.0001889
0.00310505
0.00168866
0.00240176
0.000143897
0.00106447
0.000148555
0.000818067
0.000139652
