1958
94
38
75
93
33
4164
13
436
1487
313
14
911
380
80
238
73
1946
75
358
149
130
181
549
368
188
170
188
46
299
268
339
70
290
89
113
43
77
4
184
229
10
38
233
32
156
35
1703
223
89
309
118
8240
380
211
273
102
149
124
155
399
14
71
56
122
315
133
8097
168
398
83
91
145
134
125
191
36
127
503
882
279
23
49
700
371
365
506
3842
58
82
743
105
182
46
76
204
55
424
323
308
56
227
338
947
47
200
91
1101
4164
28
312
174
696
47
363
210
101
331
1433
86
97
55
6021
27
8
575
603
21
348
654
405
257
23
164
529
59
34
136
705
472
588
34
25
854
2837
339
68
25
338
580
47
472
529
361
151
114
66
74
290
413
439
100
101
138
655
70
783
267
963
140
171
123
428
2665
30
130
1901
133
311
209
333
2
2255
1229
238
131
71
99
169
117
321
688
169
181
4299
284
61
102
707
768
171
121
26
582
116
310
429
90
8
199
384
115
971
65
52
7
32
417
466
2305
386
150
1433
1994
141
1269
809
315
282
215
364
373
28
634
373
17
182
1703
476
756
2023
480
1193
103
187
458
765
30
858
3336
1525
736
236
2777
973
189
161
79
300
680
281
90
489
1765
1345
82
1071
1354
574
57
589
1299
17
5
1468
428
1703
134
8291
1215
628
421
136
872
1220
246
311
1858
320
514
639
1283
345
892
54
19
2390
1675
24
896
987
224
1607
494
1196
498
340
891
957
1223
859
422
772
157
227
244
244
1100
1779
1097
777
372
1076
160
1184
2309
1703
1592
432
1529
1971
6315
1635
1962
254
1726
737
1079
815
1501
289
215
791
1876
5234
3408
1708
21
1971
4164
497
1737
4
370
909
316
326
292
389
425
185
1136
1277
333
1726
1230
1695
1260
1658
565
563
92
1382
1064
2137
1175
757
273
106
1977
20
305
370
506
255
1371
4090
372
266
1242
1737
1084
484
2971
1894
945
767
1238
52
528
3347
1839
3065
1015
1603
355
174
610
2665
732
524
1131
127
130
1876
1152
1196
273
1540
3617
1052
45
5506
916
2971
2102
1446
177
117
128
216
399
742
1230
1230
376
472
769
2245
265
180
2774
2048
2109
1246
415
4409
922
1006
999
1644
491
4527
596
976
1004
1922
1244
777
915
1424
1629
132
1345
810
1644
1330
8370
857
1153
560
2255
556
1071
81
743
6538
1184
1703
586
1619
1494
153
996
64
1347
1210
1084
5084
2339
2096
1196
1825
163
793
1818
3635
60
468
1725
245
121
546
330
644
1388
2647
1286
943
2015
291
154
921
154
1505
680
2917
676
3031
175
978
575
1241
1517
5180
249
896
1633
276
2776
666
304
304
1307
1307
2598
1087
260
4299
899
1298
1144
1175
1227
923
440
388
2196
1971
1562
3031
1969
392
1494
1539
1053
2174
2743
2917
1994
1703
601
587
2031
1065
3606
537
522
1547
1342
530
283
1005
1328
550
2024
1777
1485
949
109
1531
1285
267
3358
214
4303
1105
8355
1256
697
205
1732
4370
218
1408
1173
651
1347
1238
1392
2255
1829
2503
694
2926
1208
349
5493
977
2373
9
1694
1256
899
528
1131
2219
2170
3644
4527
5990
1165
1316
2390
2381
433
1115
3371
2126
1870
1087
1034
293
3031
1299
1945
547
1817
979
2655
24
595
393
693
4471
1802
636
1552
274
1723
1346
1016
1863
3647
1469
1248
1019
3789
2774
486
15
590
706
2226
2730
982
1039
50
646
1128
1298
3331
677
1870
898
1435
533
525
1419
2622
2048
3357
551
346
1293
976
1995
160
2289
3914
3031
2241
1231
3280
420
39
126
842
377
721
1153
1630
2268
4280
2922
4472
3644
794
1303
1723
1683
369
411
1583
1718
1793
131
1098
1072
3621
689
5440
1599
1336
354
5906
2073
314
644
561
1864
192
759
1228
2576
2875
4249
761
63
373
1321
687
1945
1428
2315
852
5227
1798
957
1242
965
2017
773
2030
4686
5331
1173
2655
90
321
2966
239
1881
923
175
84
1538
494
5265
250
1232
4167
5722
1741
3977
260
1053
625
495
1582
1271
256
417
1186
1008
1141
1303
679
1603
240
1336
1619
715
1584
100
129
2126
406
445
1308
1089
1326
418
2035
3617
921
3358
2556
1336
2457
1523
635
3250
614
2226
886
709
212
212
1348
618
1152
676
1348
1307
1174
3358
4471
22
531
536
577
688
8358
2299
5809
1185
1494
622
711
4065
1843
5455
544
2673
4065
1538
1459
1571
517
809
7540
1188
2963
2223
2159
243
1100
702
2959
1417
63
554
861
457
1765
428
3191
656
2734
1749
691
1379
1392
633
3427
1093
1389
751
2267
3644
1588
684
2332
2267
1055
2732
319
2683
569
888
798
1474
677
1019
3289
777
1302
1459
521
1325
889
889
745
2242
4198
1348
81
1757
1874
53
1611
3411
2167
4182
638
942
280
771
1433
2026
544
1174
1880
131
1859
1159
1314
576
749
2664
3736
2255
684
345
687
1941
703
1793
5301
483
3507
2390
1227
3192
245
1802
964
362
3808
802
205
1127
3187
1033
3505
857
1336
559
1667
1407
2743
3976
912
1806
1826
3065
1173
1122
400
1467
8371
1690
5112
1238
973
1190
1703
1588
1949
824
378
493
1256
5139
674
4198
1547
1653
2470
119
2215
1114
2556
1725
2740
1154
3161
3942
452
1940
4518
444
2290
431
7378
126
8358
7086
1170
1757
287
1055
720
751
377
808
2567
7818
1111
1511
269
2591
303
1749
1984
1200
1809
421
1200
3209
1304
295
1364
4518
534
1416
206
1594
303
1667
461
2186
1945
651
1736
1781
855
1645
6730
1700
4280
1632
1426
1297
2443
546
5883
3214
661
804
283
1701
1084
2166
951
850
906
3211
2632
5118
1085
620
1659
1089
1645
615
3289
762
1297
5118
7378
1811
550
1943
178
1876
1481
231
2501
1140
1985
81
3149
5297
76
3237
6419
1691
8368
1031
1057
1001
1590
1573
1215
2838
5189
1649
2175
3043
1161
3429
4975
1626
641
892
3062
2996
2056
1837
357
3869
2741
2702
1237
5882
591
4130
1442
943
1001
2113
4518
1589
1979
1861
189
1034
533
1698
2117
1996
2220
4134
3505
202
2254
1287
1361
1638
4882
554
465
2692
811
1312
276
1535
254
2577
62
834
394
2602
1974
961
595
1686
453
1007
1029
947
5395
4332
1613
2898
1593
2820
2702
143
1373
673
4735
5493
6572
1721
3323
1427
1085
1377
1608
1304
2043
166
3031
965
1594
392
861
933
719
3187
3608
661
785
409
797
718
1735
3977
697
1333
1878
3250
1854
4677
369
3580
4672
2497
3253
4455
1658
1545
1531
2664
732
1652
264
1373
3336
1970
1273
602
714
5952
107
1660
1215
1044
1552
2757
3592
1235
1474
1656
2973
2980
1100
3646
2508
3223
2243
3520
4356
3639
1143
499
2477
1681
1219
1356
2732
1954
1374
2919
2235
325
1818
3411
1775
977
4164
1767
5184
1263
1019
2938
750
2496
527
263
1798
1742
3704
2545
1700
418
4599
1212
730
2578
5341
766
898
4597
57
1070
432
445
277
1553
4309
2332
1128
6897
1684
1879
3398
573
514
1505
1022
738
708
2061
1149
2184
183
962
832
1263
2443
2095
103
2527
3256
4057
840
1880
2482
5039
2302
3675
2300
883
847
3478
3284
1263
1908
173
1138
1965
536
527
614
3206
2216
172
1201
1512
5039
3666
280
979
2006
2383
2033
686
3954
2701
2054
1460
464
5887
1349
344
769
1775
1421
1659
1219
2319
3041
502
1038
3382
2542
1936
1895
1541
1639
607
1471
1713
1594
2149
2399
8370
271
434
1918
644
1455
1164
3449
3629
1786
1690
1792
3236
2383
3504
1255
7758
2629
2162
2294
1434
1675
8279
2214
1650
2692
961
1220
142
1212
79
828
2895
819
1272
1419
6730
1657
3104
2502
1691
3266
3488
1219
927
2583
2290
1246
3055
3323
2836
3085
1713
654
1665
3562
48
1845
530
2100
1864
1138
1988
1133
1383
2928
1621
860
4628
1923
573
2128
4800
379
3059
900
16
1983
3622
2804
1249
1409
2828
758
2443
4262
2050
1716
2360
1768
1684
16
4131
2331
3015
4973
2050
3336
1090
604
2804
1905
2144
1682
2189
4039
307
433
8348
2366
2966
753
3063
1805
4351
197
2254
2793
1105
1604
2473
739
1197
4767
2203
1635
4625
1268
2805
441
1583
878
2078
269
1385
4087
714
1097
2521
1612
1002
4916
2675
1675
1835
626
645
2062
1651
597
3253
218
5234
3581
2327
1003
2838
1768
3395
1632
221
2463
2315
515
593
837
3836
3326
1753
2701
1315
1642
196
2801
2120
1578
7642
3625
3869
1457
2585
1411
2371
3635
559
2667
53
2525
1743
2051
2062
2785
4014
1712
2851
343
1366
2444
7017
8055
4377
1743
1900
1067
608
3951
991
1599
1379
401
667
1561
1466
1418
6616
5440
1126
1621
2523
675
3450
1314
5086
107
6005
3196
1133
1036
1455
1671
6502
2956
1544
2488
2306
750
1820
2476
6692
1883
1805
2554
517
1714
2383
1175
3081
1824
2450
2817
1905
3430
2056
2708
2626
2735
1421
6309
1559
863
2305
3180
4764
2340
3736
7505
3690
1416
815
1344
791
1183
1209
3236
3723
1642
543
3572
1307
4958
4656
5097
1262
4703
317
1387
1486
1269
1670
2018
3715
4559
1145
2396
1581
1832
3360
629
912
6492
2475
2497
4299
1380
2916
1049
2965
1259
724
3236
1667
543
6545
2877
2533
2652
247
1651
4339
1384
2598
1
1975
836
4475
666
1638
1077
1491
1073
3064
2439
2931
4398
6134
3252
794
1562
5687
269
3025
1643
1920
2049
3634
3310
426
2321
662
1011
1993
2382
2762
3443
1259
2562
2620
5194
2629
1305
4012
2389
1169
1903
1237
2199
1411
4829
6186
6484
2377
3914
813
3366
2495
2061
1920
2091
1517
2418
2418
8193
3112
1965
2125
803
2800
566
4376
746
2163
609
1112
1522
1989
3015
1471
658
1849
4342
1910
2502
2207
841
1170
1967
3411
1704
1064
6572
5231
2549
2692
2253
573
3259
3205
2077
1915
1770
2768
1543
3010
3602
1296
4807
1027
1059
1099
1145
3534
3254
1943
2350
849
1148
2540
3891
2526
3360
4883
3486
381
1780
972
2965
2033
576
1339
4318
3891
2013
1031
577
5279
2363
880
4310
1803
1738
3460
2596
1771
4214
1795
2571
1183
1757
2520
7748
2657
2139
1526
1803
3937
3810
2640
4518
1929
2792
1321
1021
2022
3000
2982
4628
607
1956
8042
1116
434
1235
2515
2389
2529
2273
3461
2358
845
3720
2563
733
1794
1032
3042
3522
1615
1158
1394
4782
2082
2975
3023
2684
261
699
2142
2525
2277
3514
2998
966
1861
3049
698
2831
1797
4043
3331
414
2682
2470
3736
906
1991
1730
6633
1848
7742
2092
801
5441
4410
2092
1490
477
2630
1992
994
1733
4476
1628
1082
3216
3635
511
3282
2113
6631
1879
1774
2411
2054
5490
5490
2847
3034
3991
5303
1375
1215
4285
1790
7758
7758
1537
2220
3171
3884
2027
4599
5184
806
806
754
2000
1632
2277
3222
8268
3285
1202
176
460
2248
7471
1370
2403
5512
2123
3056
2863
5942
4437
84
1747
5222
3501
2907
2760
1873
2753
3917
1731
4566
1585
301
3780
5357
5112
1324
3986
1724
4614
2060
1142
2398
1088
1609
4248
2550
2130
2689
4885
3176
4345
4229
2174
1082
2045
1234
2382
2132
7748
8234
1296
3326
763
3468
3347
1670
2874
2977
6477
1675
1497
2771
626
8055
1967
607
6300
5663
2466
3554
302
4555
3565
3729
1822
2177
606
1911
1883
3938
2889
2382
1572
626
2224
2358
2265
511
2652
1305
4556
2123
1182
2262
921
3229
2745
2312
3254
2111
4332
1415
2407
4172
2956
4142
4376
4980
820
396
914
1577
3287
2499
6943
2192
1564
678
3801
2358
3847
3575
3523
5863
1420
2680
4975
1751
3504
8239
2108
1728
2726
4359
3068
505
1400
4239
3863
3021
1476
4076
4656
3347
1319
3250
492
2276
690
1597
6881
2150
3317
1292
3628
752
2333
5200
4980
2119
1041
799
1948
1642
3677
3758
884
3314
4331
1155
1083
4807
2493
1717
3373
2490
2323
2301
1811
3289
2457
3175
6669
5789
4004
1367
2790
806
885
3324
4963
2037
3655
3838
1661
1801
2037
1839
3485
513
635
642
4108
952
3341
2378
1160
4728
5286
2970
952
275
366
2281
1475
2530
3675
3262
2103
1108
5089
2199
1416
1013
448
3230
2399
6533
1270
1884
1772
3015
2807
4934
3229
6025
1963
551
932
3861
5626
3227
1717
2908
5225
2012
2830
1479
1477
1937
1671
3553
3653
1560
4771
1148
3304
1709
2321
2402
3216
3512
3487
758
3852
3196
354
2448
2963
1479
2259
2569
4257
2080
4256
1766
3231
2972
5234
2542
2568
2055
1358
4686
3987
3197
1955
5907
1262
3579
2705
87
7818
2086
3706
2537
2366
566
3254
2436
4932
3737
2286
4238
4553
5510
3152
2880
3907
3745
2334
2334
3598
1168
3073
1109
1806
4700
1385
832
1585
445
2227
2852
4338
6943
1963
2169
6346
3200
1810
2287
7030
650
5407
1377
723
2225
2247
1674
1834
2921
2582
1237
2899
1514
730
2919
6909
2968
5705
924
3810
2643
4700
1202
1178
4771
1796
5040
1615
449
4262
1176
6029
2596
1828
3872
3686
2929
3233
1575
564
2010
692
4565
6354
2059
2499
2180
3935
1086
1086
251
4272
1477
3172
2247
4980
1503
2052
2781
8355
1620
3690
3514
5558
4835
4824
5751
1577
4686
2301
726
51
818
1855
4664
2435
3986
3322
1452
2887
3531
4523
1734
402
1962
3078
1189
1484
1252
1828
3374
685
1092
1492
8357
1794
2473
5217
3551
4131
1358
3388
606
2839
3466
1218
2242
2242
1422
1563
3814
6635
812
1810
2495
2794
1359
2890
3334
1767
1796
7429
4027
4434
1167
3409
3567
4885
158
2592
4746
3007
2141
4580
4190
5708
6739
2563
2393
3547
1816
1981
1849
5250
3059
3534
3413
5139
8354
3442
2795
3007
2105
6622
3454
806
2893
1142
2780
5468
790
778
2746
3879
2561
2496
1244
5709
1566
1557
2573
2504
4263
2353
3307
2462
2910
1822
4481
2011
3246
2682
2240
1278
3789
3966
5614
7895
5908
5390
4444
7127
2720
4612
4194
5242
3441
2643
5250
6743
3216
2423
272
2908
2772
2386
1164
2246
4398
1669
2952
4569
2219
3350
2540
2607
4185
3079
2726
2508
1769
4403
959
2317
2116
4033
5360
4089
4366
2421
1086
2408
7845
4690
5088
2622
2406
4618
5079
219
4592
3318
2816
1780
1489
4146
1556
1605
5527
4664
1156
5468
1483
1372
5631
2437
1913
2806
1995
8368
2726
4755
4766
5655
5734
4592
4740
7301
5272
4970
2287
1602
3394
6284
4336
2284
3477
2692
3961
803
3360
2327
5264
3296
6966
4160
2404
3486
2453
1317
4022
6083
7218
6196
2792
487
139
2521
2891
1578
2049
4869
4731
3143
4455
7378
7730
4409
3840
1584
4014
2895
1759
3366
1506
960
4884
831
4585
3334
1618
4728
2754
2950
3092
5692
4705
1623
5977
3801
2217
5497
3762
1819
4570
3060
2754
2791
7616
4579
607
4200
5753
1276
1301
5822
1715
3995
3758
2635
4034
1892
4213
4197
2645
5795
3804
3742
2464
4543
2897
3961
2829
3515
3242
6408
2072
7024
2650
1562
1503
607
6299
4593
2725
3217
1706
4686
1365
360
2311
2751
1705
2559
2045
1394
3793
1989
1729
2518
2881
2932
2211
1175
5359
4989
4538
1398
2306
2099
4069
2950
3895
2046
4347
4427
474
5538
4368
1113
5766
6331
4330
959
1313
3730
3843
1739
3597
3498
984
7136
4847
3913
2978
2047
932
2676
403
1841
4039
3697
3402
1763
4911
1316
2161
2041
4461
4905
1855
2860
3529
1491
4325
3502
2418
2318
4514
1912
2018
849
4195
3659
2590
1521
1051
3476
5369
969
2158
1773
4232
7494
5757
4091
4361
2826
2967
2258
1556
4219
6017
4095
5211
5520
613
1189
3208
5234
3000
2058
3072
2205
5624
2717
3030
3669
3946
4300
1835
4214
2534
3479
5140
4084
4869
3418
4896
2293
4782
4760
3655
3462
1991
2217
6584
6202
1888
7083
2410
857
857
2995
3938
7083
4434
1390
991
2258
2716
2890
2131
2364
2853
993
3429
2820
5496
1057
2920
2320
5468
2383
3379
5339
3878
3805
4238
1722
3837
717
2551
3858
3080
3580
2780
3253
2574
4931
4977
1769
4175
2438
2685
5404
1568
6147
1306
5660
1866
3330
4206
1953
5009
4865
1492
2781
3902
4299
465
918
4442
2782
4093
4565
3930
1260
4950
647
5366
8100
520
3351
4766
2066
3014
3078
3987
2104
2086
321
1259
2368
5138
3273
3385
4847
1306
1129
995
2812
1574
6669
3881
4422
1829
5042
3943
696
2627
1051
3453
5313
2217
5407
270
5533
4379
3976
2691
4937
4542
474
1699
3307
1528
1711
4808
804
4869
6354
6699
2906
1384
6196
8142
12
5512
1092
4428
5488
1570
485
3217
5343
1536
6052
3947
893
827
4769
3867
2430
3183
3364
4753
5236
4918
1479
3664
3050
774
3214
3277
2848
3548
830
860
1550
1088
5032
4138
5484
776
2564
2341
5608
2868
1487
2200
4910
3685
3947
5190
5057
1569
3040
1279
2391
2546
4662
2453
1949
1448
3741
5467
4302
3001
4454
5628
1430
3269
2848
2656
1990
3560
2753
2199
1418
4282
7219
3439
4465
441
1086
4593
1224
2421
4085
3211
3861
5270
3572
1318
2269
5018
3306
6450
2837
3437
1807
3033
2513
2059
2154
1948
5908
1549
2419
4930
4012
3997
8355
3057
4200
3179
2720
3778
6506
523
2276
1650
2933
2797
2557
2033
4892
1954
2812
1100
2032
2642
6738
1568
1261
3030
7753
8358
3917
3096
5176
2029
6699
3712
5489
6176
2197
3571
931
4974
5028
3631
3401
6617
2761
5868
5326
4668
2875
2875
1130
5656
2786
1778
2350
3286
2994
2097
4066
1898
6145
3485
3499
2711
1354
3402
5758
2071
4540
1140
2305
3785
2940
1333
2861
2868
2498
6842
6825
526
1157
4403
1472
1703
3098
1616
2710
3139
8336
7095
8299
8299
6630
4567
1372
3133
4274
5905
2208
4000
5537
3750
1666
5127
7262
2578
1361
2831
6208
8082
4612
2731
3570
173
1022
2991
4610
2099
6129
1761
5052
2637
4387
2455
4756
3674
2587
1931
2075
2771
3428
2739
4613
1761
2194
5529
2028
2208
1987
2704
2635
6355
3637
3956
4580
3532
1488
6263
5064
3481
4638
2825
1557
4145
3395
3654
3821
5661
3117
2260
1524
2684
5969
3569
3163
5241
1063
2188
5874
1515
1807
1536
2104
7662
5784
2066
2344
4865
2611
2343
4693
1242
2095
3258
4381
966
1211
4375
5631
3651
5442
2387
5714
3245
3217
5022
6140
1968
1868
1862
1963
908
3076
3766
581
3497
1203
4593
2874
2926
2822
3466
3964
1045
3035
5795
3939
4686
2953
2990
3383
2634
1566
2004
2923
1553
2231
5358
2782
5022
6131
1493
3521
3521
4206
8191
2802
5923
7109
6131
1532
1406
3127
7395
4135
2548
3207
4376
3734
6866
2148
5076
2842
1050
6493
3075
1310
4443
725
1075
3300
8164
2134
6828
7962
6700
4989
3722
3321
3022
5480
2719
5868
1852
2279
3462
3431
1327
5602
3005
4533
5871
6070
5260
6566
1917
3226
2027
5999
7455
3594
3523
4802
1678
6433
607
5445
4991
3596
4586
2390
6561
4382
6335
6356
2939
2763
3365
6109
1477
7049
5370
711
2703
3900
3529
6861
3096
3624
2751
3072
3712
2532
2883
2819
5185
5213
1994
5226
2420
4689
2079
3491
1690
2085
2555
4976
2900
8365
2911
3167
4446
2944
5304
6854
8299
3646
3417
2830
3416
1040
3470
3775
4795
4005
442
2880
5175
5969
4147
1365
2494
1164
6316
4934
5278
4049
2937
2205
1709
5165
4071
1086
297
1142
2736
3683
5237
5653
907
2044
5030
1679
4254
3493
6619
2572
2322
3830
3229
3191
3205
4196
1353
2930
3452
4934
3036
3031
1904
4371
3019
3019
3343
2419
4194
2672
3007
3007
2428
3073
3174
3207
2947
2593
5729
2879
7228
4536
1898
5792
3692
3167
6303
3058
4236
3760
1853
3305
6637
7343
4758
4758
3251
1882
7614
3838
4863
6277
7779
3547
2908
3526
4091
1745
1897
1544
5129
3212
2456
2190
2239
8016
4477
5792
3099
8008
7091
2769
3309
4425
2524
3805
5662
2262
4696
5651
2946
5706
3287
6515
3418
4333
7311
5883
2430
2992
6344
4077
2757
4561
5052
4704
5553
5572
2150
3627
4155
2964
1919
3967
4824
5599
3983
4594
5090
4033
2987
4176
3261
1391
4203
3121
3300
2201
3302
5270
2842
1688
3031
6854
5157
6081
5581
2882
6763
806
4001
3910
3642
2934
1762
3459
7018
2663
4006
6586
3196
5109
3765
6177
5087
5047
2509
4674
5955
2967
2500
2653
4591
4706
3671
3689
5818
5023
4367
4784
2613
8363
2356
2467
4743
5276
5111
4732
3477
3344
6316
4096
4145
1921
3528
3528
2887
6433
3841
3701
3793
754
1503
5473
2435
2903
3910
4306
4263
4936
2738
4877
3372
2234
4381
2870
6025
5967
5246
8164
3047
4156
2157
410
2452
4555
2451
3846
6616
2441
3344
3082
2328
3640
2442
6619
1194
3611
3489
5159
4517
2912
2471
2472
6887
3601
2576
2027
1944
4374
2151
4641
3594
2251
6134
3086
6208
5140
4865
5605
5839
2566
2460
2688
3542
2976
3684
2918
2731
5054
3695
3476
2595
5444
3830
3060
6025
5419
1841
3897
4008
3813
2384
3961
1096
4908
3798
1570
2861
3274
4192
5304
3868
3542
2161
1943
6724
2850
3118
4106
4221
5094
3685
7473
2311
2618
2778
5491
4560
4709
3271
2745
5765
679
3863
5896
1047
2014
4259
4583
4699
2173
2173
2282
535
6673
5724
6169
5574
3831
6899
3111
3549
3513
4006
5828
3305
1744
1682
6245
3720
4469
5107
4298
2677
1827
3164
2212
4572
1664
2904
4001
3934
4540
2233
1452
3701
3341
4327
3020
2145
4644
2325
4452
5275
1376
4654
3834
3478
3820
3977
5355
5777
4290
3162
5463
8363
5718
4801
988
6077
5414
2956
4731
2983
4455
5317
7962
2432
6150
3568
2724
2804
5311
4552
967
967
4831
4005
4237
4558
5340
2296
3707
2835
6337
5376
6208
4438
2025
5050
2007
5786
4917
3552
3826
4504
3219
3069
3859
2927
4586
1703
4682
4210
5400
3362
3311
2409
1823
6630
1498
975
4857
5101
7188
4467
2506
5068
2810
6946
5001
3290
1088
3376
2759
6871
4872
2346
3402
3215
3679
1968
4147
4048
2039
693
5505
4302
4751
4845
2728
4494
4045
3141
4506
4516
2648
2408
1211
2460
6021
1102
4136
526
6173
6387
1692
3999
4508
5432
1094
4156
7204
1232
4488
5149
976
1812
2821
3293
4273
7860
3663
6751
1999
5590
781
2944
3349
1703
4853
3097
5155
6997
2136
3179
1565
6802
3274
3518
4535
3154
4275
4675
4426
4804
1866
3544
5878
6433
5334
4897
2139
4769
2840
5623
6923
2106
1893
605
2511
6116
4521
2072
5551
5357
3560
2848
6245
2554
3878
3224
5309
5577
4795
4382
4831
5178
4119
3589
7885
3012
4126
4846
5577
5128
3980
4097
6808
4868
1719
1896
4699
4279
1295
5867
6221
1614
3944
3516
2639
1755
2589
4188
2009
3299
3345
3218
5822
3044
5138
2510
4829
3046
5205
3189
3292
4645
4160
4633
2990
5062
3165
4673
1808
2406
3095
4629
7031
5196
3800
3088
7420
2917
2712
5132
4499
817
4056
5449
6002
4705
4608
3324
4751
7477
8362
3735
3325
1406
5461
4934
3526
2238
3626
2800
7199
695
3130
4063
4776
4870
4603
826
2952
4450
2307
1683
6002
5884
3129
3721
3797
1596
5087
4397
3582
3733
3182
2365
6379
3756
8360
3563
6475
4845
3173
3864
2694
2305
2582
7136
1532
2232
3226
4603
8362
3540
4224
3699
4908
1320
3989
4578
5739
3829
3188
3294
3421
6655
887
3904
2695
4899
5652
7228
2876
5779
3800
1664
4968
1532
4173
7373
1948
4064
6559
1398
3742
2958
5076
3039
2970
4564
2449
1998
5777
4707
3679
4479
3552
7836
2988
4984
4372
7651
2773
3530
8351
5812
4619
3257
6512
6505
5860
3017
2945
3807
4541
6137
6294
8142
4872
3556
5208
4048
2824
2981
1696
4792
6547
4791
3616
4659
6139
6790
4281
5932
4448
7746
975
5115
2498
3601
5411
3140
2016
5550
2270
5347
3948
2007
3571
3936
6554
3373
5145
2898
5010
2968
6498
6468
5589
7078
3345
5298
3828
2935
3668
5377
2773
3238
2718
6022
5316
4482
5423
2871
1484
5112
7621
4736
2415
1782
4431
4612
6685
3453
4686
2703
6033
5023
2442
4933
8151
4819
5973
880
3561
1980
4823
2901
6177
4645
4831
2246
3026
2841
2849
5852
6938
2337
3361
5016
1047
5820
4821
6321
4329
3555
4428
5828
5624
5616
6345
4646
2856
4827
2074
4142
3367
6992
3779
3036
4588
5029
2086
2762
6688
970
4008
4042
7533
3588
2977
6280
5124
4021
3290
5436
3099
6625
1900
5699
5348
5348
1086
5709
3628
3671
1294
3060
3260
2846
1838
4164
4311
1461
2678
4718
4668
3975
2200
4455
7189
4990
6630
4127
3969
4673
5744
2509
3361
6947
8295
5202
3029
4887
3355
2827
5626
1420
1095
2142
478
5103
4541
6128
5654
8304
3276
6277
3713
4748
2376
2653
2351
4552
4089
4750
3218
5415
8365
3309
5158
4793
4160
3007
2694
1533
2765
5333
3150
3718
3445
4595
6247
4588
4140
5501
7169
7012
7319
6170
4340
3612
7827
2553
4941
5141
2326
8241
5009
6791
3961
3490
4667
1914
5801
4667
4169
4862
2556
2604
920
5304
5899
5249
4617
5124
1280
3490
3669
4391
3142
3889
4467
3464
1625
4934
222
5136
1357
4742
4557
8103
3446
6192
5390
5239
5374
5070
7292
2612
4821
1565
3726
397
5730
5815
7035
4797
2905
3447
5328
5346
4436
2841
2536
2662
2118
4040
2898
7096
4741
6168
3906
3883
5215
3668
1123
2698
2153
4066
4969
1699
308
5397
8098
5017
913
6947
5699
4796
3642
2047
3622
4186
6751
4437
781
1124
4929
3224
7058
5537
1956
6948
3097
5344
2485
5558
5439
6275
3959
6416
3922
1224
2803
5461
4294
5743
4881
5343
5005
4505
2405
4225
3540
5600
5559
2282
5514
5661
6516
5385
3501
5546
7351
1390
7509
5167
5206
5891
3971
4018
5525
4489
7435
3984
2772
6550
4344
5362
6889
5705
3916
5487
5032
1740
5280
5102
3702
3631
4983
7190
2644
3169
816
2416
3423
4668
6302
8067
4938
3996
5996
2695
1290
4011
867
4452
6185
3130
4525
5438
3967
3895
6224
6523
2728
2138
4128
6173
3022
1932
2752
2954
1885
6438
6141
4235
3705
4026
5252
6127
3652
3218
7172
3566
6508
6454
2581
6043
4459
1968
3773
2610
6050
5618
1246
1972
2634
6002
2019
4239
5588
3389
3666
4241
2779
4053
3839
7944
8193
3018
461
5304
4451
4775
4940
5629
4880
7313
2864
2900
6617
4093
1783
6022
4980
6934
6011
7593
4571
4712
5502
6028
3899
4022
6600
6088
3981
1214
1801
3424
6028
6761
6659
3089
3456
3650
5866
4334
5388
6019
1279
3713
3705
3791
2336
3328
5751
1677
746
8234
2586
3615
5256
4823
6407
4525
6747
2020
1405
1668
4406
4337
1268
3276
8021
8191
7220
4423
5021
4630
3378
4859
4414
3669
3496
3331
2354
5932
4596
4715
5807
1783
3955
4752
7820
4056
3953
4979
4355
3973
4120
1834
2316
5152
7190
4583
5543
2252
6055
5271
5271
3929
4998
7087
3628
7200
6143
7423
2124
3031
6539
2472
3039
5525
2797
4530
3985
4284
3826
4144
4375
2759
2193
4295
5993
4841
4220
4495
5748
1546
3410
5771
4405
5272
3630
1875
1391
1519
2221
5712
3894
5719
6885
2151
7324
3117
4230
3081
4844
6826
5146
6838
1755
4916
5284
2528
5958
4808
6221
2813
6097
3270
6941
4466
5157
6683
4432
3495
6416
1565
4365
6283
6365
2584
2803
4228
5357
4520
2448
723
5703
2197
6782
4217
2505
1108
1369
4857
2717
4789
6488
4399
5257
5358
2551
5287
5251
5948
6978
4297
5309
5927
3822
3605
3600
781
3130
4937
5878
4837
1953
5879
5924
812
4670
4618
2106
2706
3109
5834
4680
2762
3526
6948
4934
6828
4799
6448
3990
288
6138
1329
3519
5291
5362
3744
5737
5717
5960
4795
2902
6124
4462
5970
5117
4323
7524
4136
6339
4529
3353
1952
1952
1494
6832
1362
7168
6806
5153
5413
5736
5413
2178
5887
2566
3746
3271
3386
5944
6067
5075
4031
5929
5600
5418
5554
3638
5305
4531
5171
5215
2997
4346
7303
6830
4120
6034
4453
2067
1086
6643
3095
2909
5070
4904
5396
3185
1850
2456
5080
3648
4357
7405
4218
5348
6260
1124
3664
4088
2257
7323
4568
7084
5036
4896
3586
5702
5945
3316
1441
4808
2458
3731
4401
3013
2350
4490
6985
2337
6217
3070
2827
5548
6313
4020
2744
2501
4062
4981
4960
6556
1624
4441
4009
4020
4912
4554
5636
4460
6761
4890
8333
5324
7014
6037
7012
7522
5209
3228
3210
4088
5769
4240
6195
4742
4389
3585
4582
7977
3903
7686
3037
3920
6277
2565
5527
3405
7167
4645
5619
4505
5173
3348
4685
3740
3312
7228
2230
8358
8051
5308
6157
2769
4668
4971
2601
4880
7117
1760
6498
1660
4760
3528
4851
5533
5064
485
2081
3812
7257
5426
5058
7860
7786
3965
6332
6251
5910
8313
4833
2254
8098
4234
2858
7715
5435
6498
6042
4392
2204
8051
3696
2808
4407
7298
1519
6209
5743
3386
7294
3062
6507
2034
4343
4557
8165
3811
4287
5086
6086
5213
5752
2706
5100
3776
4843
3415
4421
6073
3966
3083
6330
6919
5230
4925
6212
3186
1268
4468
6674
3295
5800
3093
3140
5012
8367
4736
5103
5622
2727
4533
5900
6575
1381
6373
4406
3984
4164
5169
4054
5277
5436
3083
6061
1672
5950
3308
5269
2714
5890
6167
6157
4992
6632
5690
8055
3467
3809
3158
3770
3048
6139
4240
5796
5037
6058
4378
1720
3922
3573
6813
4433
3971
5352
3708
6361
3739
3166
6175
5676
5807
4702
7512
2997
4215
5890
5013
5346
4622
4577
3971
7252
4834
5767
4362
2724
5847
3937
5063
6523
2318
2090
3946
4670
1038
6276
3771
3819
6545
7042
6752
1279
6410
4528
3856
5003
6397
6585
2835
5869
5555
6142
4114
5177
3750
6150
5258
3177
784
4860
7820
6956
5626
5748
4994
6720
4855
4645
5430
4348
2131
4999
6135
3533
5871
3320
2440
5002
5580
3952
1563
4416
6399
6008
6152
6145
3394
4592
2986
6192
4251
5517
6160
5851
8051
4648
5192
5989
3123
7016
6749
7080
5012
2948
3691
7608
2728
4015
3362
7810
8097
4261
4324
2599
5240
4719
5185
2600
7511
3023
6032
6178
3077
6332
3827
6358
8291
4056
3929
4722
3139
4981
1334
5535
4666
6888
7298
5004
3564
5938
2458
2581
4140
3214
1564
3585
6133
6215
5573
4711
6343
5955
1744
1110
3833
5090
4099
6577
5875
7773
5003
4857
5505
2388
1976
5209
5070
4092
2204
3708
3610
7653
4482
4587
5264
4686
6893
4302
4804
7246
6581
3949
4513
5459
4943
5172
4537
6153
7227
6907
2832
6286
6741
6498
6441
5295
5363
6537
6821
5892
5921
2455
5368
6130
1453
2401
4350
6984
6921
1819
5361
2589
3084
8007
3114
6579
4464
3135
8249
4509
4942
4803
4911
2721
672
5277
6106
4749
6268
2359
7399
5649
5072
4086
2820
3393
5580
5150
2715
4907
4832
1518
2997
6850
3858
3613
6567
6567
3989
3258
3303
7910
5339
5033
6128
4734
242
4634
4216
4360
7044
2365
2271
5158
967
4121
4395
5693
2671
4754
3120
4678
4777
4821
4512
4982
1962
5448
3418
5216
3397
2016
5427
8111
1307
6036
2632
2719
4949
5670
5108
5010
2393
4417
5275
3185
6470
5251
5251
5586
3225
4143
3368
5603
5974
4578
6065
2094
3492
6196
5182
7816
3731
5581
5262
5710
6040
5974
6374
7615
944
7436
3332
7349
6374
6770
4251
7508
6555
5186
6934
4268
6542
5155
4189
6254
4830
5610
5419
912
6544
3503
7016
5457
8109
3783
7009
4134
4421
5277
2709
4077
8292
5096
920
5055
5646
3455
5834
2210
939
6788
6788
8336
5767
5767
5941
4033
6487
7471
5615
7682
5742
6960
5178
3451
7912
3844
5775
6209
3998
5799
1789
4817
4692
1118
5934
795
5294
691
7477
4132
5982
5982
6528
2527
3272
4864
5427
8355
6103
4496
3783
1337
4289
2886
4852
6518
7815
3200
2677
5464
4833
3318
3577
7436
4246
7790
4547
7144
3251
3474
5261
1882
898
3968
5346
6831
4809
3642
4354
6552
4653
7270
7213
6441
6531
2958
5659
6353
4809
2679
5742
1815
5534
3537
8358
5573
6427
1935
3448
3484
4449
7883
4447
2256
2459
3070
3725
5861
7517
7988
6065
6421
3101
2134
6098
6453
3155
5745
4873
3786
6839
4033
4424
4522
4579
6340
6744
5048
7582
4861
6632
2535
6279
5243
3776
6618
6736
6524
4864
5186
6370
3458
4386
6262
1789
3678
991
5798
5364
5643
1266
7378
6555
4211
7168
3623
5615
4157
6271
6372
2500
5091
5612
6634
3421
1947
3087
5267
7483
7761
7585
3525
4577
5116
5142
5859
4328
5406
5120
4111
7459
4209
5536
6932
5295
4701
2395
4744
2511
5929
6108
7244
4055
5420
4512
4774
5162
6093
6095
5485
3631
4689
5009
3451
3235
8253
6241
1221
2738
2738
5803
6088
7704
4606
5509
5532
4620
6442
7614
6904
4070
6995
5392
6941
3684
1931
5191
6148
3739
6789
2050
4720
4179
2004
2122
6447
2668
5785
6505
3823
4510
6334
6803
7466
5101
4096
8196
5368
6069
2014
2412
3693
7499
4788
6995
6226
5807
4064
6145
7588
4995
5051
4363
3313
4524
3569
4811
2580
789
2536
7098
3425
2147
3709
5045
5245
3305
2524
6019
2548
5282
2654
6994
1558
6278
4205
4987
7919
2355
5989
6180
3119
1631
4627
4246
6300
4394
5230
4717
4856
4544
5375
6163
162
4032
4098
7104
5432
2348
5616
5391
5194
5585
4199
6772
5979
7187
6156
4830
2917
5077
5617
5208
5956
5568
5888
2933
7180
6445
4726
6847
4799
5975
5308
7424
5466
6155
3833
4016
155
4349
3999
2183
6394
7217
8105
7555
4329
6057
4944
2953
4730
5830
4171
3132
1830
6282
6089
614
4951
2717
3091
6212
4064
5210
5592
1221
7310
6786
539
7118
7739
3673
2544
3345
4485
2713
4502
7193
5460
6152
3620
2121
734
734
3734
4548
3632
4726
2388
4348
3425
3340
3425
4092
5351
4940
3098
4591
4322
7369
5382
5469
5720
4174
7466
5212
6935
3761
4639
5218
4524
5298
1201
2352
6099
5410
7620
6051
6352
6017
2917
7412
5218
3849
2179
6038
7130
6634
5627
6240
5218
6575
3314
4350
6104
5501
7057
2424
5636
5612
5447
4611
8333
3370
6348
7584
4620
7328
1086
7979
5202
6809
7517
3294
5762
5941
4818
2901
1925
4307
3031
2917
1672
4598
6001
5296
7124
6341
5596
7896
2485
7268
4678
4493
4493
6160
3832
5989
6133
5504
3760
5420
1930
839
2727
5641
6085
4907
3125
6074
7545
4148
7637
5087
6261
1168
5451
4799
2802
7725
6410
2580
5831
3403
3511
4251
5166
8164
3893
5745
5604
4313
4917
7957
5604
2528
7162
5302
5137
321
3786
7386
2089
7887
6665
6796
2890
5033
5488
5814
5814
6647
6292
7900
2696
3416
6711
6603
3387
2890
3656
7038
5042
4871
4592
7475
7017
4478
6383
1323
4099
6184
5580
6778
2892
5109
2623
5179
5700
2442
6609
5033
8341
5368
3051
3970
4852
5595
3746
2714
1502
5721
1800
6689
6096
6966
4041
5770
4652
1998
2955
3650
4123
5417
7484
7591
7491
4271
6990
4578
4319
7611
3925
8125
4213
3811
5224
7158
5349
7612
7999
3372
4685
5392
7026
3665
5462
5471
5732
2474
2474
7986
4969
3137
3028
3028
5243
6469
4315
5173
6125
6628
3983
2532
2784
5069
2869
5901
5553
7027
8194
5762
4917
5933
6979
7546
4026
5399
3006
4971
6396
8189
3506
5811
5773
7236
2201
5315
7683
7720
8026
7829
5947
7487
5085
7179
6661
6183
4972
3886
6411
4721
5886
5408
2250
3875
6030
5855
7785
4959
5816
1106
1349
4801
4576
5233
5450
6760
7197
6819
6062
6308
3144
6414
6207
8303
5638
5049
5451
6991
5402
5901
4616
2164
4724
3122
6988
5808
1860
2579
3268
5430
6204
4164
6200
7321
5008
7595
2063
7034
2796
3517
4777
7208
6367
1056
1438
5891
6439
5901
5560
5430
6252
6698
4412
6772
7159
3286
3019
6412
3381
6478
6370
5883
2834
3093
5199
8355
3500
941
6770
6703
6665
6047
4838
7111
6613
5148
5254
5671
7338
4708
5255
8226
4157
7976
5310
5579
6667
7198
5333
5104
4671
5755
4813
7007
5887
2815
6026
7963
7448
7111
6110
4021
7229
7804
6119
5845
5374
5672
4604
6581
3803
6933
4837
7756
7282
3672
4113
6072
7168
3915
6529
5922
6962
7380
7267
5691
5393
3381
7227
799
5121
7013
8034
8034
5673
2616
5742
4054
6827
2626
5486
7421
5679
2367
2834
3156
6478
846
5915
7313
5212
5136
3719
2359
2639
3638
4925
4121
6001
7843
4627
6236
2805
5617
5772
4308
6590
1976
2194
5968
6058
6696
6436
5788
6201
2984
4369
3972
7379
5513
7362
6937
944
5274
6388
6388
2544
3763
5855
7214
5459
4804
4443
1570
6708
6322
4171
6336
6857
5609
6596
5495
2658
4849
4676
5225
7002
6962
3816
4405
4594
2153
390
5240
7059
5470
7107
1030
5716
7652
4470
4231
7157
7899
5332
6580
5437
6621
7604
6633
4309
2361
3770
2742
2742
744
7538
8263
5820
7358
5516
4349
3850
6409
7033
7497
8223
5957
4943
1760
2898
7333
167
939
4890
1236
4202
7269
7378
3777
2455
5595
6007
5901
3819
6657
5000
4967
2892
5679
1168
3316
7751
6375
1856
1018
7065
5595
744
4072
4253
6689
7794
6694
7407
4360
6100
4474
4713
4394
5988
3203
3221
6793
6975
3291
6750
2110
2110
2308
7919
5319
4503
7108
5503
559
4762
5004
6684
6755
3435
3633
3792
4271
7427
3803
4060
2094
2641
3643
7275
2912
6268
4420
6806
7596
7786
2055
6603
6087
6793
8242
3784
5979
6190
7840
5669
5972
6118
3722
6186
3887
7566
6232
5959
6409
6701
6553
3363
6931
4590
4590
7638
1578
4986
5989
7489
5838
3535
5119
5790
7770
7192
6117
5920
1502
6472
6695
4222
2196
823
8343
6872
7562
6649
3178
1960
3286
6624
4974
4787
786
3116
2985
1454
5674
7707
5025
6166
1332
4967
6435
5756
5116
5134
4606
6992
7943
6501
7010
4501
5099
4641
5484
5810
7140
5495
1279
5570
8274
6749
5827
5700
5281
6006
5530
5420
5672
5557
5986
7181
6264
2654
6834
7795
5799
7921
6508
6209
5429
6931
3817
6182
2766
2394
7598
7182
7184
531
6709
8197
6213
7129
6357
7700
7688
917
4649
1440
7785
4102
8333
5837
3132
6776
1088
5939
5219
4073
5559
7067
7140
6326
5689
5161
5481
8002
4827
7350
1445
6959
3419
2885
4498
1066
3557
7511
1068
5259
4947
7582
2065
2036
6311
4252
5540
3795
5726
3435
1334
6075
3415
6784
5363
4652
5755
5098
6714
3681
3100
3032
7232
5386
6797
4596
5826
4326
3759
7223
3110
4086
5673
6115
7202
7485
5074
6792
5138
7507
968
968
5680
3120
5552
4511
6614
6311
4791
8369
5645
4684
8026
7907
5292
4792
4334
5904
2369
8033
6023
3784
7779
2447
7510
7945
5355
5380
3748
6275
6426
5578
5387
4073
3152
5754
5029
6406
4456
2969
7544
7451
7294
4649
6534
5593
5565
5336
6188
7460
8369
5263
5443
2534
2713
5160
7686
6736
5216
5682
6150
1030
2600
6568
2854
5417
637
7853
6836
6343
5779
5573
5453
2917
4314
6920
8205
5670
5049
6168
5478
7474
3354
6009
6101
8325
8325
4153
7636
5349
6959
4179
6729
3315
7384
7353
5797
7677
4429
6933
6623
7796
5352
8238
5575
7738
5389
7676
7329
7245
5918
7244
6710
8245
7923
5847
5745
7663
5125
3152
5641
3972
7382
6094
6363
7778
5910
1281
6576
4879
5275
7046
3693
5015
3389
5984
5619
5458
5519
6384
3264
2305
4669
6285
438
8017
5137
5949
7839
4269
4129
7274
6686
7074
6400
6030
7361
3527
6500
4227
8004
6522
4550
8344
5638
7047
5515
2447
4924
5256
7001
600
7745
4018
6136
7745
5066
7203
8190
7264
6349
7022
7351
6330
5353
5954
4227
4676
8345
7648
2565
5557
6250
4059
6352
4440
1810
6971
6805
2852
6314
3456
5043
6411
5853
6111
6320
5124
6423
7418
5495
8285
7335
6191
6428
5586
2676
4171
6492
6371
7601
6382
7239
6425
6719
7126
4996
5595
4729
1067
5098
2422
6737
7295
7861
1672
4779
7132
1750
4875
7175
6411
6468
4559
2447
3689
6458
5530
5066
5152
5044
7046
1890
2135
744
6273
6372
6188
3940
6435
6348
6093
7914
7670
6513
7844
7904
4589
6107
5826
6258
3605
7471
3708
3643
7261
3940
5417
4207
7587
6713
3623
5559
7643
2375
7241
6849
7093
657
7750
6755
3901
5151
7430
6200
4584
4988
7033
4452
8290
3759
5802
3232
8005
6626
6622
7758
713
6124
7140
7495
3419
6793
5396
7147
5985
6920
4654
6511
5563
6197
5355
6122
5620
5310
5015
6466
5933
6666
7551
8294
5545
5961
863
6130
3877
4927
7426
5494
6574
7050
7853
7853
1054
5677
7337
6024
5964
5350
7456
6233
7072
2168
7804
5984
7711
2227
5306
6237
4602
6424
877
4522
7359
6598
6197
6353
3248
7314
6723
6301
7817
4474
7281
7652
6325
3680
7172
8036
8086
6179
7276
4132
5882
8241
4812
8343
5794
4990
4609
7314
5898
7752
8186
5635
6762
5073
5071
4866
6949
4997
6868
6737
3009
6952
7221
6473
8209
5701
8128
6241
3256
7727
4923
8208
8009
7141
5373
5433
6775
6917
3263
8245
6136
7440
6333
6384
7867
4761
2229
3670
7231
5684
2599
6287
6490
7264
7073
812
6431
3756
8177
5927
6815
7502
6671
5437
6402
6269
6868
5214
3871
6627
7023
391
3609
6248
7061
435
977
4052
7387
4191
7269
6379
6865
8237
6560
7317
6425
7832
5000
2871
7627
8135
6214
6323
6461
8264
7772
3591
5350
3694
5680
1309
5492
4943
4647
6767
6767
5978
2295
7916
6166
5000
7997
7747
640
6223
4334
7744
4491
7626
6502
4105
8006
7225
7444
7283
2504
5454
6936
4574
1364
2789
7195
7706
3813
1281
7568
4828
6031
6640
5026
1710
2083
4086
8136
6952
4075
6845
7178
8298
7909
6743
5856
7869
6671
7677
7508
4919
4159
5350
6473
3435
1313
2383
4353
6597
6132
5274
6431
5131
5780
5106
5027
8040
8309
8309
3335
3335
7759
6608
6190
7548
7838
2143
5113
7390
8139
1088
8356
2689
4573
5323
6590
7791
1263
3795
7721
6442
7506
7526
2917
7222
2551
6961
3796
6754
7941
1542
7482
5978
7178
5328
5328
6331
8182
7426
8009
6240
4301
8157
7993
5472
6672
6891
7401
6991
5375
6775
6476
7052
2422
5085
5786
4321
7784
4212
4212
1322
1236
6592
6591
6610
5327
5403
6378
8032
6291
6719
7516
7480
3416
7537
7325
6922
8158
6945
5678
7070
4686
5552
5729
6281
504
7027
2395
7651
4906
7088
6115
3190
8355
5728
6774
7808
4335
7265
7122
6259
5872
6376
6716
6444
6154
6882
4805
4805
8344
7625
1114
4880
4511
4511
3885
7463
6798
501
8121
7797
6873
6916
3339
444
8006
4334
3643
7205
6322
7015
8334
7909
3860
4972
8203
7391
1507
4178
6835
6007
3071
2802
5106
3063
3063
6267
5500
7243
6640
6233
5679
6568
956
6319
8182
7503
7559
7906
2349
7175
5584
4810
496
6425
7164
6246
875
6706
7513
6926
6677
3990
5427
8357
4515
4514
5961
3571
7735
6786
5787
3100
7888
7794
5281
7472
4979
6473
770
7472
7139
6565
5115
7195
7998
6444
7872
7825
6611
5738
1062
7305
7577
7311
5364
4259
7289
7199
7920
8188
7990
5986
1062
1760
5987
7356
6672
3889
1834
6388
1810
5775
6259
5842
5564
6360
6529
4244
8044
8318
6489
1636
4177
6238
5416
7880
3427
5914
7007
5335
6449
7038
7841
7500
5499
4945
5666
7800
8256
2750
7989
5416
6710
5940
7983
3312
5583
6068
7834
7699
7365
4741
6044
6463
2422
7067
4879
5578
3609
5065
6318
3885
6521
7513
1221
8014
3871
3749
3558
1872
1023
4562
2468
6916
6357
7869
7579
2005
7419
7419
6918
7530
7232
1263
6058
7307
4779
4163
5911
7312
7360
7600
2171
6882
8078
5987
8289
7969
6101
5836
6084
7151
2504
6144
7763
8069
8070
5681
5763
7627
3472
8338
6920
8015
8365
7437
6288
7383
7110
8048
6319
4355
3100
7913
6312
4520
7876
3184
8211
7291
6774
6933
7245
5763
4526
8002
8064
6541
6702
4972
7113
2961
5477
5578
6914
8117
6691
7369
5098
7905
2229
3154
5521
5547
7943
2798
4952
1056
6869
7792
7481
3923
3100
7859
6525
7482
3158
3492
8216
6256
8323
6841
6411
4277
7281
6092
6440
7984
7113
8172
7317
2383
4592
2674
7664
5769
5035
1542
7353
6807
4949
7587
6255
7472
8262
7806
6496
5081
4605
3610
6757
6461
7128
6456
7733
2579
8052
4117
321
1924
7119
8283
7864
5994
4712
474
4778
2631
7296
8187
5768
7443
1051
6737
8176
7718
7293
7264
8088
5826
4856
6780
5836
5723
648
7939
203
5729
7980
7467
2961
3636
7060
3676
4445
7242
474
6389
7946
5299
4979
7931
4592
8331
6927
5031
5293
4708
7784
8294
5307
7847
5495
7632
6293
4023
8194
7383
7443
4023
7828
7410
5584
3009
4965
7960
6749
5842
7636
7539
8188
4653
7017
7532
7390
6638
6773
8190
4419
6635
4635
8110
5886
7842
7853
3303
3471
4658
6932
6845
6785
1284
6836
887
8145
5657
6253
4783
7969
6452
6690
7299
6564
6370
7699
7088
6639
6056
7585
7422
7957
6249
6733
8232
1951
6674
1960
5597
3056
7385
3893
8185
1586
843
6329
7469
3663
1548
4473
4193
5958
8358
7377
3381
6670
3649
8180
7701
7656
2597
7192
2917
7113
5114
8017
5325
6251
4687
6474
7272
3063
7221
7226
1877
8289
3469
6757
7137
7407
6228
7649
3403
7743
6557
6697
5476
4609
6663
8153
7767
7557
7939
3190
7518
6662
3862
1906
7942
7837
1014
2421
2196
6897
3102
7623
5847
6944
4683
8176
2421
8304
8101
6780
7106
7824
7962
7401
7694
7444
8321
7581
5584
7894
6485
8342
7419
1450
7272
8265
2445
5357
5903
7769
2427
2440
8206
8208
760
3279
1145
4473
7385
6733
6942
7092
8340
7331
7945
1117
7865
7713
5125
6745
5081
8311
8311
7381
4048
6644
1236
7825
4335
3283
8003
6709
110
1558
710
8244
6936
4686
6835
7519
6783
8285
7300
1756
7856
8063
7105
7853
7853
2595
8251
1086
6225
6851
6852
6999
2003
6987
6318
3781
5759
7866
7029
1673
7676
7110
7904
7249
3367
7856
7196
1785
3517
3658
3694
407
8073
201
2076
5755
7589
1961
5578
7214
7987
321
1379
7354
3773
8255
8315
8046
3814
7657
7431
4792
7888
7467
7556
6658
7257
7004
6742
7568
7799
7116
6876
6694
4631
7028
2070
7780
3658
7322
1925
6467
6467
993
6859
6903
8170
3802
8204
7463
7765
1992
8170
7296
6041
3550
8180
3529
7768
7935
8168
6710
7823
1054
7717
6801
5893
7478
7572
7737
5934
6950
8253
5883
1038
7402
7853
7853
7853
6912
5838
7758
5869
7002
7968
848
3658
1986
7716
6102
8132
7124
8236
5065
6746
5292
5168
6520
7075
8254
6833
1586
6338
8182
8048
5625
6417
4105
1134
1056
7561
7718
5201
6220
4913
2095
7842
6214
6733
7465
8149
6679
7119
7047
6812
6757
6503
2487
7603
7235
1438
2943
7063
2185
6449
3848
3848
3710
6607
7973
228
6372
8115
6599
4418
7571
5263
6607
2511
1263
8175
7527
5521
474
6754
1507
8323
1951
7392
7394
298
5873
6558
7869
5819
4260
6731
7446
5096
5994
4046
4765
8258
6654
7560
6046
7787
7040
7081
7154
8293
8200
8300
4344
5041
4163
8205
8052
6984
6927
6627
5746
8202
7462
6993
5475
4212
7449
4999
6272
7842
3684
6882
7133
748
3832
6731
6522
5356
5819
7021
4770
7905
6741
3871
7932
6497
5322
5895
7372
1086
6070
7649
7851
6750
6159
6536
4475
8051
6841
8232
8276
7875
2615
7308
4658
8281
8256
7314
8217
7760
7332
6650
8071
4553
6597
7691
7728
7293
7617
3198
4539
7501
6955
8000
4979
3061
7526
8268
6563
653
7918
7756
7802
6911
6528
6201
6602
3901
4725
444
7681
3016
5697
6306
1266
7862
7000
997
7692
8180
2766
8035
784
6443
2814
6048
5007
7933
5327
7793
7920
3393
6403
7711
7878
6571
4710
7183
6257
6271
8123
6422
7705
8155
1496
6474
4424
8183
8315
7302
789
3421
7552
6199
8260
8173
8308
8338
8308
5266
5856
1086
6877
3125
1056
5430
2511
2755
7868
7992
7315
5654
7898
7302
8062
1496
4502
8231
4286
7995
5735
7853
6746
7851
7822
7028
7930
5764
5083
8298
8215
4580
8022
5053
7991
7685
7985
6663
7110
5020
7775
3283
3283
7357
7160
7415
985
7689
5541
6812
6727
7781
8038
8092
7890
7288
8187
8277
7140
7851
3251
6522
7903
1543
1397
8141
2420
8195
8286
3591
4889
2319
4945
7991
6184
7519
7714
6756
6976
3923
4654
5583
5357
6612
5379
8022
6680
7863
7960
7449
6883
7145
6606
5300
1740
6754
7316
7636
7804
6306
8089
8047
8180
4025
8346
8116
1951
8161
8163
8311
8311
8341
8096
8026
7572
7034
7151
7372
7852
7240
7137
7240
7709
2570
8180
7892
8216
5630
4264
3003
7797
6057
8011
7710
6592
7388
7466
5197
4316
7881
7163
8298
7769
7562
7560
7352
7660
8090
6474
8102
5238
7320
7665
7736
6532
6765
2917
6388
4592
4592
5329
6843
7442
7079
7741
8104
7165
6629
1453
7741
7029
4081
578
4013
1214
1116
7425
3591
7953
691
7531
3007
3007
1480
8267
7543
7956
7911
3860
8045
6514
6514
8162
8027
1363
8233
7520
8162
8133
8075
8107
5292
6454
5761
7853
4316
7783
7706
8068
7176
7892
7953
5995
3432
7278
7155
7592
4168
7646
8084
6324
6004
6721
3988
6564
6563
5481
8178
2510
7743
8208
4419
7660
6742
7311
1973
2814
7206
7488
2310
335
6429
5807
7930
958
7393
7797
7011
7046
6647
222
8222
2570
2570
6723
7332
3061
7101
7273
5503
7249
4701
8281
8316
8083
7903
7826
7853
710
7465
6748
6769
8325
7728
1258
4893
8114
8326
7920
8138
7916
7565
912
5633
7341
989
4277
1450
5759
4078
5375
6654
7342
8252
8252
5995
1740
8127
7469
6239
7488
3011
735
912
6902
3283
7421
7527
8339
4025
1302
7674
8257
4046
3283
7253
8210
8093
8093
7439
7056
510
3007
7371
6144
7955
7675
8346
612
6895
8202
5648
7722
1217
5987
7163
8095
8171
2915
6306
7708
7965
7237
7803
7803
8107
7577
5632
7874
7874
8257
8171
8201
6642
3527
7172
7563
1086
7913
7165
7345
7271
8338
7592
5321
7977
144
5207
6362
7355
6705
8106
8272
7447
6901
8358
6509
7488
7488
5857
390
8253
7570
6363
7526
8305
7977
6993
7525
7798
6430
3375
1496
7630
8111
6514
7055
5092
6362
8133
8259
1493
6359
7026
8338
7855
8265
7271
5300
7288
7813
7357
7309
451
8114
8219
4903
8271
8327
8112
6803
8310
8311
8143
8330
5759
8310
8108
7853
4580
8309
7567
6769
4683
7811
6012
8273
7904
7782
8342
4710
8296
8147
8148
5092
2687
7309
7309
8310
8306
8212
7866
3749
6993
8180
8308
8113
3003
8342
948
948
671
8103
8306
8305
7973
7946
3527
8253
8328
1177
7416
7594
7576
1906
8268
8110
2658
7185
7265
8310
8171
3923
7265
8321
1495
8230
4013
7991
7234
8253
2867
8140
7811
5270
8224
8060
7860
8339
7909
7811
4710
8069
7250
2083
4792
7265
7265
6162
7567
4745
8326
3862
1116
5425
7030
6483
5482
4534
6909
4296
4902
8350
8355
1876
1703
8370
8357
8365
5367
7805
8349
8361
6219
4934
8359
