8371
0.000231115
0.000151017
0.000316349
0.0010067
9.5681e-005
0.000318411
0.000421909
0.000198399
0.000411845
2.29357e-014
0.000565864
0.0400709
0
0.000570067
0.000327665
0.00575663
0.00111944
0.000160951
0.000446846
3.55595e-005
4.84901e-005
0.000205416
0.00248044
0.000705076
0.000501493
1.15199e-005
2.96309e-005
0.000127763
0.000339972
0.000178123
0.000604883
0.0010088
0.000268928
0
0.00038304
0.000443778
0.000161169
0
0.000423442
0.00427718
0.00054738
0.000118869
8.76464e-009
0.000468944
0.00162974
0.000739978
0.00036933
0.000208774
0.000915767
6.44925e-006
3.94975e-005
0
0.000930787
0.000259755
0.000320414
0
0.000483049
0
0.000123302
6.74947e-005
1.08779e-006
7.45387e-006
1.93071e-005
4.64588e-005
0.000893338
3.1008e-007
8.39148e-005
0.000636466
2.9605e-005
2.23515e-005
0.000106618
0.000659601
0.00048212
0.000891428
0.000370478
0
0.000125142
6.44291e-005
0
0.000183441
0.000228116
0.000453084
3.80933e-010
0.000465716
0.00560032
0.00067318
0.00083422
0.00046755
0
9.30926e-005
0
0.000242151
0.00120207
2.60925e-005
0.00022994
0.00102723
0.000273023
0.00134203
0.000107197
3.80919e-010
9.01512e-005
0
0
0.000223338
0.000498465
0.00137552
0.00150918
0.00121547
0.00157774
0.0121483
0.00999941
0.00145819
1.1661e-005
0.00160129
0.0010551
0.00034839
2.29133e-009
0.00021251
0.00078782
0.0540413
0
0.000346169
0.00181915
0.000616417
0.000154364
0.000344833
0.000476984
0
0.000115527
0
0.000832742
0.000320928
0.00250138
0.000764423
6.00829e-007
0.000199728
0.000662374
0.000396995
0.00139013
0.00093714
0.000594282
0
0.000196917
0.0142362
2.41398e-006
0.00122267
0.000204445
0.00345998
0.000869572
0.000460949
5.49443e-006
0.000138736
0.000469717
0.000166319
0.0015326
0.000632424
0.000217474
0.000259535
0.000582451
0.000240563
0.000123624
0.0124315
0.00046625
3.22282e-005
0.000573778
0.000163765
0.00103948
0.00143009
0.000193562
0.000249963
0.000308625
4.59657e-005
2.90191e-005
0.000294832
0
0.000683306
0
0.00028602
0.00106134
0.00151786
2.53056e-006
0.000568724
9.37651e-005
0.000327888
5.83593e-005
0.00529096
0.000147215
0
1.504e-006
0.00112376
6.28446e-005
0.000651779
0.000845168
8.26377e-005
0.000320511
0.000170488
0.000344819
0.00298377
0.000688158
0.000182263
0.0161975
4.45221e-005
0.00357015
0.00180434
0.00138636
0
0.0101244
0.00229738
0.00101818
0.000221454
0.000232547
0
0.00373125
8.14669e-005
3.75456e-005
0.000247472
0.000513088
0.00127526
9.93452e-012
0.000115755
0.000144704
0.000834111
0.000213346
0.00963358
0.00048108
0.00113596
0.000245412
0.0143002
6.00395e-005
0.00599649
0
0.00083795
0
0.0124316
0.00961111
0.000479265
0.00288358
6.54509e-005
4.32684e-005
0.00118669
0.000134846
0.00179251
0
0.000288125
0
0
6.33086e-005
0.000363087
0.000728304
0.000333566
0
0.000546726
0.000846797
8.05926e-005
0.00059166
9.36242e-008
0.00130632
4.03937e-005
0.00122376
0
0.000917071
0.0012993
0.000105551
7.05979e-005
0.000831524
0.00126368
0
3.77316e-006
7.74722e-005
0.000485384
0.000589086
0.000440998
3.63462e-005
0.000144994
0.00270746
1.28292e-005
1.09617e-005
0.00438308
7.80097e-005
0
0.000395471
0.000476929
0.000453805
0.000307751
0.00274591
0.00271148
0.000275649
0.00154077
0.000247317
0.00100019
4.27917e-006
0.000909183
0.000108419
0.000424414
0.000171866
0.00649518
0.002587
0.014476
0.000246665
0.00027726
0.00408631
8.92689e-006
0.00496441
0.000119258
3.19605e-005
0.0043427
0.000130373
6.42676e-005
2.39972e-005
0.000346627
0.000307741
0.000501503
0.000173815
0.00150376
1.60746e-005
8.05577e-005
0.000535549
1.94802e-006
7.638e-005
0.000199872
0.000605953
0.000235199
0.000670909
0.0028149
0.000398499
0.000116401
0.111861
0.00274568
0.0017684
5.4166e-005
0.000242662
0.0113618
-1.10218e-012
6.61659e-005
0.00962021
0.00993751
0.000308762
3.10382e-005
0.000828325
0.00111153
0.00232833
0.000921999
2.48483e-005
0.00104293
0.000104467
2.74339e-005
0.00724687
0.000257601
0.000141222
0.00201635
0.000186704
0.00133027
0.00133626
1.62854e-006
3.1856e-005
0.000236445
7.11218e-005
2.29316e-014
6.51202e-005
0.000134293
0.000115607
0.00110275
5.13884e-005
0.000905004
0.000253144
0.000243177
0.00102185
0.000902742
0.00285815
1.77383e-005
0.00010406
9.93452e-012
5.96869e-005
0.00235933
0.0027631
1.03554e-006
0.00125792
0.00083428
1.4345e-005
0.000856451
0.0004798
0.00317621
0.000224463
0.000114829
0.00021097
0.00139519
0.000356982
0.00018015
0.00129317
0.0166849
0.0125767
0.00114675
7.20523e-005
0.000228188
0.011459
0.000214914
0.0761609
3.95094e-005
0
0.00234852
0
0
0.00373075
0.00393734
0.000287273
0.000706398
0.00116027
0.00114456
1.79209e-005
0.000996513
2.30259e-005
0.000527808
5.12145e-005
0.000320905
0.000288584
0.000119599
0
0.00106314
0.000663631
0.000860237
2.83278e-007
1.41989e-005
0.000122864
0.00175518
5.44665e-005
0.00110592
0.000860144
0
2.23957e-014
0.00440683
8.3264e-005
0
5.7178e-006
0.000652202
0.00178081
0.000752965
9.65792e-005
0.00286201
0
3.50734e-005
0.00741833
0.000516887
0.00814433
0.0104628
0.00054543
3.66961e-005
0.00123477
3.79208e-005
0.00115547
8.55386e-005
0.005049
7.6429e-005
0.000447608
0.00177977
4.30805e-005
5.25124e-005
-7.65213e-009
8.26876e-005
0.00242399
0.000260059
9.77479e-005
0.000498239
0.00253979
0.000296911
0.000241295
0.00153633
7.88152e-005
0.00132026
0.00079029
0.0596445
6.96202e-005
0
4.29114e-006
0.000709036
0.000347085
2.43083e-006
0.0136578
0.0010191
0.000391911
0.000462456
0.00277866
0.00218964
0.000539858
0.000748776
0
0.000258741
6.56965e-005
0.0004367
4.0923e-005
0.00626695
9.99034e-009
6.45326e-005
0.00101853
0.00137751
0.00121495
0.00794226
0.000153499
2.89578e-007
0.000956831
0.00415917
0.00290238
0.000629857
0.000522178
0.00336643
9.88424e-005
0.00014884
8.97391e-007
6.4494e-006
0.00491242
0.000797561
0
0.000308192
8.20138e-006
5.01859e-005
0.000130104
0.0914851
0.000302713
0.000165637
0.00221388
0.000592587
6.07941e-005
6.00856e-005
0.000217897
0.000744133
0.000233245
0.000198658
0.000565077
0.000353752
0
0
0
0.00325462
0.000326026
0
0.0045548
0.00106967
0.000829934
0.000264448
0.00376867
0.00106323
0.000756128
0.00220146
0
0
0.00124233
0.000655309
0
0.0002802
0.000192952
0.000643834
0.000325982
0.000271365
0.000645349
0.00144954
4.7092e-005
0.000643415
9.54889e-005
0.00305082
0.0219783
0.000408388
0.00155369
0.000318991
0.000810647
0.000166917
0.00128511
0
0.00112585
0.00106247
0.00186143
7.53985e-005
5.68052e-006
0.00016229
7.60823e-006
4.97823e-006
8.80967e-005
4.21934e-006
1.89793e-005
0.00946521
0.00481071
1.91347e-005
0.00168675
3.28353e-005
3.66577e-005
0.0511296
0.0002364
3.41537e-005
6.54139e-005
7.87454e-005
0.00020144
0.00040986
0.00142291
0.000703098
0.000223126
0.000170232
0.000314038
0.000546828
0.000346057
0.00330918
0.00210976
0.0014338
0.000410266
0.000164023
0.000658803
0.000222017
0.0156782
0.00113123
0.00213062
0.000172833
0.000414328
2.43083e-006
0.00134471
0.00112825
0.00304119
0.00686093
0.00182607
0.00313126
0.0033798
0.000209489
0.00129053
0.00167379
0.00100773
0.00381452
0.000101276
0.00161926
0.000154375
0
0.00100037
8.30595e-005
0.000634936
0.0043392
0.00146966
3.92537e-005
0.0223294
0.000199356
0.00337061
7.83956e-006
0.00243639
0.000354555
0.00289671
0.0157378
4.43959e-005
0.000380194
0.00504564
0.000114555
0.000791604
8.66269e-005
0.000172403
0.00695599
0.00133056
0
0.00097027
0.0024417
0.000947163
0
0.000352549
0
0.00124233
0.000831054
0.00309453
0.00143869
0.00030078
0.000508182
0.00341713
0.000761926
0.116014
0.000145034
0.000246372
0.000169659
0.000361458
0.0239136
0.0370063
0.0128845
0
0.000347074
0
0
0
0
7.14207e-005
-1.34511e-008
9.20511e-005
0.000974351
0.000121864
3.11739e-005
0.000363535
0.000791596
9.13956e-008
0
0.00100792
0.00102633
0.000143728
0.00250598
0
0.000201571
0.00154793
0
0.000483501
0.000679748
0.0016152
0.000401774
0.00365122
0.000774871
0.00021138
0.00363067
0.0032317
0.000954251
0.000253546
9.22575e-005
0.00056398
0.00868379
0.0873832
0.000811582
0.00177065
0.000360737
0.00124257
0.0033334
2.83867e-005
0.000114175
0
0.00693085
0.000417728
0.00272199
0.00676181
0.00554026
0.00203201
0.000496349
0.00152911
0.000540265
0.000524125
3.38319e-011
0.00740916
0.000167588
0.000423518
0.00165287
0.00104414
0.000578129
0.000290705
0.000122241
0.000876858
0.004111
0.00318195
0.00311252
0.00103831
0.000955488
0.000905231
0.00153247
0.00231744
0.00360272
0
5.63304e-005
1.76368e-006
0.00201613
0.000369072
8.76007e-009
0.000206492
0.00050986
2.30737e-009
0.00235589
0.00162506
0.00432894
0.000102206
0.000409613
0.00170937
0.00204365
0.000983737
0.000190353
1.96561e-006
0.00223169
0.000511096
0.00421813
4.10685e-005
0.00144587
0.000275793
0.00170189
0.00242258
0.000396481
0.000545943
0
0.00420167
0.005166
0.000393145
0.0114496
0.000132342
0.00266236
0.000985827
0.000906226
5.96621e-007
0.00980618
0.00530655
8.61603e-006
0.000103675
0.000912398
0.000626369
9.90332e-011
0.00464196
0.00033283
0.000334591
0.000595711
0.0029915
0.003797
0.000437121
0.000100391
0
0.00103454
0.000688534
0
0.00521221
0.000449217
0.000147257
0.000185792
0.000349209
0.000517195
4.25552e-005
0.00574362
0.000411645
0.00475905
0.00075704
0
0.0060235
0.000924171
0.0727592
0.00050407
0.0121402
0.000264592
0.000449969
0.00286957
6.01597e-007
0.000288872
0.00628039
0.000794759
0.000168622
0.000286149
0.000349372
0
0.000625174
0.000346057
0.000183898
0.0014526
0.00245275
0
0.000188025
0.000250891
0.00304491
0.00174873
0
0.00743219
0.0003887
0.00108804
0.000957133
0.010381
0.0001696
9.70586e-005
0.00121227
6.57352e-005
0.000150545
0.000323757
0
0.000168441
0.00121556
0.00166663
0.00132186
0.00456115
0.00650878
0.0178009
0.00487366
0.00771158
0.00823942
0.00830082
0.00210861
0.000245666
0.000317123
0.00140659
0.009007
0.00133371
0.000903759
0.00070776
0.000443925
0.000100946
0.00284725
0.000290547
0.00109589
0.000716997
5.04807e-006
-1.12027e-008
0.000280015
7.04021e-005
0.0068147
0.000100527
5.4712e-005
0.0027574
0.000457599
6.19521e-005
0.00229708
0.00168519
0.00253084
0.00204665
9.24544e-005
7.37746e-013
0.000609247
0.000251759
0.000107221
0.00312155
0.000121893
0.000717432
0.000194106
0.000382375
0.117697
-7.64241e-009
0.000303972
9.08643e-005
9.03513e-005
0.0014971
0.000248045
0.0013759
0.00191466
0.00069039
0.00390645
1.13109e-006
8.15244e-005
0.00272017
0
0.000633462
0.00017106
0.00051861
0.0064154
0.00258822
0
0.000202949
0.000414619
0.00563345
0.000715022
0.00468153
0.0073229
0.000216306
0.00142704
0.000237732
0.00192693
0.00243046
0.00270319
0.0218941
0.0130048
0.000209597
0.00118657
0.000240531
0.00140698
0.021902
0.00070673
0.0662392
0.00123355
0.000412014
0.0280333
0.00160594
0.000446261
0.0330308
0.00019376
0.0211074
0.000241303
0.00847518
0
0.00292599
0.00055038
0.000579901
0.000666631
0.000276201
0.000139061
0
0.000545105
0.0040844
8.10805e-006
0.0059321
0.000139174
0.00347272
0.000325549
9.03801e-005
-1.90484e-011
0.000823853
0
0.000450577
0.000856401
0.00023468
0.00460784
0.000719411
0.0069368
0.00191884
0.00114045
0.00350948
0.000248111
0.000399462
0.00126869
0.00342984
0.00293243
0.00846777
0.0086072
0.000564394
0.00179704
0.00124336
0.123114
0.0029209
0.000277206
0.00251987
0.000206287
0.00185007
0
0.00164363
0.000227303
0.000432911
0.000766373
7.33262e-005
0.00755821
0.00511777
0.00252481
0.0026151
0
0.0185154
0.00174832
0.000404604
0.0040523
0.000292029
0.00346735
0.00939803
0.00122904
0.000553571
0.037075
0.00977566
0.000406806
0.00147352
0.000955267
0.0269633
0.000223373
0.041908
0.000801547
0.00317966
4.68333e-005
0.000624076
0.00110581
0.000131384
0.000860136
0.000587859
0.00178385
0.0836716
7.68014e-005
0.00292094
0.0274036
9.00623e-005
0.056673
0.00304273
0.0206862
0.00665798
0.00876729
1.16903e-009
0
6.86023e-005
0.000356012
0.00154232
0.000159906
0.00247933
0
0.0190741
0.000679643
0.00362639
4.61765e-005
0.00221605
0.000251857
0.000446942
0.00063494
0.00686364
0.000365153
0.0121247
0.0895287
0.000840528
0.000461258
0.0004061
0.000178774
0.000675768
0.00170479
0.000773394
2.73894e-006
1.30817e-006
0.00113897
0.000259051
0.00502851
0.00276128
0.00384944
0.000590705
0.000325948
0.00269397
2.24847e-006
0.00108017
0.000149394
2.6775e-005
0.000443164
0.00336104
0.0151986
0.0109272
0.00990754
0.000645924
0.000163814
0.00217379
8.4302e-006
0.000169522
0.000256407
0.00267285
0.00159841
0.00050591
6.45395e-005
0.00569658
0.00166252
0.00195038
0.00177414
0.00291366
0.00546856
0.0060125
0.000274021
0.0194251
0.00107088
0.0052866
0.00171812
0.0011988
0.00170316
0.00205078
0.000848149
0.000166477
0.000853829
0.00605068
0.000407679
0.00025561
8.85741e-005
0.000210887
2.30589e-005
0.000176704
0.000824178
0.0145263
0.00306642
0.00103762
0.000658899
0.00037998
0.000109782
0.000175024
0.00102684
0.00873078
0.000198683
0.000102186
0.000547328
0.000764248
0.0899383
0.000359071
0.000569819
0
0.000442554
0.00160332
0.00453523
0.000267833
0.00263539
0.000406414
5.352e-005
0.00970821
0.00880973
0.00520007
3.93601e-005
0.00119088
0.00207959
0.0148091
0.00646157
0
0.00211153
0.000142387
1.60729e-005
0.000333614
0.000163485
0.000385919
0.000286911
0.00275166
5.29825e-007
0.000367714
0.000762436
0.0023239
0.013515
-3.73017e-011
0.00191015
0.0164537
0.00230834
0.00019037
0.000243051
0.00293632
4.26885e-005
0.000204325
0.0270841
0.000587788
0.000546852
6.61111e-005
0.000388605
0.00194252
0.000764027
0.000147901
0.00216636
0.00126625
1.84538e-005
7.67886e-009
0.0846987
0.000576476
0.0168057
0.000100373
0.00560269
0.00151358
0.00469346
0.000214
0.00126891
0.000217473
0.00101454
0.00172989
0
0.0198322
0.00363461
0.000993384
6.71024e-005
0.00152556
0.00167216
0.00121195
0.000170308
0.00109351
8.26826e-006
7.43584e-005
7.52736e-005
0.00155362
0.0103372
0.000910444
0.000337045
0.00238278
0.000224466
7.37746e-013
0.000897987
0.00229608
3.99947e-005
0.00138728
0.000601263
0.036654
0.000186555
0.000285896
0.00763506
0.00061644
0.000215843
0.000549271
0.00100691
-8.75102e-009
0.055038
0.00057675
0.00185127
0.00104892
6.51804e-005
2.45107e-005
0.00475454
9.3245e-005
0.000520127
0.00363554
0.0016139
0.000111757
0.00225139
0.00790712
0.000397495
0.000874634
0.00021078
0.000615633
0.00253552
0.00024908
3.47098e-005
0.000172677
0.000142077
0
0.000153369
0
4.90645e-006
0.000889713
0.00020461
9.64988e-005
0.00578916
0.00169071
3.12163e-006
3.43779e-005
0
0.000458431
0.0222861
0.00971106
0.000525649
0.00207571
0.00756899
0.000511327
0.0105783
0.000209009
0.00157712
0.00178805
0.00113855
0.000554688
0.00876299
0.000943956
0.000467744
0.000453585
0.0012422
0.000232683
0.00136956
0.000482602
0.00397365
0.0523234
0.000660606
0.00048284
0
0.000800622
0.00021855
0.00905106
6.86127e-005
0
0.0109304
0.0161742
0.0490773
0.000326009
1.13461e-005
0.00873477
0.00108526
0.000345215
0.000597902
0.00367158
0.00124546
0.0031641
0.0012321
0.0024119
0.000421989
0.000324295
0.000326653
0.000979675
0.00290614
0.000264394
0.00167922
0.025867
0.000890995
0
0.00467158
0
0.000167288
0.000390933
0.000391067
0.00505412
0.0013381
0.000336745
0.000451346
0.00392943
0.00292693
0.000231601
0.000432404
0.000275273
0.00283525
0.00925533
0.0107809
0.00139756
0.000400644
0.000617098
0.00023517
0.000719389
0.0175993
0.000349956
0
0.0304072
0.0116603
0.0070373
0.000253182
0.00306502
0.0023252
4.87403e-005
0
0.0213194
0.0213195
0.000859638
0.000945248
0.00226779
0
0.00138214
0
0.00817684
0.00063666
0.000261934
0.00106022
0.000293021
0.00549864
0.00011169
0.000138965
0.00276304
0.000546129
0.00139661
0
0.00221998
0.00154868
0.000603614
0.000440948
0.00246956
0.00495127
0.0013185
6.86057e-005
0.000685736
0.0510829
0
0.00135324
0.00165919
0.000828047
0.024287
0.00239865
7.70493e-005
0.01171
0
0.00253764
0.000260574
0.00141813
0.00190452
0.000497132
0.00573669
0.0133532
0.00245108
0.000284763
0.00020675
0.00037941
0.000473491
0.000906863
0.000730892
0.00109396
0.00121331
0.00588942
0.000312607
0.00272822
6.65972e-005
4.34165e-005
0.000326546
0.0231129
0.000474605
0.0187979
0.0284935
0.000533035
0.000385223
0.000352582
0.000885585
0.00181229
0.012438
0.00012954
0.00210335
0.0139817
0.000402259
0.000806501
0.00243049
0.00613476
0.00161229
0.0131403
0.000114404
0.00116333
0.00201878
0.000166976
0.000302755
0.000229901
0.0198532
0.00046825
0.00250594
0.000447808
0.00354703
0
0.00591017
0.00591177
0.000551174
0.000128743
0.00144338
0
0.00485727
-1.04916e-009
2.30527e-005
0.000565272
0.00146031
0
0.00198175
0.00113842
4.05238e-005
0.0015006
0.0020789
0.000743017
0.0442483
0
0.00761218
0.00179148
0.00112846
0.0421346
0.000488204
0.00017088
0.00182997
0.00203878
0
0.000467422
0.00273653
0.000255057
0.000122475
0.0127144
0.000532399
0.00869711
0.0103743
0.000127293
0.000783868
0.00249969
0.000413394
0.000285806
0
0.000435843
0.00993766
0
0.00147607
0.00159168
1.64214e-005
0.00905722
0.000182601
0.00222258
0.000165479
9.36625e-007
0.000997841
0.000356601
0.000936625
0.000489312
4.98266e-005
3.53161e-005
0.014009
0.000302444
0.000530729
0.000917571
0.000998785
0.000205758
0.00128057
0.000625332
0.0075427
0.000381649
0.00147559
0.00355183
0.00281328
0.00181261
0.000329698
0.0158422
0.0047491
0
0.000124114
0.00691527
0.00107427
8.95135e-005
0.0270484
0.0195682
2.75021e-005
0.000161337
0.00566115
0.000597852
0.0114054
0.000245201
0.000428503
0.000928187
0.000877378
0.000648045
0.000581903
0.0459525
8.77112e-006
0.00101955
0.00664594
0.000296821
0.00184857
0.00246004
0.000756881
0.00224516
0.00131726
0.00324173
0.00459509
0.00558334
0.0279307
4.32418e-005
0
0.00019706
0.00147261
0.00108018
0.00180029
0.0158141
0.0245148
0.00408205
0.00084063
3.0785e-008
0.000352201
0.00296755
0.000174741
0.00295965
0.010416
0.0130972
0.00382993
0.00392138
0.00018544
0.000635366
0.00698785
3.16656e-005
0.000673426
0.000253784
0
0.00467274
0.00469393
0.000106092
0.000195628
0.000199062
0.0420223
0.000831567
0.00301127
0.00166979
0.00279257
0.000110978
0.000318861
0.00115163
0.000468596
0.000841808
0.0223937
0.000482967
0.000121991
0.000946295
0.00137152
0.00319051
0.00245521
0.001241
0.00437098
0.00544274
0.00171293
0.000417675
0.00466863
0.00208926
0.00193599
0.00181838
0.000489578
0.000280599
0.0029628
0.00940103
0.00121552
0.00121415
0.00114595
0.00130216
0.0397117
0.00184944
0.0105914
0.0851247
5.30998e-005
0.00014992
0.000533567
0.0112236
0.000136912
0.0150847
0.000558026
0
0.000162702
0.000452266
0.0233256
0.00298662
0.000449316
0.00103391
0.00390368
0.00137826
0.000512017
0.00229748
0.000522849
0.00501815
0.00113576
0.0178153
0.0126339
0.000248874
0.0210225
0.00024274
0.000727966
0.00132387
0.000134402
0.0013782
7.34952e-005
0.000363208
0.000616762
0
4.26195e-005
0.00222479
0.00297643
0.00155597
0.00884025
0.000208879
0.000232766
0.000755964
0.00180087
0.000136869
0.00105918
0.0037447
0.0065969
0.0255407
0.00594868
0.00102435
0.000217803
0.0014525
8.21299e-005
0.000556175
0
0.00551684
0.000927473
0.00436808
0.01234
0.00242256
0.000333589
0.00104911
0.000631141
0.00015768
0.00651807
0.000561128
0.00223205
0.000124747
0.00197504
0.00162143
0.000930398
0.00563521
0.0150528
0.00182398
0.00259809
0
0.00638463
0.00230447
0.00174277
0.000477477
0.00183201
0.00079812
0.000284547
0.0223689
0.0002231
0.00024552
7.82955e-009
3.35158e-005
0.000485915
0.000480521
0.000284083
0.00700429
0.00171675
0.0011299
0.0004311
0.00019211
0.00196447
0.00445682
0
0.000961705
9.04878e-006
3.82211e-005
0.00160059
0.000755862
0.000571927
5.78603e-005
0.0060424
0.00772269
0.00029766
2.2394e-005
0.000576612
0.001834
0.00305521
0.0143767
0.000639339
0.000543207
0.00473648
0.00161467
0.0142964
0.00189513
0.000380697
0.00437894
0.00128472
0.000129908
0.00354082
0.057682
0.00554445
0.000280469
0.000448454
0.00362193
0.000579117
0.000249244
0.00125508
0.00406209
0.00212795
2.58456e-005
0.000773737
0.00162666
0.026769
0.00491491
0.000158328
0.000269879
6.11151e-005
0.000447964
0.0341089
3.95341e-005
0.00318999
0.0137558
0.00126548
0.000563109
8.63908e-005
0.00124702
0.000759849
0.000276949
0.00649407
6.28149e-005
0.000404262
0.018066
0.00142313
0.00238403
8.53237e-005
0.0347654
0.000570444
2.02765e-006
0.00105526
0.000958939
0.000371777
0.00736989
0.00557181
0.00166253
0.000121964
0.00704245
7.96816e-006
0.0265913
0.00279622
0.00291505
0.048985
0.0486727
0.000175619
6.88981e-005
0.00374101
0.00181083
0.00476172
0.00200982
0.00777904
0.00187008
0.000986879
0.00126824
0.000950146
0.000544601
0.000138949
0.00259656
0.00734565
0.00581165
0.00389897
0.000145343
6.15941e-005
0.000131989
0.0922663
0.0211813
0.00613228
9.63615e-007
0.0101029
0
0.133376
0.000286546
0.00539963
0.00012652
0.00662961
0.00805679
0.000891095
0.000641572
0.0596189
0.000192972
0.000229291
0.000160797
0.00560665
0.00180959
0.00627073
0.00146725
0
0.000361869
0.0367403
0.000752531
0.00173077
0.000858608
0.00201014
0.00155702
0
0.00278292
0.000908994
0.00120108
0.00144916
0
0.0634965
4.78536e-006
0.000198042
0.000316987
0.000263811
0.00225011
0.0027488
9.09078e-005
0.0287419
0.000730505
0.0188067
0.000221437
0.0221268
0.000520814
0.0192972
0.0170235
0.000448424
2.9694e-005
0.0438856
0.00123943
0.00197041
0.00182629
0.00151226
0.000815324
0.0015769
0
0.000378848
0.000210441
0.000627533
0.0026162
0.00482827
0.000407976
0.000703185
0.000441634
0.0268294
0.00735251
0.000446759
8.59634e-005
0.000374497
0.0125475
0.0014238
0.00367758
0.00218852
0.000303026
0.000800858
0.00262067
0.000841873
0.00324483
0.000372044
0.000952954
0.000373854
0.00558702
0.0807735
0.000300944
0.0193965
0.0143896
0.0140169
0.000451864
0.00103876
0
0.00297785
7.51175e-005
0.000484884
0.000336724
0.00273709
3.81929e-005
0.000932136
0.00182538
0.000565832
0.00539505
0.0175964
5.5467e-005
0.00262197
0.000768015
0.000545125
0.00671526
0.000178208
0.000372957
0.000405016
0.00249785
0.0198904
0
0.00579079
0.00326327
0.00439289
0.0430512
0.000554011
4.67374e-005
0.00068401
0.000324264
0.000692463
0.00292173
0.00474772
0.0011825
0.0167575
7.26625e-005
0.00403071
0.00130813
0.000285301
0.00271884
5.16249e-005
0.0237655
0.0115574
0.0026074
0.00173475
0.000488032
0.00037075
0.0327714
0.0243084
0.000433183
0.00191786
1.87192e-006
0.000247097
4.67801e-005
0.0157074
0.00471329
0.00152411
0.000985974
0
0.000848393
0.0100479
0.0012154
0.000602769
6.87074e-005
0.00123989
0.00891651
0.000865451
0.000404017
0.00112117
0.0289106
0.0115113
0.0197181
0.00823451
0.010291
0.000471112
0.000836983
0.0458509
0.000194469
0.00653244
0.0214829
0.000437034
0.000548909
0.0171111
0.00167118
9.60156e-006
0.000325869
7.33042e-005
0.0251341
0.0013562
9.28506e-011
0.0332252
0.000651814
0.000282521
0.000761427
0.000181472
0.000106725
0.00085213
0.00057723
0.000656987
0.00282865
0.000915064
0.000234961
0.000366822
0.000610053
0.00355687
0.00651998
0.00181006
0.00068629
0.00194486
0.00014114
0.00190123
0.00039009
0.00252647
0.00303052
0.000237789
0.00512047
0.000235797
0.000354966
0.0176362
9.75774e-005
0.000654705
0.0509005
0.000359036
0.00045139
0.000169737
0.000273718
0.00101201
0
0.000509099
0.00848164
0.000162254
0.00752528
0.0160392
0.00990998
0.000761493
0.00383241
0.00246733
0.0303843
0.009512
0.00119928
5.39823e-005
0.00466744
0.00478752
0.00167901
0.00580057
0.000595544
0.000591165
0.000408709
0.000379013
0.00312001
0.000234294
0.00311111
0.00306593
0.00399627
0.000153916
0.0113681
0.00042588
0.00935138
0.0169047
0.000485473
0.000301234
0.00283406
5.46277e-005
0
0.00103439
0.00621024
0.000647605
0.000228897
9.02172e-009
0.00686574
8.6091e-005
0.000405382
0.00142667
0.000834761
0.00109213
0.000500108
0.0079753
0.000127171
0.00315614
0.000164657
0.00262401
0.000329352
0.0140791
0.00108361
0.00185263
0.000137638
0.00332332
0.000578672
0.00715756
0.00684114
0.000286365
0
0.00352936
0.0033169
0.00114375
0.0182228
2.04418e-010
0.00212078
0
0.000380386
0
0.000408429
0.00425969
0.0135201
0.0177769
0.000176993
0.0341604
0.000696904
0.000757213
0.00671627
0.00104961
0.00435261
0.0014201
0
0.00437653
0.00387423
0.00221347
0.000830193
0
0.00634802
0.000870483
0.0282959
0.00136598
0.00167882
0.00270589
0.00031605
0.000112395
0.0249651
3.50267e-006
0
0.000464416
0.00673611
0.00524874
0.00106725
0.000698539
0.0195543
0.00544184
0.00469443
0.00433458
0.00519857
0.00013515
0.00812287
0.00140473
0.000366372
0.0689951
0.00147018
0.00484335
0.0110003
0.00250222
0.000487628
0.00062701
0.000524323
0.0016849
0.0170902
0.00227856
0.000335382
8.61836e-005
0.000563117
0.00099812
0.00359937
0.00368169
0.00859178
0.000182726
0.00118078
0
0.0317629
0.0140658
6.19686e-009
0.00232077
0.00126062
0.00418933
4.44377e-005
0.00415161
0.000940043
0.0403672
0.0042117
2.87963e-005
0.0160528
0.0244177
0.00120224
0.0007663
0.00138953
0.000299124
0.0012296
0.000378244
0
0.000560992
0.0108383
0.0020775
0.0025864
0.00164255
0.00730298
7.44492e-006
0.00029988
0.00253842
0.000204816
0.0133166
5.02738e-005
0.0191929
0.000155507
0.00835524
0.00122459
0.000746534
0.000897088
0.0112285
0.00870503
0.000328947
3.34257e-005
6.32643e-005
0.00418943
0.00389396
0.0418461
0.000666403
0.00143735
0.0233084
0.000635907
0.000543764
0.00236959
0.00284784
0.00106083
0.0265718
0.00120759
0.0007492
2.03568e-005
0.0186004
0.0212604
0.000394309
0.00871905
0.000263664
0.000111145
0.00177257
0.00461314
0.011888
0.00130712
0.0143897
0.00180961
0.0040809
0.00232433
0.000294557
0.00630694
0.000536688
0.000194911
0.0105975
0.00855151
0.000465128
0.00241728
0.00685356
0.000904827
0.0199779
0.0004238
0.000185732
0.000700511
0.00116454
0.0158102
0.00829438
0.00138844
0.000418502
0.000312172
0.00317423
0.00100362
0.000295435
0.000310017
0.000184968
0.00124214
0.00154782
0.0022403
0.00178142
0.000571933
0.000677011
0.00032954
0.000216503
0.000806368
6.78496e-006
0.00212855
0.00240396
0.00877385
0.000326669
0.000665064
0.0017491
0.00011385
0.00051282
0.00143454
0.0221649
0.00490519
0.0547214
0.0514499
0.016004
0.0157262
0.00384716
0.000479239
0.00118744
0.000949975
0.00379187
0.000185785
0.00400693
4.82722e-005
0.000201907
0.0068307
0.00299139
0.00171624
0.00224219
0.0469381
0.0199427
0.000200049
0.00641171
0.00122802
0.00437333
0.00181765
0.000283202
0.000187507
0.0193001
0.00107657
0
0.000553369
0.00400954
0.00822278
0.0117831
0.00942554
0.00183011
2.37171e-005
0.000569748
0.00110391
0.00175871
8.00639e-005
0.00119366
0.000580689
0.00105291
0.046875
0.00354847
0.16525
0.00115283
0.00361539
0.00353597
0.000864518
0.00396388
0.00292987
0.000626295
0.000410195
0.00859307
0.000487976
0.000384354
0
0.00770235
2.74806e-005
0.000198258
0.00035037
0.000160432
0.002774
0.000155371
0.000551395
0.000415234
0.00201134
0.000762805
0.0174107
0.00367948
6.19903e-009
0.00229599
0.013201
0.00113339
5.76034e-005
0.03461
0.000753137
0.000597361
0.000535049
6.37427e-010
0.00193256
0.0015836
0.00160603
0.000562364
0.000147619
0.00728407
0.000286514
0.00201217
0.00419022
0.0128587
4.43247e-006
0.0233502
0.000511561
0.000272413
0.0024013
0.00132554
0.0256078
0.000160417
0.00317738
0.00607805
0.00969922
1.55609e-006
0.000528998
0.00186476
0.00563933
0
0.000320162
0.0175881
0.00189829
0.000578557
0.182988
0.0261495
0.00994812
0.0098701
0.00637477
0.00626809
0.00205678
0.00476063
1.15043e-005
0.0100383
0.00234616
0.00301045
0.000161767
0.0996253
0.00108213
0.0003119
0
0.000264266
0.0290899
0.00105132
0.010504
0.000888428
0.00166747
0.000522048
0.000149364
0.00113649
0.000952118
0.015774
0.00333859
0.00219047
0.000593798
0.000769284
0.00174726
0.00119047
0.000541588
0.062754
0.002103
0.000169748
0.00622383
0.000447079
0.0160238
0.00889241
0.00796062
0.0008093
0.0164734
0.00931635
6.25198e-005
0.00173014
0.000329285
0.00427955
0.00693204
0.000660962
0.000618523
0.0017568
0.000601719
0.0011752
0.00110663
0.000527477
0.00021934
0.00226906
0.00496689
7.55245e-005
0.0155546
0.00875015
0.00966234
0.00172779
0.000249014
0.000594967
0.0224343
0.000641725
0.00032597
0.00207058
0.000281272
0.00110952
0.00144956
0.000293978
0.000662372
0.000917619
3.47898e-006
0.000418613
0.00417202
0
1.7137e-005
0.00097286
0.0049448
0.0315198
0.00134207
0.00827428
0.0253092
0.0220208
0.00333121
0.000198775
0.00213481
0.000304648
0.000389585
0.0254731
0.0234241
0.00320427
0.00318064
0.000584349
9.48231e-005
8.16066e-006
0.000350693
0.00532763
0.00938769
0.0229818
0.00473981
0.00156911
0.00431263
0.00142796
0.0159743
0.00127201
3.53156e-005
9.02192e-009
0.00039389
2.48229e-007
9.72023e-005
0.0272573
0.000495003
0.000564442
0.00107732
0.0685664
0.00214398
8.09617e-005
0.00145063
0.0018821
0.0145713
0.00170925
0.000844275
0.00145235
0.000220881
0.000828042
0.000825731
0.00232622
0.00169391
0.00039512
0
0.000796131
0.00256549
0.00189906
0.00115445
0.00294732
1.59359e-005
0.00264432
0.0108343
0.00764449
0.00131465
0.0279669
0.00129152
0.0147345
5.38847e-007
1.07484e-005
0.00677988
0.000340151
0.00405621
4.60075e-005
0.0101701
0.0290596
0.00266768
0.00105975
0.00410013
0.000636705
0.0143436
0.000363264
0.0117196
4.9428e-005
0.00315719
0.000282075
0.00312293
0.011811
0.0134889
0.000894835
0.000605403
0.000544449
0.000211888
0.000738801
0.0253734
0.0530491
0.000347113
0.00221497
0.000726865
0.00419834
0.0445924
0.0754149
0.000451788
0.00212341
0.00118225
0.00596034
0.00606156
0.00109765
0.00156239
0.00447596
0.000384004
0.000356175
0.00577403
0.00178848
0.014055
0.000418033
0.0172698
0.00581104
3.75587e-006
0.00062741
0.00110097
0.0166483
0.000621881
0.0277807
0.000304556
0.00281717
0.0352743
0.0271392
0.000894244
0.0064578
0.0177749
0.00838998
0.0266438
0.000180285
2.53231e-005
0.00129624
0.000118806
0.000577489
0.000366553
0.0332135
0.0579446
0.000549786
0.00287341
0.0284376
0.000431478
0.000515536
0.000143416
0.00187004
0.000789801
0.00188442
0.0544558
0.00723133
0.00260319
0.00138678
0.000644843
0.00213151
0.000295649
0.127958
0.0798019
0.00920621
8.36636e-005
0.0274208
0
0.0015688
0.000360026
0.000553735
0.000526252
0.000356708
0.00203934
0.00202599
0.0039378
0.000249416
0.000226616
0.000395495
0.000247456
3.8385e-005
0.00164991
0.00464578
0.0320445
2.71661e-005
0.0106422
0.00420952
0.0150825
9.60526e-005
0.0018996
0.00130002
0.0017842
0.00146773
9.46493e-005
0.00061991
0.0024109
0.00498626
0.000413915
0.00195642
0.00025645
0
1.81681e-005
0.000248247
0.000432002
0.000124434
0.0225258
0.0084392
0.00596892
0.00196191
0.00175485
0
0.00127826
0.000574192
0
0.000514797
0.0120781
0.000158258
0.0265112
4.43139e-005
0.00449804
0.000693893
0.000120088
0.000895321
0.000411082
0.00124706
0.04791
0.000475331
0
0.00143109
0.000551463
0.000500174
0.000952774
0.0286958
0.0119986
0.00411186
0.00417055
0.000520769
4.93376e-006
0.000690448
0.00240211
0.000331044
0.000533265
0.00199241
0.00334262
0.00918741
0.00524196
0.0375471
0.010544
0.0109912
0.000198016
0.0013355
0.00544108
0.0294904
0.00129751
0.0650215
0.00290546
4.22006e-005
0.00809071
0.000661551
0.000808393
0.000949211
0.000394111
0.00110268
0.000220327
0.0245671
0.000409632
0.00324122
6.23956e-005
0.0132444
0.00338376
0.00238233
0.00152501
0.000205074
0.000973077
0.00022236
5.52405e-006
0.000536208
0.000603401
0.000130796
0.000191112
0.000508411
0.000421845
0.00653028
0.00245716
0.001069
0.000648946
4.20054e-005
0.00014227
0.000893119
0.000591133
0.00171579
0.000617022
0.00523622
0.00681546
0.0592819
0.0137968
0.00149687
0.00453356
0.0546683
0.000600449
0
0.0335005
0.00103613
0.000451173
0.00106587
0.0127424
0.000931892
0.000673677
0
0.000835863
0.00789823
0.00494559
0.000675183
0.00210596
0.0188646
0.0106835
0.000534263
0.000368434
0.0010558
0.000669569
0.000422502
0.00293426
7.98274e-005
0.0216439
0.000475024
0.00174551
0.000214895
0.00921532
0.000707988
0.0183881
7.73128e-005
0
0.0389898
0.000903055
0.000122335
0.000421461
0.000367131
0.000103613
0.000300585
0.0539728
0.00140492
0.031413
8.56149e-005
0.000189132
0.000239967
0.00449765
8.94522e-005
0.00010954
0.00356836
0.000115631
0.0186144
0.00251193
6.73456e-005
0.00234673
0.00252655
0.0103125
0.0106773
0.00196743
0.00153445
0
6.81683e-005
0.00116722
0.00082563
0.0100032
0.0230392
0.00232325
0.000223315
0.000333091
0.00545814
0.00158056
9.96336e-005
0.0123907
0.00289398
0.00339879
0.00161265
0.000753232
0.000242227
0.00136926
0.00396572
0.0106132
0.00349657
0.00635134
0.00150758
0.00442752
0.0386676
0.00188569
0.00838514
5.35197e-005
0.00032126
0.000266532
0.0164641
0.00215854
0.0218378
0.000862456
0.00118381
0.000414128
0.00333489
0.0079549
2.57303e-005
0.000450241
0.00166922
0.00124576
-1.3495e-008
0.000585099
0.000162329
0.000599674
5.24018e-009
0.000641769
6.21108e-005
0.00027228
0.000877063
0.00310033
0.00021439
1.52048e-005
0.000210469
3.61758e-006
0.001224
0.00170334
0.000441636
1.37666e-005
0.000210414
0.000476085
0.0310217
0.00217086
0.000906262
0.000104084
0.00467255
0.0575009
7.48016e-005
0.0014912
0.00020533
0.000808875
0.00128732
0.000296135
0.00105056
0.000175002
0.000437335
0.00305278
0.0303452
0.00596296
-7.43687e-009
0.0124294
7.30177e-005
4.03235e-008
0.000160332
0.000354716
0.00120547
0.000124589
0.00200394
4.37677e-005
0.0149754
0.000921079
0
0.000141109
0.079959
0.00518053
0.00116516
0
0.00996379
0.00112861
0.00931659
0.00354917
8.38671e-005
0.000263127
0.000667792
0.000571089
0.00332839
0.000930778
0.000925534
0.000178637
0.00666289
0.000655748
0
0.00165415
0.053802
0.0128693
0.00069083
0.00113183
0.000667167
0.000225139
0.000355753
0.029522
0.00050933
0.0363768
0.0312115
0.000271363
0.000873038
0.00122536
6.32106e-005
0.000435452
0.0021756
0.00375557
0.000958313
0
0.00451467
0.00430995
0.00368294
0.000309303
0.0053068
0.00463584
0.0221883
9.78148e-005
0.00229774
1.33248e-006
0.00122905
0.000144523
0.000187523
0.005231
0.0046635
0.00320108
0.00190096
1.44573e-005
0.00426453
0.00023531
0.00149896
0.00143621
0.00117047
0.00256194
0.000166228
0.000222892
0.000526027
2.83029e-005
0.0154376
0.000321514
0.0341456
0.00100355
3.57777e-005
9.11343e-006
0.0285695
0.00321243
0.000685826
0.0103643
0.00232538
0.000786
0.000491448
0.00177946
0.0040654
0.00812749
0.00110762
0.000232331
0.00728171
0.00925635
0.0102612
0.00355489
0.00140781
0.000475841
0.000501468
0.000760422
0.00917416
0.00443853
0.0115913
0.00821675
4.89815e-006
0.00538879
0.0610935
0.000639249
0.00108036
0.00477716
0.00457857
0
1.70888e-006
0.000390043
0.00022197
0.00174518
0.0383637
0.00132953
0.00111099
0.000390255
7.14012e-005
0.000551532
0.065712
0.000339947
0.000354742
0.000922872
0.000190989
0.00081563
0.000929904
0.0920613
0.000161014
0.00116534
0.0030298
0.000518916
9.53743e-005
0.00613051
0.000598971
0.00111163
0.0137864
0.000366586
0.00317799
0.000397094
0.0128375
1.4696e-005
0
0.000205471
0.00244988
0.000135827
0.0413864
0.0084012
0.00450091
0.000920819
0.000185783
0.00313375
0.00377642
0.0084805
0.000702797
0.00186729
0.0247003
0.00052516
0.00180568
0.0115607
0.000812995
0.0218555
0.0225604
3.98534e-005
0.000276413
0.000726638
0.000764515
0.000504418
0.00111297
0.00148817
0.0090637
0.000245343
0.00339907
0.000702578
0.000989524
0.00148603
0.000399692
0.000256951
0.000231735
0.00213801
0.000296393
0.01203
0.0260354
0.0459578
0.0345537
0.000338868
0.000177672
0.00173969
0.00443768
0.000998902
0.00189439
7.61159e-005
0.00136734
0.000596348
0.00370535
0.00085923
0.00210665
0.0233677
0
0.0473344
0.00385712
0.00719641
0.00131206
0.000579895
1.34734e-005
0.0220936
0.00327994
0.000445913
0
0.00894943
0.00423872
0.00109283
0.000867014
0
0.0417816
0.0216981
0.0509329
0.000245
0.00160171
0.000584569
0.0076055
0.000569463
0.00107078
0.0867132
0.00062969
0.000256796
0.000412174
8.79273e-005
0.0134398
0.0019005
0.00168605
0.000569795
0.0111578
0.00100778
0.0149094
0.000658717
0.00226389
2.0426e-010
0.000418235
0.000556387
0.000344426
0.00110513
0.000544674
0.000244732
0.0188602
0.0117894
0.00038263
0
0.0109604
0.0710742
0.0140728
1.37052e-005
0.00813453
1.78186e-005
0.000357648
0.000720153
0
0.00102081
0.00930639
6.37433e-010
0.00024992
0.0066416
0.000727893
0
4.42152e-006
0.00242682
0.00695072
0.0094278
0.00446972
0.0406046
0.0011734
0.0378494
0.00171854
0.000631191
0.000220796
0.000966949
0.00064567
0.000708304
0.00421111
0.00040708
0.00313796
0.0180059
0
0.0209734
0.00016697
0.000586412
0.00531495
0.00305528
0.000603848
0.00974021
0.00950788
0.00328678
0.0292769
0.00225026
0.0163603
0.0045114
0.00228339
0
0.000280512
0.000135927
0
0.000448161
0.000253271
0.000832897
0.000746284
0.00177828
0.000575163
0.000328796
0.000175013
0.000209231
0.00347841
0.00630938
0.00144077
0.000352942
0.000536883
4.04981e-005
0.000372804
0.000575614
0.00142036
0.00130174
0.00727816
0.00670695
0.000738043
0.00792637
0.000258726
0.00195632
0.000447857
0.0321213
0.00443164
9.36766e-009
0.00613332
0.000959669
0.000341183
0.00697592
0.000512075
0.000306142
0.00189895
0.0180741
0.00775941
0.000475305
0.0107432
0.0313345
0.000894436
1.85584e-005
0.0308466
0.00148206
0.000157306
0.0381783
0.00332338
0.00099144
0
0.000522226
0.000717589
0.0235263
0.0359306
0.00283568
0.000628023
0.00705022
0.00287244
0.00162926
0.00106484
0.00170851
3.0746e-005
0.000259153
0
0.00774282
0.00024881
0.00618468
0.00559135
0.00611845
0.000185118
0.00338047
0.000358551
0.00208626
0.000199853
0.000508415
0.00425421
0.00027707
0.00176618
0.0352998
0.00271437
0.0508073
0.0187895
0.00128439
0.00208741
0.0368477
7.86051e-005
4.33775e-005
0.0392898
0.000207205
0.000184915
0.00102127
0.00511761
0.00101324
0.00555814
0.000557881
5.7404e-006
0.0199759
6.10407e-005
0.00234207
0.000404854
0.0101519
0.00017449
3.90794e-006
0
0.00925106
0.00019791
0.000712747
0.000189445
0.000277763
0.000806521
0.000680773
0.000426701
9.50471e-005
0.0344199
0.000516727
0.0299756
0.000209718
0.00522351
0.0262722
0.0301751
0.013963
0.0100158
0.00517888
0.0004532
0.000462573
0.000242148
0.000283171
0.0194068
0.000358085
0.0129188
0.000997424
0.000540938
0.00358933
0.00320582
0.0769147
0.000769109
0.0180927
0.000999203
0.0180017
0.0429404
0.000350724
0.0153647
0.00249452
0.00288775
0.0288233
0.000389912
0.00106605
0.000292756
0.00125131
9.59823e-005
2.71828e-005
0.0038528
0.0527679
7.85369e-005
0.00181627
0.000640752
7.98014e-009
0.00416736
0.000803223
0.00931462
0.000569708
0.000102529
0.00259213
0
0.0281621
0.00164778
3.14866e-005
9.51904e-005
0.000694596
0.00172191
0.00859539
0.00215235
0.0116232
4.97169e-005
0.000665144
0.000282224
0.0014205
0.000103904
0.0507812
0.011487
0.00816945
0.0151433
0.0210978
0.00126914
0.000683302
0.000525346
0.0898241
0.00201418
0.0007015
0.00261676
0.00631682
0.0140021
9.47551e-006
0.000918437
0.00163643
9.75127e-006
0.0135008
0.00165635
0.000219897
0.000576553
0.0107825
0.00168147
4.28122e-005
0.040258
0.00242027
0.00137313
0.000128059
0.000460059
0.0453046
0.0273366
0.000988507
0.0150903
0.000156965
0.00152149
0.00101545
0.000377922
0.000344889
0.000176138
0.00151044
0.000803931
0.00178016
4.44929e-009
0.00257147
7.04664e-005
9.23775e-005
0.000936739
0.000595749
0.0161723
0.0041876
0.00171806
0.00181842
0.00155257
0.00190889
4.63886e-005
0.000114094
0.00104948
0.00198703
0.00108135
1.41733e-005
0.000490447
0
0.0193028
0.000990133
0.00353302
0.00074684
0.0107585
6.60711e-005
0.000838742
0.00749811
0.0186838
0.000455405
0.00588369
0.0031434
0.0492127
0.00115853
6.01736e-005
0.00238631
0.0173601
0.000622911
0.001185
0.000658105
0.000412169
0.0294617
0.0293893
0.0021391
0.00705166
0.010271
0.0127598
0.000653531
0.00929866
0.000327041
0.00879837
6.64216e-005
0.0733814
0.0172111
0.000135485
0.000330367
0.0099144
0.000847247
0.000214216
0.0254762
0.000108541
0.000528562
0.00516195
0.0824471
0.000110421
2.55714e-006
0
0.0353296
0.000449092
0.00868688
0.0409986
2.42589e-005
0.000613931
0
9.63181e-005
0.00212881
0.00769211
0.000397016
0.00821736
0.000333505
0.0351002
0.00780157
0.0528753
0.0183501
0.00113685
0.027364
0.000136934
0.00197835
0.0256919
0.00581495
0.000831267
0.0123647
0.0544211
0.000280009
0.0035456
0.000182699
0.00140315
0.00362124
0.00740554
0.0179209
0.00233018
0.000329808
0.0132651
0.0294305
0.00328857
7.68854e-005
0.000470333
0.000318782
0.0405701
0.00102384
0.00106543
0.000273436
0.00159117
0.0150866
0.00999846
0.00806851
0.000610297
0.000283335
0.000261263
0.0280629
0.0155657
0.000425726
0.000380101
0.00487799
0.00165527
0.00425855
0.000587709
0.0275069
0.0364853
0.0128298
0
0.0165688
0.000684736
0.00640126
0
0.00245024
0.00143381
0.00109114
0.0686228
0.0583619
0.0172337
0.000755849
0.00203006
0.00237544
0.00422071
0.0324787
0.00149745
0.00361
5.86256e-005
7.71493e-005
3.08594e-005
0.0183657
1.54585e-005
0.000413104
0.000111932
1.30541e-005
0.000672961
0.0203971
0.00234171
2.57416e-005
0.0406936
0.00120214
0.000957836
0.000175077
0.00338857
0.0254935
6.25681e-007
0.000198389
0
0.010648
0.00204648
0.000653907
0.00104508
0.0204829
0.00301646
4.23106e-005
0.000637904
0.00127004
0.000354296
0.000362224
0.001183
0.00532766
0.000714989
0.00076722
0.0276674
0.0101654
0.000104034
0.0166153
0.00295789
0.000237171
0.00909678
0.00055235
0.00189699
0.000846064
0.0293417
0.00193981
0.00087129
0.0160143
0.00051464
0.0417355
0.0474208
0.000272022
7.29743e-005
0.000107131
0.0021609
0.000683347
0.000208818
0.00103205
0.00389734
0.000488326
0.00198452
0.00425164
0.00283295
0.0118647
0.00946912
0.000226808
0.00101156
0.0288214
0.000382512
0.000317522
0.016867
0.000844307
0.00100685
0.000273701
0.0116118
0
0.000415413
0.11901
0.00264875
7.49779e-009
0.00207259
0.0106432
0
0.00869056
0.00925669
0.00100601
0.00133461
6.43647e-005
0.00350879
0.057907
0.000713387
0.000547098
9.28357e-005
0.000165105
0.00059141
0.00541204
0.00512222
0.000655786
0.000620849
0.0064624
0.00148708
0.00260314
0.0130086
0.000231611
0.00591238
4.8918e-005
0.020697
0.00618056
1.31602e-006
7.43868e-005
-7.57545e-009
0.00200277
0.00233707
0.0100171
0.000397734
0.0280755
0.000902586
0.0247945
3.65856e-005
0.000376065
0.0055058
0.00708661
6.7617e-005
0.00044014
0
0.0109623
0.00249178
0.00649482
0.000949252
0.00219659
0.0251926
0.00120573
0.00440111
0.000189936
0.0104792
0.0179101
0.0028082
0.0237844
0.00134946
0.000295448
0.000572726
0.00925733
0.000592937
0.00256118
0.0163089
0.00841099
0.000759844
0.0534895
0.0662354
0.00359679
0.000268155
0.000416626
0.000258048
0.117067
0.000786288
0.0322366
0.0084887
0
6.67871e-009
0.000418264
0
0.00664678
0.00561092
0
0.0535484
0.00373578
0.000247445
0.00319021
0.000246541
0.000658213
0.0360409
0.0108104
0.000548164
0.000135598
0.00476063
0.00772555
0.00285055
0.00051952
0.00181851
0.00168931
8.19357e-005
0.00700066
0.0014989
0.000245249
0.00108006
0.00164206
0.000782581
0.000156599
0.0110755
0.0152775
0.0366645
0.000237159
0.000494074
0.00010754
0.0058021
0.0235734
0.00956816
0.00287318
0.0110472
1.67023e-005
0.000286788
0.00160793
4.15505e-005
2.8029e-005
8.78147e-005
0.000668611
0.000374253
0.000403089
4.78104e-005
0.00154316
0.000580972
0.00939083
0.000391567
0.00310501
0.0182071
0.000391284
0.000679142
1.06679e-009
0.000738419
0.0556649
0.000953663
0.000534612
0.0211344
0.0194178
0.0100914
0.000225037
0.00222463
0.00726896
0.00109717
0.000246862
0.0106486
0.000160246
0.000297271
0.00201179
0.0111852
0.00162215
0.0150125
0.00162177
0.00380734
0.00305995
0.00020823
0.000541359
0.000207253
0.0010609
0.00093535
1.37339e-008
0.000513264
0.000370367
0.00107806
0.00194789
0.00746454
0.000524409
0.000653119
0.000277812
0.00051303
0.00304851
0.000924511
0.00056236
0.000104271
0.000643039
7.72095e-005
-1.33263e-008
0.00296801
0.000276235
0.00256623
0.000135934
0.000961488
0.000794441
0.000801399
0.00577692
0.000116439
0.00185754
0.0138245
0
0.00445697
0.0494841
0.0160824
0.0080814
0.00484251
0.00488211
0.000144212
0.0010885
0.000760411
0.000150137
3.32944e-005
0.00534561
0.0134197
0.0213606
2.81449e-005
0.00969165
0.0429522
0.00457623
0.00115175
0.00158427
4.31237e-005
0.00197216
0.000386011
0.000276696
0.0011386
0.0045091
0.0555036
0.00172877
0.00197279
0.00128015
0.0114672
0.0204761
0.0026542
0.0423828
0.000849308
0.0156928
0.000873464
0.0171323
0.000127003
0.0111888
0.000333118
0.000303996
0.000422726
0.0024878
-4.78074e-011
0.153646
0.000352792
0.00202734
0.000210648
1.2946e-005
0.035873
0.000829374
0.0578249
0.0105376
0.00419243
1.16381e-007
0.00706441
0.00227072
0.0168001
0.000158769
0.00189743
0.00501429
0.0015818
0.00959943
0.00136838
0
0.000116274
0.00586208
0.000619611
0.000689935
0.000958919
0
0.00203817
0
0.00203962
0.000612052
0.000168099
0.000202115
0.000660197
0.0174784
0.00240217
0.00509836
0.00121493
0.00696364
0.00069151
8.20358e-006
0.000128767
0.00125973
0.0208561
0.00210576
0.00078826
0.00220345
0.000288199
0.0295652
0.00451656
0.00856128
1.28311e-005
0.000220921
0.0201357
0.00201275
0.000842583
4.89813e-010
0.00550018
0.00238338
0.000750771
0.000174896
0.0014784
0.00216241
0.000765002
3.07842e-005
0.00248644
0.00218936
0.000949981
0.0149381
0.00748686
0.000336412
0.00160654
0.00229261
0.00320506
0.00321413
0.0011446
0.000106986
0.000379383
0.000915391
0.00504842
0.0261123
0
0.0209901
0.000509872
0.0031171
0.00525744
0.00338488
0.00249105
0
0.000623068
0.000545217
0.000238662
0.000454485
0.000425491
0.00092857
0.000577795
0.00611997
0
0.0226146
0.000945428
0.000295431
0.000332066
8.91488e-005
0.00150903
0.00242197
0.00224955
0.00037312
0.0357963
0.000901107
0.00023358
0.00564817
7.78582e-005
0.00210869
0.00097216
0.0165359
5.09924e-005
0.00430969
1.459e-005
0.000568745
0
2.41665e-006
0.000102308
0.0354122
0.02841
0.00287341
0.0320981
0.0325711
7.83163e-006
0.000675468
0.00103177
0.0104465
0.000534481
0.000139442
0.00212335
0.000179029
0.0083867
0.0109448
0.0219337
0.0230996
0.0300198
0.0117227
5.27761e-009
0.0021685
0.000664089
0.000113734
0.00131743
0.0154347
0.00259555
0.00327417
0.000614024
0.0324005
0.0413329
0.00348117
0.0149262
0.0463674
0.0512992
0.000968176
0.00327033
0.0081798
0.0509511
0.000780277
0.00345759
0.0141039
0.000120724
0.000469657
0.000542446
0.0001434
0.0136789
0.00591218
0.00492106
0.051957
0.000927748
0.00841376
0.000629862
0.00146919
0.000614575
0.000232232
0.00223136
0.000454851
0.0125985
0.0310919
0.00840351
0.00448382
0.000336029
0.00547217
0.00110474
2.30837e-006
0.000148278
0.00122285
0.0841499
0.0632183
0.00101079
0.000487265
0.0352393
0.00709416
5.61451e-010
0.00075995
0.0136877
0.0112345
0.00206742
0
4.65081e-007
7.3093e-005
0.00186407
0.000251445
0.000839289
0.0424711
0.0137288
0.0204612
0.00346964
0.000615822
-8.83874e-009
0.000562152
0.01193
0.00703442
0.000385594
0.000336273
0.0257744
0.000113479
0
0.00190207
0.011367
1.04195e-006
0.00160315
0.0153035
0.000483021
0.00255058
0.000110656
0.000121629
0.000561639
0.00123153
0.000178091
3.43982e-005
0.0384154
0.0527275
0.000376476
0.00334783
0.000525595
0.00762643
0.00474821
0.000107968
0.0135136
0.00621897
0.000744392
0.00537807
0.0138401
0
0.00423666
0.00671559
0.000166388
0.000523077
0.00183491
0.00218523
0.0222235
0.00109753
0.000220514
0.000537768
0.000250078
0.000684776
0.000785549
0.0012572
0.00120672
0.00124791
0.0105137
0.00050875
0.000634577
0.00304298
0.00160211
0.000551979
0.00198161
4.39303e-008
0.00058571
0.0109225
0
0.000100834
0.0009851
0.00300252
0.00079331
3.42172e-006
2.21218e-005
0.00187152
4.339e-006
2.58929e-005
0.001732
0.00279722
0.000191889
0.00116474
0.00132606
0.00116142
0.00306904
0.00389139
0.000261378
0.000945943
0.00120631
0.0022914
0.00016782
0.0010122
0.00837966
0.0110224
0.00232045
0.0156072
0.001587
0.0054256
0.000648417
0.000479157
0.00149447
1.4894e-005
0.000212922
0.00154713
0.00793136
0.029995
0.0273114
0.0338597
0.0503089
0.000333117
0.000266009
0.000871519
0
0.00377772
0.0178467
0.00148893
0.000774711
0.0354475
0.0254029
0.00675983
4.36625e-005
0.00151839
0.000207549
0.00104179
0.000473155
0.00109053
0.00863389
0.0632967
0.0027009
8.38309e-005
3.24971e-006
2.16723e-006
0.0332976
0.0135069
0.00808349
0.000207664
0.00133217
0.000255301
0.000724005
0.000174139
0.00148484
0.0318016
0.00721795
0.00689472
0.00274333
0.000637953
0.000531615
0.00430808
0.000821509
0
0.00318975
-5.29528e-009
0.0188989
0.012096
0.00314338
0.0244867
7.76901e-005
0.000326986
0.000353382
0.0132819
0.00987545
6.19657e-005
0.0157209
4.41422e-005
0.00436597
0.000209019
0.00467626
0.000128072
0.000245234
0.0139799
0.00356361
0.000149371
0.005269
0.0139879
0.0110893
0.00605307
0.0026849
0.0133298
0.0102855
0.00123023
0.00121009
0.00093535
0.000935019
0.000878312
2.76733e-005
-5.90263e-009
0.00504404
0.000533863
7.84988e-005
0.00205147
0.000244951
0.0250815
0.00140606
0.00169876
-2.09899e-011
0.000539688
1.64115e-011
0.0413728
0.0217601
0.00058353
0.000449882
0.0124508
0.0166411
0.000233916
1.252e-010
0.015875
0.00067318
0.00084856
0.0025001
0.000640008
0
0.000387853
0.00430582
0.000829899
0.000821575
0.000147796
0.000207807
0.00128602
0.00146701
0.000107917
0.000126915
0.00428988
0.000171545
0.00176253
0.00740641
0.000380654
0.000158566
0.000135342
0
0.000343332
0.00295889
7.04144e-005
0.000139771
0.000396499
5.8857e-005
4.23946e-006
0.00105663
0.00102362
0.0891512
0.000943242
0.000346257
0.00538387
0.000336406
0.00219916
0.000304515
0.000379058
0.000159426
0.00125921
0.000901633
0
0.00339358
0.00045355
0.000113642
0.000328792
0.000549115
7.41629e-006
0.000402589
0.032741
0.00034045
0.0219909
0.0471848
0.00286481
0.00230518
0.00138882
0.000116645
0.00812422
5.54675e-005
0.00121079
0.00246588
0.0198144
0.00914873
0.000682134
0.0109666
0.000865043
0.0204067
0.0595761
0.0576101
0.00112274
0.00107425
0.000996385
0.00086287
0.00136236
0.00110943
0.000271312
9.94693e-006
0.00887304
0.000172777
0.000168868
0
0.00216303
0.000470036
-8.74741e-009
0.000381748
0.0211559
0.00543959
0.00685484
7.82025e-006
3.02381e-020
0.012519
0
0.02181
0.000129394
0.000172493
0.00106068
0.0028704
0.061089
0.00109376
1.13407e-005
0.00154486
0.0013456
0.00965645
0.0187686
0.00729829
0.0270906
0.00100034
0.000634673
0
0.0023229
0.000139028
0.00167679
0.000331215
0.00201332
0.000383159
0.000794834
0.00602006
0.00183991
0.000226144
0.000155626
0.0314504
1.519e-005
0.01855
0
0.000517098
0.000193437
0.00303586
0.00252433
2.0863e-005
0.000127986
9.08281e-005
0.00497244
0.000472901
0.000665059
0.000741221
0.0234801
0.000921822
0.000100077
0.000937144
0.0045082
0.00526778
3.80485e-005
0.000608302
0.0131256
0.0187974
0.031601
0.000918613
3.02381e-020
2.29196e-005
0.000347141
0.0406835
0.000773513
0.000422255
0.0191889
0.00173235
0
0.0045391
0.0089397
4.30093e-005
0.00114003
0
0.00629768
0.00209388
0.0191734
0.000236012
0.000574484
0.000239412
0.00036127
0.00576491
0.0104685
0.00949011
0.00178363
5.52854e-005
0.00298208
0.00932575
0.00183827
3.82313e-010
8.50347e-005
0.0012665
0.00587549
0.000106474
0.00340478
0.00491877
0.000700196
0.0666275
0.000512403
0.00271907
0.0120977
0.0530829
0.000130391
1.90591e-005
0.0339411
0.000153298
0.000856739
0.000164348
0.000658743
0.000805934
0.00778161
0.00018494
0.000238454
0.000376264
0.00198143
0.000261777
0.000458478
0.00226356
0.00264039
0.000375458
0.00145443
0.00143253
0.000180348
0.000345198
0.0127803
0.00416204
0.0108164
8.42111e-005
0.008316
3.7951e-005
0.0134889
0.0221896
0
0.000361534
2.42235e-005
0.0117527
0.000823474
0.000123262
0
0.0272721
0.00188732
1.52395e-007
0.000229793
0.00127846
0.000138759
0
0.000257071
0.00177553
0.00103759
0.0120687
0.00529666
0.000350997
0.000559199
0.000708447
0.00100995
0.00160959
0.0222449
0.0317955
0
0.0259729
0.0516779
4.27882e-006
0.00044723
0.00472366
0.000343539
0.00094503
0.0414358
0.000619776
0.000175864
0.000477247
0.00106882
0.00362753
0.0198481
0.0053832
0.000348998
0
0.00300252
0.000480481
6.40689e-005
0.000375375
0.00511531
0.000680656
0.00271028
3.3976e-005
0.000636899
0.00055075
0.0219644
0.012187
0.00303444
2.44227e-007
0.017272
0.000712866
0.0027538
0.000143722
0
0.00730765
0.00212019
0.00198586
0.0046566
0.000154807
0.00566961
9.90786e-005
0.00675166
0.00678685
0.000325807
0.00345089
0.0103947
0
0
0.0205159
0.000366123
2.1766e-005
0.00273847
0.00542292
0.000651323
0.0151913
0.00136528
2.43317e-005
0.000588863
0.00419008
0.000213008
0.000189263
0.0129303
0
0.0290598
0
0.00112968
0.00869435
0.000541831
0.000985097
0.0602351
0.00140886
0.0223659
0.000188479
0.00537935
0.000176646
0.00630045
0.00116872
0.00290072
0.00159361
0.00015529
0.00345791
0.00133433
0.000298083
2.44344e-007
0.00222987
0.00163158
0.000562569
0.00175742
0.0238565
0.0204171
0.000166588
0.0315855
0.000349637
7.26521e-007
0.00345431
3.08079e-005
0.0103387
3.40013e-006
0.000275231
0.00135575
4.38951e-005
0.000445695
0.0023638
0.00316795
0.0193648
0.00667746
0.000363011
0.00192839
0.00121664
0.000385364
0.000201724
0.000127647
0.023892
0
0.0275262
0.000133971
0.0034011
0.00943644
0.00162036
0.0566924
0.0632425
0.0368936
0.00102898
0.00184466
0.0039451
0.000620856
0.0101262
0.0452269
0.0024397
0.000939869
0.000441719
0.00590249
0.000537397
0.000796277
0.0318463
0.0112014
0.00275603
0.0015619
0.00208271
0.0299291
0.00509573
0.00534476
0.00113865
0.0366695
0.0330097
0.00128744
0.00131206
0.00645832
0.000279149
0.000227261
0.000819573
0.0450613
0.00507478
0.00118264
5.56769e-005
0.001359
0.000424621
0.000329168
0.000544603
0.00302048
0.000210737
0
0.00319243
0.000350979
0.000374596
0.000129244
0.000314814
0.163876
0.000588454
0.0060759
0.000297897
0.00056513
0.000568866
0.000106465
0.000156496
0.0134337
0.000467123
0.000803314
0.0116855
0.00564008
0.000502379
0.000354545
0.000611808
0.000420184
0.000429829
0.0393673
0.0198675
0.000684532
3.16811e-005
8.44666e-005
0
0.032437
0.000551721
0.00184678
0.00140013
0.0139154
0.000300907
0.00133413
1.52869e-006
0.00578162
0.00011882
0.00233782
0.0440943
0.000477274
0.00124266
0.000442772
0.00167368
0.00987287
0.0178167
0.00469615
0.00149605
0.000627749
0.000726073
2.47154e-005
0.00303532
0
0.00954034
0.000128629
0
0.0199115
0
5.23341e-005
0.000876783
0.00680245
0.000431511
0.000523282
7.47392e-005
0.00059443
0.000143123
0.0121333
0.00043548
0.00123036
0.00269618
6.40253e-005
0.00328137
0.000385332
0.00026122
0.000142576
0.00127734
0.000668794
0.000949091
0.0162938
0.000739361
8.75788e-005
0.0535976
0.00765849
0.00170105
0.0064591
0.000358533
0.0151705
0.000300704
0
0.0135486
4.2518e-005
0.0484908
0.00129624
0.00054809
0.0264531
0.00361567
1.08945e-006
3.94913e-005
0.00278674
0.0133433
0
0
0.000114391
0.00084972
8.06919e-006
0.000283747
3.08097e-005
0.000660204
0.000904106
0.00028008
0.000244305
0.00105431
0.0314499
0.000898852
0.000542853
0.0277652
0.00018753
0.0378975
0.00232417
1.95766e-005
0.00137528
7.86303e-005
0.0014204
0.000920398
0.00395057
0.00273648
0.00703074
0.00175327
0.00168163
0.00254087
0.00643948
0.0812981
0.000274951
0.000115052
0.0104654
0
0.000121216
0.127245
3.73594e-005
0.00159561
0.00402274
0.00105571
0.0054652
0
0.00129912
0.0357596
0.000592385
0.000136535
0.000212571
0.00210444
0.00703349
0.000532853
0.00848915
0.0165598
0.015006
0.00341353
0.0024875
0.0593042
0.00205282
0.0160314
0.0123867
6.19025e-005
0.000871728
2.53985e-005
0.00170685
0.00046988
0.0267173
0.00805649
0.0115827
0.000526137
0.0328631
0.0142007
0.00064679
0.000167501
0.00260144
0.0192969
0.00981464
0.00151422
0.0623707
0.000691064
0.00088173
0.000312707
0.000205245
0.00963803
0.00747957
0.00694043
0.00997038
0.000844646
0.00113609
3.17943e-005
0.000522279
0.00212699
0.000564825
0.011475
0.0146042
0.00298134
0.00102236
0.000121962
0.000422251
0.0311189
0.000795813
0.000117178
0.000482275
0.00543743
0.00298125
0.000446999
0.0198747
0.000523667
2.60571e-005
0.00711063
0
0.00309937
9.01962e-005
0.000179506
7.70911e-005
0.000847934
0.0113166
0.000242437
0.000216322
0.000485742
0.000482048
0.0653717
0.0469629
0.000261399
0.00865372
0.0087812
0.0204502
0.0568156
0.000585233
9.17277e-006
0.00837394
0.00518569
3.44449e-005
0.00109595
0.00136299
2.43927e-005
0.000131201
0.106467
0.0114889
0.00229229
0.0208945
2.8571e-005
0.000846131
0
0.000870746
0.0015283
0
0.000998152
0.0259078
0.0215667
0.00107838
0.00612119
9.3164e-006
0.000159497
3.16811e-005
0.000104693
0.000115348
0.000799469
0.000789326
0.00111519
0.0502833
0.00434686
0.00337276
6.9623e-005
0.000327387
2.48036e-005
0.0129113
0.00126377
9.12343e-005
0.00680228
1.96848e-006
0.000596271
8.81308e-005
0.0324548
0.00710393
0.0104684
0.000312015
0.0061293
0.000229473
0.00279693
0.00187178
0.00187398
0.00361
0.00199888
2.51452e-005
0.000238132
0.000736751
0.0537157
0.000356853
0.0092943
0.0117026
0.00121847
0.00308027
6.08316e-005
4.03457e-005
0.000285664
0.000153799
0.000219678
0.0019159
0.0226485
4.89387e-005
0.00411717
0.00035948
0.000189345
0.00132223
0.00181522
3.77477e-005
0.00262717
0.017519
0.000146212
0.00190726
0.00094922
0.00111701
0.0060308
0.00375488
0.000663047
0.01411
0
1.19897e-006
0.00116919
0.00452893
0
0.000389128
0.00293266
0.00279213
0.000203512
0.00544402
0.00652134
0.00928225
-1.13021e-008
0.000297961
0.00170136
0.00210306
7.76067e-005
0.000299261
0.00226158
0.00213683
0.00458941
0.000660185
0.000729283
0.000263386
0.000170835
0.00164901
0.0148608
0.000298405
0.00021197
0.00415392
1.88482e-005
0.00035769
0
0.000152553
0.00384332
6.32793e-005
0.000753939
0.000506506
0.00308424
0
0.0198549
0.0725718
0.000300003
0.000186868
0.0066729
0.00178616
0.00660171
0.000968787
0.00039813
0.000571544
0.00011318
0.00626992
1.0969e-005
0
5.8811e-005
0.00174223
0.000589542
0.00381268
0.0090129
0.00895555
0.000654913
0.0132061
6.55848e-005
0.00556145
0
0.000399309
9.76949e-005
0.00158686
0.00127846
0.000430158
0.0001694
0
0.00608681
0.00712374
0.00416328
0.00164427
0.00130617
0.000640688
0.0350793
0.00201369
0.0184675
0.0113401
0.00579412
0.000561526
0.0057214
0.000892638
1.31308e-011
0.0461723
0.000674706
0.0362766
0.000700559
0.0103706
7.58365e-005
0.0143545
0.00247947
0.0374793
0.000485817
0.00110451
0
0.000110301
6.5721e-005
0.0410546
0.000249546
9.34903e-006
0.00060091
0.000318955
1.15976e-005
0.00441354
0.00615524
0.000364573
0.0135149
0.0451973
0.0904399
0
0.00231096
0.0189138
0.00583693
0.00410729
0.0902294
0.0310798
0.00139907
0.0197351
0.000146583
0.00328906
2.88891e-006
0.0247498
0
0.001394
6.15706e-005
0
4.05755e-006
0.00302476
0.000465555
0.00282511
0.000314701
0.00080945
0.000400828
0.00393941
0.000465545
0.00027187
0.000172736
0.00480132
0.0275305
0.00727088
0
0.0256612
0.00156143
3.53533e-005
0.00250488
0.00205071
0.00451424
0.00865935
0.000901858
0.000525505
-4.88927e-009
0.0017892
0.00446709
0.000170419
0.00314734
0.000601915
0.00047888
0.000403407
0.0050711
0.00198533
0.00155447
0.00652261
0.00112154
0.00167308
0.00167541
0.00251467
0.025914
4.61022e-005
0.000327086
0.000828815
0.000844728
0.0122391
0.000827549
0.00166248
0.000730776
0.000309297
0.00528822
0.000226643
0.00037357
9.82673e-005
0.00289179
0.0257196
0.000184837
0.00135046
0.000278789
0.000262644
0.000867398
0.000591398
0.00258174
0.00129902
3.36091e-005
0.000702996
0.000200809
0.000145706
0.00437397
0.0122667
0.00490341
0.000310992
1.75139e-005
0.00341576
0.00276809
0.000241955
0.000450343
0.000535544
0.000384514
0.0870491
0.000509524
0.000134453
0.0011903
0.00633413
0.0105998
0.000457999
0.000327578
3.41287e-006
3.32263e-005
0.0021983
0.0029799
0.00368254
0
0.000452136
0
0.00199426
0.00172715
0.0232657
0.0310938
0.00381771
0.0135372
0.000288509
0.0162721
0.00331596
0.00726652
0.00547495
0.000395056
0.000222208
0.00371724
0.00167203
0.00162876
0.000996514
0.0098627
0.00703184
0.000337511
0.00344611
0.00780651
0.000126822
0.000778621
0.00312164
8.7935e-005
0.00669566
0.00143248
0.00707083
0.00483947
0.00533622
0.000514824
0.00138397
0.00176464
0.0172655
0.00093825
0.000402484
0
0.0153947
5.79358e-005
0.000525962
0.00486226
8.76074e-005
0.000158367
0.000529681
0.00187667
0.00583246
0.00348539
0.000326136
0.000818344
0.000319923
0
3.14341e-006
0.00438238
2.27222e-005
0.00157578
0
0.00245481
0.000101991
0.000218017
3.26987e-005
0.00105456
0.0116191
0.000859769
0.0036479
0.000393259
0.000554748
0.0135688
0.0140217
0.00465132
0.00519809
0.0147887
0.00957785
0.00657308
0.0085593
0.00101997
4.40088e-005
0.000819198
0.009938
8.76254e-005
0.000577723
0.000610157
0.00196844
0.0132596
0.00153076
0.000206391
0.000493898
0.000209573
0
3.54336e-008
0.00273009
0.000630224
0.00052545
0.000822872
0.000524642
0.000189263
-4.51886e-009
0.000653879
0.000161011
1.15164e-005
0.000454572
7.26514e-007
0.000669294
0.0495776
0.0307344
0.00282728
0
0
0.000533191
0
0.000156823
0.00131766
0.00131866
0.00264577
0.0202447
0.00176017
1.18513e-009
0.00773652
0.000160567
4.09402e-005
0.0102488
0.00106292
0.00885984
0.0125057
0.00476394
0
0
2.33075e-005
0.00204025
0.00288919
0.0119904
0.0165812
0.00197829
0.0106573
0.0183787
0.0341977
0.0174458
0.000227456
0.000395995
0.018147
0.000233082
0.0343984
2.88891e-006
0.000623075
0.0037446
1.95154e-005
0.00592659
0.0170376
1.93215e-005
0.000432017
0.000835368
0
0.0160709
0.00498787
0.000479564
0.00131389
0.000485287
9.44416e-005
0.00178449
8.72641e-005
0.000261684
0.00408981
0.0107519
0.00121654
0.0143032
0.0105314
0.00122976
1.44178e-005
0.00013031
0.00494573
0.00709663
0.0020972
0.00136564
0
-5.65801e-009
0.000883762
0.00578669
0.00315021
0.0297137
0.00406787
0.0163395
0.000120012
0.00114405
0.119231
0
0.0125444
0.00171054
1.22375e-005
0.000549099
0.031766
0.000634217
0.000160669
9.43354e-005
0.000964536
0.0142882
0.0722804
0.00280375
0.0235179
0.00245602
0.0197463
0.000580924
9.19169e-006
0.000187191
0.0546461
0.00129197
8.93262e-005
6.1571e-005
0.000568067
0.000214307
0.00235996
0.000927074
0.00951745
0.00326494
0.00482616
0
0.0128701
0.000767848
0.000365635
4.55244e-006
0.000238482
0.000115394
0.000490724
1.77344e-007
0.00241745
0.00311515
0.00156655
0
0.00198685
0.00846833
0.00608944
0.00116793
0.00409536
4.1131e-005
0.000135375
0.000431692
0.00890385
0.000242459
1.81584e-006
7.96438e-005
0.000256092
0.000335744
3.88928e-005
0.00427094
0.00530437
0.0111962
0.000658064
0.00297531
0.000466398
0
5.19966e-006
3.05392e-005
0.00169265
0.000361599
0.00381749
0.00063327
0.000445774
0.000153184
1.615e-005
0.0182933
0.00166719
0.000359179
0.000234102
0
0.0270014
0.00336548
0.00207788
0.00102564
0.000980565
6.92497e-005
0
0.00455566
0.00255853
0.000988905
7.79798e-009
0.00658737
0.000199861
0.00544192
0.0121755
0.000914465
0.000111491
0.00728194
0
0.00145532
0.0441944
9.92579e-005
0.000208641
0.0020703
0.0192003
0
0.00667436
0.000936097
0.000775317
0.000869735
0.000127817
4.85912e-005
4.43202e-005
0.000589038
8.30533e-005
0.000109108
0.00103845
0.000140735
0.000873267
0.000408342
0.00101075
1.11212e-007
5.73486e-005
0.000407169
0.000145692
0.00280687
4.08482e-005
3.3951e-005
0.000480069
0.000112093
1.61394e-005
0.00398524
0.00767889
0.00262865
1.52868e-006
0.00179183
0.00154859
0
0.00869152
0.0015802
0.000735522
0.00188129
6.19134e-005
0.00148884
3.26694e-005
0.000525617
0.00144813
2.97857e-005
0.0333536
0.00138267
0.00120214
0.00143621
0.00110738
0.0020409
0.0311964
0.0065269
0.0205037
0.00093461
0.000553894
0.000232587
0.00515481
0.00838929
0.000124909
0.0110035
0.0159634
0.0130707
3.34321e-005
0.00029929
0.0308043
1.93884e-005
0.000868531
0.0108916
0.054962
0.017188
0.00152431
0.000624842
0.000330848
0.0148921
-3.16949e-009
0.000412961
0.000201833
0.00962136
0.000589115
0.00254562
0.000488923
0
0.00126316
0.0115782
0.00031851
0.00258839
0.000748383
0.0516247
0.000734434
0.0125185
0.0385695
0.00110193
0.0118408
0.000703812
0.00156589
0.000640465
0.00420135
6.66258e-005
0.00163879
0.00154449
0.00120033
2.38508e-005
0.00348893
1.00135e-009
0.00227581
0.000213809
0.000207791
0.0369795
0.0017716
1.94246e-009
3.99076e-005
1.57791e-005
0.000219513
0.00111511
0.000290036
0.000232374
0.0139454
0.00166391
0.00343722
0.00158443
9.98604e-005
0.000346001
0.00461632
0.00262983
0.00124306
0.0117025
0.00310356
0.0021017
0.00281683
0.000244137
0.00947682
0.000791867
0.00154899
0.000575599
0.000258682
0.010933
0.0057684
0.00291321
0.00193871
0.000722574
0.00260821
0.00117145
6.54946e-005
0.000811319
0.000161799
0.000260158
6.99899e-005
0.000319411
0.00821396
0.0172296
0.000860825
0.000436776
0.00221812
0.00352256
0.00295321
0.000144702
0.000131475
0
0.00534925
0.00148763
0.000653369
0.0207958
0.0205193
0.00213584
0.000600268
0.00678344
0.00328343
0.000210531
0.00176853
0.0284219
0.0118621
0.000627215
8.87502e-005
0.000436519
0.000403683
0.000604963
0.00123248
0.00090493
0.0218542
1.47198e-005
0.000804934
0.0298775
0.00432605
0.00213628
0.00968564
0.0152914
0.00217955
0.000279486
0.00169233
0.0632298
0.00199827
0.0147866
0.000641977
9.85096e-005
3.3189e-005
0.00603072
0.00054173
0.00148358
0.000348888
0.000134481
0.0123228
0.000483282
1.27918e-005
0.0025671
0.000726602
0.000212236
0.000380609
0.00571602
0.0110147
0.00525793
0.013989
0.00714606
0.00414747
0.00273347
0.00448482
0.000274772
0.000814942
0.000179229
0.00297631
0.00811027
0.00493412
2.5801e-005
0.00086585
4.39487e-005
0.00528042
0.0478303
0.0398042
0.00392036
0.000188787
0.00567316
0.000324343
0.0131722
1.30894e-010
0.00102557
0.00121117
0.0427644
6.73169e-005
0.00524833
0.0074469
0.000529307
0.0238445
0.0168462
0.0135811
0.000205116
0.000266068
0.0129929
0.00042447
5.2478e-005
0.000835623
0
0.0203465
0.000618556
0.0377448
8.10166e-005
0.000508428
0.0024264
0.000277855
0.000136922
0
0.000109808
0.00147951
0.00155585
-6.37574e-009
0.013369
2.58158e-005
0.00248047
0.00202439
0.00243143
1.00423e-005
0.00234591
0.00207181
0.000189878
2.94686e-005
1.26313e-005
0.000465711
0.0932285
0.00826384
8.82576e-005
0.00844076
0.00785268
0.000321661
0.000133838
0.00336085
0.000246823
0.00143994
0.0287201
0.00346751
0.00408745
0.00593586
-7.38028e-009
0.000825953
0
0.00269631
0.0121188
0.0262494
0.00916575
0.0291722
0.0467401
0.000351211
0.000346899
5.84522e-005
0.0156804
0.000465404
0.000833002
0.000281601
0.0225791
0.0138446
0.000187563
0
0.000841289
0.000215007
0.00094524
1.4622e-008
0.000577224
0.0879684
0.00744778
0.0303791
0.000143617
0.000720475
0.000424865
0.000205446
0.000961969
0.000715471
4.48913e-005
0.000501061
0.00997835
0.000214788
0.00224974
0.00515623
0.000539703
0.00155258
0
0.00690144
0.00102899
0.000270453
0.000589601
0.00346168
0.0237109
7.78872e-005
0.000594731
0.00768279
0.000244944
0
0.0547132
0.000565886
0.000190071
0.00498541
0.000184807
0.0109373
0.0100649
0.0049823
0.0114727
0.0404751
0.00593158
0.000653297
0.00697342
0.00015702
3.05058e-005
6.90082e-005
0.000174028
0
0
0.00364855
0.000443082
0.000551123
0.000420121
0.000484239
0.000454252
0.0313866
0.00705745
0.000941902
3.9085e-008
0.000318677
1.50392e-005
0.000342008
0.000741996
0.000411809
0.000255481
0.000725516
0.00147772
0.000117679
0.000291088
0.0140577
0.0510501
0.00338537
0.000816712
0.0036249
0.000147739
0
0.0294505
0.000638176
0.00167751
0.00177773
0.0257485
7.26348e-005
0.00369543
1.52246e-005
0.000116557
0.00012574
0.00310198
0.000731099
0.000240217
0.0283869
0.000507071
0
0.00848795
0.00321928
0.00111004
0.00388173
0.0113238
0.00041694
0.00346249
0.00355157
0.000766966
0.00416513
0.00285991
0.00131389
0.000567438
0.000234257
0.0263467
0.0503361
0.000109257
0.0043331
-1.3758e-009
0.00155456
0.0296836
0.00107234
0.0023087
0.0019128
0.00206078
0.000429403
0
0.000668637
0.000995318
0.000313882
0.000471272
0.000132559
0.000444243
1.56306e-005
1.76337e-010
0.000404701
5.30095e-006
1.92237e-005
0.000274649
0.00162031
0.000348283
0.0018609
0.0275792
0.000118188
-1.09448e-008
0.00528816
0.00301347
0.10248
0.000825238
0.00393683
0.000246144
0.000874966
0.0208989
0.00895448
0.00908758
1.32629e-005
2.76515e-005
0.000605633
0.00129195
0.00797642
0.0117917
9.79315e-005
0.105819
0.000168508
0.000607962
0.0634372
0.00374341
0.031886
0.00071311
0.00109044
0.00022161
0.00072827
0.00667541
0.00161153
0.000569321
0.000186659
0.0064254
0.0044226
0.0248402
0.00804678
0.0356336
0.0128168
0.0153264
0.000416557
0.000155799
0.0090642
0.000758963
0.0367901
0.00797487
0.0010094
0.00131139
0.000197726
9.94074e-008
0.0138887
0.00364252
0.000327113
0.00221428
0.000124129
0.000650081
0.000150231
0
0.000754839
0.0006913
0.000266717
0.000547079
0.0049357
0
0.000423775
9.79315e-005
0.000508981
9.71976e-005
0.0971822
0.00100278
0.000384672
0.00161431
0.0001014
0.00202371
0.00673809
0.000203176
0.000545865
0.0131253
0.0108571
0.00158413
0.00177314
0.00469853
6.62038e-005
0.0060656
0.000604685
6.4203e-005
0.0534226
0.0193981
0.00158019
0.00106911
0.000561433
0.00111419
0.00064572
0.049667
0.0108103
0.00409263
0
5.62615e-005
0.0325725
0.000661048
0.00108121
4.87049e-005
0.0205332
0.0030352
1.60062e-006
0.00127563
0.00126179
0.0019616
0.000149255
0.074921
0.00273256
0.000539547
0.00203778
0.000349148
0.00317556
0.018922
0.0104973
0.00148999
0.0010759
0.0554101
0.000918403
0.00587373
6.41296e-005
8.10186e-005
0.00404925
0.00018413
0.0128026
0.000108453
0.00111267
5.39664e-005
0.000110059
0.000120651
0.000352102
0.00103665
0.000487784
0.000959346
0.000822461
0.000127354
1.46187e-005
1.24717e-005
0.000261854
0.000158551
0.000664789
0.000274626
0.000361855
7.86945e-005
0.0156135
5.00413e-005
0.0187013
0.0248035
0.0089633
0
0.00261431
0.0771712
0.0121515
0.000706013
8.54484e-005
0.0175865
0.00213305
0.00140754
0.00586781
0.000593462
6.90044e-005
0.0292227
0.0050258
0.0015226
0.00922117
0.000489483
0.014103
0.00216543
0.00138672
0.00151941
0.000304488
0.000195431
0.00300957
3.72791e-005
0.0376039
0.000266903
0.0162243
0.0619222
0.0404883
0.0715448
0.00752308
0.012749
0.0509679
0.000886196
0.00886863
0.000361001
0.056302
0.0558975
0.00686056
0.00142774
8.211e-005
0.0112647
0.000332262
0.000396303
0.000838469
0.000481052
4.71074e-005
5.61551e-005
0.000524364
0.00306883
0.000532137
0.00299845
0.000575693
0.0393967
0.0142804
0.000189182
0.000152162
0
0.0001557
1.30083e-005
0.000876784
0.00243511
0.000570851
0.00083866
0.0123125
0.00100788
0.000903207
0.000820141
0.00339894
0.00320955
0.00979157
0.000804831
0.000267977
0.00119465
0.000364607
0.000215973
0.0013466
0.0249164
0.000129717
0.0010064
0.000532178
0.000479124
0.000421662
0.000659109
0.0303693
0.00419454
0.000619892
0.00105518
0.00263955
0.0191453
0.0177216
0.00144491
0.00518868
0.000126668
0.00231437
0.0128216
0.0217224
0.000237254
0.000194511
0.000414369
0.00433945
0.0217842
0.0332895
0.0110073
-8.38761e-010
0.0301743
0.00993774
0.00576924
0.0516127
0.0438264
0.000953135
0.0128548
0.00158699
0.000590861
0.00113658
0.00078842
0.0148213
0.000635364
0.000832708
0.000383234
0.00978499
0.000659849
0
1.77539e-005
1.07507e-005
0.0195712
0.00715531
0
0.0014163
0.058251
0.00115313
6.80514e-005
0
0.00970358
0.000592691
0.00015908
0.00615775
0.00054151
0.00145694
7.51584e-006
0.00304498
0.00032564
0.00080256
0.0154918
0.0111687
0.000415738
0.0101579
0.00202761
0.0106553
0.000874856
0.00138846
0.000184893
0.00208479
0.000478291
0.00149824
0.000221886
0.00199559
0.0148665
0.0181615
0.00469855
0.00380179
0.00084611
0.000152681
0.000451777
0.00654303
0.0065432
0.000129717
1.21666e-005
0.0285334
0.00669992
0.00152974
0.000842129
0.000698595
0.000450878
0.000610687
0.00189164
0.0174842
0.0334946
7.43724e-008
0.00201357
0.0849377
0.00995074
9.73888e-006
0.00303871
0.0378023
0.000967563
0.000307721
0.0068106
0.0028374
0.0213615
0.00514176
0.00101836
8.25961e-005
0.000202385
0.00151263
0.000406445
3.60339e-005
0.000125281
0.0142453
0.000198962
0.0207605
0.00711251
0.00203143
0.00215089
1.24176e-005
5.90046e-005
0.00185316
0.00267583
0.00532384
0.000558527
0.000865097
6.3885e-005
0.000158594
0
0.00865619
0.00011076
0.000637963
0.00340195
0.000731869
0.000620933
0.000776535
0.0109316
0.000874389
0.00354769
0.107589
0.000278106
0.00236891
0
0.000831763
0.000308576
0.000315126
0.0011708
0.12553
6.24059e-005
0.00208415
0.00166913
0.00220101
1.00135e-009
0.000394469
0.000147184
0.000449752
0.000396747
0.000221822
0.00622694
0.00100478
0.0158858
0
5.04577e-005
0.000186092
0.000342333
7.9212e-005
0.000193434
0.00773836
0.000674315
0.00537668
0.000899751
0.00170404
0.020202
0.0447053
0.0032982
0.00274536
0.00714098
0.00584636
0.00161867
0.0027174
0.0105725
0.00696714
7.05599e-006
0.000119745
0.000582395
3.89176e-005
0.000930693
0.0042149
9.29779e-005
0.0114409
0
0.000760188
5.7773e-005
0.0501549
0.000157459
5.83052e-005
0.0094859
0.0150639
0.0211052
0.00274204
0.000493028
0.000114463
0.0783021
0.0745022
0.0154873
0.0135539
0.00221027
0.0216428
0.00925544
0.00606576
0.0305028
0.00125609
1.7903e-005
0
9.29931e-005
0.000992928
0.00479654
0.000294543
0.000715655
0.000508144
0.0107133
0.0413496
0.000237733
0
7.25184e-005
0.000204271
0.00227093
0.00277655
2.94009e-006
0.000231571
0.000659188
0.000241321
0.000695499
0.00178213
0.00194369
0.00167934
0.0015937
0.00426954
0.000803309
0.119173
0.00086879
0.000449331
1.97304e-005
2.97077e-005
0.0022326
0.023061
0.000197475
0.000344534
0.00382362
0.00147391
0.00202153
0.000155025
0.00738801
0.0005082
3.84613e-005
0.000163187
0.000550009
0.00185946
0.00476123
0.044513
2.11409e-005
0.00261979
0.000619965
0.00391167
0.0251534
0
0.000203375
0.000599898
0.00533476
3.42552e-009
0.000507984
6.7255e-005
0.0297747
1.16982e-005
0.000331278
3.41271e-006
5.88179e-006
0.00010742
0.000137594
0.00448378
0.00095007
0.00103176
0.00521923
0.00676398
0
7.3422e-005
0.0227048
5.52093e-005
0.000110819
0.0212978
0.000188492
0.000430349
0.00105085
0.0299605
0.00130851
0.00566911
0.00126873
0.000315707
0.00101717
0.00205581
0.000298939
0.00175509
0.000563603
5.28926e-005
0.00025521
0.0311935
0.0466631
6.8296e-010
0.0308108
0.0263243
0.00318769
0.0176448
0.0194189
0.000593437
0.000603961
0.000712211
0.00028074
0.000344296
0.000698274
0.00412655
3.60491e-005
0.00137675
0.00286041
0.0678389
0.00167106
0.000648852
0.000714374
1.07329e-007
0.00270862
0.00581872
0.000228241
0.000152291
0.0215461
0.0181991
6.15551e-005
0.00724944
6.49528e-006
0.00061239
0.00102333
0.0323727
0.000221309
0.00638476
0.0145401
0.0012807
0
0.000933876
0.0246651
0.0302491
-9.83565e-009
0.000185991
0.00718538
0.00103988
0.017112
0.00048639
0.000889578
0.00371509
1.67895e-005
0.000757256
0.00105097
0.00168199
0.000381708
0.000284857
0.0562827
0.0445921
0.0493762
0.000962323
0.0130524
0.0295387
0.00468351
0.00816483
0.00472024
0.000204717
0.000242968
0.0031129
0.00430217
0.000588916
0.000295672
0.00114
3.63476e-005
0.000451198
2.07586e-005
0.00343058
0.000529493
0.00122504
0.000278013
0.0171636
0.00662104
0.000562941
4.55871e-005
0.00921381
0.00328419
0.0707831
0.000294553
0.00550742
0.00322546
0.0112682
5.08606e-005
0.000371821
0.0458343
0.010109
0.00044767
0.0174195
0.00279094
0.00252164
0.00104029
0.000565981
0.0102224
0.000273058
1.53828e-005
0.0404186
0.101689
0.000299167
0.00300387
0
0.000346242
0.000862068
0.0203794
0.000156143
0.00208765
0.00410819
0.0312855
0.000847729
0.00606555
0.00061605
0.00135699
0.000759588
0.011219
0
0.0022021
0.000206186
0.000520043
0.0199716
0.00320362
0.00456511
0.00489096
0.0415865
4.56387e-005
1.3582e-005
0.00101313
0.000681938
-6.96722e-009
0.00121076
0.00074208
0.0234667
0.0270222
0.000499264
0.00668995
0.000134085
1.1693e-008
0.000550776
0.000138158
0.00440918
3.46678e-005
0.0001383
1.63717e-011
0.0255827
0.01864
0.00137462
0.0278504
0.0159929
0.023524
0.00275759
0.000454259
0.000725602
0.000217837
0.000370906
0.000258162
0.00137808
1.16688e-005
0.000707208
0.0419238
0.000118524
0.0469685
5.61453e-005
0
0.0295089
0.0594122
0.000356127
0.00227182
0.000217805
0.00099808
0.0124459
0.00876054
0.000475314
0.000361277
0.01973
0.0178648
0.00144814
0.000910639
0
0.0154534
0.00400156
0
0.000348336
0.000178558
0.00871084
0.00673182
0.000237929
0.00159932
0.00598154
0.00922031
0.00183982
9.37765e-005
0
0.000155242
0.0302011
0.00133502
0.000137347
7.10128e-005
0.00871825
0.0299886
0.00416161
0.000325651
0.000428877
0.00156436
0.000110141
0.0147796
0.00193237
0
0.00734897
0.000285456
0.0081197
0.00140039
0.000160469
0.000381578
0.00133393
0.000601145
0.00203099
0.00179361
2.64189e-007
0.000276735
0.00181735
0.002062
0.0591041
8.16608e-005
0.00336926
0.000235987
0.000979466
0.00145746
0.000255755
0.000839892
0.000307215
9.93018e-005
0.00131518
0.00243322
0.00212515
0.0403331
0.0010601
0.000678442
0.00109645
0.00107935
0.0377403
2.71305e-005
0.00477917
0.000639593
0.000343394
0.00353696
0.0112155
0.0980696
0.0123406
0.00675178
0.00537896
0.00954277
0.0372129
0.000406527
0.000445865
0.000360225
0.000123495
0.055824
0.029817
0.0035357
0.000973855
0.000528617
0.000119027
0.00328959
0.000673816
0.0132121
0.0669711
0.000995208
0.000642033
0.0149308
0.00830148
1.67596e-005
0.000395109
0.000475713
0
0.0127706
0.00140633
0.00537055
0.000566451
0.00115392
0.000250686
0.000394732
0.000212721
0.000165747
0.0896955
0.0624217
0.044868
0.0542359
0.000840748
3.28461e-005
0.0649529
0.00120932
0.0779391
0.0131644
0.0144771
0.00167741
0.00192022
0.000633718
0.000220185
0.0193186
0.000471123
0.0900491
0.0127198
0.00860692
0.00521303
0.00923166
0.00436076
0.0258437
0.00118677
0.00179212
0.000334928
0.000369879
0.00793824
0.0410179
0.0391534
9.69081e-005
0.000377609
0.000254624
0.0235546
0.0488716
1.35476e-005
0.0385623
0.000308582
0.00808706
0.000394255
0.000699015
5.76965e-005
0.000492475
5.30314e-005
0.000211428
0.0265119
0.0680801
0.00141636
0.00179566
0.0811428
0.000569691
0.000633994
0.00314553
0.000670667
0.000755584
0.000931496
0.000250221
0.00054772
0.000336443
0.00116711
0.00279721
0.0146841
0.00036156
0.00458317
0.0196954
0.000420639
1.3906e-005
2.78228e-005
0.022091
0.0452628
0.00038547
0.00127799
0.00442414
0.000119999
0.0145391
0.00256885
0.000146823
6.38483e-005
0.00352123
0.000601491
0.000232926
0.00015348
0.0653259
0.0188719
0.140264
0.0606575
0.0230706
4.74011e-005
0.00216655
0.00935341
0.0312538
0.00190277
0.000851602
0.000284536
0.0553581
0.0684897
0.000965416
0.000392423
0.0024757
0.00108628
0.000340601
0.00210591
0.00179562
0.0504703
0.00025709
0.0147752
0.000144088
0.00125362
0.000943363
0.000441679
0.000298491
6.26332e-005
8.65255e-005
0.0173202
0.0135736
0.0133567
0.000976983
0.00108122
0.000710985
0.073197
0.0654255
0.0897013
0.00481078
0
0.000253932
0.00122363
0.00461114
0.0084459
0.000379646
0.000610714
0.00214523
0.000459558
0.000221795
0.000479456
0.000407907
1.74953e-010
-5.68705e-009
0.00133872
0.00757829
0.000123717
0.000286157
0.000709788
0.000801881
0.000465593
0.000841762
0.0170705
0.00514014
0.00170312
0.000408503
6.68253e-005
0.0154943
0.00449687
0.000696341
0.000202793
4.75228e-006
0.00582982
0.000395489
0.0350219
0.00234941
0.000206477
0.000627006
0.0153849
0.0138021
0.000872862
0.00056486
0.000750161
0.00318932
0.00324624
0.00039587
0.00168419
0.00570568
0.000222259
0.00245397
0.000264902
0.0132515
0.000729036
0.00107216
0.000572976
0.00229624
0.00067304
0.00223196
6.085e-005
0.000127913
0.000313443
0.010565
0.00146234
0.00229953
0.0472959
0.00438174
0.000291023
0.00285551
0.0102733
0.021556
0.000611069
0.000685982
0.00185843
0.000143749
0.000119869
0.000975347
0.00476257
0.0241452
0.00185761
0.0111383
0.0110226
0.000794293
0.00109156
0.0013377
0.000603673
0.0262459
0
0.000236993
0.00011114
0.000977714
0.000447321
0.000329565
0.000246742
0.00857069
0.000228878
0.000348605
8.74079e-006
0.00986359
0.0285013
0.0443806
0.00235256
0.000845179
0.000319273
0.000156561
2.56032e-006
0.0405668
6.25954e-006
0.00204693
1.19815e-005
0.00110827
0.00103133
0
0.0115
0.0253768
0.000847283
0.00149663
0.00611794
0.00898751
0.000593166
0.0125071
6.28091e-005
0.000687382
0.0501829
0.00144136
0.0058679
0.00591162
0.00211743
0.000162762
0.000205299
0.00974784
0.00145152
0.000181992
0.00676265
0.000384688
0.000288613
0.0203912
0.00023409
0.000420799
0.0165111
0.00553103
0.0134198
0.000143749
0.000133458
0.00183482
0.000194622
0.0071892
0.000501058
0.0132831
0.0101145
0.0143012
0.0185631
8.0125e-005
0.0162756
0.00118074
0.00566438
0.000264219
0.00173682
0.0024511
0.00213073
0.0244167
0.00150866
0.00238073
2.59952e-005
7.29951e-013
0.000631582
0.000152802
0.000320525
0.000575476
0.000227467
0.120443
0.0227162
0.00256371
0.0103041
0.000439099
0.000254178
0.00235161
0
0.0172244
0.000462102
0.000772819
0.0631351
0.0200194
0.0555566
0.00387284
0.029869
0.00267238
0.00199669
0.00076126
0.000862321
-8.9265e-009
0.000400292
0.00410174
0.00115026
0.00255272
0.000716081
0.000541499
0.0016573
0.0089064
1.75875e-007
0.0147411
2.63307e-005
5.52097e-005
0.00318888
0.00193166
0.016688
0.0496109
0.0136026
0.00400667
0.000721506
0.000676164
8.70239e-005
0.000418645
0.000867535
0.0203252
0.0157745
0.0298235
0.0263975
0.00016808
0.00848704
0
0.000265642
0.000868625
0.00149078
0.000135042
0.000223481
0.000721048
0.000485681
6.66473e-006
0.0150004
7.86703e-006
0.00139888
0.00191396
0.0205588
0.000625977
0.00867717
0.0004391
0.00124649
0.00127806
0.0355292
0.0541391
3.83124e-005
0.00011204
0
0.00342702
0.00226815
0.0104139
0.00426011
0.0558008
0.082407
9.95061e-005
0.000206242
0.0140224
0.0198797
0.0115215
0.00175185
0.0799711
0.0654258
0.0500402
0.0632428
5.30347e-005
0.00058889
0.000210725
0
0.0299807
0.002259
0.000243211
0.000606394
0.000521918
0.000379456
0.0690446
0.0585618
0.000454255
0.00402725
0.000525736
0.000869352
0.000880647
0.0195637
0.000323526
0.00437467
4.95037e-006
0.000411295
0.000193211
0.000829435
0.16586
0.00843609
0.117946
0.01913
0.0148016
0.00971939
0.000754557
0.000273403
0
0.000493578
0.00135074
0.000387223
0.000222986
0.000419147
0.0598083
0.00011184
0.00184518
0
0.00138934
0.000132421
0.0012477
0.000267445
0.0308503
9.63681e-006
0.000985015
0.0698984
0.000966769
0.00024109
5.65159e-010
6.41063e-005
0.000151282
0.000118683
7.28817e-005
0.00967672
0.000337275
0.00292882
0.000200792
0.0014791
0.000591338
0.000321485
0.00629385
0.000261401
0.000146712
0.00237419
0.000177155
0.000413336
0.000282641
0.000257686
0.00444514
0.000204417
0.000715784
0.000344068
0.00370615
0.000573393
0.000794227
0.000114463
0.0588113
0.0251262
0.0153048
0.0128055
7.29951e-013
0.0109613
0.00217124
0.00203446
0.000352248
0.000173015
0.00178601
0.00583796
0.00127331
0.0104807
0.000149798
8.09425e-005
0.00265028
0.00392124
0.00270852
0.00328843
0.0151805
2.71172e-005
2.41448e-005
0.00130537
4.09349e-006
0.000206977
0.00446175
0.000184674
0.000949112
0.000275311
0.00257406
0.050176
0.000310986
0.00611345
0.00175148
0.000595441
0.00203545
0.0120436
0.00105925
0.000240313
1.86003e-005
0.000127855
0.000235279
0.000365549
0.000349938
0.000209038
0.000116246
0.0181318
0.0169214
0.000923766
0.000110643
0.0599341
0.0571107
0.065326
0.000585059
0.0840096
0.0864255
0
0.000165603
0.000375171
0.00159148
0.00199813
0.0977743
0.0644584
0.00159679
0.000578002
0.00873792
0.000202558
0.00265735
0.0788452
0.0150007
0.000280043
0.000820009
0.00279604
0.0110565
0.018219
0.0049523
0.000457444
0.00175677
0.0561232
0.0021348
0.00269179
0.000796892
0.000819935
0.000313798
0.000457222
0.000325186
0.00232248
0.000569765
0.000303599
0.000282641
0.00321292
0.00234317
0.00173491
0.0011267
0.000778728
0.000909491
0.000777336
0.000218128
6.18096e-005
0.00016662
0.0100307
0
0
0.0179399
0.000403323
0.0120601
0.00271788
0.000891666
0.0470766
0.000141193
0.000824222
0.0577808
0.00210092
0.00319746
0.00196623
0.00127537
0.00120559
0.000409867
8.51538e-005
0.00958727
0.017337
0.000121347
0.00776252
0.000174339
0.0112346
0.0184024
0.0206319
0.0177259
0.000395732
0.014907
0
1.83814e-005
0.000919215
0.00114164
0.0127785
0.00036388
0.000458221
0.00111068
0.00104559
0.000186472
0.000316934
0.00131582
0.00300442
0.000490953
0.000344391
0.0093972
0.0356588
0.000891574
0.0379175
0.000357901
0.0531992
0.0511567
0.00418747
0.00394729
0.000609962
0.00162875
0.0503907
0.0609234
0
0.0019669
0.00266023
0.000256094
0.000449762
0.0155107
0.000206804
0.00045931
0.00457761
0.00758945
0.00765542
0.000722098
0.000127686
0.00090231
0.00269855
0.00810177
0.00159699
0
0.00363389
0.000112088
0.0052671
0.00542259
0.00065657
0.00124842
0.0018414
0.000392537
7.88818e-005
0.000118352
0.10896
0.0633464
0
0.000341773
0.000303393
0.000234507
0.015994
0.000102545
0.00919916
0.000269966
0.000531939
0.0103794
0.0409237
0.0219071
0.0518838
0.0160096
0.00112827
0.0196674
0.00126835
0.000375066
0.00250916
0.00206534
0.000358563
2.31545e-005
0.0132704
0.000136499
0.000657962
0.0210721
0.00129021
0.0450564
0.001693
0.00245449
0.000201553
0.000339757
0.0137095
0.0122249
0.000323521
4.09348e-006
0.00260449
0.00134301
0.000161555
0.0146974
0.0256052
1.24858e-009
0.000998762
0.00941385
0.0170936
0.00432536
0.0131894
0.000400234
0.000784257
8.45484e-005
0.0564396
0.000255849
0.0283607
0.025744
0.00033522
0.00345555
0.00083186
0.000180047
0.000688871
0.00131321
0.00183264
0.000779025
0.00109741
0.079856
0.00988207
0.000700878
0.000539083
0.0200047
0.089946
0.0726077
0.000424095
0.00139031
0.0148136
0.0162386
0.0187252
0.0806012
0.00477768
0.00393009
0.000495619
0.00210708
0.00336456
0.031809
0.000391438
0.00742077
0.0162441
0.000252741
0.0378682
0.00969198
8.23312e-005
0.000165718
0.000176838
0.000543734
0.000613127
0.00083926
0.0159664
0.00575209
0.068706
0.0020173
0.0136124
0.00958341
0.00188817
0.0162002
0.103274
0.0161608
0.000519119
0.000454039
0.00131786
0.000637835
9.18462e-005
0.0055231
0.00143084
0.00607476
0.00133056
0.00044305
0.076282
0.003032
0.00586914
0.0151913
0.000325164
0.096905
0.0104706
0.0460701
0.00237644
0.0101662
0.00107551
0.0325719
9.41768e-005
0.000674448
0.0325749
0.00611455
0.00013658
0.0278125
0.0152469
0.0114757
0.00208508
0.0447287
0.000287867
0.07335
0.000392321
0.00171157
0.0292008
0.000429993
0.00612719
0.000464534
0.00511058
0.00903259
0.0084148
8.5482e-005
0.0386386
0.0503924
0.000296274
0.00470144
0.0296178
0.000467832
0.0357603
0.0404372
0.00562589
0.00731852
0.00635934
0.00158265
0.00992864
0.00692846
6.49225e-005
4.72337e-005
0.00199429
0.0144305
0.000822869
0.0606673
0.0570593
1.24856e-009
0.00543576
0.00011332
0.00518977
0.000378036
0.000506159
0.119443
0.0674486
0.00731087
0.000871774
0.00168197
0.0922349
4.01053e-005
0.157059
7.57424e-005
0.000988914
0.000528608
0.00202295
0.000365601
0.00183593
0.0146099
0.000387925
0.00110133
0.0796286
0.078726
0.00828201
0.0222491
0.000530262
0.000849032
0.000375947
0.000292534
0.00222407
0.000346387
0.00139297
0.000785609
0.000240925
0.000731046
0.00621242
0.0287841
0.0138619
0.0102428
0.00599847
0.0444227
0.0699577
5.49851e-005
0.000354403
0.00305863
0.00199567
0.010809
0.00296632
0.00225368
0.00218854
0.0274214
0.0147627
0.000753756
0.00158689
0.000446593
0.0011275
0.0372399
0.029214
0.000435516
0.000195731
0.000545487
3.63946e-005
0.000488263
0.000210232
0.00648606
0.0113438
0.0650535
0.000149541
0.000256158
0.000309574
9.02698e-005
0.000165858
0.000207471
0.0297565
0.00103187
0.000220546
0.000220547
0.00525752
0.0169693
0.0564064
0.00928096
0.00456032
0.000557858
0.000382481
0.00151834
0.000151215
0.000326189
0.0211043
0.000192139
0.000884476
0.000169925
0.00818538
0.00017764
0.000156456
0.000586695
0.000538567
0.0113791
0.000315801
0.00510595
0.0659131
7.58893e-005
0.00437965
0.0788276
0.000579804
0.000416309
0.00137363
0.0630222
0.00133992
0.0357491
7.23034e-005
0.00087648
0.00685812
0.00222499
0.00486673
0.000184156
0.000777334
0.0116039
0.0171299
6.37422e-005
0.00245472
0.000424986
0.0017533
0.00018183
0.000148309
0.00178101
0.00630922
0.000766363
0.00473898
0.00167741
0.000521146
0.0269567
0.000227093
0.000218737
0.000112548
0.000206043
0.0807004
0.00101948
0.00121068
0.000772703
0.000392235
0.0298628
0.000413518
4.51457e-005
0.000902376
0.0359057
0.0449875
0.000106739
0.000730564
0.000750459
0.000970669
9.62154e-005
0.000357994
0.0127956
0.0166123
0.0163417
0.000434785
0.0103172
0.0122746
0.0314163
0.0054432
0.000228628
0.00938964
0.000365603
0.000397068
0.00115642
0.00777705
0.000324111
0.000149889
0.00055192
0.000193298
0.0303372
0.000710829
0.000755979
0.000686029
0.00114957
0.00495759
0.0605647
0.00212884
8.69139e-005
0
0.00641703
0.0281741
9.02967e-005
0.000349115
0.0424531
0.00758726
0.00751098
0.000140875
0.0017443
0.00209206
0.0249104
0.000309985
0.000511683
0.00011264
0.000552167
0.000371418
0.00210627
3.08694e-005
0.00134815
0.00197975
0.00019947
0.000503907
4.55642e-005
0.0570499
0.0185161
0.000518318
0.00100819
0.000279845
0.024279
0.00108208
0.00125865
0.044625
0.0170708
0.000651847
0.0193281
0.000213766
0.0131312
0.000102166
0.000369142
6.7439e-008
0.000260447
0.0125063
0.00623766
0.000157708
0.0483024
0.0458356
0.000109147
0.00966557
0.000509743
0.00045181
0.0109044
0.000788937
0.000161029
0.00187776
0.000886843
0.00169604
0.0021133
0.00349723
0.000844782
0.0633535
0.000142804
0.000969582
0.000700127
0.0184238
0.00105361
0.0015488
0.000389079
0.00207297
0.00221896
0.000954569
0.000654345
0.000183826
0.0118556
0.0451418
0.0445418
0.000479376
0.000266513
0.000332811
0.00579059
0.000799065
0.00342453
0.00364002
0.000306149
0.000930693
0.00136772
0.00656261
0.000298894
0.0130007
1.62622e-005
5.73669e-005
0.0807301
0.0315197
0.022563
0.000281447
0.000441534
0.000589172
0.00784642
0.000221728
0.00106718
0.00030366
0.00135567
0.000182743
0.00119489
0.000804586
0.0118125
6.31656e-005
0.000274105
0.00195814
0.000179361
0.00237767
0.0177774
0.000302296
5.98197e-005
0.0347259
0.0315261
0.0212919
0.00331895
0.00116279
0.00805406
0.000518363
0.000193698
0.00102656
0.000673144
0.000366103
0.000432393
0.00182371
0.000288755
0.000336413
0.00136867
0.000266872
0.00683643
0.0452004
0.015236
0.0536802
0.0247882
0.000816248
0.000123775
0.00711977
0.000465438
0.00145105
0.000590281
0.000129738
0.00885223
0.00100805
0.000408009
5.35458e-005
0.054139
0.000907365
0.00174409
0.000429053
0.00115145
0
0.000285841
0.000179542
0.0186445
0.0271475
0.000240566
0.0111045
0.000397693
0.000850246
0.0017424
0.00108075
0.00798793
5.82441e-005
0.000322543
0.00823754
0.000146365
0.000261022
0.000394444
0.000228832
0.00340265
0.000163252
0.000601989
0.000104146
0.00146217
0.0184442
0.00087471
0.000245865
0.000167247
0.000773851
0.00323591
0.00596357
0.00033415
0.00128324
0.000686977
0.000361911
0.0317826
0.0231116
0.0215279
0.0136999
0.00252277
0.0102212
9.16382e-005
0.0153409
0.00663575
0.00382344
0.0104877
0.00197354
0.00153963
0.000372169
0.000243258
0.000683356
0.00192941
0.0878476
0.000296008
0.00067678
0.0105936
0.00040458
0.000182948
0.000129202
2.44433e-005
0.00556277
0.000244475
0.000713284
0.000919622
0.00137314
0.0360408
0.0385031
0.00032683
0.0142291
0.00128433
0.00292902
0.0183772
0.0152958
0.000539839
0.00143434
0.00155216
0.00426901
0.0342263
0.0512941
0.000181996
0.0350841
0.0201432
0.00598112
0.001024
0.00579534
0.000319971
0.00017614
0.0126654
0.0108542
0.00113808
0.0176272
0.0211398
0.000279256
0.00057055
0.000274612
0.000637539
0.000151066
7.07394e-005
0.000723682
0.00116509
0.00101559
0.0172259
0.000230778
0.000105296
0.000368743
0.00105011
0.0196388
0.000793059
0.00247998
0.000703479
0.00976038
0.000645361
0.0238597
0.0901316
0.0708035
0.00664197
0.00904752
0.00049752
0.0284177
0.00434507
0.00054267
6.13021e-005
0.0208463
0.000530956
0.000194806
0.000129256
0.000277514
0.000182756
0.000118255
0.0236459
0.0320817
0.0279756
0.0400392
0.00086515
0.000142776
0.0480743
6.94488e-005
0.00041525
4.99129e-005
0.000488265
0.000428168
0.000270573
0.0125693
3.94398e-005
0.000207625
4.65489e-005
0.00434949
0.000326818
0.00644103
0.00388111
0.000280408
0.00100032
0.000450899
2.51215e-005
0.000541468
0.000286078
0.000103926
0.000152955
9.05784e-006
0.0552784
0.0233956
0.033657
0.00013708
0
0.000915688
0.000722348
0.0312003
0.0116323
0.00257425
0.000384506
0.0297468
0.000122375
0.000310846
0.00129419
0.0268367
0.00783911
4.51308e-005
0.000533959
0.0152925
0.000793497
0.000474616
0.0131017
0.00076589
0.000284502
0.00080481
0.000774187
0.000244444
0.0322838
0.00034734
0.000554931
0.0153686
0.00063969
0.00910755
0.0133306
0.00121143
0.000151618
0.00144316
0.0105832
0.116865
0.000122518
0.00182573
0.000985696
0.00302372
0.00117598
0.00147148
0.0013753
0.00229614
0.00221506
0.00437428
0.000281281
0.000273476
0.0334639
0.00168746
0.016033
0.0198367
0.00697016
0.00144172
9.71689e-005
0.00178994
0.000510154
0.0179331
0.00988608
0.0027553
0.000843867
0.000230305
0.00236202
0.00116696
0.00383517
0.000595083
0.000429212
0.000775059
0.00141685
7.51013e-005
0.056602
0.0449872
0.0074533
0.00182828
0.000853915
0.00079507
0.0113597
0.00472661
0.0029898
0.0618487
0.000559922
0.000126586
0.000620555
0.00693672
0.0420942
0.00866832
0.0429809
0.0250003
0.000603275
0.0677383
0.000221137
0.00819866
0.0234603
0.000470266
0.0272214
0.0254779
0.0344113
0.000356912
0.000104507
0.0004539
0.000564993
0.0220216
0.00106222
0.000219841
0.00416118
0.0373921
0.0690448
0.00182348
0.00853081
0.00457532
0.0129946
0.00416594
0.00687324
0.00765877
0.00395896
0.00173828
0.000178567
0.000646826
0.00079968
0.000824854
0.000131091
0.0298369
0.00714559
0.000338612
0.0112653
0.000197651
0.0278216
6.42247e-005
0.000572552
0.0591446
0.00707063
0.0039459
0.00805409
0.000757766
0.00416033
0.0059245
0.00575945
0.000315904
0.000960939
9.00831e-005
0.000298398
0.0330221
0.000769323
0.00420977
0.102599
0.000808533
0.00250632
0.0823022
0.000554271
0.0173007
0.0360535
0.0135878
0.00519674
0.00931989
2.59394e-005
3.53828e-005
0.000313863
0.000400308
0.000466539
3.39512e-005
0.00124523
0.000860069
0.00162406
0.000315411
6.84981e-005
8.48986e-005
0.000148426
0.000310956
0.000104329
6.68203e-005
0.000269808
0.000122218
1.46386e-008
0.000826971
4.29555e-005
0.00141302
0.00150526
