8971
0.00222955
0.0596246
0.00204151
0.00180947
0.00232306
0.00364347
0.00245482
0.00438024
0.00358408
0.0012101
0.00587887
0.00314398
0.00389885
0.00174653
0.0040552
0.00264278
0.000186217
0.00225091
0.00446687
0.00266631
0.00349252
0.00181807
0.00246024
0.00333646
0.00293013
0.00123249
0.00322037
0.00113122
0.0021014
0.00265433
0.00252432
0.0050864
0.00340382
0.00443322
0.104521
0.00245154
0.00340719
0.00221628
0.00267731
0.00243924
0.00255018
0.00214931
0.00338353
0.00227328
0.00117497
0.00323887
0.00458766
0.00310507
0.00557502
0.00206997
0.000897605
0.0021746
0.00156394
0.00356068
0.000792979
0.0046795
0.000913232
0.00107984
0.00226078
0.0026999
0.00534416
0.00266153
0.00113153
0.0025269
0.0027914
0.00163395
0.00323531
0.00225024
0.000835452
0.00493562
0.00270441
0.00089034
0.00305191
0.00113725
0.00316753
0.00294589
0.00147124
0.00310023
0.238968
0.001918
0.0022674
0.00149637
0.000718592
0.00147877
0.00143128
0.0041448
0.00230867
0.00864958
0.0171573
0.0032708
0.000729585
0.00390719
0.00219613
0.000907727
0.00538061
0.000787942
0.0035012
0.0024146
0.00161916
0.00203825
0.00352574
0.00133968
0.00345559
0.00493211
0.00429867
0.00291435
0.000440455
0.000506696
0.00420066
0.019367
0.00594691
0.00236368
0.00106851
0.00256532
0.00420381
0.00230232
0.00184441
0.00317897
0.00322753
0.0292591
0.0088064
0.00427063
0.00353552
0.00331978
0.00242011
0.000502038
0.00460568
0.00268947
0.0009504
0.00106574
0.000230756
0.00159781
0.00114119
0.00199687
0.00146738
0.000853652
0.000562063
0.00130791
0.00322674
0.00256872
0.00343824
0.00415503
0.00174087
0.00267926
0.00133343
0.00170737
0.00129969
0.000746277
0.00340612
0.00307494
0.00158245
0.00262042
0.00535021
0.000850404
0.000817441
0.00251885
0.00311877
0.000439828
0.00171897
0.000900172
0.00182663
0.00312223
0.00270399
0.00122979
0.00221607
0.00257464
0.001323
0.00264998
0.00495373
0.0140924
0.00127208
0.00158485
0.00676011
0.00314129
0.00333155
0.00301018
0.00236797
0.00351216
0.0038962
0.00333795
0.00271324
0.000731087
0.00354444
0.00113134
0.000768966
0.00284168
0.00258693
0.0044426
0.00415997
0.00144285
0.00483459
0.00493935
0.00251881
0.00320458
0.00118419
0.00339598
0.00214991
0.00266359
0.001598
0.00122929
0.00193254
0.000729099
0.00173871
0.000903135
0.00205292
0.000525621
0.0027084
0.433824
0.00319429
0.0577042
0.000958116
0.00114603
0.0033546
0.00191915
0.000495549
0.00149253
0.000974687
0.00262907
0.00298693
0.000984564
0.000471105
0.00297073
0.00292257
0.00303814
0.00215851
0.00231875
0.00204078
0.00266949
0.00256419
0.00112359
0.00327236
0.00155137
0.002481
0.00215444
0.00285843
0.000915153
0.00362263
0.00650629
0.00186622
0.00536479
0.00123217
0.00164869
0.00231916
0.000726153
0.00142042
0.00279537
0.00412397
0.000845076
0.00146548
0.0397158
0.00199108
0.00118647
0.00188666
0.000766853
0.00472648
0.00298411
0.00232363
0.00241806
0.00187872
0.00432224
0.000125845
0.00147974
0.00288169
0.00128928
0.00107868
0.00209557
0.00146027
0.00364871
0.00157042
0.00228651
0.00420308
0.00132211
0.0014765
0.00521666
0.00160303
0.00298293
0.00202072
0.00199946
0.00120542
0.175776
0.0215446
0.00153975
0.00194856
0.00251711
0.000893645
0.000928369
0.00135803
0.000820368
0.00171585
0.00238278
0.00360217
0.00309113
0.00195193
0.00106324
0.0040468
0.00279787
0.00213647
0.00428789
0.00211663
0.00456435
0.0137258
0.00303282
0.00181841
0.0035171
0.00371596
0.0192844
0.0780066
0.0251993
0.00191841
0.00221448
0.00258436
0.051998
0.00318969
0.122823
0.00225382
0.0165966
0.00333864
0.000520182
0.00312304
0.00293873
0.00272833
0.234172
0.00334745
0.00193733
0.00189119
0.00488407
0.00842611
0.00367557
0.00336984
0.00195185
0.0014708
0.00331209
0.00165112
0.00211618
0.00273408
0.0843947
0.00115534
0.00424179
0.00459631
0.00233931
0.0031283
0.00338665
0.0021681
0.00191915
0.00207478
0.00215943
0.0028341
0.00118152
0.0706358
0.000792159
0.00259053
0.000955399
0.00239042
0.00115957
0.00299489
0.00307137
0.00276316
0.00402253
0.00519925
0.000607229
0.000155623
0.00219354
0.00280276
0.00363594
0.00122838
0.00462518
0.00125361
0.00254778
0.000653016
0.00132013
0.000611658
0.00319324
0.000962459
0.000577955
0.00853922
0.00296556
0.0014301
0.00257903
0.0006151
0.00106278
0.000303806
0.00050012
0.00243207
4.3627e-005
0.00368124
0.00335898
0.00188215
0.015473
0.00619927
0.00196971
0.00294665
0.00314906
0.09974
0.000902715
0.000634658
0.019381
0.0025284
0.00167608
0.00373201
0.00370963
0.000818817
0.0299211
0.000494431
0.0181158
0.00169924
0.00415985
0.00181102
0.000860153
0.00228312
0.000898355
0.0016682
0.00906804
0.00532428
0.00451019
0.00397783
0.00507043
0.00119927
0.000929621
0.00423227
0.0132866
0.0594302
0.00338207
0.00378178
0.00399688
0.00038594
0.000786692
0.000827363
0.00250558
0.0031979
0.00376983
0.122721
0.00098002
0.00140733
0.00197211
0.000877562
0.00111547
0.00120852
0.126912
0.0898182
0.00358059
0.00317635
0.00707286
0.00224819
0.00176202
0.00044463
0.00133748
0.00388829
0.000982689
0.00257691
0.0052431
0.000604043
0.00382959
0.0610395
0.00155913
0.0564892
0.0270745
0.00370539
0.173306
0.00161974
0.00162947
0.00291876
0.00106632
0.0495954
0.195738
0.00169694
0.00952714
0.00227677
0.103477
0.00406553
0.00322173
0.00374963
0.000864712
0.0347154
0.00223782
0.00126694
0.00389986
0.00266177
0.00427236
0.00127533
0.0024398
0.00328311
0.0199875
0.00198965
0.00334936
0.00139921
0.00156876
0.00263504
0.1421
0.00138292
0.00211493
0.00119934
0.0901835
0.00303252
0.0013911
0.00116527
0.00223913
0.0252584
0.0021474
0.00792219
0.00294038
0.00538121
0.0034366
0.000139425
0.00112212
0.000304954
1.34544e-005
0.000750546
0.00120881
0.00476042
0.0220454
0.0013343
0.00138803
0.00340751
0.00317123
0.00170227
0.00424592
0.0754533
0.00199049
0.113353
0.0673114
0.11217
0.00434403
0.102382
0.00103799
0.00304185
0.0424893
0.00182848
0.00373933
0.00316393
0.0863245
0.0617866
0.174411
0.00281259
0.00231435
0.00404191
0.00173275
0.000599856
0.0112885
0.105324
0.00224506
0.000790007
0.0031199
0.128173
0.00506134
0.0774501
0.00353981
0.00179085
0.140212
0.00281675
0.00322732
0.00184633
0.00125951
0.00211646
0.0161971
0.00221454
0.00331327
0.0280093
0.00742229
0.00334413
0.0026864
0.00373542
0.037678
0.00317403
0.00193371
0.157543
0.00438209
0.00472085
0.00162082
0.00225861
0.0658489
0.00223757
0.00221187
0.00333374
0.0760547
0.30458
0.00123599
0.00107273
0.0107511
0.00222559
0.000687469
0.00111654
0.0017128
0.00371519
0.00174982
0.00625779
0.0097453
0.0024081
0.0406971
0.00227968
0.00532053
0.00132831
0.00161588
0.00161413
0.00276317
0.00185364
0.00302952
0.00134076
0.00230149
0.00318227
0.0010965
0.00284368
0.00312594
0.00331849
0.00373818
0.00234151
0.00152891
0.0800676
0.00134713
0.160588
0.00289011
0.00208397
0.00186896
0.00337389
0.0020907
0.0859838
0.0393795
0.002774
0.00135002
0.0232268
0.0396366
0.00236275
0.0029992
0.00270181
0.117315
0.00603433
0.00163869
0.0012378
0.00168881
0.00174923
0.00836791
0.119997
0.0036492
0.00307953
0.00288636
0.00172112
0.000840386
0.00289432
0.00267307
0.00319247
0.0023941
0.000565744
0.00303646
0.00251635
0.000398199
0.0185619
0.00350876
0.00138237
0.0669085
0.00318556
0.00240997
0.186587
0.00362076
0.475158
0.000640696
0.00334733
0.00177953
0.0647012
0.000687332
0.00239615
0.00200883
0.000609717
0.000932039
0.000484048
0.114427
0.00237912
0.00154553
0.00385129
0.00406859
0.0581155
0.00657488
0.00208202
0.0020624
0.00336667
0.000652791
0.00164452
0.00266416
0.0012956
0.0734623
0.00806998
0.000935824
0.00309616
0.00382034
0.00279811
0.000676503
0.00131559
0.388549
0.000951016
0.0044667
0.064757
0.00173775
0.00152415
0.00237267
0.00246961
0.0683801
0.00202398
0.00190197
0.0116091
0.0017611
0.146008
0.00118987
0.000922933
0.00183055
0.00464971
0.00304347
0.00160605
0.00526739
0.00780332
0.00280291
0.00287842
0.00154986
0.500854
0.44263
0.00136154
0.00210579
0.000821282
0.00142491
0.166129
0.00149619
0.00591287
0.00260952
0.00574462
0.071478
0.130909
0.0542058
0.00294593
0.00301718
0.00353613
0.00161963
0.00893462
0.0287103
0.00157997
0.0010955
0.00129362
0.00138092
0.00202561
0.00285712
0.00210289
0.182239
0.00229893
0.00143962
0.00470246
0.0045059
0.00334399
0.00336311
0.0044537
0.00398915
0.00631672
0.0015919
0.00174487
0.000505741
0.327675
0.0923177
0.00139622
0.00297715
0.109981
0.00184277
0.00241704
0.00346251
0.329019
0.0026761
0.0826999
0.00350618
0.0128533
0.10434
0.0027153
0.00263004
0.00207033
0.00346387
0.0016514
0.000605796
0.00241502
0.00292171
0.00139638
0.00288288
0.00583591
0.00245871
0.00386799
0.00197326
0.00382555
0.000320908
0.0587584
0.00719382
0.000423962
0.00423765
0.103188
0.00510988
0.118718
0.00464086
0.000628488
0.00350694
0.00204514
0.00287104
0.00284323
0.00289208
0.106724
0.00126759
0.0206881
0.0260289
0.00455225
0.00326278
0.001827
0.00152552
0.0890545
0.00192958
0.00142678
0.00354505
0.00109392
0.200112
0.000708943
0.0033748
0.00293174
0.00137616
0.00195966
0.00113975
0.00253628
0.000862779
0.00242542
0.00173051
0.00892519
0.00272794
0.000984071
0.00177024
0.000861228
0.00391154
0.00219045
0.00347421
0.00264785
0.00380091
0.00384372
0.00263204
0.0265771
0.00117067
0.0183567
0.0561775
0.125101
0.0544734
0.00117678
0.00169291
0.0360076
0.0382338
0.001643
0.00251563
0.0019439
0.00090204
0.0822559
0.00293267
0.00137233
0.0014437
0.00278719
0.00242862
0.00745708
0.0228618
0.0306383
0.00644992
0.00238818
0.00242341
0.00204978
0.00082307
0.00432934
0.00487677
0.00188504
0.00115981
0.000995599
0.000605418
0.00135784
0.00197638
0.00240379
0.00141139
0.00223246
0.0267348
0.0101422
0.00159154
0.00130398
0.120575
0.166127
0.00140498
0.00164838
0.00235081
0.00265494
0.000990863
0.00698538
0.00263404
0.1429
0.00187628
0.107095
0.00134921
0.00165538
0.088628
0.0414958
0.0532419
0.0100563
0.00163099
0.00375206
0.00188444
0.00156783
0.00469817
0.00291211
0.00161617
0.00167374
0.00263282
0.243116
0.00167374
0.00230002
0.0535723
0.00276055
0.216785
0.00167617
0.00216377
0.00295938
0.00188164
0.0058202
0.000822275
0.0201095
0.0164235
0.00248912
0.00131713
0.140334
0.00371565
0.00176426
0.00291737
0.00169952
0.00102786
0.00232178
0.00231173
0.00372878
0.12959
0.00229928
0.00429896
0.051529
0.0281586
0.0216246
0.000765325
0.00114906
0.0125971
0.00502859
0.00342822
0.00270805
0.000985505
0.0485469
0.000291996
0.00169744
0.0392525
0.00074649
0.00234223
0.00123859
0.0050745
0.000494913
0.0111568
0.0153888
0.00167609
0.0033069
0.00336436
0.00201215
0.00216795
0.00386235
0.000921813
0.00165099
0.0035873
0.00489047
0.000501395
0.104821
0.00636333
0.000553779
0.00225559
0.00441967
0.00241321
0.00308437
0.00117108
0.00784932
0.00106036
0.00144612
0.0156072
0.017449
0.104337
0.180359
0.00148987
0.000828661
0.00248405
0.00197799
0.00169655
0.0110377
0.000958524
0.00245938
0.0620447
0.27668
0.00145761
0.00203247
0.00262688
0.000937002
0.00377962
0.0031978
0.0339639
0.000458927
0.00211476
0.0984935
0.00372099
0.00392862
0.00463726
0.00729324
0.000414224
0.00147631
0.00411822
0.00249143
0.0224066
0.0134118
0.00242501
0.184998
0.0910357
0.119551
0.127258
0.00348524
0.0186585
0.00775285
0.00137103
0.00247643
0.0642613
0.00302009
0.00294223
0.108545
0.137858
0.22638
0.0014465
0.00373067
0.00233932
0.00188925
0.0172944
0.00148348
0.00385824
0.001649
0.00375567
0.145406
0.00477704
0.082536
0.000634637
0.0014731
0.00102222
0.238151
0.00203561
0.00106238
0.00284494
0.00735441
0.00204646
0.00160195
0.000679496
0.00431914
0.00245434
0.00184316
0.00155397
0.00232041
0.00503152
0.000719257
0.000490792
0.00800378
0.00208158
0.0126649
0.00830987
0.00132098
0.00233472
0.00247259
0.001527
0.00245638
0.0532821
0.000439175
0.0025898
0.00030894
0.00464617
0.00175626
0.0374918
0.00329844
0.000843008
0.00310546
0.139271
0.00147641
0.0124231
0.00335857
0.00217365
0.0232997
0.00205742
0.00454972
0.00129194
0.00784598
0.00114537
0.00186979
0.00103252
0.0014634
0.00362663
0.00210019
0.00149451
0.00189342
0.00305191
0.00208209
0.00135698
0.000617113
0.00398913
0.0128377
0.0708772
0.0740554
0.00242145
0.00534981
0.00464851
0.111271
0.00295616
0.00167246
0.0187054
0.00148369
0.0130337
0.00333957
0.00326448
0.0212793
0.00342968
0.00110292
0.173314
0.00409487
0.0032932
0.00195062
0.00130786
0.00460281
0.00184988
0.00292694
0.00945756
0.00185047
0.00341667
0.00209076
0.00292301
0.00377619
0.00207138
0.00297004
0.00348468
0.0111622
0.010379
0.00134002
0.00495575
0.00122806
0.00669797
0.00738713
0.00584116
0.000524068
0.00242154
0.00210506
0.00196269
0.00176306
0.000717846
0.000413145
0.0440557
0.00365503
0.120369
0.00141889
0.00126997
0.00493479
0.000463584
0.00243694
0.0209675
0.000890544
0.00279163
0.00212765
0.00170224
0.00244921
0.00226991
0.00243768
0.0142311
0.00466766
0.0109617
0.00372178
0.222195
0.00654058
0.00260638
0.00319034
0.000386685
0.00058343
0.00436925
0.0898241
0.00432968
0.00187397
0.00163551
0.000777574
0.00193909
0.00329981
0.00100131
0.00137538
0.0224103
0.00161837
0.000806289
0.00242441
0.008146
0.00030953
0.070639
0.0965912
0.00115197
0.00635505
0.022495
0.00261664
0.00546825
0.0029682
0.00208718
0.00168767
0.00144523
0.0103787
0.00947529
0.00216654
0.00181123
0.0047407
0.13478
0.00232026
0.00127231
0.000597588
0.00416255
0.00483298
0.00574519
0.0171832
0.00259143
0.0789637
0.00304628
0.000476202
0.0351691
0.000596226
0.00283045
0.00282966
0.0022013
0.00200423
0.00539772
0.0203103
0.00118596
0.00224618
0.000937137
0.00173641
0.000680923
0.00400095
0.00213334
0.00201903
0.00180512
0.0301162
0.00185028
0.00465257
0.0898974
0.00187477
0.00212588
0.0182599
0.0106279
0.00159808
0.00410838
0.000959016
0.0224872
0.00216597
0.00189133
0.0031745
0.000975916
0.00156236
0.00163464
0.153744
0.145696
0.00269056
0.0534339
0.00623701
0.00540179
0.00264398
0.0280468
0.00205152
0.00285297
0.00228174
0.00230555
0.00699489
0.00472383
0.00210765
0.000897086
0.0946068
0.00175213
0.00363974
0.0115821
0.011029
0.000452109
0.0288794
0.0644192
0.0136879
0.00245577
0.00319428
0.198593
0.399171
0.00221375
0.00119356
0.0119401
0.00327712
0.00635039
0.000933801
0.0882632
0.00513242
0.00332358
0.0006529
0.17594
0.0591962
0.0920071
0.00390977
0.00237742
0.00235328
0.00339187
0.00779115
0.00324638
0.00155143
0.00890671
0.00625265
0.00836722
0.000954685
0.0551593
0.0641184
0.00317356
0.00108007
0.00205555
0.178032
0.135394
0.0307371
0.348034
0.218621
0.00240602
0.0522166
0.00156426
0.062963
0.00189953
0.00119415
0.00367931
0.343371
0.311187
0.00981246
0.000552964
0.00460021
0.000820146
0.000469462
0.000856472
0.00476904
0.0128612
0.00111396
0.0784125
0.0183359
0.179098
0.000294211
0.00124188
0.00239561
0.00343856
0.00639216
0.0128613
0.000995546
0.00250484
0.00220986
0.000470218
0.322319
0.336758
0.0386841
0.00433999
0.00219677
0.00222932
0.00131791
0.0115549
0.0226154
0.00244738
0.0259378
0.106008
0.0031196
0.265429
0.0316879
0.00154041
0.00152476
0.00094802
0.00349869
0.00641336
0.00591614
0.00320525
0.170062
0.000915182
0.0054787
0.0030845
0.221389
0.00142976
0.00450398
0.000459975
0.000817935
0.0166609
0.00540987
0.120724
0.0011615
0.00297303
0.00314174
0.000906016
0.253557
0.0526099
0.000913354
0.00433487
0.00770225
0.00184395
0.0323654
0.0288156
0.20036
0.0929908
0.00237227
0.0027004
0.0804351
0.00131645
0.00310467
0.00104251
0.199577
0.00328109
0.151832
0.0475525
0.00309306
0.00373953
0.00849249
0.0101619
0.0103755
0.269269
0.0367699
0.068846
0.00123367
0.0389551
0.0365851
0.00598073
0.00283396
0.00813205
0.00298423
0.000168802
0.200668
0.00153839
0.202697
0.025203
0.0234428
0.00249142
0.000654697
0.00871399
0.0407577
0.0527001
0.00366552
0.0163618
0.221364
0.00199077
0.0025728
0.105544
0.00122725
0.000865757
0.0153041
0.00943592
0.00251559
0.00224055
0.00316542
0.00991338
0.0021911
0.0874986
0.000882609
0.0117294
0.0554031
0.0214432
0.013972
0.00204432
0.00141749
0.00193746
0.00369951
0.0998344
0.00110574
0.00422689
0.00549226
0.139059
0.00371976
0.0396329
0.0833519
0.000857906
0.00151721
0.00514867
0.00312528
0.00217871
0.0042126
0.00231736
0.399859
0.0989741
0.00192032
0.00269378
0.0135828
0.184386
0.0497987
0.00286819
0.0236503
0.0305614
0.0151362
0.227091
0.131866
0.423226
0.251374
0.0320264
0.0301572
0.00320588
0.00116267
0.0444103
0.266144
0.0035228
0.00111187
0.00365182
0.00767102
0.205837
0.114929
0.00219529
0.49756
0.0642641
0.0954199
0.0133587
0.0085221
0.0263457
0.0133215
0.282595
0.0196206
0.00637314
0.00477974
0.00370738
0.0114684
0.0056126
0.139237
0.00115385
0.00064509
0.00447328
0.116167
0.00240749
0.151479
0.0404722
0.0018688
0.0105328
0.0950438
0.000275279
0.00791801
0.147283
0.00469347
0.108603
0.00172596
0.00242434
0.0029225
0.00334297
0.00432444
0.188324
0.00390927
0.00565134
0.00931859
0.00502144
0.00326828
0.256205
0.0026336
0.0061628
0.000839489
0.0319091
0.00357202
0.000266281
0.00498213
0.00667121
0.0115242
0.00298748
0.00153335
0.00284099
0.00257872
0.00194431
0.240037
0.00939699
0.00293333
0.0033888
0.00216146
0.0151988
0.0065907
0.0364194
0.00372004
0.000369854
0.0030808
0.00115199
0.00214752
0.010233
0.0021095
0.00138565
0.00313311
0.00133675
0.00816079
0.00391516
0.0550508
0.000808921
0.0116579
0.00652039
0.00603419
0.00363185
0.0103427
0.0279365
0.00292625
0.0106689
0.0134044
0.0483579
0.00530963
0.00374208
0.00322714
0.00280546
0.00291162
0.00358898
0.00273301
0.00195347
0.00231971
0.0234765
0.00814976
0.00317316
0.00563447
0.014067
0.0453207
0.00317818
0.00168342
0.181508
0.00102501
0.060142
0.00282294
0.0473749
0.00455352
0.0822891
0.00043615
0.00787569
0.0043142
0.00239255
0.0024249
0.00574897
0.00125468
0.00607888
0.00187809
0.00294896
0.00296622
0.00260041
0.00511204
0.00346771
0.558075
0.00211062
0.0036357
0.00320254
0.0089539
0.00305587
0.0114866
0.0530649
0.00233808
0.00464273
0.0039663
0.00350825
0.00160624
0.00434537
0.0038115
0.00442392
0.00360307
0.0261966
0.00265761
0.00613178
0.00235983
0.000995167
0.00222538
0.00500838
0.00666321
0.0807097
0.0665012
0.0030032
0.00246009
0.0026496
0.00290907
0.213625
0.0066581
0.00740012
0.00406467
0.00412721
0.00399489
0.00226098
0.00979399
0.00538145
0.233602
0.00736726
0.0555688
0.0352958
0.0150561
0.00226316
0.00228585
0.00261274
0.0049421
0.00154115
0.0560862
0.00391605
0.00110446
0.0775442
0.0604453
0.0494449
0.0509518
0.00264206
0.015106
0.0737042
0.00512401
0.00366509
0.077207
0.00303927
0.00317672
0.0107822
0.00473786
0.00162359
0.0441864
0.00197725
0.025985
0.0447032
0.00197354
0.00680634
0.00456234
0.0050036
0.00637776
0.00896652
0.0228343
0.106789
0.267464
0.00365869
0.0575644
0.00379751
0.013682
0.00228984
0.0433112
0.166184
0.0072855
0.00216905
0.0442314
0.00310753
0.0115245
0.0375445
0.000889186
0.00173168
0.00358411
0.0123661
0.146118
0.0228788
0.00127751
0.0990328
0.0037286
0.0273612
0.00333878
0.00230855
0.00517923
0.00282608
0.123517
0.00514482
0.046452
0.0352712
0.0587534
0.0262883
0.00248022
0.0107807
0.00149971
0.00278156
0.0489363
0.00420989
0.000662222
0.0707912
0.045452
0.034247
0.34432
0.00171654
0.00184745
0.010696
0.00279016
0.0059588
0.00647758
0.00878087
0.0189567
0.249978
0.25105
0.00248654
0.00139703
0.00353936
0.00182614
0.316097
0.0368022
0.0625513
0.0448075
0.00366591
0.00665471
0.00572653
0.00271238
0.00284279
0.000737538
0.010352
0.00579148
0.0202177
0.0537566
0.00234669
0.00219766
0.0037286
0.00292092
0.037904
0.00289981
0.0349678
0.00581988
0.00452866
0.0756922
0.300387
0.00779119
0.00379099
0.00649254
0.00135866
0.0107825
0.00453029
0.185706
0.271995
0.00476163
0.240968
0.218348
0.0529571
0.00285356
0.261889
0.391277
0.0325565
0.0115635
0.00270696
0.0079095
0.00784511
0.134259
0.0033333
0.00874336
0.13634
0.0184556
0.0451852
0.00559487
0.223301
0.00357371
0.00235982
0.0917048
0.00107692
0.00229816
0.0196355
0.00585189
0.00173168
0.00141369
0.0587255
0.00291232
0.00103918
0.00202654
0.00342734
0.038795
0.00296313
0.00182254
0.00336964
0.00282275
0.0011304
0.0070423
0.00273795
0.000898851
0.0301041
0.00166224
0.00203951
0.00315318
0.0298076
0.0304962
0.0739124
0.0126311
0.0123444
0.0069944
0.0343948
0.101041
0.101659
0.0162433
0.00205474
0.0696068
0.00195815
0.0690666
0.012353
0.00984445
0.00418328
0.0315325
0.0311486
0.0455811
0.00377061
0.0103217
0.00669452
0.00182874
0.00303424
0.0169492
0.00255414
0.0322685
0.0151772
0.0178586
0.00290465
0.00340151
0.14701
0.0980942
0.00251239
0.0398809
0.105723
0.00544665
0.00518888
0.0203333
0.0151482
0.0600724
0.00120972
0.00261355
0.0317237
0.00554078
0.185361
0.024485
0.0748602
0.00171627
0.022134
0.0593876
0.0748597
0.0102987
0.0150313
0.00398285
0.0499776
0.104643
0.026189
0.00372502
0.0487113
0.0164143
0.00433152
0.0036131
0.000847365
0.00654489
0.110686
0.0133518
0.000767248
0.00196179
0.0102866
0.260908
0.0823479
0.0017476
0.00432882
0.0786219
0.0423978
0.00099601
0.158153
0.00159564
0.00198689
0.00603095
0.00190475
0.182432
0.0397868
0.0350096
0.00289539
0.00147442
0.00395049
0.0015461
0.0256606
0.056986
0.0421377
0.00226005
0.00238277
0.0323552
0.00706683
0.00372818
0.00181767
0.00187468
0.00157411
0.0502168
0.00540861
0.0280446
0.169523
0.132838
0.00118538
0.0594194
0.00968666
0.00562379
0.00319472
0.00497058
0.00469818
0.0108027
0.00723282
0.00510587
0.00165954
0.000425708
0.000859077
0.0476668
0.0105687
0.00118872
0.00303607
0.0309343
0.0511587
0.0148641
0.00594522
0.00398863
0.00764346
0.0152889
0.00126537
0.00930418
0.0431576
0.026694
0.000740645
0.0296713
0.10141
0.0719058
0.0650364
0.00243394
0.00824134
0.00379376
0.00180757
0.00645158
0.00621933
0.00224715
0.0616249
0.105206
0.0211304
0.00224569
0.0092755
0.00391877
0.000996649
0.147769
0.00572967
0.0119525
0.00388621
0.002637
0.00359124
0.00971022
0.0112841
0.000711252
0.000713384
0.00132508
0.00498928
0.00195936
0.0046773
0.0070668
0.00163639
0.185642
0.0180283
0.0144133
0.0849545
0.0184638
0.150955
0.308341
0.039974
0.0734005
0.0463411
0.0171835
0.0062441
0.162075
0.0566592
0.075317
0.0101091
0.0041785
0.0432116
0.00408192
0.019716
0.0662527
0.00587338
0.0247079
0.00244047
0.0392563
0.00384426
0.00506876
0.00206317
0.189835
0.0344657
0.00260065
0.00175523
0.00325368
0.0346278
0.00572481
0.00376175
0.267571
0.492174
0.00206935
0.00301429
0.0041442
0.00026783
0.00745442
0.0245153
0.0172542
0.0851907
0.00452816
0.00440237
0.0141368
0.00274667
0.0404495
0.00704996
0.00147935
0.0274407
0.155729
0.00198215
0.00154535
0.287453
0.0125677
0.00149121
0.0556801
0.0024595
0.0699704
0.00129394
0.00135008
0.000693623
0.0026859
0.00230406
0.037748
0.000894796
0.0773702
0.00364176
0.0283116
0.00418777
0.00199586
0.0676758
0.010544
0.00279004
0.00500273
0.00100476
0.00873974
0.00356577
0.0168962
0.00435589
0.00676447
0.0364066
0.00301784
0.0121504
0.0360916
0.0473541
0.0294501
0.0366395
0.00439815
0.00423137
0.0119358
0.00313683
0.00249731
0.00329912
0.0588221
0.0520494
0.0246887
0.00291864
0.0805966
0.0172804
0.00171284
0.0801859
0.243957
0.00119336
0.00248073
0.0399281
0.00422542
0.00425695
0.00100355
0.00403819
0.00340814
0.170158
0.0105026
0.109585
0.00299403
0.00238252
0.0020048
0.00635422
0.00708897
0.00785356
0.00235828
0.00461567
0.0152289
0.0718012
0.00253635
0.00248868
0.143661
0.00900573
0.00216417
0.221614
0.00465924
0.00150082
0.0020601
0.00181517
0.0668187
0.0270417
0.00245114
0.0102139
0.0036543
0.0289126
0.052163
0.0483798
0.057599
0.0335228
0.00334197
0.0198059
0.00749908
0.00499983
0.0025457
0.00334195
0.00126919
0.00220152
0.00638698
0.00172297
0.0620204
0.00681617
0.00347632
0.0327946
0.00294744
0.162303
0.0529977
0.0293995
0.00258804
0.00198673
0.00116551
0.00953378
0.00170895
0.025115
0.00250163
0.00424903
0.00221008
0.00325535
0.0023011
0.130748
0.0029886
0.0121888
0.0274121
0.00912154
0.00269914
0.122606
0.00285136
0.0413948
0.00149763
0.20565
0.191256
0.281839
0.0315836
0.00539335
0.116227
0.0926857
0.0179753
0.00698065
0.00460518
0.00176042
0.00383951
0.070319
0.0149362
0.0353231
0.000737644
0.00317701
0.0871924
0.00405129
0.00423746
0.0344957
0.00259384
0.031208
0.00144747
0.00934861
0.00297496
0.00135641
0.0123073
0.00104356
0.00203495
0.00464121
0.0195221
0.00147539
0.0115099
0.0749058
0.00304649
0.0348107
0.00585173
0.0750721
0.00673261
0.0717412
0.0688212
0.000936088
0.00567484
0.00364602
0.0066302
0.0122194
0.100352
0.00491611
0.00374849
0.00467361
0.00482354
0.0401075
0.0346931
0.053528
0.00416161
0.00327421
0.0542796
0.0482997
0.00159637
0.074684
0.000662178
0.00506636
0.00478143
0.00244781
0.0023128
0.0564061
0.00169399
0.0142996
0.0217209
0.00221224
0.00281217
0.00300105
0.000653952
0.00372886
0.0112608
0.00100874
0.00407224
0.0697651
0.0305316
0.00869292
0.126859
0.00469609
0.00195019
0.00174635
0.00846821
0.00425606
0.0351519
0.0171239
0.188433
0.00959791
0.00747243
0.0133455
0.000397372
0.00262925
0.0883489
0.055917
0.0953901
0.0131626
0.0341186
0.0395227
0.00212291
0.00649947
0.0812087
0.0491559
0.0707492
0.00829092
0.0452595
0.00152841
0.00929978
0.0130173
0.00659065
0.0437464
0.00858208
0.00221742
0.00254774
0.00286722
0.00242673
0.00334936
0.00995989
0.00153864
0.00121533
0.00828619
0.00292947
0.00456181
0.0174485
0.00255055
0.00427938
0.00306613
0.00144789
0.048471
0.0022452
0.0070944
0.0763234
0.1108
0.00231748
0.00604628
0.0739371
0.00192115
0.00138342
0.00865293
0.00537504
0.0342246
0.00132096
0.273134
0.0484785
0.00406258
0.0204169
0.00429941
0.00697152
0.00201934
0.0214834
0.00224558
0.0502681
0.00195209
0.065789
0.00186892
0.0896139
0.0149573
0.00310719
0.00276074
0.275136
0.00962427
0.0103047
0.00347377
0.00200876
0.0343531
0.00583351
0.00340742
0.00392115
0.00272298
0.00189803
0.00422953
0.00164603
0.0119584
0.000109364
0.09939
0.065911
0.00433972
0.00588656
0.00691242
0.00292574
0.00330362
0.00454303
0.00379266
0.00469033
0.00471083
0.0450179
0.00560246
0.0216474
0.00337725
0.00701886
0.0604945
0.000991543
0.0700979
0.057416
0.0285067
0.149208
0.00637678
0.0948779
0.00327675
0.055125
0.166881
0.322181
0.0157672
0.00923249
0.00284736
0.00256792
0.0042726
0.0641501
0.00329703
0.001291
0.00214853
0.00627306
0.0178629
0.262739
0.0581287
0.0741331
0.0105006
0.0598973
0.0562537
0.00157653
0.00162899
0.00190285
0.00202343
0.00556003
0.00245641
0.00373069
0.138003
0.023414
0.249252
0.0111296
0.0743108
0.149752
0.00703934
0.0557576
0.00158259
0.0666338
0.161474
0.0250434
0.0237426
0.00148129
0.00408477
0.0646619
0.00161105
0.00237829
0.00130007
0.0255787
0.002972
0.00297338
0.00127713
0.00263645
0.00113168
0.0345955
0.00509246
0.00341
0.00220922
0.0021243
0.00620922
0.0207942
0.287121
0.00206532
0.0267789
0.119775
0.0228608
0.00291614
0.0962547
0.0262559
0.0790251
0.00334064
0.00298559
0.00562333
0.00183774
0.00700629
0.00262126
0.0382643
0.00693841
0.016368
0.0275956
0.0416153
0.00161583
0.00298265
0.00190402
0.0782169
0.00210558
0.00336677
0.00340051
0.00306857
0.344672
0.00330682
0.00664899
0.000968038
0.00313417
0.0158836
0.000673727
0.00242102
0.0427811
0.00233509
0.0479532
0.0505053
0.00159077
0.00578653
0.0521673
0.0282362
0.00503188
0.116974
0.0216062
0.0587387
0.000532493
0.00521029
0.0380625
0.0531539
0.0145255
0.169705
0.000636372
0.0382001
0.0175859
0.0237749
0.00269124
0.0762429
0.00404229
0.00230021
0.0403922
0.00320474
0.00571226
0.00421445
0.00287094
0.00319471
0.00286626
0.0885323
0.123286
0.000653849
0.0053712
0.00971822
0.00265196
0.00413526
0.00322308
0.0507883
0.00472618
0.0668129
0.133365
0.170164
0.00377299
0.0645821
0.000579182
0.00367908
0.00222997
0.030609
0.123397
0.00181195
0.00703806
0.00942766
0.0121982
0.0156419
0.0218106
0.00215536
0.0236271
0.002925
0.022665
0.0797552
0.0270534
0.00571286
0.00371661
0.0185448
0.011472
0.12138
0.0191603
0.00430149
0.000598276
0.00847514
0.0812415
0.000972268
0.0158808
0.0164789
0.00983871
0.00514
0.00564272
0.00895054
0.0026787
0.000751396
0.0119425
0.0552072
0.00229937
0.0785694
0.0554526
0.0153314
0.00564151
0.011454
0.00102763
0.00795789
0.0505454
0.00686765
0.00690706
0.000455803
0.0413917
0.0111
0.017419
0.0140076
0.112633
0.00194629
0.0248178
0.00210587
0.00266804
0.00187081
0.0313705
0.0544576
0.00175709
0.0011039
0.00313413
0.0193074
0.0142693
0.00536045
0.0105934
0.00668484
0.0022642
0.00228605
0.000665875
0.0184386
0.0252648
0.0112581
0.0118749
0.00579921
0.00426497
0.0060717
0.0235284
0.00328424
0.068651
0.00505966
0.0286801
0.0502558
0.010112
0.23974
0.0158755
0.0106534
0.0422678
0.0406325
0.013784
0.0147984
0.00278543
0.0712387
0.00387559
0.0042176
0.110786
0.0906937
0.0267266
0.00863747
0.0162084
0.0077664
0.00496122
0.00430556
0.00193748
0.0132614
0.097663
0.00300667
0.0026578
0.00121372
0.0478505
0.000912804
0.0020031
0.00796462
0.0257992
0.00376055
0.0191573
0.0554609
0.00489544
0.000866946
0.0254727
0.00114551
0.0281436
0.00641693
0.00222071
0.0124657
0.00260835
0.00305156
0.00183206
0.0376698
0.00334658
0.032856
0.0081563
0.0310832
0.194973
0.192457
0.0368542
0.0133865
0.00257385
0.0022257
0.0119468
0.0387951
0.00234939
0.00823539
0.0139669
0.00361402
0.00270244
0.0570407
0.190484
0.0029321
0.00548384
0.00382101
0.0046499
0.074881
0.0061112
0.00498581
0.00454431
0.193524
0.00637939
0.00252689
0.0447029
0.00217191
0.0275505
0.00466213
0.00807462
0.0164952
0.00160559
0.000886494
0.12874
0.182833
0.00296205
0.00350774
0.0125699
0.00256546
0.00270402
0.00433325
0.00556515
0.00415617
0.0475122
0.017071
0.00677343
0.023241
0.0664347
0.101104
0.117475
0.158607
0.00475211
0.00260969
0.000599346
0.00284753
0.0309237
0.00489085
0.00855178
0.00386032
0.0530587
0.00577724
0.227426
0.00862833
0.00114848
0.024128
0.00985657
0.00840261
0.00104926
0.111023
0.0485351
0.144295
0.00641295
0.00355771
0.00170267
0.00120759
0.0160224
0.0496017
0.0937656
0.0348988
0.00154437
0.00462783
0.0120338
0.00360071
0.00416301
0.035773
0.0164902
0.00355967
0.0043986
0.00354477
0.0101615
0.00378891
0.111192
0.0111507
0.00456409
0.0197605
0.000761452
0.00391635
0.0302426
0.00145589
0.00298186
0.00228926
0.0675747
0.000977273
0.00572505
0.0634016
0.00229674
0.00255254
0.00296795
0.0059341
0.0154539
0.00556222
0.0233656
0.00293732
0.0010345
0.0677938
0.0807109
0.0228349
0.0119152
0.01126
0.127286
0.00362349
0.00144429
0.0629393
0.00577471
0.0150616
0.0122276
0.000990177
0.00254546
0.010692
0.00129268
0.0468171
0.00497765
0.000986403
0.0387224
0.00496681
0.00505669
0.0408488
0.00110055
0.194511
0.234617
0.00688222
0.000412061
0.260023
0.01103
0.0175284
0.0901801
0.0978834
0.0043178
0.0091476
0.0458115
0.0743876
0.0497918
0.00342761
0.0588786
0.00349966
0.148697
0.172675
0.00296081
0.0693118
0.0200605
0.0174662
0.00106006
0.00955487
0.00199336
0.076262
0.00211465
0.00224224
0.00489707
0.00156653
0.0410854
0.00306937
0.00207753
0.0164134
0.0435674
0.00100403
0.00744503
0.00264224
0.00433557
0.124947
0.0117217
0.00232364
0.00517932
0.00284707
0.00178243
0.00642973
0.00162123
0.0268555
0.0705885
0.000516068
0.0703828
0.057305
0.0122478
0.00347742
0.0046373
0.0766234
0.0108146
0.0381128
0.00386638
0.0942511
0.00152165
0.000961856
0.0189936
0.0057595
0.00949789
0.0505661
0.00689799
0.0668944
0.00472445
0.000759833
0.00525557
0.133927
0.00401978
0.038957
0.0495627
0.0865069
0.00209375
0.00362757
0.0478628
0.0657472
0.00159834
0.074938
0.000675177
0.007423
0.0133428
0.00112168
0.0328333
0.022037
0.00121466
0.00469126
0.167452
0.023903
0.0220126
0.00144683
0.0596943
0.0719126
0.0113962
0.00102961
0.00161383
0.0749077
0.00816325
0.0914897
0.00606466
0.00787881
0.014751
0.106397
0.0616977
0.0568792
0.00862119
0.00119703
0.0104114
0.00667516
0.130515
0.013315
0.0762172
0.0620831
0.0731708
0.027049
0.0085092
0.014164
0.0281183
0.00141725
0.0387637
0.0405878
0.0216858
0.000889422
0.0244051
0.118003
0.00343095
0.0157145
0.00621941
0.0551149
0.015262
0.0280656
0.0295821
0.0201151
0.00132156
0.00124872
0.00150982
0.0025388
0.00509019
0.0749202
0.000660933
0.0087835
0.00610445
0.0779251
0.0027127
0.00229152
0.123399
0.139206
0.00884163
0.00653828
0.00455812
0.00372386
0.000991187
0.0735223
0.0845515
0.0102144
0.150572
0.163228
0.0145166
0.00209913
0.000226866
0.00477064
0.00349065
0.0696235
0.113125
0.13838
0.00316704
0.0371793
0.000757291
0.0268578
0.0734755
0.00111695
0.00535123
0.0223769
0.026452
0.0630828
0.00625002
0.0223243
0.0395743
0.0405798
0.00875451
0.0259058
0.159478
0.000494784
0.00330032
0.0230853
0.00273528
0.0034467
0.00146588
0.0694251
0.0997586
0.010434
0.0283589
0.0326655
0.00202065
0.0118105
0.00696478
0.000584493
0.00121289
0.00381946
0.102111
0.00409903
0.000982714
0.137118
0.0693748
0.050281
0.00433663
0.00166455
0.172932
0.005038
0.159169
0.00514569
0.00859493
0.418038
0.386411
0.0049659
0.0151636
0.00430865
0.029408
0.228546
0.00371573
0.000958873
0.0558085
0.0546392
0.00613844
0.0907389
0.0790499
0.0105003
0.220896
0.00450105
0.00304276
0.00546174
0.0342171
0.000959505
0.193372
0.0247454
0.00209751
0.0540644
0.0503696
0.00203432
0.0211213
0.00802035
0.00161026
0.00362054
0.0198675
0.0390917
0.00283835
0.00116377
0.0485735
0.0181026
0.0046047
0.0018005
0.0117575
0.0165062
0.00595073
0.00238643
0.0404741
0.0417137
0.0013764
0.0601992
0.0173111
0.00151988
0.0109225
0.00291663
0.0147942
0.0921073
0.0253369
0.0127898
0.00527546
0.00217279
0.000949416
0.0266289
0.102934
0.0013398
0.0222788
0.0324688
0.00485945
0.00142703
0.0380654
0.000455098
0.0292157
0.0054003
0.00291903
0.015452
0.00670359
0.0103841
0.00581139
0.0117659
0.00214279
0.0455894
0.0114707
0.000946556
0.0735321
0.00144629
0.00232665
0.019403
0.00316056
0.00981426
0.0018656
0.0115384
0.00775839
0.00580325
0.00341333
0.0252787
0.0894549
0.0103614
0.0225119
0.00329813
0.0230076
0.00345361
0.00271533
0.541819
0.00114452
0.00187266
0.0515779
0.0890441
0.0215043
0.143235
0.290533
0.0592096
0.00341391
0.001851
0.0036919
0.00413048
0.00381594
0.00764148
0.00144305
0.0250434
0.00428566
0.00561092
0.00344088
0.050277
0.00111292
0.075123
0.00698642
0.0167332
0.0680976
0.0136343
0.0320333
0.0536324
0.00380736
0.0489828
0.103616
0.00207167
0.00457839
0.00369719
0.00190687
0.0023267
0.0151425
0.000809624
0.000981397
0.00343348
0.00823606
0.000939921
0.0492971
0.0288065
0.000940075
0.0696955
0.000770882
0.022909
0.00541213
0.0356899
0.11375
0.00153563
0.00758974
0.0413587
0.00055396
0.00222267
0.0303949
0.00667565
0.0115337
0.0125379
0.0170766
0.0395657
0.0132252
0.00528656
0.00430132
0.00608849
0.0112948
0.177363
0.0189527
0.045836
0.00781939
0.0216223
0.00445532
0.0197572
0.00183949
0.00153383
0.000732471
0.142922
0.0869295
0.0505215
0.0657864
0.162302
0.00104565
0.082193
0.00174665
0.0928585
0.000985458
0.00866593
0.0130934
0.0200938
0.00823751
0.00230402
0.00209332
0.00539601
0.00562965
0.00472326
0.522838
0.0135771
0.000552184
0.00117453
0.00373178
0.021339
0.00780938
0.0585718
0.00576748
0.00308454
0.0444474
0.00233699
0.111642
0.0107856
0.00544061
0.00407377
0.00581836
0.00538003
0.144104
0.00719882
0.208042
0.00478484
0.0292269
0.00998807
0.148959
0.000840639
0.00124305
0.0011097
0.011485
0.00800137
0.000387654
0.00524887
0.0278161
0.0205604
0.196191
0.000977859
0.00956688
0.0357618
0.0712538
0.00152548
0.057703
0.00568807
0.0318748
0.0312327
0.139798
0.343714
0.216126
0.177523
0.00311945
0.000257045
0.0472272
0.00424928
0.0459345
0.0111498
0.0101465
0.00396234
0.0653897
0.00241418
0.122727
0.0596561
0.000624739
0.00536065
0.00262422
0.0777872
0.0768547
0.00311057
0.00821532
0.0145943
0.00161722
0.00225605
0.0260077
0.0445388
0.000305443
0.00229612
0.0425523
0.047635
0.00484931
0.00665981
0.0333558
0.287306
0.064051
0.0077756
0.00230427
0.0154007
0.0168539
0.00157987
0.00359651
0.00419164
0.00171846
0.0483816
0.0194682
0.0677204
0.0531617
0.00115333
0.0108224
0.0263105
0.00209242
0.0933613
0.228475
0.0155274
0.199188
0.0419715
0.040945
0.00283659
0.00517489
0.00255922
0.00657146
0.00952858
0.00182777
0.00868887
0.0039103
0.00350983
0.00453199
0.00698585
0.00103872
0.075098
0.217146
0.196612
0.0254472
0.000881284
0.027629
0.00285219
0.171083
0.00259001
0.00464555
0.00905491
0.0761243
0.00178872
0.0195675
0.000902843
0.0575876
0.0192326
0.0239314
0.0233384
0.00415445
0.084953
0.0101122
0.00179032
0.00286815
0.0122169
0.0312806
0.000751738
0.072098
0.00287446
0.0130513
0.00103898
0.0852233
0.0500658
0.00445868
0.0655546
0.00153921
0.0726199
0.144389
0.00681664
0.116543
0.150306
0.1012
0.0024035
0.000561825
0.0997708
0.0176619
0.0326174
0.14135
0.00202811
0.0715384
0.0460985
0.0333958
0.0127223
0.00699228
0.0257322
0.00454378
0.00482382
0.00700217
0.00500688
0.00378851
0.0169304
0.00105696
0.0186754
0.00515151
0.00840857
0.00686664
0.00432862
0.0101596
0.00938694
0.00205488
0.0109947
0.00246252
0.00147459
0.0100084
0.00227071
0.0146256
0.141997
0.312187
0.0620283
0.00513441
0.00135295
0.00527062
0.00736707
0.00196517
0.000491536
0.00288543
0.0427599
0.400755
0.399542
0.0213944
0.00310977
0.003743
0.153962
0.247865
0.269384
0.00152178
0.0575494
0.00134611
0.047597
0.031439
0.0201374
0.0187256
0.00668353
0.0027548
0.00269039
0.00314792
0.056422
0.0107489
0.0153266
0.121208
0.0167502
0.0605193
0.00367699
0.00371824
0.182484
0.00385027
0.0347664
0.106365
0.00115163
0.00753648
0.0377538
0.00192236
0.176933
0.00317269
0.04312
0.0503038
0.00276947
0.0184376
0.0724604
0.0279681
0.0194187
0.00197593
0.000407619
0.00170088
0.0144232
0.00259898
0.00557588
0.00138158
0.0600897
0.0345231
0.0100802
0.0327653
0.0353136
0.000754281
0.00234539
0.00128764
0.0203996
0.065395
0.00404937
0.00599626
0.0038287
0.00538451
0.00835514
0.00177754
0.0647667
0.00132682
0.00332679
0.104272
0.000371238
0.0033726
0.0107099
0.00351281
0.0224302
0.0112331
0.139218
0.0711615
0.0487666
0.0232551
0.00123432
0.00204258
0.00415118
0.00174697
0.00190632
0.0254862
0.0192717
0.00579207
0.00793888
0.00293262
0.053789
0.011532
0.00590893
0.0175843
0.00484958
0.0055885
0.00363316
0.00682927
0.00132636
0.202413
0.0162767
0.00305234
0.00167212
0.0016727
0.00323611
0.0350578
0.147539
0.00325636
0.0367094
0.00965128
0.0124874
0.00628951
0.0181235
0.0580904
0.529607
0.0127858
0.192744
0.00535157
0.000426865
0.00236398
0.00214636
0.0211481
0.00327578
0.00239337
0.0240593
0.00352168
0.00587408
0.00515773
0.0016282
0.0289914
0.00150402
0.00120938
0.0158406
0.00591653
0.0301975
0.00184289
0.0838044
0.00481904
0.00071641
0.0302854
0.00101934
0.0678957
0.00472919
0.0027721
0.0047524
0.00405376
0.0334152
0.00302944
0.0178712
0.034823
0.02241
0.0374204
0.00400866
0.0588962
0.000874512
0.00768976
0.0117952
0.00959929
0.00107322
0.00197343
0.0949021
0.0180149
0.00167906
0.0429089
0.0105472
0.034647
0.00272414
0.00153746
0.0430963
0.0465773
0.00737057
0.00512496
0.0524276
0.0803612
0.0333522
0.00168184
0.101163
0.00362459
0.00256139
0.000862847
0.002155
0.00255074
0.00271813
0.000904359
0.06623
0.00158854
0.0478975
0.000815172
0.00186001
0.00644882
0.000635708
0.0206955
0.00895763
0.000329026
0.0169041
0.00643438
0.0705887
0.0156737
0.00297968
0.00210827
0.0372043
0.0866476
0.0844652
0.0868187
0.0421711
0.0981036
0.0271838
0.0569231
0.0702565
0.00054715
0.0145769
0.0257625
0.00407207
0.00187348
0.0666701
0.0388095
0.133707
0.254309
0.114584
0.0325306
0.242372
0.0374666
0.00717499
0.00643212
0.0202835
0.0776395
0.179092
0.0917843
0.0333616
0.00516794
0.0326302
0.0261937
0.000846214
0.00287841
0.138703
0.0011074
0.134616
0.0328598
0.00829822
0.0160452
0.234264
0.226303
0.000799885
0.00409658
0.0387323
0.0015702
0.0121785
0.002264
0.114547
0.00748574
0.0842947
0.0160604
0.00406214
0.0376876
0.0186266
0.0321123
0.037656
0.00250154
0.063342
0.058338
0.0715209
0.00123009
0.00248858
0.0192949
0.072657
0.322857
0.0151086
0.000266995
0.132045
0.0108147
0.00904078
0.000911709
0.0831918
0.0342987
0.0122661
0.178651
0.0161888
0.00367029
0.0012037
0.13827
0.00360462
0.105067
0.0223688
0.0499034
0.018702
0.0371713
0.00579231
0.00189884
0.0375606
0.134913
0.0393536
0.130952
0.155658
0.139099
0.0161923
0.0303043
0.0201468
0.00556119
0.00418849
0.00964322
0.002704
0.0144072
0.233917
0.00267116
0.00289437
0.00655823
0.0182684
0.00697787
0.00546578
0.00422673
0.101415
0.0504496
0.000855009
0.00294803
0.00310746
0.018271
0.0211704
0.0128671
0.00506264
0.00785439
0.446314
0.0530367
0.0196129
0.139108
0.0101879
0.00480227
0.00349293
0.028769
0.34599
0.45915
0.015483
0.0390195
0.0161937
0.00478881
0.0369427
0.000961726
0.0091788
0.0433121
0.0297952
0.0416231
0.00331213
0.0618798
0.0423616
0.0069962
0.114534
0.014092
0.00218322
0.004862
0.00926144
0.00349312
0.056462
0.00271324
0.0180876
0.00251214
0.0519608
0.0163037
0.00193845
0.00261385
0.00585805
0.0877495
0.105175
0.00109775
0.00785778
0.0104011
0.0285114
0.00165821
0.116193
0.0018366
0.0048422
0.00184264
0.00126395
0.00083566
0.0419798
0.0388817
0.00146922
0.0346072
0.00163884
0.000449774
0.00158691
0.00865568
0.0024753
0.0047965
0.0101871
0.00861682
0.0404171
0.0122125
0.00588485
0.00586045
0.0293705
0.0144325
0.0964938
0.0224143
0.0338787
0.00234204
0.12134
0.00214021
0.00171558
0.043998
0.0028464
0.219155
0.0997025
0.00319933
0.0595475
0.0158
0.072711
0.0128621
0.00284226
0.00317678
0.0986556
0.0266866
0.00366459
0.00588883
0.0217986
0.0369672
0.00927405
0.119538
0.00397422
0.00528962
0.0498337
0.0033854
0.0264979
0.0665088
0.02093
0.0283812
0.0321564
0.0199889
0.0670535
0.00206923
0.00282425
0.0044179
0.000342365
0.00203371
0.0021438
0.000499657
0.0321944
0.00575484
0.0217652
0.0475294
0.153674
0.0379367
0.00226806
0.00129024
0.00520856
0.00221307
0.107386
0.134248
0.151628
0.236133
0.00223187
0.000517358
0.00130656
0.0888914
0.0334631
0.00255316
0.00453842
0.00408711
0.00475009
0.022421
0.0462678
0.0666712
0.0120717
0.107835
0.00397933
0.0307615
0.00154398
0.00370067
0.00327904
0.0118552
0.00323659
0.00605625
0.134882
0.0638007
0.0613303
0.000483466
0.0132805
0.00272065
0.0110294
0.00378612
0.0839548
0.0790729
0.0309541
0.0413208
0.094059
0.000942203
0.0264137
0.0156018
0.0248632
0.00118675
0.00748916
0.00270335
0.0216608
0.000167827
0.000551432
0.00187966
0.0059492
0.00129464
0.0036637
0.0980776
0.00270684
0.00228715
0.00278854
0.00129333
0.0402238
0.0783201
0.0269739
0.00792872
0.0128062
0.0924358
0.0956407
0.000334538
0.000506615
0.0156646
0.00679708
0.0332901
0.00427841
0.0085164
0.00670193
0.00117946
0.0138057
0.011493
0.00182856
0.0158587
0.0298239
0.0283889
0.00193462
0.164775
0.0213278
0.0100195
0.504204
0.00599015
0.187935
0.000284971
0.0184718
0.00269425
0.00316307
0.00517707
0.0334366
0.00324075
0.00247848
0.00103909
0.222978
0.054853
0.0627934
0.00509598
0.00655044
0.0175649
0.00204987
0.000586173
0.0188561
0.00469536
0.0205728
0.0575029
0.0215044
0.206903
0.182747
0.0215787
0.0360721
0.0470393
0.00617189
0.000749164
0.0134134
0.0406153
0.0476796
0.00635064
0.0437447
0.0340497
0.00482761
0.0174115
0.00413431
0.00100538
0.00414251
0.00908804
0.026441
0.065361
0.0666811
0.00521527
0.0633801
0.0132433
0.156529
0.00673002
0.290349
0.0791868
0.0100633
0.0488311
0.0222665
0.00221459
0.104656
0.00269397
0.0762554
0.00202003
0.209348
0.000342122
0.00159431
0.0235595
0.00785624
0.0189161
0.00604107
0.0227559
0.115872
0.141214
0.000407792
0.00748052
0.0311126
0.0427503
0.011396
0.00600721
0.00548583
0.0236107
0.000763885
0.0419457
0.00206692
0.011171
0.00161226
0.015649
0.034241
0.0602824
0.066934
0.00670127
0.0522369
0.00634669
0.00559606
0.0108537
0.0250766
0.080792
0.00182113
0.0132453
0.0234341
0.0228759
0.0663776
0.00378899
0.00252921
0.0693882
0.0375191
0.00340473
0.00288727
0.00399991
0.0326331
0.00319551
0.0032989
0.00576388
0.0239639
0.0101516
0.142099
0.0316391
0.0185366
0.00405752
0.0184705
0.116747
0.00206337
0.00862112
0.0017292
0.0241681
0.262985
0.00111606
0.0168744
0.00254957
0.0247569
0.0213551
0.0224271
0.00623302
0.00698751
0.00198013
0.0335886
0.00899247
0.023279
0.00179678
0.00290698
0.00796781
0.0745933
0.00381011
0.00183225
0.0211683
0.00793993
0.00128028
0.10006
0.00464663
0.0835677
0.00357216
0.00419815
0.000845036
0.00404424
0.0822138
0.0702332
0.0046531
0.0852424
0.00569532
0.00172175
0.0064259
0.00744387
0.0169648
0.032376
0.0446995
0.056927
0.00671827
0.017346
0.00597689
0.00828352
0.0192809
0.00224044
0.00693365
0.189112
0.324875
0.000422608
0.116167
0.0683656
0.00188704
0.00539735
0.111754
0.219129
0.000473427
0.119737
0.00467331
0.001596
0.00913346
0.0117899
0.0106439
0.00460914
0.0341769
0.10333
0.100393
0.00572469
0.0456482
0.0445561
0.00483591
0.00679786
0.116567
0.0469816
0.118516
0.000700721
0.0523347
0.0148197
0.00975467
0.00340564
0.0068114
0.0329763
0.424957
0.0704644
0.0374
0.0215372
0.00177456
0.0012655
0.0307522
0.0365285
0.00124336
0.00219396
0.0026128
0.0207538
0.000794225
0.00600654
0.0408116
0.0681752
0.0869487
0.0609856
0.00235941
0.00282737
0.0330908
0.00133199
0.00329797
0.000499639
0.0989578
0.0101515
0.0635196
0.0693687
0.0504149
0.0137118
0.048597
0.00575357
0.0433023
0.0401756
0.00430441
0.0110566
0.0602036
0.0499381
0.0442282
0.00188186
0.192367
0.120022
0.116749
0.00266789
0.000919981
0.00134196
0.143264
0.0515763
0.00152995
0.0176899
0.00247061
0.00998879
0.00166279
0.000244858
0.0035828
0.00816806
0.00600423
0.238016
0.00171184
0.00771271
0.00215343
0.0116611
0.0113264
0.0366304
0.00185612
0.0306471
0.00168757
0.0277041
0.155174
0.00944632
0.479513
0.00293857
0.00943968
0.00180107
0.18475
0.254287
0.177672
0.00121617
0.101462
0.00658281
0.00781742
0.0311062
0.151607
0.0081217
0.155259
0.0352757
0.0980555
0.112083
0.0928775
0.181404
0.0097278
0.164311
0.0977229
0.171271
0.0246998
0.226025
0.0752659
0.0477459
0.0355991
0.174832
0.000329852
0.00450906
0.00897095
0.172908
0.133533
0.0357355
0.0188512
0.00733277
0.048357
0.00402602
0.00300429
0.00319749
0.00183876
0.00136194
0.101577
0.00259612
0.0753573
0.0176223
0.00296795
0.0023591
0.00726186
0.0107099
0.0303802
0.026367
0.00262122
0.00144298
0.0470096
0.00341317
0.0186887
0.0283687
0.0667417
0.0105918
0.072633
0.0775187
0.0945828
0.0233773
0.119004
0.0269114
0.00224571
0.00142864
0.00401125
0.0309879
0.00287108
0.0106416
0.00848188
0.02824
0.00332855
0.00782718
0.00113149
0.0515406
0.00348651
0.0458506
0.0267242
0.00459945
0.0593639
0.0139102
0.0009683
0.167485
0.0225715
0.00256192
0.0628194
0.00918592
0.114414
0.117765
0.00182702
0.00380916
0.00153565
0.0013784
0.0439631
0.000391446
0.00857283
0.00291273
0.0625128
0.0957178
0.143284
0.00067804
0.000312525
0.0402919
0.0140723
0.0178181
0.163433
0.00238413
0.424686
0.0833155
0.00192875
0.00682388
0.0806973
0.0758362
0.0437231
0.0639594
0.00194257
0.0581704
0.00421611
0.00592035
0.0348237
0.0476261
0.0156219
0.0459072
0.0406738
0.0166806
0.163804
0.0326797
0.00691978
0.0789155
0.00314044
0.0133334
0.00117668
0.0251348
0.203554
0.0799438
0.00270493
0.0144965
0.0556191
0.0334216
0.00979606
0.00526814
0.0897054
0.00391455
0.00201969
0.00330768
0.00302085
0.00138635
0.0889331
0.0464691
0.00785864
0.00317571
0.00118697
0.00837237
0.000859948
0.0136019
0.108427
0.0397012
0.00175741
0.00156902
0.0247723
0.0235822
0.0244952
0.0514879
0.105811
0.00853119
0.000349177
0.0226397
0.0276306
0.0245421
0.0554843
0.281444
0.114974
0.0239551
0.0257857
0.0347237
0.0276195
0.00401666
0.020829
0.0836421
0.00460387
0.0348559
0.00270747
0.3673
0.248379
0.000554612
0.0494201
0.117971
0.00117564
0.0297076
0.0114904
0.0214699
0.000863331
0.0181589
0.00166808
0.122013
0.0021717
0.00260737
0.00546559
0.0226902
0.000734811
0.0255306
0.182528
0.0227817
0.00500819
0.0331303
0.0188636
0.0583204
0.0113522
0.0917411
0.036565
0.164323
0.00190348
0.00332041
0.00195219
0.0565961
0.18093
0.0317911
0.00382185
0.00974952
0.000425564
0.132414
0.072363
0.0187902
0.0786914
0.0253721
0.0135735
0.000110244
0.0242116
0.00123311
0.0322709
0.116561
0.171352
0.000551044
0.00141886
0.00994614
0.00163826
0.0420753
0.0016398
0.13915
0.000968909
0.0122012
0.0242992
0.0169777
0.0707634
0.0323385
0.028235
0.0548367
0.0133421
0.00225223
0.00261091
0.00274543
0.162132
0.0733591
0.00419567
0.00672784
0.00366366
0.016742
0.00196879
0.00151454
0.00296797
0.00793689
0.0193745
0.0201329
0.0139487
0.00520307
0.00464762
0.0167423
0.0139362
0.0011534
0.0512266
0.00713258
0.0047668
0.00448767
0.00171561
0.00471858
0.00218116
0.0145741
0.00176766
0.0393657
0.00524614
0.0802536
0.0595701
0.0016568
0.00365834
0.00323856
0.0178058
0.000915285
0.164387
0.0217606
0.0220977
0.00816452
0.0336258
0.038539
0.194627
0.248974
0.33131
0.00955373
0.00175941
0.128012
0.0633674
0.0299224
0.00363398
0.116768
0.00205695
0.106585
0.00344531
0.0287044
0.00362208
0.00274391
0.00344413
0.00787636
0.00586151
0.00116536
0.00355044
0.17876
0.0695325
0.00046884
0.0216679
0.00679513
0.00233877
0.0264281
0.0157352
0.00483449
0.00259962
0.0179971
0.0511266
0.0449575
0.043522
0.0604583
0.00230374
0.00103781
0.00462562
0.0642641
0.0522058
0.00156013
0.0627198
0.137602
0.0209283
0.00405883
0.00644872
0.0762803
0.00160032
0.0328492
0.0270254
0.00396287
0.000985275
0.00244502
0.291674
0.0739429
0.0121053
0.00169939
0.0881526
0.0253414
0.00174097
0.00381919
0.00920152
0.00240204
0.00454522
0.00641482
0.00404819
0.00743714
0.0128902
0.000591053
0.0121687
0.0333368
0.0186564
0.196591
0.0466215
0.00518863
0.00285347
0.00617653
0.0730004
0.00245143
0.00434479
0.105583
0.00383367
0.00242941
0.00206829
0.201057
0.0757577
0.000330981
0.0348971
0.000396634
0.000471429
0.0535905
0.0767019
0.0199449
0.00496188
0.0198192
0.0175322
0.000489321
0.0312707
0.00131846
0.00999809
0.0183896
0.00414848
0.0345356
0.130976
0.10303
0.0276471
0.0198673
0.0478464
0.00315441
0.0182582
0.0202134
0.092724
0.00174175
0.00210733
0.0146038
0.0363141
0.00398131
0.0439331
0.00831942
0.00039885
0.0440009
0.00406984
0.128929
0.0159211
0.0156473
0.00156079
0.0160635
0.0543171
0.352089
0.00122445
0.0125548
0.0252045
0.0321649
0.0294032
0.000534567
0.00716765
0.00149604
0.00385096
0.00213418
0.0009609
0.0187839
0.00181829
0.00369669
0.0168472
0.00333418
0.0506453
0.0461284
0.0846112
0.00181561
0.0154283
0.00300229
0.0762197
0.00115156
0.225943
0.0118515
0.0236778
0.00307871
0.00748507
0.00540312
0.0115195
0.00118886
0.00837185
0.135204
0.00185826
0.499903
0.00130977
0.0904109
0.000171282
0.0764504
0.0711353
0.0124029
0.0368053
0.0468654
0.00828133
0.00878665
0.00659315
0.00141123
0.0161451
0.00109123
0.0275219
0.00579723
0.009974
0.00555734
0.047658
0.00177456
0.0481419
0.0315726
0.0712604
0.0438425
0.0100362
0.0627032
0.0257925
0.0285527
0.0339304
0.0360308
0.208011
0.0014375
0.00526538
0.00417388
0.00700935
0.0089137
0.0109764
0.00170806
0.00250661
0.0825583
0.00393247
0.00163668
0.0858006
0.00350863
0.00179963
0.00843156
0.00256643
0.00752992
0.00944351
0.0979768
0.113219
0.0269143
0.0567772
0.0243121
0.0811935
0.0246583
0.00461006
0.00124971
0.00148543
0.00176784
0.00127799
0.0035468
0.0105554
0.0255611
0.00150813
0.00568878
0.00114857
0.0040361
0.00406326
0.00299375
0.00677603
0.00152867
0.111196
0.00596394
0.000554289
0.00854281
0.0144989
0.132132
0.00769212
0.137148
0.00168815
0.00950958
0.0255132
0.0135506
0.0484311
0.00058151
0.0290536
0.00165446
0.117155
0.117251
0.0010146
0.0223047
0.0225579
0.00397595
0.00333984
0.00171078
0.00398103
0.0280648
0.0016839
0.0120665
0.00966735
0.0119111
0.0127541
0.0496028
0.00398118
0.0533286
0.0368097
0.000746871
0.0217198
0.00506366
0.0747807
0.00845774
0.00137187
0.00367306
0.077495
0.0090328
0.063548
0.0112246
0.0178606
0.0105501
0.0150672
0.0238472
0.0163187
0.0012013
0.0652756
0.0698715
0.00134319
0.0822093
0.0414603
0.00594963
0.000844713
0.00758152
0.00176173
0.0416208
0.0104306
0.0196134
0.00339565
0.0323465
0.0504766
0.0594004
0.00136646
0.0813015
0.00374851
0.00202886
0.000551616
0.146795
0.0102417
0.0240053
0.0138153
0.013714
0.0402702
0.027876
0.0143249
0.0660535
0.00263696
0.0020441
0.00373259
0.0031009
0.00412013
0.000133158
0.0349744
0.00251009
0.0528402
0.0281618
0.00114563
0.00174649
0.00728116
0.0015689
0.00432807
0.108232
0.106573
0.00177612
0.00100321
0.000636289
0.000625898
0.0188633
0.00297846
0.0218241
0.0546246
0.0463126
0.0501702
0.0501441
0.0739445
0.00180829
0.100224
0.035453
0.0681776
0.000710651
0.0235534
0.0259437
0.0190644
0.0169836
0.00935193
0.000722014
0.238244
0.0153833
0.0595479
0.00528174
0.114354
0.00117053
0.00692393
0.051821
0.0443917
0.00426981
0.00172643
0.00324461
0.0239478
0.22189
0.00125265
0.00554585
0.00160295
0.00194945
0.0609187
0.0508922
0.00861419
0.0207347
0.135149
0.00279099
0.00311582
0.0191437
0.00213459
0.0868155
0.00135278
0.000967733
0.00115445
0.0029384
0.0204528
0.00562784
0.00478733
0.00276804
0.000813382
0.000975692
0.000964384
0.000443011
0.00997682
0.0109137
0.00822893
0.0088782
0.0441817
0.0164407
0.0274953
0.0029784
0.0273601
0.000613273
0.0208028
0.0245586
0.00563118
0.00176879
0.017542
0.0557007
0.000455944
0.0321933
0.00847639
0.00664188
0.0153399
0.00224077
0.0032957
0.00159428
0.0579265
0.00419766
0.0828166
0.143912
0.00373398
0.00275393
0.032769
0.417245
0.00500512
0.0597838
0.0830092
0.0318948
0.0192295
0.0992753
0.099222
0.0776461
0.00388212
0.570026
0.00749115
0.000509404
0.0209994
0.258935
0.0103897
0.0570478
0.00233665
0.00538005
0.00386629
0.0240451
0.00412073
0.0232572
0.00346287
0.0134442
0.00115095
0.00538538
0.00537254
0.00623613
0.0114881
0.0126476
0.00264265
0.402944
0.0114922
0.000753354
0.00888466
0.0218722
0.0127662
0.00196557
0.0234153
0.00146944
0.0262251
0.00404766
0.00486052
0.00470919
0.0514152
0.00307087
0.00386077
0.00969821
0.0582663
0.00579651
0.0959315
0.03396
0.00313652
0.0036522
0.0298332
0.00591955
0.00106538
0.0158086
0.00194541
0.136777
0.143469
0.099447
0.126338
0.00116059
0.00245354
0.00655359
0.00588511
0.0462353
0.00615561
0.00801151
0.052925
0.000469601
0.00407674
0.199364
0.0122209
0.312094
0.43976
0.0873125
0.00413954
0.0572865
0.0451645
0.00129534
0.017433
0.0112494
0.000226372
0.17928
0.00374148
0.104609
0.106299
0.255748
0.102436
0.00742952
0.0192743
0.190586
0.244098
0.00138017
0.161031
0.308756
0.00341535
0.00810519
0.00416244
0.0387538
0.00390792
0.00129245
0.00404495
0.00276005
0.0457749
0.00237366
0.00213654
0.172921
0.0023275
0.246789
0.00752956
0.204814
0.00214974
0.00125669
0.0749901
0.0275607
0.0635506
0.0378209
0.00226429
0.0508374
0.197892
0.198854
0.0172645
0.00119531
0.00606084
0.0104269
0.0641581
0.0411251
0.0634481
0.074422
0.00230375
0.0452762
0.00361061
0.127046
0.10518
0.0319181
0.0374722
0.0349393
0.00451418
0.00386359
0.275617
0.054728
0.1515
0.00356418
0.00143322
0.0238892
0.0310508
0.04946
0.0463502
0.0077302
0.168632
0.0922585
0.0244319
0.00515146
0.00774436
0.0099607
0.00152016
0.0032925
0.0233348
0.0713482
0.00872107
0.405859
0.00125956
0.00069299
0.207077
0.00211817
0.00154806
0.0384965
0.0175803
0.00681551
0.00673282
0.0533245
0.0276248
0.201586
0.0309657
0.0016349
0.0336253
0.0264731
0.296349
0.00304404
0.0178031
0.0246298
0.0175334
0.00464928
0.0104581
0.00292284
0.00485468
0.0256353
0.00275769
0.0134351
0.052465
0.008994
0.0182406
0.0038444
0.00220889
0.00564662
0.068459
0.0751787
0.00735456
0.0318828
0.252325
0.00278065
0.0421672
0.00292042
0.0402919
0.00733401
0.00569907
0.00452679
0.00103706
0.0708493
0.00353882
0.00632239
0.00549383
0.159865
0.059953
0.00249163
0.0455387
0.0292424
0.00951304
0.0710617
0.00145799
0.00914874
0.195226
0.00145964
0.00155643
0.0283975
0.00407293
0.00947818
0.240256
0.0151744
0.0666336
0.03491
0.000994653
0.00999224
0.114931
0.121411
0.0560535
0.00125079
0.0524654
0.0131185
0.000344474
0.0240806
0.0170778
0.198386
0.00634989
0.188903
0.00765186
0.00184636
0.00183987
0.0112402
0.0634491
0.00961331
0.0379331
0.215385
0.0211006
0.0539579
0.0106729
0.00961996
0.0599448
0.00874023
0.119331
0.132246
0.0393163
0.155005
0.357974
0.40929
0.00503917
0.0217586
0.0787428
0.00175147
0.00745452
0.0131788
0.00168737
0.306895
0.0712329
0.0637329
0.000167308
0.0112885
0.0103883
0.0221829
0.00134665
0.0251871
0.0796202
0.0371296
0.00159519
0.00159471
0.00129584
0.00105009
0.00463599
0.000774734
0.0980441
0.0149794
0.00683521
0.0204694
0.00321193
0.00116266
0.00192681
0.0204244
0.0958004
0.00151819
0.11401
0.00505045
0.000835901
0.00380103
0.00207808
0.00299554
0.131712
0.00168233
0.00687065
0.0019368
0.0639443
0.0406484
0.0385604
0.0726749
0.075799
0.00195494
0.00291097
0.0116117
0.00150968
0.275851
0.0271469
0.035625
0.00420847
0.00201081
0.0170409
0.000422005
0.00198483
0.0063387
0.130115
0.00158688
0.00314787
0.0691707
0.144992
0.00293274
0.0228975
0.00336467
0.257319
0.107066
0.0107728
0.0138189
0.0905493
0.00798129
0.0453207
0.0387233
0.000741401
0.00816531
0.00114176
0.0094635
0.0805337
0.00345361
0.00813377
0.0203798
0.0252202
0.0414774
0.00550484
0.000490972
0.00302259
0.00044703
0.0429598
0.00510694
0.000679022
0.000108594
0.226446
0.00298612
0.000305151
0.0179467
0.00230915
0.0587158
0.00856869
0.1132
0.00182657
0.0507882
0.00363674
0.00179531
0.000110244
0.0195211
0.00559475
0.0340031
0.213301
0.080052
0.00170759
0.00214468
0.00828432
0.00148627
0.0811435
0.00348415
0.00197345
0.0430871
0.00615596
0.0150604
0.000992892
0.0369363
0.0319574
0.0459114
0.0455389
0.0358987
0.00202996
0.00674798
0.0136126
0.00146094
0.0756814
0.00346355
0.0424298
0.00474484
0.0103968
0.001341
0.00357005
0.0188183
0.00425115
0.0531129
0.0849763
0.00480102
0.0104214
0.0107306
0.00232845
0.0235138
0.00145733
0.30501
0.0210194
0.0182471
0.00223626
0.000795575
0.0173353
0.0873868
0.0147396
0.158473
0.0912094
0.00421253
0.167068
0.00215129
0.469835
0.000802355
0.0114523
0.0906182
0.00939839
0.00925094
0.148689
0.0157102
0.0228991
0.0477282
0.0220408
0.00673572
0.015375
0.00965917
0.0892865
0.0477225
0.000815636
0.00520634
0.0696993
0.0474274
0.0680409
0.193143
0.00149959
0.0437237
0.00732337
0.0869372
0.00137047
0.0406846
0.111351
0.00276981
0.142566
0.00289469
0.00287764
0.00414583
0.035263
0.0266332
0.0125341
0.0162181
0.194643
0.0141323
0.0178847
0.00682381
0.00445934
0.0325857
0.0149484
0.000710319
0.001397
0.005175
0.00178967
0.0027863
0.00206912
0.110342
0.0167199
0.120512
0.0207037
0.358301
0.0304725
0.0289933
0.00155568
0.138582
0.0397375
0.001573
0.0127426
0.0123421
0.0396795
0.00707135
0.0015456
0.0010575
0.0095722
0.0350727
0.00281481
0.00141578
0.22663
0.00607561
0.0579164
0.0230591
0.0773247
0.066352
0.00489932
0.191073
0.0685281
0.00567943
0.0483047
0.00155147
0.000282177
0.12956
0.0191218
0.0197719
0.00741978
0.058224
0.139941
0.0851694
0.0773235
0.111785
0.0605749
0.000541785
0.000322244
0.00648635
0.0151789
0.000908088
0.00151802
0.113244
0.0765937
0.00213062
0.00915843
0.00301623
0.00160151
0.0025076
0.00861092
0.127994
0.00124541
0.0328468
0.241685
0.0175736
0.119975
0.00480497
0.119339
0.0479974
0.0693228
0.000728163
0.000302484
0.00504391
0.0159395
0.00145601
0.0282904
0.069824
0.0258499
0.000598331
0.00377297
0.00363078
0.00538626
0.00666659
0.0553238
0.000996706
0.018683
0.00426359
0.00172535
0.00162247
0.000401872
0.0463992
0.0285942
0.00815909
0.019039
0.0670016
0.00173579
0.00224544
0.0225051
0.105043
0.0658844
0.0090608
0.00459442
0.001336
0.00252877
0.126708
0.00441807
0.00275549
0.0710868
0.118874
0.0247999
0.0384847
0.00177701
0.269565
0.00210445
0.0126864
0.132871
0.0395091
0.015719
0.058138
0.0823435
0.013534
0.104054
0.002992
0.0354712
0.01231
0.00106008
0.00231716
0.00163511
0.0597136
0.00156047
0.00244752
0.129585
0.011189
0.126253
0.00854659
0.00130492
0.0123004
0.00133902
0.00386934
0.161565
0.21227
0.0225163
0.0134824
0.0121655
0.0182888
0.0158459
0.0276144
0.0151978
0.000820575
0.0141786
0.020325
0.00718067
0.0396646
0.0455697
0.00195563
0.00348202
0.0120765
0.0299388
0.0358125
0.0021072
0.0194836
0.00195768
0.11005
0.00145644
0.00116105
0.0278647
0.235429
0.012567
0.000188184
0.0137936
0.000563972
0.000307284
0.036252
0.00151828
0.0314579
0.010723
0.00166181
0.0146857
0.00259186
0.130682
0.00378797
0.00148584
0.0296831
0.00744462
0.0933204
0.152908
0.0213795
0.0526683
0.00202484
0.00477951
0.000190385
0.00100831
0.0307802
0.00323188
0.00231482
0.103831
0.110068
0.00332887
0.00225545
0.287208
0.0265107
0.0173678
0.0169782
0.0194975
0.00204584
0.00276692
0.0189224
0.0020381
0.00649116
0.0286423
0.0160615
0.000594338
0.0123878
0.00345909
0.00703606
0.0320735
0.0354379
0.00889786
0.117841
0.00296586
0.337384
0.00175912
0.10025
0.157583
0.0060461
0.159278
0.00147964
0.00116063
0.000766159
0.0207278
0.0511331
0.0375425
0.122381
0.00209039
0.00275419
0.000838747
0.0950432
0.00361516
0.029065
0.035906
0.062172
0.257271
0.137006
0.0182913
0.00152049
0.00150463
0.00952362
0.0192332
0.0045642
0.0112811
0.000661592
0.00211986
0.00174102
0.103517
0.00253485
0.346108
0.0924499
0.00240406
0.0239411
0.0463429
0.00811091
0.000931253
0.00679668
0.164567
0.207627
0.0578052
0.00196613
0.264638
0.000180639
0.0586304
0.119262
0.09937
0.00162663
0.0554929
0.0109329
0.00821759
0.146989
0.0288899
0.114463
0.00106743
0.105571
0.0172804
0.00308377
0.10945
0.00673653
0.0843256
0.134564
0.00297161
0.0235935
0.0149681
0.0153774
0.0521608
0.0564529
0.00961477
0.0760471
0.150745
0.115949
0.00720826
0.00750833
0.00466732
0.0269732
0.00357235
0.0204358
0.00816016
0.000377177
0.00527044
0.0323814
0.057957
0.0120047
0.00407725
0.00921925
0.000837537
0.00368399
0.0593772
0.013452
0.0337421
0.103097
0.0016073
0.115344
0.210986
0.00235529
0.000604149
0.18029
0.0966362
0.00187536
0.0171773
0.00507919
0.00217489
0.00141246
0.171849
0.00464697
0.110704
0.195734
0.0565759
0.0112381
0.00247916
0.000794179
0.00632523
0.00106894
0.0146979
0.0258419
0.141107
0.0832553
0.147836
0.00239917
0.00216489
0.00789961
0.000317765
0.0020422
0.0273721
0.00189974
0.0497547
0.0153293
0.00195909
0.00203546
0.0226836
0.110933
0.163165
0.0672241
0.00140609
0.00440433
0.0254767
0.00855455
0.0619556
0.0167184
0.0140749
0.00223407
0.00130116
0.0938787
0.0869065
0.0833614
0.180804
0.00717816
0.0357907
0.020781
0.000787498
0.00463814
0.00198034
0.00156465
0.0643979
0.0408989
0.00179806
0.0422392
0.103992
0.184095
0.00833804
0.00625096
0.00590795
0.00688278
0.0791842
0.00638379
0.00914909
0.299016
0.0270212
0.052477
0.0451371
0.0444902
0.00361113
0.00237018
0.0151071
0.00795664
0.00164435
0.0100071
0.0564961
0.0796448
0.00380787
0.00928246
0.0375512
0.102093
0.00575491
0.0154747
0.0526511
0.00545645
0.000832006
0.0977989
0.0465276
0.128162
0.0396214
0.00058774
0.00199196
0.0296221
0.00191507
0.0304771
0.135383
0.0570657
0.0995273
0.00810737
0.00355007
0.00148151
0.00410992
0.15001
0.00854396
0.00269012
0.0700667
0.0679467
0.0742625
0.00125941
0.00309052
0.00796588
0.00710133
0.00102023
0.0163236
0.0260208
0.0245235
0.0237766
0.0226719
0.223123
0.00115887
0.00125649
0.00220233
0.0395591
0.002979
0.0108261
0.0121919
0.00179712
0.102485
0.104413
0.0820927
0.0756071
0.0819174
0.0538145
0.00379348
0.000602853
0.00684047
0.0462814
0.0566975
0.00220674
0.00288239
0.00264596
0.00435335
0.0336825
0.036223
0.030672
0.105166
0.10243
0.0638416
0.22426
0.043309
0.0010882
0.00177198
0.00262162
0.0124333
0.047268
0.00528068
0.000715593
0.00257486
0.00190089
0.29091
0.198747
0.351407
0.00204313
0.0519001
0.0945142
0.094306
0.0720371
0.110382
0.000339293
0.0612036
0.00568704
0.00193492
0.00377661
0.00690605
0.000806921
0.0017674
0.00362141
0.0145889
0.00274089
0.0151458
0.00406952
0.0498366
0.00365632
0.00188106
0.0933794
0.000951298
0.00254752
0.00344156
0.00779404
0.0484556
0.00184289
0.00129882
0.00824482
0.00177981
0.00338999
0.143926
0.0496035
0.00368648
0.100624
0.0180698
0.106526
0.15757
0.146126
0.0728107
0.00183511
0.0332634
0.099541
0.235613
0.00130136
0.0229302
0.00196019
0.0267083
0.0942795
0.00105215
0.051527
0.00267564
0.171808
0.0023862
0.0947391
0.0779337
0.00422157
0.110072
0.0204944
0.0431421
0.078483
0.0795052
0.104191
0.0392879
0.147637
0.00135594
0.00267918
0.0409855
0.0545845
0.000716835
0.00109318
0.0099954
0.00590799
0.276881
0.0442052
0.00609871
0.00121299
0.00717303
0.260839
0.360703
0.00619036
0.0237554
0.000486187
0.0761954
0.0650341
0.104469
0.00443532
0.0032667
0.31689
0.303857
0.0600328
0.034922
0.0119162
0.00214852
0.00667591
0.127722
0.051256
0.00187222
0.0889293
0.00205556
0.00185458
0.13643
0.155983
0.00188105
0.00136676
0.044153
0.0133876
0.00358771
0.0105101
0.000666299
0.0222573
0.1223
0.00290765
0.0014967
0.00305157
0.153673
0.000723729
0.00103054
0.00346148
0.0202393
0.00065641
0.0095862
0.00185402
0.0831039
0.111351
0.147932
0.0207099
0.0146916
0.108348
0.149043
0.0543185
0.00255537
0.102252
0.132515
0.0137701
0.107515
0.0512009
0.00259415
0.0253709
0.0298184
0.144179
0.0251388
0.0955319
0.102978
0.0112755
0.167172
0.0120606
0.000795581
0.00688621
0.0228066
0.000868075
0.00184944
0.0531729
0.00108144
0.000671712
0.0930452
0.246641
0.263634
0.0155856
0.0341362
0.0975468
0.00596872
0.00546114
0.0016365
0.00341545
0.000508914
0.00861809
0.00124173
0.00763895
0.00775578
0.0634343
0.00517796
0.0358653
0.0186338
0.0125924
0.0413071
0.000293619
0.00358024
0.0128119
0.00743444
0.00518919
0.00276483
0.00211233
0.0499066
0.0483335
0.0490014
0.00107307
0.0106529
0.0852279
0.0706849
0.00144516
0.00972699
0.0129779
0.0192041
0.0764132
0.0312458
0.235629
0.00888332
0.00646096
0.00151759
0.00597887
0.117988
0.0219057
0.0691905
0.00492263
0.000924048
0.00529449
0.0021455
0.0614013
0.0473246
0.00251912
0.0316852
0.00549108
0.138618
0.00213011
0.0155651
0.0339151
0.0701573
0.205855
0.000890144
0.00225828
0.00221601
0.0343792
0.15123
0.00691534
0.0203881
0.00229734
0.00205347
0.0677608
0.00610314
0.00103234
0.0404362
0.104292
0.0868291
0.00691386
0.00435241
0.000885211
0.152122
0.109403
0.113507
0.0522294
0.00963024
0.0402332
0.00568823
0.00155343
0.0494584
0.0479097
0.000793772
0.0722183
0.0534824
0.00151433
0.0014527
0.0192113
0.0210671
0.0005752
0.0895288
0.0408317
0.00121606
0.000561155
0.00561514
0.271928
0.165507
0.0502488
0.00222542
0.208522
0.00121465
0.00376034
0.00744963
0.0105217
0.000793463
0.034108
0.0904012
0.0278313
0.193899
0.374019
0.00138627
0.0227319
0.00176488
0.0941728
0.0167043
0.00226788
0.00198096
0.00050909
0.00380275
0.123888
0.00139463
0.000891853
0.0407278
0.0954013
0.06892
0.00161624
0.00182837
0.0299339
0.00195929
0.00738019
0.00574548
0.165821
0.118377
0.000508264
0.0689831
0.0409647
0.0550482
0.00699922
0.472268
0.404865
0.00169965
0.159664
0.00216029
0.175174
0.00706529
0.00274112
0.0260905
0.0789612
0.0800366
0.00139534
0.0889745
0.3269
0.00152776
0.00393489
0.00358002
0.178691
0.0212414
0.00127349
0.00280314
0.00094929
0.133937
0.00151669
0.104621
0.161946
0.24512
0.00284386
0.104997
0.0381336
0.0294664
0.0437447
0.00681496
0.012145
0.00412598
0.00356135
0.00108401
0.0270889
0.0498443
0.0154322
0.00180827
0.156935
0.00564614
0.0501168
0.00154721
0.00110909
0.00162477
0.205783
0.000941153
0.0129654
0.00288035
0.00107927
0.01116
0.175396
0.0363754
0.0753
0.0969209
0.101183
0.0631388
0.242482
0.00377915
0.00284368
0.000765439
0.0831358
0.0813677
0.0460247
0.0933037
0.0942149
0.00850341
0.00646786
0.136392
0.143735
0.000749635
0.0126899
0.00519716
0.00284893
0.00184173
0.195797
0.12976
0.221672
0.00256699
0.00335195
0.0374878
0.0641317
0.0311342
0.144602
0.0243195
0.0348575
0.0013789
0.00315792
0.00176189
0.000769199
0.0546574
0.00546683
0.0723155
0.0798391
0.304817
0.00422005
0.357735
0.00119526
0.054991
0.0288484
0.0326462
0.0462562
0.0184963
0.000868073
0.00205419
0.0109383
0.000899994
0.0607407
0.0127993
0.0311359
0.0422074
0.0021607
0.000400458
0.0642573
0.00326859
0.000884539
0.0678322
0.0271158
0.0055688
0.00105916
0.0111073
0.0313709
0.00246147
0.124055
0.0190063
0.00117138
0.000200966
0.00943905
0.00260042
0.0972511
0.00168096
0.0376031
0.0587433
0.00213703
0.153792
0.0289165
0.0781626
0.0951294
0.00729325
0.0143237
0.00463047
0.00463699
0.00590551
0.00256784
0.0356436
0.00766914
0.0349007
0.0277922
0.037229
0.00166992
0.0611128
0.00118435
0.00190411
0.011409
0.00680223
0.108045
0.00113132
0.0245548
0.00175659
0.00195731
0.000917964
0.0121251
0.0291289
0.0015558
0.138852
0.0280691
0.00224933
0.0465987
0.00421804
0.00097592
0.0278884
0.00319565
0.0381089
0.0440307
0.0247207
0.0257021
0.0573289
0.0352002
0.055132
0.0016034
0.0332308
0.00689466
0.171896
0.20148
0.00274083
0.0869491
0.0713482
0.005815
0.00283489
0.0132145
0.0304647
0.00980109
0.00416423
0.00183632
0.0852153
0.188891
0.0941473
0.147477
0.00128775
0.103512
0.0124283
0.0310787
0.264481
0.00552456
0.00130936
0.0657581
0.00446681
0.00135842
0.0560675
0.00271842
0.00351886
0.00336628
0.00361193
0.00169555
0.00159092
0.000982722
0.140127
0.00492889
0.00282424
0.0351144
0.00610297
0.00375251
0.00360156
0.00986731
0.0016499
0.0437218
0.0272237
0.196724
0.00244731
0.00502662
0.108274
0.0538134
0.00748485
0.00205388
0.141325
0.0782646
0.00422448
0.280446
0.253057
0.00938418
0.143197
0.000800874
0.00148833
0.0330279
0.0027376
0.00136307
0.00277853
0.00101148
0.00114112
0.0439912
0.000780563
0.00612509
0.00214254
0.00813203
0.121568
0.00117543
0.0348293
0.0240223
0.0218795
0.0215572
0.00131224
0.00194114
0.00145314
0.00981556
0.00288035
0.0277212
0.00251206
0.000844403
0.211464
0.0697356
0.078038
0.00687004
0.00135356
0.00230335
0.00198274
0.000275955
0.131565
0.0547931
0.00169688
0.080476
0.00211146
0.00199362
0.00257773
0.0361615
0.000430338
0.0036484
0.103095
0.00161372
0.000742323
0.0286333
0.0689959
0.0240277
0.0143716
0.0083414
0.108497
0.0651824
0.0359196
0.0071601
0.116583
0.00228407
0.00718809
0.00112208
0.00273314
0.0116849
0.00956733
0.171657
0.0124401
0.00422866
0.00302293
0.000896244
0.22061
0.00266019
0.00574643
0.404442
0.0022659
0.0596533
0.00508419
0.16206
0.0303395
0.0895233
0.279165
0.23187
0.00436527
0.011256
0.000647019
0.212555
0.102867
0.16367
0.011504
0.010119
0.00144195
0.00293663
0.0205961
0.00367555
0.00511514
0.000870755
0.00320542
0.00802503
0.145309
0.00619579
0.00215737
0.0005698
0.102253
0.242072
0.0223797
0.0428484
0.0159268
0.00215777
0.0197827
0.0052702
0.303324
0.290552
0.331119
0.0967261
0.0149215
0.236539
0.0933968
0.00655342
0.0813515
0.00085726
0.109318
0.00108134
0.0312275
0.0236678
0.292655
0.093041
0.00362098
0.00311992
0.0364531
0.00231609
0.00579212
0.0047037
0.00366766
0.0101393
0.024095
0.12674
2.63513e-005
0.000561559
0.00124538
0.00286296
0.00259923
0.41873
0.0379612
0.242749
0.238496
0.133976
0.00238221
0.00526223
0.0803987
0.00074106
0.170365
0.0101014
0.0132868
0.00425149
0.0105822
0.196312
0.409481
0.375588
0.00297822
0.0532073
0.0020972
0.00166573
0.000952682
0.126498
0.00458046
0.00518042
0.0488863
0.00159526
0.00203053
0.00841057
0.16785
0.105398
0.00211408
0.00260158
0.0277178
0.00121046
0.00136024
0.00790942
0.000338833
0.00285495
0.00276714
0.0972946
8.98924e-005
0.0251913
0.011997
0.0101803
0.160092
0.0165384
0.0240404
0.0295921
0.00146706
0.0045162
0.00263973
0.00337701
0.00187801
0.084445
0.0403343
0.0969761
0.191957
0.0799144
0.0353631
0.00668978
0.00911485
0.0018449
0.134569
0.0504545
0.00805516
0.0386712
0.00261026
0.00383892
0.00254954
0.00164653
0.00508148
0.0027193
0.0718436
0.0229374
0.0950885
0.0109473
0.358103
0.0515949
0.00465799
0.00214416
0.00290229
0.00930507
0.0619902
0.0174345
0.00211739
0.00133221
0.00262635
0.00408723
0.00269345
0.00291274
0.0296594
0.130778
0.146262
0.057006
0.126623
0.00168968
0.000527847
0.0057051
0.00123313
0.000713996
0.0120893
0.0731305
0.0272433
0.0291071
0.00371065
0.00888349
0.00295466
0.0267668
0.266454
0.173098
0.0404118
0.0536773
0.111744
0.0568301
0.0562026
0.00300822
0.0122036
0.00128445
0.0023292
0.0221
0.134243
0.00241849
0.000596886
0.138675
0.00653395
0.00350412
0.00243112
0.00249937
0.00351148
0.0307708
0.0357603
0.0605428
0.0169889
0.0989916
0.000704246
0.0203316
0.0813513
0.056863
0.130992
0.179347
0.0120937
0.0265775
0.110199
0.121529
0.0104701
0.00898608
0.0378238
0.0718054
0.000818002
0.00176596
0.0718094
0.002568
0.0473369
0.00848549
0.106969
0.00793593
0.018913
0.00144402
0.000680742
0.0603467
0.125774
0.00282434
0.0929527
0.0181337
0.00378445
0.000110267
0.00264465
0.178255
0.127751
0.135165
0.0246001
0.00300062
0.00398326
0.00156538
0.0014841
0.00167548
0.0797174
0.000990286
0.0024478
0.00242385
0.122823
0.02493
0.0832727
0.00162118
0.00063439
0.00128773
0.000714369
0.00855161
0.00138657
0.00416702
0.177404
0.0769786
0.0172439
0.00146453
0.0208696
0.0139769
0.00218013
0.222498
0.111637
0.00223029
0.0549256
0.0673028
0.0556661
0.000582718
0.000758848
0.000832496
0.00110188
0.00653044
0.00133026
0.00108407
0.0307647
0.000530441
0.00186669
0.021414
0.00325789
0.0635111
0.00805517
0.129103
0.0606117
0.0381724
0.00379292
0.086375
0.0898166
0.165544
0.24108
0.0105739
0.0640354
0.0260415
0.00850152
0.00155475
0.00489405
0.255852
0.0507728
0.00189975
0.00326275
0.00274083
0.00167113
0.000469685
0.000964334
0.0683643
0.373456
0.00411443
0.000820782
0.029146
0.00471758
0.0781711
0.0704478
0.00257137
0.00646363
0.0207522
0.0228786
0.0776472
0.00945918
0.00580475
0.0140747
0.0035991
0.124859
0.0855807
0.385842
0.199235
0.378796
0.0568548
0.00550643
0.00622355
0.0019808
0.00898892
0.143074
0.000644647
0.00888011
0.0216977
0.00520871
0.448432
0.00157895
0.0443687
0.130242
0.172426
0.0146724
0.0157839
0.103015
0.0482737
0.104888
0.00141515
0.225057
0.0793833
0.079928
0.0693022
0.0622579
0.00139208
0.129542
0.000542609
0.000749111
0.00216176
0.00206513
0.00150222
0.00483794
0.28713
0.00173817
0.00345427
0.0146554
0.014369
0.0804334
0.0954857
0.036565
0.00158999
0.121562
0.00270951
0.00191735
0.00978272
0.0608413
0.0202725
0.0248549
0.0761362
0.181856
0.272152
0.00171816
0.203789
0.0432449
0.0233858
0.0193533
0.0430517
0.287977
0.0560654
0.0052897
0.0076457
0.00499788
0.00198903
0.0629587
0.077148
0.00159203
0.00150062
0.00144727
0.0299984
0.130117
0.00250359
0.00131357
0.13053
0.178358
0.0965355
0.0111902
0.00193325
0.00420041
0.00772082
0.110459
0.0016046
0.00286924
0.0967022
0.00172131
0.427055
0.00141926
0.000722931
0.000910324
0.00118404
0.00178484
0.00163609
0.000488829
0.0184677
0.0537324
0.0760991
0.315912
0.0352794
0.00266959
0.000604509
0.0187756
0.0145147
0.0356317
0.0816864
0.23347
0.00315912
0.00357567
0.171881
0.00526706
0.0859781
0.0285046
0.029122
0.000660046
0.00515293
0.0694385
0.061388
0.00324287
0.0166704
0.0879568
0.174261
0.46341
0.0443483
0.0675867
0.0524464
0.00127778
0.00198817
0.00146441
0.00216978
0.0230564
0.0124161
0.00226254
0.0859193
0.00365086
0.00686132
0.00166456
0.00400434
0.0012878
0.000410599
0.0409483
0.0183177
0.0656249
0.0100439
0.406486
0.123179
0.181814
0.0162993
0.231766
0.0302262
0.0845473
0.00853509
0.0114058
0.00153008
0.00831061
0.00194286
0.00193319
0.0147749
0.00807888
0.00774834
0.0289912
0.00884544
0.00136112
0.0172043
0.0382381
0.0738702
0.0019925
0.038889
0.00564366
0.0133013
0.00958136
0.113989
0.00348771
0.0259002
0.117141
0.00324737
0.000651762
0.0084321
0.00101744
0.0010145
0.0111623
0.0262369
0.0167971
0.0127173
0.0307463
0.105876
0.20658
0.00377414
0.0229904
0.23729
0.302511
0.143828
0.172877
0.00170681
0.0249112
0.0425966
0.0551863
0.00100884
0.00176391
0.0420011
0.00113902
0.0127552
0.00815541
0.0527354
0.00316919
0.00165371
0.000679854
0.0294623
0.0185364
0.00975018
0.0125013
0.0935399
0.0934869
0.00326239
0.00157762
0.00103687
0.0196973
0.00214507
0.194152
0.00262366
0.00171159
0.000888738
0.070563
0.00152164
0.0104974
0.00428247
0.00250405
0.00268247
0.00895859
0.0157109
0.0329026
0.00857318
0.00964192
0.0298753
0.0697509
0.0037377
0.218202
0.185188
0.00746851
0.000769359
0.00160412
0.0158177
0.00251034
0.0225422
0.112354
0.000709106
0.0396272
0.0710984
0.0038288
0.0374741
0.0283195
0.00142824
0.0354271
0.00708469
0.0691636
0.120139
0.0759164
0.0112624
0.0128928
0.00394678
0.00121377
0.00174481
0.134523
0.00261798
0.00273952
0.00604873
0.056165
0.00181528
0.268223
0.00349398
0.0203302
0.0120297
0.072242
0.0680107
0.148691
0.0021503
0.222578
0.244115
0.00184949
0.066413
0.000466795
0.00734339
0.0837491
0.154062
0.139903
0.0323853
0.00100312
0.00786806
0.00963149
0.0121293
0.106728
0.0850359
0.00282824
0.00193388
0.0295248
0.0300677
0.107977
0.00530486
0.285891
0.0891661
0.00847565
0.00517038
0.130144
0.195292
0.00245661
0.289098
0.00321341
0.00182759
0.000538393
0.0900348
0.0844417
0.0740372
0.0026051
0.100426
0.00167085
0.136281
0.106615
0.0175956
0.00844798
0.00345505
0.121277
0.000687024
0.00623925
0.00482911
0.0119008
0.311029
0.00238965
0.0110154
0.0778831
0.065316
0.0564776
0.0314373
0.0871359
0.0580154
0.0141339
0.0816237
0.00508681
0.165289
0.0043984
0.0715772
0.0575638
0.00550277
0.130183
0.00320613
0.0106335
0.0473202
0.000912641
0.0781364
0.138001
0.0419279
0.00169938
0.044884
0.067569
0.0380499
0.00864232
0.00146195
0.0197326
0.000732285
0.00237375
0.00133074
0.0331566
0.013358
0.000412462
0.135165
0.0846638
0.0646412
0.072395
0.00233091
0.165761
0.00127313
0.00150624
0.0827317
0.119365
0.0482779
0.153975
0.17468
0.00118473
0.0868222
0.0014999
0.00120831
0.080097
0.00573338
0.00303755
0.176877
0.0017865
0.0254536
0.0507023
0.0783499
0.00134128
0.0236781
0.0452663
0.204463
0.00426998
0.00290927
0.000536017
0.00512376
0.00869929
0.0016429
0.00154359
0.00115832
0.00272631
0.000409118
0.129084
0.0015448
0.0266448
0.00745671
0.0694924
0.00852314
0.000500535
0.24997
0.0135703
0.0190018
0.123879
0.144995
0.00438766
0.00788562
0.00126423
0.00608456
0.0427884
0.233922
0.165223
0.0178024
0.00599253
0.00151825
0.124145
0.145315
0.0355969
0.175499
0.141214
0.145532
0.0225957
0.0189475
0.00704724
0.184809
0.264719
0.0019167
0.0348759
0.0155656
0.0705671
0.0168365
0.00219419
0.00552683
0.000967685
0.0019297
0.0132052
0.00778669
0.0258738
0.00608086
0.00675214
0.00195523
0.00246537
0.00308358
0.00249204
0.00118495
0.474175
0.0186546
0.00105206
0.0020278
0.00505344
0.0300252
0.00717069
0.0057141
0.147742
0.00297221
0.00105212
0.00151399
0.103498
0.1061
0.00124399
0.00187847
0.00719569
0.000719668
0.00310706
0.121686
0.00108967
0.0083546
0.0217046
0.156216
0.00875079
0.00962148
0.0011723
0.0596058
0.00159015
0.00966594
0.157521
0.133447
0.00777272
0.0846339
0.0165501
0.0346067
0.00870898
0.00040098
0.0804605
0.0802875
0.0585107
0.000933646
0.118093
0.131174
0.00071687
0.00112452
0.0652809
0.248415
0.130694
0.144199
0.0580905
0.0420204
0.000885052
0.0177537
0.0218124
0.0472616
0.00159143
0.0359103
0.111877
0.00123542
0.00852666
0.07717
0.0201933
0.229106
0.00403009
0.094238
0.0111575
0.276377
0.126924
0.288896
0.000936356
0.00115843
0.000947678
0.0841066
0.0160526
0.000700385
0.0446762
0.00441351
0.0136703
0.021052
0.0942307
0.00159288
0.0015448
0.0026302
0.0247075
0.0882746
0.00505596
0.00461114
0.00226503
0.000185995
0.00566002
0.014639
0.0779336
0.108307
0.198072
0.0849646
0.0481998
0.0940865
0.000551444
0.0146785
0.0721
0.000224461
0.00598755
0.460674
0.00142824
0.0438291
0.0077388
0.146247
0.0020512
0.100065
0.47771
0.00234086
0.0019392
0.000908066
0.000779214
0.108224
0.12168
0.00283518
0.0387141
0.00139999
0.0865977
0.138428
0.18177
0.00107606
0.0458495
0.00128702
0.0770043
0.0845559
0.00135976
0.00101731
0.000362734
0.000461179
0.108503
0.00666081
0.0702345
0.000932959
0.0146938
0.00305397
0.00553229
0.36096
0.0523727
0.0790416
0.0831651
0.0232847
0.109565
0.0173355
0.000882084
0.0100873
0.0321602
0.142402
0.00415915
0.00809203
0.00538788
0.0469015
0.00838297
0.00739928
0.00310714
0.00345958
0.00189821
0.0843654
0.000561946
0.0011012
0.104708
0.00489143
0.180257
0.00122079
0.000840267
0.00956973
0.0773069
0.0264783
0.00885002
0.00529391
0.0727956
0.110734
0.000555613
0.0110535
0.00211028
0.035865
0.00182529
0.00117957
0.00701157
0.00127788
0.00371742
0.00213825
0.000977413
0.0245723
0.00201843
0.000536365
0.00278485
0.00874754
0.00108344
0.0248687
0.000908013
0.0506598
0.00278371
0.0049941
0.00545363
0.00953808
0.223921
0.132574
0.00564313
0.00994619
0.0997496
0.000127984
0.0138355
0.136952
0.000905056
0.0415602
0.0647788
0.0934909
0.120767
0.320142
0.00487904
0.00595109
0.000641366
0.316782
0.0818271
0.0365033
0.187303
0.00713593
0.0103274
0.0102737
0.0108392
0.0945168
0.000543179
0.0713278
0.0718866
0.000985274
0.000828325
0.0141347
0.0190704
0.00145918
0.00115386
0.010921
0.18324
0.0379078
0.016631
0.00860072
0.408693
0.0384414
0.00725331
0.331792
0.0109678
0.00527373
0.00556434
0.00683424
0.00205362
0.234066
0.00182015
0.00242175
0.00384533
0.02752
0.0063638
0.00643665
0.00311538
0.206333
0.0019978
0.134876
0.142127
0.0208497
0.000829607
0.000430506
0.0849695
0.00361293
0.198195
0.12471
0.137054
0.12213
0.0573399
0.387437
0.199457
0.00554885
0.127967
0.000756384
0.00880068
0.0250273
0.00827586
0.15224
0.160753
0.00794382
0.000825409
0.0761812
0.00221917
0.00470728
0.0514786
0.242755
0.00953229
0.00122591
0.0158962
0.0195581
0.00345966
0.117684
0.0570501
0.0105407
0.37108
0.00112911
0.0252213
0.068154
0.0872851
0.00316646
0.150173
0.0278015
0.03519
0.0512094
0.00819865
0.282014
0.329844
0.00285019
0.0168798
0.134088
0.00862863
0.00297366
0.350393
0.121852
0.00133338
0.020983
0.153285
0.0618562
0.0049249
0.00255157
0.0143612
0.00323492
0.0642921
0.00449814
0.00761647
0.0334238
0.00555895
0.148413
0.0909863
0.128377
0.00467289
0.316863
0.108093
0.00540794
0.103813
0.00082698
0.0156154
0.0023437
0.00221675
0.240023
0.0139459
0.0161178
0.0043815
0.015596
0.0415534
0.00585369
0.00231127
0.0146194
0.00357896
0.11494
0.23369
0.00334766
0.0367018
0.0036292
0.127353
0.000455867
0.0131016
0.17633
0.0357694
0.000643191
0.0123707
0.0551537
0.0412556
0.0494241
0.0968803
0.0541675
0.00326527
0.000770948
0.00742433
0.0376206
0.0494804
0.0144411
0.00650266
0.409317
0.109383
0.152259
0.250967
0.147817
0.000404923
0.0025385
0.0686809
0.387599
0.0491253
0.138632
0.139812
0.580559
0.033727
0.0373128
0.0682711
0.0435758
0.0484073
0.0344657
0.0161886
0.00884134
0.0851329
0.122045
0.0688131
0.0656085
0.00553966
0.211556
0.00175249
0.189443
0.0148493
0.00154783
0.00250152
0.00610669
0.00168991
0.0835829
0.0267998
0.103178
0.00183254
0.00282749
0.00428111
0.0664427
0.00551635
0.00282389
0.00616346
0.00214089
0.252386
0.034727
0.00565023
0.0131546
0.0132434
0.00602536
0.00145507
0.0064499
0.0111126
0.00810381
0.00276845
0.00177979
0.173604
0.00188226
0.0678353
0.0198915
0.000645689
0.116714
0.0445811
0.00090951
0.0141751
0.222844
0.246647
0.00110156
0.191704
0.00416479
0.141887
0.119294
0.0136206
0.0176025
0.0730665
0.0733116
0.177188
0.0642695
0.162172
0.209325
0.00825452
0.0008252
0.0653221
0.00380971
0.0104938
0.0105831
0.000957433
0.00390283
0.00137428
0.00169628
0.00238473
0.00171138
0.0699416
0.00318214
0.110342
0.285785
0.11323
0.00344524
0.106067
0.000316557
0.0690601
0.272894
0.204073
0.101512
0.00502171
0.0487689
0.000737723
0.0707619
0.11485
0.0459641
0.00300749
0.076321
0.404772
0.0133849
0.0159008
0.00166772
0.213633
0.22906
0.00676346
0.0415053
0.00109807
0.000559754
0.0464874
0.374512
0.231763
0.00160364
0.00151889
0.00363309
0.00358151
0.091355
0.00219941
0.00980949
0.0376855
0.051142
0.041289
0.00466176
0.0524695
0.0411861
0.000692227
0.00124864
0.0346265
0.00836501
0.00296525
0.000870217
0.0182529
0.00456952
0.0244946
0.0464895
0.289334
0.0218899
0.00104634
0.0837061
0.00298407
0.0186272
0.00456035
0.00242879
0.101487
0.00287171
0.0216325
0.00196498
0.0008294
0.0523176
0.00252415
0.000945945
0.00183973
0.0413437
0.194017
0.0115194
0.123484
0.0103431
0.00205939
0.265512
0.0159861
0.0126371
0.00485173
0.00345461
0.0186547
0.0697581
0.132756
0.0995087
0.0941499
0.265635
0.0155421
0.020668
0.233073
0.018495
0.0954484
0.12438
0.00368162
0.00368199
0.152007
0.0291147
0.00322946
0.00134776
0.0652065
0.0487406
0.327565
0.237666
0.0311633
0.00240671
0.0030021
0.00123863
0.0181827
0.0416997
0.0444493
0.0360404
0.105511
0.0029061
0.0779675
0.00144634
0.00364997
0.00294263
0.0134893
0.0502696
0.229545
0.194108
0.308846
0.000451987
0.167915
0.0134186
0.0959116
0.000172458
0.0156761
0.0314541
0.0593296
0.0168019
0.00752442
0.0797142
0.063465
0.00389097
0.000797612
0.00216517
0.15166
0.00368801
0.196856
0.107848
0.00470388
0.111709
0.00503462
0.00186806
0.00219917
0.0667398
0.00234707
0.00212567
0.015365
0.203375
0.116599
0.00381654
0.0164413
0.0539273
0.00410746
0.140602
0.11547
0.245202
0.266893
0.00103706
0.000431891
0.0376911
0.00522647
0.166802
0.0654905
0.210461
0.405487
0.104549
0.128238
0.00359017
0.113544
0.00658444
0.148985
0.190688
0.0179372
0.0421804
0.095102
0.294133
0.0025971
0.0079619
0.0884034
0.117401
0.172251
0.00351501
0.0973624
0.00113103
0.00375302
0.0334198
0.00973559
0.294385
0.169152
0.0327016
0.0100088
0.000190469
0.0599775
0.000632142
0.00500897
0.00686437
0.0203785
0.0233024
0.0645556
0.0922651
0.19809
0.221641
0.149393
0.215827
0.0245408
0.00253401
0.0833677
0.329368
0.0856809
0.154692
0.00157386
0.0792057
0.118471
0.126727
0.0639739
0.0703703
0.0138576
0.00348707
0.00525413
0.197176
0.133246
0.0339425
0.0105364
0.132512
0.156077
0.237267
0.0094327
0.108426
0.151885
0.000717892
0.0127787
0.124214
0.000617345
0.0127165
0.0021873
0.0583955
0.0118581
0.00378244
0.104805
0.00737826
0.413186
0.125486
0.0033173
0.00828499
0.0119001
0.00271906
0.00719095
0.255572
0.0468396
0.107613
0.000524831
0.0171777
0.00328443
0.176298
0.00539528
0.077487
0.0548552
0.167748
0.116461
0.068583
0.101397
0.0754252
0.0995447
0.147293
0.0652392
0.013936
0.0231464
0.0038351
0.000724827
0.319979
0.0695638
0.00360814
0.0167668
0.00251683
0.00353715
0.0134108
0.00981246
0.0147009
0.0725135
0.294273
0.00255141
0.0661182
0.0694692
0.00402734
0.0370647
0.0463475
0.0268996
0.0709588
0.0208537
0.00261545
0.243638
0.00437933
0.00358792
0.00500173
0.00245679
0.221332
0.0273697
0.155109
0.00595387
0.000342696
0.000744905
0.161362
0.0812004
0.14912
0.00926277
0.259299
0.0609476
0.0574664
0.0165224
0.0613818
0.00587062
0.000896196
0.00363752
0.00437059
0.000961643
0.20861
0.19484
0.270839
0.111871
0.000552205
0.00432657
0.031814
0.000512044
0.010018
0.00777816
0.0493931
0.00618546
0.0730946
0.00150985
0.00282801
0.112729
0.113449
0.14473
0.00726572
0.109979
0.0813177
0.0014875
0.0131642
0.0276015
0.0207345
0.0212621
0.0132722
0.0155176
0.00364973
0.00567299
0.120868
0.00513986
0.0239724
0.00109967
0.000593134
0.44402
0.0996646
0.00669173
0.0466759
0.00765358
0.00223634
0.0240052
0.00849416
0.0145788
0.00423439
0.0107108
0.00491579
0.491789
0.155208
0.00226979
0.0793819
0.00271017
0.00210479
0.00414237
0.00434516
0.00269956
0.0697559
0.0240558
0.0725318
0.0646118
0.00219822
0.0253273
0.110187
0.276708
0.0159472
0.00354757
0.141452
0.116412
0.0126623
0.0672364
0.0246479
0.0886211
0.127729
0.0800463
0.00456176
0.00481337
0.500596
0.00427158
0.0122913
0.0380514
0.000911443
0.242819
0.119516
0.0954959
0.00845758
0.0122656
0.235107
0.00255157
0.00130217
0.00226577
0.00229548
0.108079
0.0542106
0.0742922
0.000593107
0.00275545
0.0355897
0.0146458
0.0950536
0.117063
0.250108
0.086662
0.110309
0.106524
0.0809938
0.0105817
0.0123572
0.0108219
0.00359731
0.0450122
0.00545396
0.017655
0.00280287
0.0070989
0.00502963
0.00406754
0.0077301
0.0101496
0.0356366
0.0455689
0.073451
0.0832787
0.0987405
0.113033
0.0244223
0.0324509
0.0853623
0.0109758
0.00164142
0.218773
0.0958228
0.00211577
0.0158696
0.109667
0.121047
0.0148303
0.0084718
0.00424856
0.0448892
0.010665
0.139674
0.00191073
0.00714205
0.0245042
0.015697
0.000923392
0.0833943
0.173528
0.114507
0.117036
0.00140838
0.0719787
0.00249895
0.116399
0.0790901
0.00850596
0.00486819
0.00686865
0.0233638
0.0748611
0.00272836
0.178307
0.187951
0.00176453
0.0625322
0.0853362
0.000984196
0.00474947
0.206399
0.0772652
0.00520871
0.311368
0.0689167
0.0390222
0.0985527
0.141254
0.00157121
0.100769
0.243037
0.319382
0.225005
0.295257
0.0064665
0.0037697
0.022659
0.213654
0.0636341
0.0953723
0.0222726
0.0273023
0.0742738
0.135554
0.0451882
0.0940742
0.0114488
0.0777668
0.00420078
0.0954184
0.00871242
0.0236825
0.00412144
0.0673463
0.0791472
0.0563959
0.0792051
0.100256
0.00788602
0.00308319
0.00494821
0.0098887
0.0584117
0.00679421
0.00655128
0.0373959
0.216538
0.163306
0.00172933
0.00133127
0.0512155
0.00345596
0.0114784
0.021267
0.0448121
0.311573
0.0601853
0.00666532
0.00895022
0.13097
0.0246858
0.0156324
0.298762
0.00965806
0.0375186
0.00442239
0.00724026
0.10033
0.02446
0.118258
0.304409
0.355573
0.0140605
0.0314566
0.00404614
0.013539
0.00500371
0.0369495
0.118487
0.0797968
0.00875987
0.0100301
0.136424
0.107089
0.021007
0.0641955
0.0190539
0.0658347
0.0332432
0.0601734
0.00383013
0.104446
0.161522
0.0223627
0.0347128
0.110409
0.194831
0.0168611
0.0555453
0.0616533
0.0157042
0.174105
0.00403991
0.21539
0.0407462
0.0224819
0.143671
0.00635374
0.0925782
0.0831552
0.0908054
0.19261
0.0161509
0.0314903
0.0344929
0.244811
0.140148
0.0965229
0.0643691
0.129755
0.00352656
0.0550247
0.00619173
0.0184087
0.0686621
0.0468276
0.092349
0.00525048
0.0031612
0.00444255
0.0599775
0.197079
0.0240262
0.167389
0.00365089
0.325493
0.269347
0.00346175
0.00725138
0.00732571
0.198562
0.0789956
0.108775
0.0795996
0.00903984
0.0693773
0.0135441
0.0636782
0.0213644
0.167965
0.140541
0.00671154
0.157361
0.00962985
0.0180693
0.175686
0.00249942
0.00231517
0.0970912
0.11327
0.00113245
0.00360263
0.00318366
0.210812
0.202812
0.106237
0.197668
0.0131218
0.501929
0.0109609
0.0072506
0.0099193
0.0402728
0.00342676
0.0071846
0.0723041
0.0907432
0.0215777
0.0399649
0.00786111
0.075606
0.00472671
0.00502999
0.0452532
0.0421065
0.331192
0.123014
0.0534481
0.117665
0.126544
0.0101672
0.00702683
0.117561
0.0244199
0.00952549
0.00812371
0.236072
0.0193473
0.275844
0.0747767
0.00271658
0.00904498
0.0287697
0.0253784
0.117549
0.000905466
0.0294772
0.0434731
0.0842682
0.0709946
0.00950931
0.145418
0.114754
0.0320646
0.0056068
0.158611
0.00497924
0.0283752
0.0119908
0.017731
0.00750024
0.0952907
0.108493
0.0242819
0.12545
0.0305341
0.00269581
0.00248522
0.0116579
0.0138139
0.0151592
0.035888
0.356791
0.396672
0.331687
0.0217047
0.0320158
0.0100693
0.0439952
0.0184096
0.0962886
0.00867626
0.310357
0.173735
0.0097325
0.0929222
0.0560901
0.017464
0.131829
0.00632237
0.00161698
0.00094974
0.0948813
0.00521423
0.000655623
0.0054548
0.095639
0.0847734
0.00579172
0.231237
0.311906
0.0150023
0.00308386
0.31926
0.0184071
0.00146359
0.00815905
0.0503555
0.0105358
0.0219211
0.00519623
0.0042638
0.00385011
0.0588577
0.0125578
0.222442
0.0386037
0.00571117
0.0847504
0.125823
0.0509365
0.0359334
0.0694585
0.0625007
0.0612324
0.0108166
0.00594138
0.00364528
0.0194113
0.0212709
0.288697
0.126427
0.00802658
0.0110667
0.185945
0.00984277
0.102893
0.0107405
0.0441592
0.0396294
0.0404291
0.0158748
0.0352764
0.00981969
0.180669
0.0122033
0.0133263
0.0477189
0.42306
0.153104
0.0333932
0.00398535
0.0293212
0.05918
0.210253
0.0815093
0.00239183
0.0027369
0.0331531
0.0144561
0.0363149
0.132471
0.0616608
0.117192
0.169634
0.163839
0.0376374
0.0538352
0.00187561
0.0297333
0.0052478
0.191579
0.0139832
0.00236999
0.128459
0.0444697
0.281274
0.0959473
0.00395417
0.0108775
0.0654097
0.0306318
0.0421862
0.106824
0.0103545
0.079088
0.128916
0.0201423
0.228322
0.103298
0.00513292
0.0558188
0.0543554
0.0688938
0.0115375
0.00764379
0.00190266
0.0121485
0.0399872
0.198662
0.0107304
0.00452409
0.00438652
0.0652168
0.0417991
0.0330025
0.0111436
0.00799364
0.106704
0.0191547
0.0657815
0.00309233
0.0020702
0.279509
0.00399521
0.0501501
0.0133448
0.106345
0.252283
0.0190735
0.00342468
0.0135125
0.181011
0.133043
0.0032283
0.00456855
0.000751844
0.00981743
0.0152347
0.0169405
0.028894
0.0115456
0.0140998
0.0487222
0.0224593
0.158854
0.00448976
0.326353
0.0153782
0.255863
0.0132199
0.0819377
0.00443279
0.0245184
0.0386029
0.0240579
0.440851
0.0378253
0.00412633
0.0187192
0.00364834
0.212396
0.138506
0.129096
0.194098
0.00680179
0.00188973
0.068709
0.0509827
0.0701872
0.0550283
0.0201783
0.0514862
0.00256242
0.0474383
0.031906
0.0430936
0.185948
0.097726
0.0393425
0.0175769
0.0211398
0.294769
0.00383511
0.0109916
0.0451934
0.152853
0.0475177
0.0777343
0.115938
0.205269
0.0124187
0.0780443
0.19326
0.0359518
0.0609646
0.197182
0.0059583
0.107689
0.0969213
0.128689
0.3892
0.15898
0.174966
0.228362
0.129118
0.143282
0.00634092
0.107525
0.023137
0.0193717
0.0659378
0.044468
0.120206
0.0648865
0.00867734
0.0591443
0.0144433
0.0108001
0.134359
0.00848629
0.0340356
0.054708
0.0121497
0.0204544
0.00329223
0.00467635
0.00324049
0.0284278
0.0367496
0.00832794
0.00393726
0.0095877
0.0142034
0.166991
0.00393307
0.00277666
0.117843
0.190435
0.239226
0.064638
0.0458222
0.0409955
0.0306407
0.0138703
0.0274887
0.0033205
0.238586
0.0949644
0.223206
0.155351
0.0110031
0.00904514
0.0838787
0.00561433
0.0281418
0.0359422
0.0192581
0.00455997
0.164472
0.268933
0.0417852
0.00344967
0.0629093
0.0780314
0.00957825
0.19514
0.0131904
0.00157032
0.0120268
0.00748314
0.0113845
0.00954954
0.0725477
0.0944679
0.0368018
0.0510561
0.0048803
0.057461
0.0775599
0.0384626
0.00330724
0.0470707
0.0818957
0.0230146
0.00211015
0.004808
0.0249978
0.0569485
0.0128464
0.00729553
0.20568
0.0448245
0.0217893
0.0362178
0.0478689
0.00249285
0.00733835
0.0192016
0.0991145
0.00876384
0.00625769
0.0768882
0.00576535
0.033908
0.0159682
0.0153353
0.0341167
0.139033
0.0612787
0.121494
0.00408589
0.0113405
0.0555427
0.0692404
0.182254
0.28356
0.196611
0.0151384
0.0154614
0.0887792
0.367248
0.387876
0.0130434
0.0822526
0.102943
0.185465
0.0303512
0.0538517
0.0264528
0.276289
0.0102371
0.0610607
0.180473
0.194176
0.0191436
0.119811
0.144798
0.0119006
0.164201
0.103856
0.0176649
0.267425
0.0401425
0.323235
0.0695786
0.0603265
0.12782
0.137524
0.357509
0.202424
0.036028
0.00424272
0.0072669
0.311178
0.279035
0.117273
0.0949882
0.194849
0.0499702
0.020902
0.157223
0.0605012
0.175134
0.135291
0.208188
0.126642
0.213841
0.126987
0.203205
0.0630195
0.0523556
0.0872155
0
0.0560051
0.220415
0.0143251
0.0470468
0.0607488
0.0378968
0.0193088
0.00888112
0.011273
0.0709754
0.00901531
0.0247782
0.049464
0.00973953
0.007556
0.00590372
0.0666286
0.0324857
0.010317
0.00454303
0.0916517
0.00621481
0.0167318
0.00520886
0.0155384
0.0839806
0.00326039
0.0238189
0
0.00190639
0.00764748
0.0650138
0.0602623
0.00557639
0.0368038
0.0380547
0.0111607
0.0292532
0.0184116
0.0601147
0.0208484
0.0141869
0.00988502
0.00882224
0.0262601
0.0157494
0.00502401
0.0253712
0.0317441
0.00310469
0.00310467
0.00568853
0.00879509
0.0205149
0.022818
