8971
0.00132053
0.0308597
0.00132569
0.00137117
0.00142972
0.00205162
0.00173205
0.00230807
0.0020994
0.000800042
0.00367543
0.00267973
0.00212618
0.000907962
0.00350154
0.00190907
0.000131394
0.00164119
0.00416222
0.00167604
0.00218743
0.00116628
0.00170358
0.0025131
0.00198023
0.00065144
0.00254928
0.000882935
0.001625
0.0018482
0.00224543
0.00290986
0.00203227
0.00297983
0.0599348
0.00206307
0.00243369
0.00144635
0.00183587
0.00138597
0.00183899
0.00118828
0.00211031
0.00177469
0.000921201
0.00205307
0.00237163
0.00233527
0.00349654
0.00128988
0.000588775
0.00119494
0.000998565
0.00228802
0.000509074
0.00261653
0.000640444
0.000799508
0.00174479
0.0016616
0.00350633
0.00208805
0.000702136
0.00200714
0.0015024
0.00109201
0.00199201
0.00136341
0.00060537
0.0039292
0.00164861
0.000629185
0.00204635
0.000900003
0.00185117
0.00183431
0.000913294
0.00199595
0.136751
0.00109906
0.0014079
0.00109837
0.000431078
0.00120324
0.000938144
0.00311093
0.0020449
0.0053364
0.0102507
0.00209321
0.000669025
0.00208902
0.00127058
0.000506913
0.00373583
0.000601973
0.00186556
0.0018745
0.000891596
0.00120068
0.00244956
0.000952488
0.00234293
0.00403609
0.00311636
0.0019721
0.00025077
0.000286281
0.00257039
0.0108427
0.00333205
0.00136011
0.000568896
0.00183916
0.00228042
0.00166262
0.00128091
0.00218368
0.00220464
0.017925
0.00744992
0.00243029
0.00203882
0.00190223
0.0014357
0.000294127
0.00254883
0.00196094
0.00064228
0.000836329
0.000138927
0.00120833
0.000682558
0.00108503
0.000972515
0.000464995
0.00042045
0.000755522
0.00189186
0.00185297
0.00183258
0.00256542
0.00094846
0.00177598
0.000904308
0.000938585
0.000858393
0.000556632
0.00242693
0.0023484
0.001218
0.00210838
0.00388228
0.000449386
0.000647841
0.00150344
0.00281337
0.000246999
0.00128051
0.000560987
0.00140148
0.00165932
0.00186066
0.00066952
0.00120481
0.0019677
0.000942198
0.0020076
0.00265401
0.00979568
0.0006554
0.000962765
0.00517128
0.00160333
0.00199728
0.00160758
0.0014181
0.00194753
0.00221485
0.0024615
0.00173697
0.000448891
0.00272105
0.000692179
0.000419214
0.0021641
0.00177946
0.00243572
0.00221883
0.00110042
0.00294396
0.00420335
0.00146106
0.00213215
0.000702885
0.00234252
0.00139357
0.00171025
0.000991954
0.000737474
0.00107138
0.000431609
0.00153016
0.000543498
0.00116274
0.000333818
0.00176084
0.240503
0.0018276
0.0313773
0.000629987
0.000712185
0.00185792
0.00141421
0.000280193
0.00107015
0.000514174
0.00141677
0.00275341
0.000631177
0.000276069
0.00182937
0.00195804
0.0019394
0.00109387
0.00198909
0.00133293
0.00201201
0.0018002
0.000571405
0.00226483
0.000836977
0.0016451
0.00173382
0.00191944
0.000804429
0.0034797
0.00460596
0.00127543
0.00327701
0.00061781
0.00127938
0.00172842
0.000393225
0.000771247
0.00152864
0.00226042
0.000502757
0.00104638
0.021974
0.00145141
0.000653238
0.00148867
0.000490767
0.0025471
0.00155595
0.00141236
0.00185875
0.00119894
0.00261895
6.40407e-005
0.000856774
0.00158123
0.000772603
0.000548275
0.00142597
0.00116641
0.00288145
0.0011195
0.00177483
0.00255724
0.000663703
0.000806251
0.00334446
0.000931265
0.00197557
0.00152794
0.00133018
0.000703771
0.120347
0.0132706
0.00123516
0.00119803
0.00137843
0.000554984
0.000680203
0.000714614
0.000469105
0.00108678
0.00140618
0.00203591
0.00287492
0.00125102
0.000591552
0.00294112
0.0015305
0.00119173
0.0030497
0.00133991
0.00250113
0.00831999
0.00158962
0.00133337
0.00193326
0.00196114
0.0122295
0.0415477
0.0144911
0.0011703
0.0011791
0.00186776
0.0278031
0.00228424
0.0709577
0.00136699
0.00966758
0.00248266
0.000308582
0.00186673
0.00167403
0.00179637
0.124867
0.00197573
0.00115404
0.00163546
0.0034368
0.00706255
0.00276783
0.00218866
0.00112397
0.000946308
0.00259799
0.00113466
0.00175712
0.00188528
0.0741242
0.000621801
0.00348654
0.00279805
0.00141532
0.00289869
0.00241367
0.0017038
0.00141421
0.00129981
0.00131399
0.00202336
0.000750213
0.0392832
0.000418955
0.00203143
0.000498792
0.00120549
0.00064364
0.00215407
0.00219099
0.00188219
0.0023061
0.00355881
0.000354341
9.48771e-005
0.001744
0.00226101
0.00236474
0.000878859
0.00324569
0.000702119
0.00156478
0.000389066
0.000689022
0.000317601
0.00222426
0.00051461
0.000372942
0.00490349
0.00171526
0.00113881
0.00171757
0.000322078
0.000686628
0.000159142
0.000272619
0.00125657
2.37362e-005
0.00263307
0.00243701
0.000999146
0.0103968
0.00408362
0.00142853
0.00174371
0.00241251
0.05175
0.000466549
0.000356501
0.0131609
0.00181728
0.000937298
0.00251545
0.00219637
0.00062703
0.015683
0.000254333
0.0113846
0.000893398
0.00303938
0.00126865
0.000453341
0.00127298
0.000550567
0.000911568
0.00530694
0.00287491
0.00323251
0.00294283
0.00419824
0.000760514
0.000562947
0.00270607
0.00700418
0.0427779
0.00183108
0.00224619
0.00327013
0.000196707
0.000434733
0.000456202
0.00176291
0.0019044
0.00291492
0.101081
0.000545275
0.000917243
0.00151436
0.000647431
0.000629328
0.00061962
0.0895526
0.054743
0.00291227
0.00200585
0.00379748
0.00193399
0.00109446
0.000348054
0.000685819
0.00258884
0.000698237
0.00193516
0.00366763
0.000490196
0.00295387
0.0329048
0.0011234
0.0292292
0.0159619
0.00201151
0.0955052
0.00105146
0.00101748
0.0020254
0.000735122
0.0261247
0.125025
0.00114674
0.00520757
0.00120357
0.0627876
0.00245272
0.0019366
0.00200859
0.000582666
0.0192853
0.00174744
0.000813057
0.00272803
0.00190144
0.00253868
0.00104887
0.00181612
0.00175459
0.0110608
0.00154585
0.00240257
0.000720466
0.00103789
0.00177913
0.0994856
0.00124465
0.0011712
0.000641118
0.0536099
0.00224647
0.000835398
0.000695505
0.00126114
0.0157704
0.00118182
0.00700536
0.00227992
0.00363412
0.00190324
9.68354e-005
0.000620677
0.000208445
7.23709e-006
0.000438235
0.000672225
0.00356635
0.0119806
0.000677951
0.000740934
0.00293332
0.00186299
0.00119251
0.00213035
0.0500477
0.0016125
0.0743382
0.042621
0.0606152
0.00330942
0.066861
0.000933512
0.00161512
0.0228658
0.00109394
0.00228406
0.0021376
0.0448937
0.0518776
0.0948121
0.00217751
0.00132999
0.00228631
0.000973712
0.00036242
0.00635922
0.0734061
0.00153917
0.000446443
0.00202622
0.0865206
0.00328252
0.0402136
0.0018741
0.00109525
0.0946073
0.0017555
0.00223198
0.00172778
0.000783564
0.00116635
0.00906095
0.00192939
0.00246086
0.0206431
0.0053265
0.00235201
0.00254653
0.00262336
0.0203083
0.00257319
0.00101191
0.0882559
0.00256214
0.00385756
0.00124853
0.00136575
0.0351101
0.00117117
0.00116352
0.00250763
0.0593073
0.199233
0.000842061
0.00075973
0.00636924
0.00148773
0.000360913
0.000597748
0.00112891
0.00227283
0.0014457
0.00386308
0.00602174
0.00131149
0.0236777
0.0021285
0.00357141
0.000779214
0.000815438
0.00131297
0.0020434
0.00143374
0.00192981
0.00120712
0.00172189
0.00213996
0.000588197
0.00165409
0.00216008
0.00213484
0.00228369
0.00195612
0.00104423
0.0621029
0.000873648
0.093494
0.00150672
0.00114702
0.00127115
0.00234436
0.00143239
0.0509775
0.0203156
0.00191158
0.00127581
0.0135523
0.020878
0.00131252
0.00216344
0.00141162
0.0882486
0.00403563
0.00096929
0.000791635
0.00102353
0.00118047
0.00513831
0.0644931
0.00240244
0.00229865
0.00183455
0.00108942
0.000557701
0.00149084
0.00169269
0.00241492
0.00208794
0.000353864
0.00166648
0.00219491
0.00025749
0.0102368
0.00217626
0.000944368
0.0394204
0.00202223
0.00187972
0.14269
0.00261317
0.258625
0.000348239
0.00212191
0.00156504
0.0348316
0.000592038
0.0015848
0.0015183
0.0003883
0.000518258
0.000284142
0.0748542
0.00144211
0.000845829
0.00281709
0.00234225
0.0305813
0.00371859
0.00156068
0.00143104
0.00253856
0.000459126
0.00138768
0.00171335
0.000860538
0.0386749
0.00489847
0.000487697
0.00172786
0.00243718
0.00198247
0.000507832
0.000809411
0.210778
0.000535159
0.00269268
0.0332826
0.000974116
0.000814564
0.00143582
0.00190028
0.0355729
0.00111544
0.00103288
0.00704904
0.000988446
0.0922605
0.000656917
0.000522306
0.00147221
0.00258938
0.00179897
0.00105685
0.00301646
0.00458849
0.00200516
0.00216471
0.000851366
0.265481
0.238093
0.000849706
0.00121154
0.00049267
0.000749314
0.113717
0.00114188
0.00339393
0.00150018
0.00356484
0.0485507
0.082955
0.0347385
0.00219121
0.00198665
0.00197701
0.000931345
0.00457378
0.0172665
0.00098419
0.000731963
0.000683759
0.00108217
0.00151057
0.00234941
0.00123758
0.108601
0.00170166
0.000924032
0.00252857
0.00321146
0.00272618
0.00304244
0.00363173
0.00323274
0.00545959
0.00108164
0.00142887
0.000322336
0.188324
0.0613556
0.000732075
0.00225471
0.0667234
0.00127414
0.00177896
0.00215439
0.188542
0.00212177
0.043357
0.00330083
0.00756272
0.070182
0.00176289
0.00246671
0.00108881
0.00179992
0.0011533
0.000406752
0.0014925
0.00194275
0.000991417
0.00153441
0.00308375
0.00141359
0.00289823
0.00112801
0.00265027
0.000181864
0.0308784
0.00550579
0.000254673
0.00316075
0.0851307
0.00283672
0.0701528
0.00282934
0.000427897
0.00254832
0.00114835
0.00167758
0.00151021
0.00209528
0.0567589
0.000953243
0.0139901
0.0171294
0.00262698
0.00222117
0.00168782
0.00100377
0.0621499
0.00158112
0.000773109
0.00201471
0.000868189
0.107337
0.000554374
0.00212344
0.00231009
0.000709734
0.0010292
0.000664438
0.00187495
0.000594093
0.00176331
0.000874385
0.0066272
0.00141289
0.000511058
0.0012172
0.000559467
0.00306699
0.00120944
0.00234499
0.00143942
0.00251655
0.00215091
0.00194716
0.0136796
0.000780542
0.0102403
0.0305368
0.0914509
0.0322032
0.00065552
0.00087535
0.0184574
0.020769
0.00100494
0.00161718
0.00159947
0.000497343
0.0554917
0.002034
0.000986508
0.000852853
0.00191358
0.00205162
0.00425109
0.0128446
0.0172823
0.0051297
0.00131043
0.00123475
0.00178245
0.000543183
0.00222663
0.00292781
0.00142824
0.000704372
0.000726087
0.000428943
0.000718286
0.00104399
0.00131673
0.000864232
0.0012208
0.0174346
0.00537093
0.000871013
0.000782375
0.0620563
0.0888506
0.000777434
0.000851586
0.00215591
0.0014397
0.000506938
0.00529621
0.00141546
0.0737263
0.00124793
0.0616622
0.000923556
0.00106754
0.0491929
0.022313
0.0276207
0.0057239
0.00101702
0.00264375
0.000981785
0.00103257
0.00318709
0.00159213
0.000846094
0.000869564
0.00145415
0.179639
0.000869564
0.0014366
0.0485209
0.00185505
0.111424
0.00104197
0.00125409
0.00223629
0.00146979
0.00329888
0.000557103
0.012349
0.00982654
0.00230196
0.000822703
0.0855088
0.00266325
0.0016872
0.00185316
0.000880245
0.000560293
0.00124198
0.00159544
0.00280469
0.0988455
0.00156093
0.00243404
0.0285322
0.0170173
0.0119468
0.000401437
0.000654283
0.00848658
0.00389207
0.00247321
0.00181376
0.000511618
0.0279457
0.000212374
0.00109008
0.0217852
0.000380545
0.00192057
0.000706097
0.00393187
0.000289232
0.00625957
0.00897533
0.000920819
0.00182788
0.00215554
0.00106283
0.00128561
0.00274951
0.00070124
0.00100189
0.00244657
0.00313943
0.000357714
0.0537978
0.00385176
0.000321731
0.00128096
0.00239268
0.00169163
0.0017557
0.000873453
0.00585106
0.000649289
0.000794754
0.00841899
0.0097332
0.0648855
0.0963056
0.00117944
0.000663706
0.00216285
0.00115293
0.000916321
0.00942651
0.000498721
0.00183311
0.032802
0.167299
0.000788743
0.00140759
0.00141988
0.000831263
0.00258363
0.00235201
0.0179615
0.000239598
0.00141422
0.0521578
0.00329379
0.00201468
0.00247056
0.00416646
0.000384224
0.000787985
0.0030974
0.00223828
0.0130044
0.00787857
0.00124426
0.0958471
0.0517209
0.0675565
0.086344
0.0026321
0.012039
0.0042833
0.000752234
0.00151661
0.0467763
0.00248313
0.00188439
0.0637821
0.0773963
0.140224
0.000868345
0.00215453
0.00169922
0.00104459
0.00934769
0.000786582
0.00345648
0.00101031
0.0028226
0.0769094
0.00252331
0.0459908
0.000332283
0.000784981
0.000579959
0.136743
0.00117819
0.0005954
0.00170869
0.00396033
0.00126046
0.00093346
0.000442734
0.00368814
0.00136282
0.000976325
0.00117321
0.00176164
0.00289581
0.000436247
0.000373012
0.00520461
0.0012965
0.00919716
0.00642255
0.000784462
0.00119728
0.00155374
0.00106624
0.0014782
0.0279435
0.000378519
0.00206786
0.000188676
0.00298034
0.00110807
0.0200789
0.00188776
0.000824783
0.00200544
0.09377
0.00103894
0.00718794
0.00202903
0.00144759
0.0138185
0.00113909
0.00320436
0.000729832
0.00532165
0.000651735
0.00147474
0.000704997
0.000833658
0.00306178
0.00118499
0.000916929
0.00103747
0.00213539
0.00132798
0.000764723
0.000573898
0.00252332
0.00799909
0.0547002
0.0432518
0.00181381
0.00381316
0.002921
0.0671793
0.00192403
0.000905311
0.0101812
0.00122249
0.00771603
0.00259406
0.00236026
0.0110362
0.00208377
0.000986329
0.0962286
0.0024828
0.00226384
0.00105566
0.000699334
0.00288387
0.000985876
0.00246075
0.00564817
0.0011199
0.00219627
0.00122144
0.00218776
0.00197634
0.00120263
0.00183758
0.00206102
0.0074361
0.00549398
0.001028
0.00336341
0.000671614
0.00373563
0.00429972
0.00374228
0.00027413
0.00194447
0.00113778
0.00126732
0.00121261
0.000406328
0.000281552
0.0232082
0.00242109
0.0663951
0.000825985
0.000751449
0.00301856
0.000251165
0.00200507
0.0137973
0.000492863
0.00148558
0.00148106
0.00137986
0.00141498
0.0016387
0.00124041
0.00831902
0.00310728
0.00604485
0.00239741
0.163522
0.00550011
0.00146313
0.00249265
0.00024765
0.000416702
0.00225187
0.0683278
0.0033398
0.00143005
0.00133859
0.000472104
0.00129193
0.00232282
0.000667613
0.000774016
0.0144604
0.00108615
0.000740495
0.00189731
0.00682355
0.000173249
0.0392848
0.0513684
0.00064301
0.00407911
0.0139266
0.001775
0.00430656
0.00211453
0.00138846
0.00108341
0.00130148
0.00549386
0.0055212
0.00119529
0.00112991
0.00418736
0.0702234
0.00174488
0.000789106
0.000312454
0.00273636
0.00269034
0.00436218
0.0097956
0.0018403
0.0458008
0.00154483
0.000249905
0.0191356
0.000342835
0.00191363
0.00167345
0.00126175
0.0018236
0.00362545
0.0142631
0.000666298
0.00122663
0.000541175
0.000931231
0.000366113
0.00232223
0.00126055
0.00133074
0.00096197
0.01612
0.00166632
0.00402551
0.0460124
0.00114651
0.00146036
0.0107958
0.00539294
0.0010231
0.00389726
0.000576208
0.0119209
0.00179431
0.00106836
0.00166679
0.000806346
0.000941997
0.000948461
0.084594
0.0758687
0.00141367
0.0325246
0.00554056
0.00400541
0.00210501
0.015879
0.00115553
0.0015134
0.00130581
0.00132925
0.00398398
0.0029964
0.00119986
0.000563096
0.0494922
0.00103696
0.00304348
0.00778893
0.00761524
0.00034657
0.0156805
0.0339073
0.00743144
0.00158736
0.00167609
0.110377
0.214493
0.00154953
0.000909814
0.00669178
0.00183977
0.0036139
0.000605915
0.0542835
0.00313982
0.00238837
0.000498188
0.0908838
0.0317393
0.0493087
0.00315258
0.00133161
0.00158285
0.00245103
0.00458846
0.00255369
0.00115545
0.00503792
0.00407766
0.00459243
0.000536394
0.0311412
0.0475888
0.0019324
0.0005773
0.00124652
0.116479
0.0963206
0.0165754
0.208445
0.134332
0.00125937
0.028501
0.000848242
0.0548508
0.00140022
0.000673007
0.00244311
0.185852
0.166674
0.00513883
0.000311564
0.00274199
0.000647888
0.000363395
0.000459595
0.00290143
0.00744992
0.000646952
0.0430476
0.0109567
0.0925394
0.000156209
0.000890977
0.00152081
0.00232955
0.00397703
0.00949459
0.000807556
0.00149091
0.00168497
0.000294459
0.177986
0.205676
0.0236786
0.00357512
0.00136233
0.00123163
0.000697986
0.00681503
0.013589
0.00124389
0.0205783
0.054576
0.00188562
0.174515
0.0173694
0.000813711
0.00102802
0.000555113
0.00183877
0.00525984
0.00337421
0.00199842
0.0937552
0.000543054
0.0041995
0.0027315
0.170174
0.000802534
0.00227221
0.000384627
0.000610174
0.00939527
0.00370197
0.0671612
0.000734799
0.00164649
0.00161085
0.000524355
0.156525
0.0281913
0.000533788
0.00304213
0.00441577
0.0012494
0.0176126
0.01516
0.110484
0.0493091
0.00123881
0.00172149
0.0612023
0.000713141
0.00208998
0.00061666
0.122863
0.00193975
0.100754
0.0252702
0.00245736
0.00226803
0.00597756
0.00596712
0.00592552
0.144625
0.0231281
0.0354747
0.000746791
0.0245652
0.0241694
0.00386788
0.00176637
0.00523251
0.0016042
9.22327e-005
0.146055
0.00078599
0.123815
0.0152466
0.0162739
0.00137888
0.000343441
0.00494315
0.0273416
0.0284822
0.00199469
0.00903733
0.134452
0.0017095
0.00139887
0.0831083
0.00084545
0.00045816
0.0085328
0.00512218
0.00195718
0.00144325
0.00247911
0.0054811
0.00114111
0.0458034
0.000537175
0.00652153
0.0296436
0.012315
0.00815849
0.00127063
0.000810797
0.00105968
0.0028082
0.0691803
0.000623491
0.00271217
0.00349214
0.0704849
0.00210876
0.0335728
0.0660199
0.000517542
0.000820765
0.00299221
0.00210779
0.00174887
0.00273371
0.00118598
0.246837
0.0916487
0.00158682
0.00159935
0.00990558
0.110757
0.0260321
0.00196488
0.0197673
0.0168023
0.0105836
0.135296
0.0870472
0.245865
0.173398
0.016632
0.0152667
0.00203951
0.000626754
0.0247353
0.140876
0.00332626
0.000609019
0.00239268
0.00426625
0.10805
0.0652807
0.00153788
0.258574
0.0511414
0.0577519
0.00832264
0.00619765
0.0141038
0.00837834
0.151215
0.0104898
0.00364263
0.00315423
0.00210107
0.00610387
0.00363671
0.0760835
0.000704812
0.000392994
0.00381208
0.0644159
0.00192918
0.0852622
0.0344312
0.00165057
0.00589057
0.0497902
0.000158803
0.00427528
0.0962827
0.00257411
0.0577638
0.00138099
0.00130825
0.00166271
0.00195865
0.0041017
0.146165
0.00312337
0.00318979
0.00565332
0.00414124
0.00232841
0.144201
0.00143938
0.00399417
0.000563917
0.0226641
0.00317369
0.000145885
0.00367252
0.00470622
0.00647717
0.0020636
0.000877263
0.00183591
0.00149492
0.00117294
0.128271
0.00538665
0.00239002
0.00216253
0.0012604
0.0089951
0.00547324
0.0227059
0.00329869
0.000213614
0.00182717
0.000838344
0.00187069
0.00573651
0.00143488
0.000728027
0.00223487
0.000967573
0.00452165
0.00315649
0.034654
0.000530697
0.00767266
0.00491707
0.00436667
0.00281157
0.00569696
0.014605
0.00162534
0.00614758
0.00869162
0.0272186
0.00316811
0.00302177
0.00200102
0.00163051
0.00241821
0.00202915
0.00208308
0.00172254
0.00173636
0.0135376
0.00421775
0.00286973
0.00319438
0.0113863
0.0236593
0.00212161
0.00104134
0.102448
0.000550548
0.030762
0.00196746
0.033846
0.00258703
0.0568342
0.000230128
0.0054609
0.00254867
0.00185048
0.00177641
0.00426954
0.000948159
0.00405729
0.00103438
0.00171928
0.00188943
0.00194583
0.00394326
0.00284405
0.293664
0.00129525
0.0034029
0.00170133
0.00690199
0.00173217
0.00668874
0.0271433
0.00146102
0.00321658
0.00232321
0.002272
0.000863125
0.00288806
0.00213676
0.0030885
0.00322779
0.0154888
0.0018706
0.0035932
0.00145444
0.000537358
0.0011551
0.00285686
0.00465102
0.043304
0.0380269
0.00172967
0.00177992
0.00225364
0.00191417
0.121076
0.00530406
0.00585129
0.00295027
0.00325517
0.0025756
0.00116453
0.0052448
0.003276
0.137719
0.00484397
0.0380243
0.0183413
0.00958843
0.00153292
0.00184519
0.00152119
0.00343283
0.000854167
0.0287209
0.00222701
0.000599866
0.0416697
0.0308703
0.0252508
0.0271174
0.00197567
0.010928
0.0519893
0.00339962
0.00266522
0.0435949
0.00204705
0.00220358
0.00715044
0.00290476
0.000902786
0.0230153
0.00180901
0.0159808
0.022457
0.00161002
0.0043162
0.00324497
0.00342403
0.00497961
0.00476312
0.0158282
0.0642563
0.138191
0.00243815
0.036858
0.00207488
0.00711592
0.00153603
0.0226745
0.101987
0.00432569
0.00147796
0.0354449
0.00165292
0.00682867
0.020032
0.000681951
0.0012677
0.0024096
0.00705227
0.0829228
0.0121691
0.00120275
0.0504281
0.00216817
0.016623
0.00281955
0.0018956
0.00268053
0.00236731
0.0660505
0.00319334
0.0241995
0.0190741
0.0478917
0.0142216
0.0018143
0.00844803
0.000921101
0.00186174
0.0258599
0.0028249
0.000403658
0.0393017
0.023475
0.0189305
0.182196
0.00153703
0.00167278
0.00613346
0.00146596
0.0044554
0.00380586
0.00565634
0.011102
0.177913
0.172356
0.00150522
0.00106097
0.00192356
0.00126097
0.172035
0.0206382
0.032686
0.02423
0.00202259
0.00409517
0.00360079
0.00156901
0.00148347
0.000410407
0.00548996
0.0031836
0.0115857
0.0277941
0.001822
0.00115355
0.00230409
0.00214204
0.0244549
0.00155373
0.0270292
0.00441471
0.0025499
0.046122
0.152174
0.00424702
0.00196419
0.00464893
0.00103539
0.00708906
0.00382374
0.105119
0.148119
0.00290535
0.145119
0.147063
0.0272403
0.00151123
0.145609
0.203895
0.016383
0.00648674
0.00140983
0.00473437
0.0050917
0.0819758
0.00181596
0.00545993
0.0730965
0.0121961
0.0254233
0.00301499
0.121254
0.00226635
0.00166121
0.04817
0.000658687
0.00129605
0.0109118
0.00480659
0.000897187
0.00117885
0.0361556
0.00180308
0.000787659
0.0011618
0.00209428
0.033413
0.00197029
0.00104839
0.00247826
0.00221098
0.000741995
0.00385116
0.0019427
0.000714069
0.0238813
0.00102835
0.00152043
0.00218189
0.0180448
0.015763
0.0375754
0.00713447
0.00658936
0.0038377
0.0190953
0.0699
0.0782222
0.0102236
0.00160484
0.0350582
0.00165064
0.0364714
0.0101529
0.00569713
0.00226696
0.0170999
0.01695
0.0229109
0.0025412
0.00669693
0.00503381
0.000945115
0.00163213
0.0107587
0.00204798
0.0183462
0.0130715
0.0135424
0.00208895
0.00236126
0.0741395
0.0521016
0.0015879
0.024685
0.0575175
0.00506828
0.00404226
0.0123643
0.00970979
0.0358568
0.000703821
0.0023026
0.0179669
0.00396534
0.116062
0.0135937
0.0383839
0.00122967
0.0130129
0.0368205
0.046106
0.00587617
0.00875036
0.00211678
0.0252065
0.0599757
0.0154844
0.00286115
0.0253773
0.0116729
0.00340321
0.00248181
0.000626219
0.00341464
0.0656004
0.0071865
0.000402349
0.00110693
0.00685838
0.149431
0.0424426
0.00162823
0.00232336
0.0398803
0.02465
0.000730573
0.100388
0.000819349
0.00106128
0.00361305
0.00153987
0.176105
0.0229862
0.0202682
0.0015025
0.00134259
0.00270307
0.00141962
0.0135565
0.0296799
0.0244847
0.00122426
0.00144101
0.0277356
0.00482866
0.0034383
0.00145358
0.0015155
0.0011113
0.0311711
0.00490783
0.014927
0.0873422
0.0810843
0.000607585
0.0328437
0.0077289
0.00403737
0.00279794
0.00367587
0.00251275
0.0068222
0.00513735
0.00335244
0.00105562
0.000353538
0.000588035
0.0240096
0.00607163
0.000964563
0.00211876
0.0215798
0.0267091
0.00887721
0.00348466
0.0027908
0.00538288
0.00840463
0.000850995
0.00665464
0.0252648
0.0195625
0.000386007
0.0160312
0.0753555
0.0406192
0.03473
0.0019924
0.00510961
0.00266152
0.00155217
0.00400073
0.00336457
0.00150466
0.0469892
0.0534796
0.0195326
0.00116423
0.00725777
0.00314707
0.000697124
0.0750489
0.00398624
0.00668596
0.00216696
0.00147943
0.00248451
0.00724331
0.00784802
0.000462511
0.000606646
0.000902883
0.00377214
0.00163219
0.0041682
0.00545832
0.00125191
0.101177
0.0116356
0.00859435
0.0449027
0.012069
0.0784889
0.182308
0.0212268
0.0631863
0.0414071
0.0103098
0.00413042
0.0957132
0.0296554
0.0390889
0.00639267
0.0023422
0.0234043
0.00265084
0.0135429
0.0341732
0.00449474
0.0157368
0.00127863
0.0202743
0.00230225
0.00283321
0.0017379
0.101399
0.0177657
0.00158079
0.00126072
0.00263502
0.0183868
0.00304702
0.00218854
0.166051
0.296917
0.00153823
0.00208081
0.00385307
0.000205372
0.00494784
0.0153836
0.0148216
0.0452386
0.00250508
0.00248566
0.00812541
0.00145697
0.0238228
0.00491321
0.000986103
0.0157196
0.0819035
0.00143829
0.00114995
0.166277
0.0105309
0.000871193
0.0303237
0.00216763
0.036851
0.000972253
0.000782655
0.000490508
0.00157857
0.00159905
0.019598
0.000550277
0.0488293
0.00222113
0.0157258
0.00300682
0.00157339
0.0483686
0.00777626
0.00141157
0.00270869
0.000543166
0.00504541
0.00206415
0.00981875
0.00378407
0.00427643
0.0206646
0.00233626
0.00707944
0.0197969
0.0242714
0.0208284
0.0315754
0.00323876
0.00402718
0.0102926
0.00160308
0.00168268
0.00278962
0.0413345
0.0268648
0.014079
0.00156423
0.0634167
0.0139221
0.000863764
0.0469105
0.127169
0.000677424
0.00156141
0.0238235
0.00227039
0.00333858
0.000664433
0.00229889
0.00179683
0.0871064
0.0055002
0.0604508
0.00245004
0.00152318
0.00143604
0.00416974
0.0040024
0.00451992
0.00178555
0.00286609
0.00829182
0.0397157
0.00230585
0.00126709
0.087188
0.00660106
0.00157094
0.141408
0.0030373
0.00101491
0.00140572
0.00124129
0.0382526
0.0148476
0.00158806
0.00581859
0.00195015
0.0176707
0.0287823
0.0272414
0.0304722
0.0195091
0.00219388
0.0112849
0.0062345
0.00414807
0.00236653
0.00225784
0.00107275
0.00182882
0.00438256
0.00147356
0.0338218
0.00418452
0.00198518
0.0257652
0.00186147
0.117901
0.0267312
0.0155096
0.00153523
0.00106812
0.000921375
0.0057461
0.00124191
0.0146477
0.00160234
0.00219904
0.00165328
0.00164888
0.00115722
0.0740897
0.00161122
0.00821212
0.0160783
0.00606075
0.00168258
0.0697544
0.00157858
0.0226108
0.000859171
0.138942
0.126415
0.197951
0.0165956
0.00323037
0.0894824
0.0660635
0.0107372
0.00364079
0.0033209
0.00137025
0.00219351
0.0639472
0.00812606
0.0182527
0.000394016
0.00256043
0.0475237
0.00232121
0.00358002
0.0192127
0.00154539
0.0176735
0.00115541
0.00561416
0.00240194
0.000859239
0.00652598
0.000684912
0.00127647
0.00261643
0.0164585
0.000758503
0.00630416
0.039245
0.00164873
0.017811
0.0040753
0.0461907
0.00488207
0.0365869
0.0354018
0.000545018
0.00340772
0.00333487
0.00387067
0.0103118
0.0560214
0.00259692
0.00209586
0.00257721
0.00450496
0.0202398
0.0218678
0.0290496
0.00337891
0.00234109
0.0358188
0.0295431
0.00129066
0.0660289
0.000409544
0.00447099
0.00279913
0.00135702
0.00121464
0.0305221
0.00102819
0.00864331
0.0126855
0.00134323
0.00206348
0.00221325
0.000602509
0.00197019
0.00842385
0.000514878
0.00207875
0.0363735
0.0185211
0.00531356
0.0833322
0.00289262
0.00133974
0.00110661
0.00506443
0.00277168
0.0178302
0.016223
0.0968452
0.00868694
0.00454029
0.0110246
0.000201671
0.00141783
0.0454573
0.030323
0.0769647
0.00855519
0.0177609
0.0201345
0.00119884
0.00574356
0.0434963
0.02986
0.0415095
0.00523205
0.0332912
0.00084071
0.00473356
0.00750133
0.00389845
0.0245627
0.00509532
0.00132905
0.00205571
0.00188144
0.00130752
0.00234835
0.00740637
0.000813674
0.000779147
0.00449393
0.00238793
0.00310847
0.00943319
0.00137837
0.00343351
0.00168688
0.00110923
0.0257725
0.00150905
0.0043264
0.0443833
0.0643861
0.00125839
0.0034917
0.0593955
0.00109518
0.000997945
0.00530272
0.00407045
0.018126
0.000713456
0.155262
0.0259726
0.00227766
0.0130073
0.0023681
0.00370132
0.0012091
0.0132039
0.0012125
0.0277364
0.00141293
0.0442667
0.0014648
0.0541844
0.00790541
0.00271991
0.00221974
0.203466
0.00726649
0.00629508
0.00205884
0.00122407
0.0181455
0.00422817
0.00280514
0.0020153
0.00161484
0.00169583
0.00290424
0.00117364
0.00651792
6.65404e-005
0.0644913
0.0342601
0.00304395
0.00494344
0.00444125
0.00163015
0.00255377
0.00345425
0.00209638
0.0027971
0.0028942
0.0232931
0.00371486
0.012906
0.00249374
0.00404549
0.0327934
0.000532811
0.0371387
0.0434988
0.0155572
0.0815639
0.00334726
0.0540766
0.00209913
0.0297918
0.094022
0.169311
0.00844258
0.00744657
0.00184902
0.00182841
0.0022214
0.0428472
0.00223988
0.000740475
0.00136388
0.00422746
0.0145633
0.1332
0.0315083
0.0413835
0.00547139
0.0417313
0.0395345
0.00125589
0.0008636
0.00122802
0.00127069
0.0035894
0.00196112
0.00198405
0.0774057
0.0123843
0.124626
0.0058633
0.0388246
0.0841968
0.00507441
0.0287323
0.000939417
0.0350481
0.0912787
0.0164708
0.014475
0.000849745
0.00221198
0.0358801
0.00102594
0.00171664
0.00110396
0.0136384
0.00186521
0.00233447
0.00086673
0.00161824
0.00069026
0.0182645
0.00275224
0.00310816
0.00131496
0.0014163
0.00319522
0.0148899
0.174708
0.0011666
0.0160832
0.0635694
0.0193054
0.0018875
0.0509457
0.0143849
0.0400678
0.00314104
0.00155039
0.00305235
0.00119438
0.00510248
0.00161882
0.0258723
0.00412075
0.00869005
0.0140388
0.0249898
0.000963454
0.00184868
0.000974387
0.0411973
0.00113731
0.00274835
0.00308537
0.0016637
0.179525
0.00249236
0.00444567
0.00068507
0.00218081
0.00887302
0.000371015
0.00158839
0.0224183
0.00122613
0.0248118
0.0268239
0.00104664
0.00469803
0.0288186
0.0160688
0.00343341
0.0652584
0.0117708
0.0319339
0.00032261
0.0027217
0.0247709
0.0297442
0.00884386
0.0886673
0.00046109
0.0338162
0.00921807
0.0123575
0.00172578
0.0389845
0.00256647
0.00122523
0.0297148
0.00170196
0.0029855
0.00259106
0.00159839
0.00216283
0.00161693
0.0455385
0.0630778
0.000379358
0.00468093
0.00558431
0.0013756
0.00255693
0.00179274
0.0258726
0.00338137
0.0340721
0.0705996
0.0888734
0.00234263
0.03564
0.000326835
0.00234317
0.00150647
0.025123
0.0722029
0.00117463
0.0041593
0.00764727
0.00992834
0.0108934
0.011982
0.00168451
0.0128272
0.00185
0.015572
0.0435047
0.0164941
0.00372312
0.00335537
0.0119927
0.00623671
0.0724881
0.0110432
0.00232673
0.000458638
0.00496184
0.0421006
0.000608289
0.00810343
0.00906051
0.00566494
0.00327478
0.0033662
0.00597043
0.00151006
0.000393988
0.00751529
0.0277641
0.00203358
0.0451944
0.0349825
0.00835243
0.00300169
0.00659861
0.00082778
0.00453904
0.0339072
0.00522924
0.00382652
0.000273583
0.0214615
0.00743126
0.0126361
0.00761264
0.066615
0.0013286
0.0149949
0.00135819
0.00160474
0.000985648
0.0166536
0.0285045
0.000945823
0.000911452
0.00224519
0.0102198
0.00821768
0.0038979
0.00620426
0.00541672
0.00119302
0.00131999
0.000359705
0.0174736
0.0179885
0.0064036
0.00608736
0.00363011
0.00218764
0.00477808
0.0132353
0.00186629
0.0371894
0.00377895
0.0153586
0.0299588
0.00776636
0.137116
0.00868007
0.00736176
0.0228148
0.021168
0.0072905
0.00817823
0.00153981
0.0374152
0.00298772
0.00288649
0.0940114
0.0555624
0.0203703
0.00782546
0.00939231
0.0041146
0.00264099
0.0036406
0.00123698
0.00852484
0.0545647
0.00176487
0.00185847
0.00099115
0.0262371
0.000523063
0.0010893
0.00569924
0.013513
0.00197643
0.0100742
0.0319576
0.00372556
0.000732453
0.0141455
0.00107118
0.015554
0.0044886
0.00116326
0.0072304
0.00176475
0.00200275
0.00145865
0.0207918
0.00200169
0.0181096
0.00447927
0.0168389
0.100146
0.128728
0.0308265
0.00690882
0.00180894
0.00217492
0.00887559
0.0217167
0.00126013
0.00543832
0.00796668
0.00275669
0.00185426
0.0297702
0.0952596
0.00171452
0.00413372
0.00215639
0.00261497
0.039376
0.00419321
0.00320216
0.00246415
0.141304
0.00462412
0.00207005
0.0279104
0.00128595
0.0142889
0.0025037
0.0044133
0.00944187
0.00118866
0.000677739
0.0831879
0.108703
0.00166799
0.00253096
0.0107193
0.00159038
0.00155702
0.00226091
0.00292225
0.00325479
0.025669
0.0141407
0.00445211
0.0123306
0.0355063
0.0556336
0.062514
0.0894167
0.00252128
0.00144936
0.000318339
0.00195404
0.0165905
0.00328526
0.00482751
0.00253644
0.027533
0.0030248
0.122872
0.0048225
0.000766591
0.0127491
0.00546273
0.00472963
0.000730483
0.0778696
0.027109
0.0792741
0.00435288
0.00233563
0.00109035
0.00071162
0.00938079
0.0253071
0.049205
0.0235184
0.00078778
0.00295747
0.00724204
0.00199588
0.00306892
0.0184037
0.00856821
0.0020693
0.00348334
0.00218315
0.00909423
0.0020856
0.0567506
0.00611405
0.00251169
0.0105368
0.000634783
0.00283226
0.0206733
0.000790602
0.00225874
0.00126044
0.0395128
0.000653698
0.00499889
0.0345197
0.00171986
0.00175574
0.00224855
0.00320999
0.00899259
0.00313635
0.0143077
0.00155068
0.000674596
0.0396056
0.0440664
0.0129358
0.00850219
0.00963081
0.0696163
0.00298349
0.00123671
0.0469608
0.00315336
0.0106351
0.0115854
0.000500255
0.00142577
0.00636948
0.000753195
0.0270935
0.00282358
0.000665168
0.0198091
0.0026578
0.00302222
0.0310331
0.000700488
0.148705
0.119295
0.00397533
0.000295958
0.132576
0.00744548
0.00918203
0.0462397
0.0502737
0.00233061
0.00562094
0.0316003
0.0405307
0.0287838
0.00186241
0.0321018
0.00199905
0.0783636
0.0941771
0.00151352
0.0477151
0.0149242
0.00894701
0.000716271
0.00642991
0.00119266
0.0391192
0.00133923
0.00140252
0.00309998
0.00115868
0.0265899
0.00183887
0.00131607
0.00871067
0.0240637
0.00077728
0.00578469
0.00207773
0.00222603
0.0819568
0.00785725
0.00158873
0.00295291
0.00251249
0.00116107
0.0052538
0.0010448
0.0148294
0.040201
0.000452336
0.0375004
0.0312742
0.00725728
0.00182243
0.00359701
0.0532904
0.00657327
0.031656
0.0033934
0.0663619
0.00077939
0.000691233
0.0142718
0.00325753
0.00493982
0.0382904
0.00499427
0.0450848
0.00293883
0.000460057
0.00404692
0.112239
0.00233525
0.0219855
0.0253435
0.0484074
0.00118039
0.00262883
0.024364
0.0373853
0.000882534
0.0430492
0.00036012
0.00558321
0.00732211
0.000918705
0.0192737
0.0127746
0.000763377
0.00268228
0.116468
0.0131721
0.0157117
0.00103265
0.0338062
0.0411144
0.00702677
0.00075105
0.00122995
0.0376455
0.00491438
0.0473606
0.0034921
0.00523815
0.00759517
0.0836951
0.0350739
0.0297963
0.00477224
0.000885871
0.00815856
0.00375225
0.0741706
0.00747688
0.045763
0.0320643
0.0424549
0.01468
0.00515309
0.00951596
0.020004
0.00100392
0.020506
0.0216404
0.0110509
0.000581442
0.013243
0.090565
0.00191308
0.00848243
0.00503909
0.0302093
0.0134403
0.0166286
0.0170996
0.0155683
0.000718694
0.000762775
0.00128751
0.00152203
0.00265657
0.039197
0.000412668
0.00517056
0.00480802
0.0404722
0.00207692
0.00208464
0.0700601
0.0865246
0.00661066
0.00552026
0.00300923
0.00260024
0.000514158
0.0418235
0.0450168
0.00629517
0.10197
0.0912434
0.00955838
0.0010953
0.000123729
0.00267053
0.0020339
0.0359293
0.064666
0.0832146
0.00194258
0.0222261
0.000508549
0.0148782
0.0446327
0.00056361
0.00351305
0.0131006
0.0172812
0.0489226
0.00438189
0.0126393
0.025731
0.0247079
0.00518111
0.022002
0.0939743
0.000272255
0.00227946
0.0127663
0.00155675
0.00192891
0.000811411
0.0510981
0.0640959
0.00573823
0.0150101
0.0226039
0.00113556
0.00629599
0.00425756
0.000333834
0.00105734
0.00216788
0.0693677
0.00311439
0.000819988
0.0791432
0.0564267
0.0319925
0.00252725
0.0013301
0.0978339
0.00321122
0.0854274
0.00287141
0.00441348
0.255525
0.262319
0.00325956
0.0114648
0.00326425
0.0154676
0.126138
0.00230658
0.000640642
0.0295337
0.0281693
0.00401912
0.0526213
0.0481446
0.00595141
0.137452
0.00381973
0.00200696
0.00429364
0.0176685
0.000569734
0.0984931
0.0190738
0.00117049
0.0306344
0.0271839
0.0011373
0.0115318
0.00604565
0.00107294
0.00190327
0.0161181
0.0354344
0.00195676
0.000880629
0.026415
0.0104048
0.00437457
0.000953933
0.00643646
0.0108742
0.00320353
0.00166877
0.0211077
0.0293836
0.000733807
0.0328844
0.00880555
0.0012843
0.0066295
0.00161769
0.00918814
0.0652946
0.0133561
0.0100442
0.00285494
0.00149262
0.000561394
0.0174906
0.0601166
0.000900147
0.0125531
0.0171343
0.00371398
0.000857839
0.0214316
0.000289227
0.0156367
0.00313813
0.00164415
0.0091447
0.00430045
0.00665889
0.00347245
0.00805161
0.00117126
0.0257065
0.00640191
0.000681095
0.0393693
0.000802965
0.0018285
0.0138425
0.00239464
0.00662181
0.0010041
0.00702863
0.00464097
0.00428083
0.00208418
0.0132287
0.0648838
0.00553815
0.0115856
0.00179704
0.0140242
0.00192256
0.0016678
0.283426
0.000884182
0.00142373
0.0358921
0.0457461
0.0133847
0.0812654
0.165613
0.0309961
0.00214071
0.00101835
0.00316079
0.00290201
0.00252277
0.0045318
0.0012038
0.0145621
0.00249843
0.00421227
0.00188141
0.026834
0.000582709
0.0452342
0.00447113
0.00877816
0.0482542
0.00738622
0.0190537
0.0471407
0.00315259
0.0275587
0.0747506
0.00145967
0.00247178
0.00195345
0.000957406
0.00154714
0.00924001
0.000507402
0.000540183
0.00280762
0.00612765
0.000485947
0.0317129
0.0229667
0.000610105
0.0423972
0.000549745
0.012634
0.00282858
0.0183385
0.0570519
0.00103333
0.00462877
0.0225051
0.000304089
0.00137267
0.0157094
0.00335317
0.00978713
0.00698102
0.00943683
0.024771
0.00691799
0.00292721
0.00245144
0.00346407
0.00621891
0.0989217
0.0109301
0.0333666
0.00426733
0.0147696
0.002517
0.0106145
0.00112124
0.0013255
0.000589969
0.0716889
0.04428
0.0295764
0.0352987
0.0913792
0.000791098
0.0420949
0.00153309
0.0546822
0.000724682
0.00451648
0.0082147
0.0111672
0.00460982
0.00151988
0.00110407
0.0028015
0.00345157
0.00353034
0.274079
0.00766881
0.000301819
0.000631895
0.00233473
0.0128313
0.00407934
0.0315097
0.00338807
0.00169872
0.0236206
0.00133948
0.0638807
0.00640678
0.00277846
0.00221261
0.00356123
0.00282079
0.0769327
0.00394951
0.112021
0.00248852
0.0205915
0.00547633
0.0758542
0.000470442
0.000696527
0.000780338
0.00677809
0.00546366
0.000204487
0.00303746
0.0145213
0.0112747
0.130956
0.000648851
0.00622674
0.0202413
0.0374243
0.000807249
0.0313767
0.00386646
0.0171123
0.0165459
0.0718631
0.192046
0.125344
0.102787
0.00165186
0.000178902
0.0246917
0.00223796
0.0288557
0.00654303
0.00753115
0.00223348
0.0469292
0.00135961
0.0634523
0.0412783
0.000476535
0.00325078
0.00155165
0.0448518
0.0547339
0.00176487
0.00463344
0.00812607
0.00139182
0.00131664
0.0132671
0.0226025
0.000155835
0.00162914
0.0273665
0.0276838
0.00311401
0.00343771
0.0183255
0.214044
0.045018
0.00406437
0.00132024
0.00957445
0.011608
0.00137082
0.00270173
0.00363214
0.00130489
0.0287042
0.0136421
0.0408285
0.0402909
0.000770371
0.00776106
0.014272
0.00132308
0.0541761
0.141891
0.00870877
0.132627
0.038936
0.0211489
0.00161448
0.00277684
0.0013245
0.00414696
0.00777448
0.000937833
0.00561448
0.00218742
0.00206476
0.00266763
0.00447698
0.000536105
0.0501285
0.11817
0.102178
0.0167279
0.000495576
0.0140298
0.00154776
0.111983
0.00179384
0.00250505
0.00815083
0.0399654
0.0015531
0.0115413
0.000508889
0.0349203
0.0124977
0.0130494
0.0130848
0.00259745
0.0456204
0.00519976
0.00106499
0.00200989
0.00985714
0.0173383
0.000454689
0.0440211
0.0014769
0.0079211
0.000835456
0.0454524
0.0265111
0.00232465
0.035513
0.000967521
0.0404739
0.0824991
0.00352062
0.085277
0.0901888
0.0905963
0.00133585
0.000462409
0.0676064
0.0140524
0.0262734
0.0779909
0.00103987
0.0381713
0.0334676
0.0227412
0.00669452
0.0046684
0.0132707
0.00255206
0.00303171
0.00556536
0.00258557
0.00244181
0.0140881
0.000663172
0.0107139
0.00324058
0.00483705
0.00357835
0.00273912
0.00645675
0.00806611
0.0018283
0.00868858
0.00181463
0.000804574
0.00872898
0.00155487
0.00827566
0.0782936
0.190829
0.05245
0.00312251
0.000733842
0.00294557
0.00389909
0.00108036
0.000293626
0.00149267
0.0319818
0.211978
0.215721
0.0115816
0.00161686
0.00285884
0.0813958
0.164917
0.156501
0.00104744
0.0505874
0.000811142
0.0250617
0.0164326
0.0112531
0.0110412
0.00351624
0.00199042
0.00157086
0.00214958
0.0302086
0.00941542
0.00815437
0.0807645
0.0123815
0.0307057
0.00237488
0.00198648
0.102409
0.00312331
0.0177763
0.0689396
0.000728288
0.00450792
0.0251589
0.00101351
0.091673
0.00179949
0.0244757
0.03321
0.00147265
0.0123335
0.046491
0.0169444
0.010086
0.00125853
0.000243987
0.00102903
0.00815951
0.00145744
0.00381762
0.000716336
0.0317571
0.0181119
0.00661003
0.018059
0.0197686
0.000526967
0.00130724
0.000785467
0.0127307
0.0494384
0.00220128
0.00329109
0.00224276
0.00309494
0.00545787
0.00146118
0.0329605
0.00105743
0.00182808
0.0529806
0.000316065
0.00193846
0.00803966
0.00185678
0.0168548
0.00589703
0.0928043
0.0505769
0.0380482
0.0122143
0.000794492
0.00128082
0.00266854
0.00146472
0.00134276
0.0244855
0.011624
0.0032531
0.00425892
0.00201479
0.0280813
0.00605241
0.00311443
0.0119125
0.00255586
0.00322549
0.00234592
0.00417309
0.000752848
0.130932
0.0101527
0.00157609
0.0010612
0.00125897
0.00168292
0.0180281
0.0837075
0.00163238
0.0246124
0.00526184
0.00844458
0.00361949
0.00984366
0.0308107
0.271916
0.00787966
0.105752
0.00366787
0.000337926
0.00214251
0.00117314
0.0126959
0.00210287
0.00126813
0.0137677
0.0018888
0.00337732
0.00264816
0.00129847
0.0204545
0.00119659
0.000955493
0.00866456
0.00317767
0.0179173
0.00109824
0.0522376
0.0031078
0.000437158
0.0162565
0.00072032
0.0357299
0.00326355
0.00148735
0.00260453
0.00237603
0.0202917
0.00191378
0.0137603
0.0198205
0.0132829
0.0192538
0.00375746
0.0443653
0.000555058
0.00417381
0.00657387
0.00692262
0.000570664
0.00162914
0.0596702
0.00986834
0.000919837
0.0229909
0.00836439
0.0199068
0.0020402
0.00112738
0.0235501
0.0239097
0.00551228
0.00419145
0.0274607
0.0469838
0.0182511
0.00143328
0.052501
0.00275318
0.00162383
0.000799715
0.00136993
0.00132879
0.00177716
0.000473108
0.0394934
0.000824154
0.0317418
0.000542901
0.00121373
0.00341045
0.000372228
0.0121137
0.00485417
0.000177589
0.0129079
0.00393151
0.0501512
0.0114078
0.00168138
0.00179087
0.0224004
0.061885
0.0709426
0.073545
0.0246994
0.0614175
0.0212111
0.0469601
0.0367788
0.000284088
0.00882454
0.013737
0.00230889
0.00158277
0.0401779
0.0207032
0.0784198
0.147003
0.066788
0.0268662
0.124762
0.0231784
0.00362169
0.00384646
0.0120107
0.0406685
0.120608
0.0701808
0.021856
0.0032147
0.0225722
0.0142159
0.000606468
0.00181923
0.0739163
0.000805793
0.071206
0.0173108
0.0050448
0.00961939
0.134038
0.127529
0.000439193
0.00287511
0.0216902
0.000984858
0.0086323
0.00137733
0.0591312
0.00649803
0.0444451
0.0093004
0.00263315
0.0224658
0.00955526
0.0179467
0.0207472
0.00131625
0.039906
0.0397165
0.0482674
0.000681839
0.00146772
0.0120095
0.0382414
0.18102
0.00919151
0.000172421
0.0855668
0.00810411
0.00748061
0.00068628
0.0461967
0.019281
0.00707981
0.0901766
0.00926558
0.00245734
0.000675559
0.0936316
0.00186394
0.056625
0.0132079
0.0272941
0.014459
0.0270375
0.00329387
0.0016619
0.0210725
0.0684868
0.0254416
0.067699
0.0927964
0.107741
0.0141774
0.0163268
0.0119604
0.00397141
0.00226695
0.00485371
0.00153296
0.00805979
0.126085
0.00161811
0.00145318
0.0036949
0.0102489
0.00424814
0.00319372
0.00221146
0.0698801
0.0372201
0.000666168
0.00156609
0.00180504
0.013978
0.0134634
0.0100499
0.00293573
0.00483102
0.251011
0.0267979
0.0105826
0.0963892
0.00649552
0.00374565
0.00216032
0.0153943
0.17727
0.231992
0.00811977
0.0207641
0.0095825
0.00279072
0.0196172
0.000683509
0.00502794
0.0303305
0.0186504
0.0250393
0.00178672
0.0445844
0.0389229
0.00421356
0.087966
0.00831493
0.00128532
0.00254524
0.00501501
0.00225433
0.0418311
0.00151209
0.0127398
0.00138353
0.0327667
0.00887463
0.00104698
0.00163266
0.00375676
0.0461358
0.0549117
0.000841888
0.0053853
0.00610547
0.0198362
0.000969281
0.0648789
0.00126601
0.00391484
0.00110501
0.000965866
0.000638696
0.025498
0.0200659
0.00122712
0.0211406
0.0011574
0.000246559
0.00106129
0.00530323
0.00129359
0.00283675
0.00616624
0.00492032
0.0239182
0.0102849
0.00418415
0.0038714
0.0168585
0.00903257
0.0875609
0.0205757
0.0206347
0.00159302
0.070504
0.00132439
0.000867904
0.024673
0.00167582
0.1419
0.0514023
0.0017298
0.0305515
0.00947997
0.0394675
0.00726255
0.00227772
0.00191342
0.0650954
0.0217197
0.00225818
0.0045877
0.0175422
0.0189109
0.0061866
0.0691451
0.00280342
0.00278668
0.0282781
0.00250853
0.0141903
0.0360841
0.0134776
0.0191506
0.0197922
0.0119658
0.0350304
0.00113173
0.00150141
0.00234894
0.000263773
0.00140773
0.0010883
0.000261194
0.0249612
0.00300671
0.0170572
0.0269543
0.106451
0.0260415
0.00126529
0.00114096
0.00366712
0.00118854
0.0608448
0.117119
0.113281
0.15159
0.00128656
0.000376493
0.000834898
0.059423
0.0237342
0.00147426
0.0025759
0.00233072
0.00271356
0.0131569
0.0247386
0.0450564
0.00696656
0.0557866
0.00213848
0.0159379
0.00131233
0.00275959
0.00243058
0.0061025
0.00232845
0.00373597
0.103975
0.0337704
0.0375988
0.000404968
0.00784006
0.00174744
0.00569349
0.00232622
0.0440504
0.0439028
0.0166787
0.0235591
0.0764818
0.000500472
0.0162293
0.0126115
0.01425
0.000754555
0.00388802
0.00171105
0.0124377
9.37885e-005
0.000318313
0.00118046
0.0033869
0.000734717
0.00201116
0.0520301
0.00189008
0.00135288
0.00192635
0.000700654
0.0254587
0.0424044
0.014382
0.00443596
0.00854223
0.0807863
0.0858006
0.000222488
0.000343289
0.0104998
0.00358259
0.018357
0.00259433
0.00629776
0.00414505
0.000951977
0.0108361
0.00747741
0.00103217
0.00883153
0.0155404
0.0147279
0.00112749
0.094669
0.0129251
0.00589571
0.264391
0.00310398
0.104323
0.000187477
0.0112574
0.00178667
0.00181784
0.00279761
0.0185214
0.00283058
0.00179277
0.000813791
0.12668
0.0289096
0.0334225
0.00297322
0.00405238
0.0101546
0.00106344
0.000352522
0.0149826
0.00312645
0.0168243
0.030188
0.0183197
0.130889
0.107218
0.0135491
0.0202216
0.0264118
0.00350044
0.000638412
0.0069274
0.0213318
0.0286116
0.00526504
0.022405
0.0186228
0.00264577
0.016532
0.00281678
0.000600742
0.00247549
0.00506505
0.0163279
0.0426433
0.0342903
0.00330867
0.0375282
0.00728748
0.0852134
0.00395842
0.174023
0.0426504
0.00811611
0.0348011
0.0172907
0.00193312
0.0657901
0.00165067
0.0462921
0.00190333
0.109622
0.000291192
0.00101292
0.0125699
0.00419774
0.0109833
0.00340284
0.0119408
0.06967
0.0926866
0.000273538
0.00418047
0.025882
0.0270012
0.00666172
0.00563485
0.00301224
0.012189
0.000476856
0.0234507
0.00150393
0.00570776
0.000884344
0.0085444
0.0178933
0.0310304
0.0436536
0.00402752
0.0301102
0.00429188
0.00368042
0.00775926
0.013184
0.0450938
0.00105296
0.00748315
0.0138396
0.0185843
0.0365864
0.00274895
0.00145569
0.0377874
0.0335369
0.00172439
0.00161741
0.00229012
0.0181041
0.00181033
0.00183858
0.00351321
0.0130262
0.00603972
0.0741831
0.0208845
0.0148006
0.00221188
0.0145375
0.0719509
0.00135096
0.00776419
0.00155357
0.01331
0.142928
0.000788146
0.0091093
0.00155242
0.014892
0.011722
0.0150192
0.00465565
0.00470789
0.00141741
0.0247099
0.00531671
0.0138251
0.0013262
0.00233506
0.00413899
0.0409409
0.00281026
0.00125163
0.0117672
0.00564484
0.000895683
0.0567471
0.00276906
0.04958
0.00265224
0.00333397
0.000443208
0.00256644
0.0457379
0.0430055
0.00242089
0.0437642
0.00308042
0.00101412
0.00335497
0.00398815
0.00869241
0.0170596
0.0242885
0.0290543
0.00521375
0.0115194
0.00534257
0.00435708
0.0111598
0.0020142
0.00515214
0.0967892
0.166243
0.000236647
0.0675703
0.0390583
0.00105896
0.00376991
0.0673962
0.123552
0.000244266
0.067575
0.00248453
0.000954833
0.00560812
0.00846411
0.00796647
0.00320835
0.02513
0.0907273
0.0818099
0.00386732
0.031182
0.0323264
0.00311361
0.00428074
0.0650102
0.030748
0.0694083
0.000451691
0.0381608
0.00879042
0.00647063
0.00197326
0.00430962
0.0174359
0.221834
0.0455351
0.0195173
0.0117276
0.00123305
0.000792058
0.0173866
0.0238959
0.000675353
0.00153363
0.00221201
0.0118269
0.000404267
0.00366874
0.027347
0.0522655
0.0471134
0.0366349
0.00124624
0.00153878
0.0175565
0.000730551
0.00266868
0.000338507
0.0656835
0.00646919
0.0381593
0.0364389
0.0322483
0.00773867
0.0302337
0.00309709
0.0231808
0.020682
0.00236248
0.00640121
0.0358771
0.0262893
0.0240423
0.00107146
0.103884
0.0672193
0.0614142
0.0014216
0.000836851
0.000672836
0.0818825
0.0309088
0.000884503
0.00951075
0.00202565
0.00697577
0.00108074
0.000174138
0.00213043
0.00484488
0.00349142
0.132902
0.00124784
0.00444809
0.00144266
0.00665094
0.00611183
0.019632
0.000984426
0.0213295
0.00143641
0.0147008
0.0863429
0.00515978
0.249752
0.00180176
0.00655383
0.00134312
0.0983011
0.131319
0.0938799
0.000660769
0.0732242
0.00392745
0.00436644
0.0240974
0.114386
0.00412318
0.119091
0.0178865
0.0669075
0.0662692
0.0486834
0.0933516
0.00742959
0.0918112
0.0576793
0.123999
0.0200966
0.132222
0.040002
0.0276531
0.0284532
0.0921518
0.000201255
0.00296437
0.00595805
0.104757
0.0970091
0.0183007
0.0134614
0.00448652
0.0272182
0.00258533
0.00267723
0.00203538
0.00122951
0.000941899
0.0571956
0.00151078
0.0392249
0.0102295
0.00162746
0.0012554
0.00523964
0.00722125
0.0166077
0.0139968
0.00181168
0.000940629
0.0269452
0.00221254
0.0102374
0.0189148
0.0419381
0.00602955
0.0404739
0.064448
0.0815653
0.013323
0.0954674
0.0167672
0.00137865
0.00115086
0.00258345
0.0161503
0.00245325
0.00569274
0.00455643
0.0153889
0.00232001
0.00422157
0.000683694
0.0338173
0.00212676
0.0237889
0.0233597
0.00278655
0.0508535
0.00752493
0.000597137
0.0935685
0.0120785
0.00186415
0.0369568
0.00652894
0.0714432
0.0734599
0.000974224
0.00259446
0.00120156
0.00102636
0.0249858
0.000215331
0.00446218
0.00258397
0.0431917
0.0557582
0.0736478
0.000376342
0.00025387
0.0219022
0.0112898
0.0106603
0.104348
0.00126846
0.21778
0.0451145
0.00152636
0.00514659
0.0419652
0.0394036
0.0238488
0.0348719
0.00110664
0.0309872
0.00235757
0.00345666
0.0235322
0.0247504
0.00869808
0.0243491
0.026823
0.0100912
0.0849326
0.019164
0.00350921
0.0403779
0.00201161
0.00942254
0.000670007
0.0138736
0.10672
0.0415405
0.00145469
0.00743647
0.0321163
0.0213997
0.00562001
0.00273241
0.0483272
0.00240201
0.00128509
0.00194933
0.00178963
0.000804813
0.0473522
0.0240448
0.00492027
0.00165275
0.000846961
0.00660327
0.000461654
0.00775377
0.0659961
0.0211958
0.00136858
0.000924629
0.014616
0.0141671
0.017384
0.03198
0.0542336
0.00565601
0.00026979
0.0138088
0.01623
0.0129134
0.0421098
0.149141
0.0947799
0.0130821
0.0141389
0.0198402
0.0171032
0.00314994
0.0108498
0.0719497
0.00236211
0.0213034
0.00183799
0.205017
0.131411
0.000524983
0.0265609
0.0627364
0.000633269
0.0159222
0.00590975
0.0135408
0.000510159
0.00956364
0.000911982
0.0900399
0.00111228
0.00186966
0.00336243
0.0126232
0.000455545
0.0144371
0.096471
0.0121225
0.00256419
0.0252623
0.0133041
0.0367471
0.00608093
0.0524598
0.0250051
0.10066
0.00130113
0.00174539
0.00164432
0.037991
0.111511
0.016633
0.00262655
0.00609931
0.000221552
0.0732181
0.0475243
0.010247
0.0406739
0.0158977
0.00818025
7.94416e-005
0.0155667
0.000688018
0.0186611
0.0737228
0.0976057
0.000406572
0.000997198
0.00578274
0.00153868
0.0214601
0.00162957
0.0742059
0.000701367
0.0112838
0.013469
0.00973537
0.0360585
0.0171629
0.0151994
0.0286497
0.00826757
0.00188782
0.00184384
0.00150006
0.110294
0.0383102
0.00257823
0.00353891
0.00321175
0.0131963
0.00114569
0.000886785
0.00162747
0.00516612
0.0152151
0.0184393
0.00731323
0.00351189
0.00267048
0.011801
0.00716197
0.000913951
0.0301224
0.00599799
0.00305715
0.00285005
0.00107077
0.00251505
0.00140966
0.00751417
0.000944229
0.0199482
0.00331392
0.0536147
0.049188
0.000941821
0.00219364
0.00174812
0.00963546
0.000471866
0.0957263
0.0110684
0.0114122
0.00708475
0.0313803
0.0275207
0.10677
0.143825
0.169069
0.00546309
0.00102641
0.0704547
0.0392143
0.0220335
0.00312076
0.0890648
0.00107481
0.0585879
0.00236296
0.0169187
0.00184891
0.00198052
0.00184524
0.00416184
0.00310364
0.000913501
0.00197802
0.0983411
0.0517235
0.00025332
0.0134204
0.00379845
0.00128829
0.0162968
0.0147676
0.00247456
0.00137728
0.00972644
0.0267647
0.0243904
0.0231631
0.0417744
0.0013675
0.000856275
0.00245686
0.0502011
0.0402183
0.000866814
0.0511623
0.0710472
0.0117814
0.00351846
0.00366088
0.0438063
0.0012181
0.020438
0.0141701
0.00255909
0.000760965
0.00142392
0.157448
0.0518723
0.00689872
0.000992563
0.0490558
0.019035
0.00117735
0.00217601
0.0071773
0.00198472
0.00266124
0.00472154
0.00269398
0.00414843
0.00667073
0.000311491
0.00647806
0.0186357
0.0102958
0.125824
0.0270611
0.00264085
0.00161296
0.00434852
0.0432958
0.00144183
0.00239551
0.063291
0.00298515
0.00141677
0.00110426
0.109504
0.0487267
0.000199132
0.0200596
0.000234514
0.000326806
0.0274883
0.039914
0.0147469
0.00420803
0.0108444
0.012703
0.000278259
0.0196878
0.00069615
0.00756113
0.016306
0.00258936
0.019151
0.0709024
0.054519
0.0153735
0.0115235
0.025618
0.00248733
0.00983124
0.0114684
0.0537354
0.00103389
0.00120924
0.0123826
0.0273327
0.00255718
0.0248725
0.00530092
0.000223449
0.0354332
0.00210182
0.0757654
0.00873291
0.00968495
0.00136349
0.0103596
0.0294577
0.184522
0.000732741
0.00742456
0.0148295
0.0238677
0.0185219
0.000291043
0.00497358
0.000806417
0.00198306
0.00108853
0.000486109
0.0113698
0.00152155
0.00284652
0.0140638
0.00173196
0.0272898
0.0249088
0.0723228
0.00132565
0.00899623
0.00156486
0.038788
0.000763534
0.117556
0.00663455
0.0179205
0.00215195
0.00453642
0.00457199
0.00719055
0.000677786
0.00445644
0.0715147
0.00111613
0.271864
0.00092425
0.0468714
0.000158437
0.0407586
0.0540928
0.0102506
0.0214815
0.0334383
0.00441759
0.00603705
0.00469649
0.000881952
0.0103892
0.000554712
0.0245291
0.00356184
0.00564934
0.00330371
0.0303904
0.00132483
0.0297229
0.0186983
0.0508055
0.0229711
0.00702655
0.0408729
0.0163771
0.0190845
0.0228506
0.0215955
0.112021
0.0010787
0.00318263
0.00264161
0.00395988
0.00505753
0.00730199
0.000909655
0.0014745
0.042719
0.00348331
0.00120992
0.0468772
0.00178501
0.000972571
0.00449604
0.00167065
0.00425582
0.00534175
0.0591142
0.0763647
0.0144736
0.0417809
0.0132266
0.0415809
0.0131502
0.0026025
0.00112733
0.000920739
0.00102578
0.000692122
0.00181598
0.00742872
0.0166322
0.000828653
0.00405948
0.000635085
0.00255436
0.00260914
0.00161058
0.00374277
0.000785071
0.0685042
0.00416701
0.000421174
0.00607171
0.00765968
0.0771097
0.00556961
0.0785068
0.00119042
0.00661973
0.0134377
0.00756598
0.0262711
0.000302362
0.0182524
0.000960152
0.0663527
0.0658181
0.000569455
0.011824
0.0121794
0.00232082
0.00212462
0.00100113
0.00244925
0.0153008
0.000915004
0.00769001
0.00604821
0.00845175
0.0115922
0.0315867
0.00382746
0.0297726
0.0214447
0.000398446
0.0116713
0.00350454
0.0388316
0.00501127
0.000765764
0.00210374
0.0500122
0.00576819
0.0329212
0.00585727
0.00975055
0.00540587
0.00781909
0.0131059
0.00900467
0.000657293
0.0345615
0.041333
0.0012182
0.0442199
0.0279593
0.00328684
0.000582759
0.00422449
0.00128474
0.0336468
0.00612579
0.0109292
0.00195395
0.022106
0.0444625
0.0327288
0.000987571
0.042318
0.00250822
0.00141542
0.000311108
0.0758169
0.00574454
0.0126275
0.00719793
0.00775856
0.0222873
0.016071
0.00861149
0.0462373
0.00162827
0.00110523
0.00261655
0.00197981
0.0023442
6.93774e-005
0.0192673
0.00177639
0.0277649
0.0164532
0.00068349
0.000886352
0.00444938
0.00092767
0.00228101
0.0647988
0.0976438
0.00137381
0.000517364
0.000360836
0.000419352
0.0113185
0.00166425
0.015578
0.0278667
0.0375806
0.0449916
0.034652
0.0389443
0.00125273
0.0518518
0.019927
0.0361821
0.000455407
0.0124731
0.0140877
0.010468
0.00884731
0.00849779
0.000630901
0.136913
0.00904899
0.0315426
0.00269279
0.0993213
0.000713781
0.00467884
0.0269648
0.0264842
0.00311344
0.00120296
0.00187591
0.012256
0.113712
0.000717282
0.00327262
0.00113439
0.00101899
0.0422642
0.0344514
0.00533204
0.0104739
0.0678241
0.00223692
0.00251855
0.0117902
0.00116303
0.0451174
0.000791567
0.000610456
0.00101362
0.00212145
0.0157807
0.00300817
0.00409477
0.00220689
0.000439501
0.000506133
0.000503951
0.000238211
0.00513233
0.00573317
0.00575236
0.00625083
0.0228878
0.00907171
0.0167704
0.00244527
0.0147984
0.000410411
0.0127532
0.0128714
0.00334621
0.00109567
0.0135677
0.03019
0.000293286
0.0172326
0.00530529
0.00426368
0.0102409
0.00150934
0.00269913
0.00122494
0.0449093
0.00327832
0.05345
0.0758931
0.00210497
0.00176754
0.0176649
0.227053
0.00255294
0.0327874
0.0417698
0.0197997
0.0100247
0.060738
0.0530837
0.039786
0.00278355
0.297828
0.00411731
0.000266142
0.0146072
0.147859
0.00581262
0.0295639
0.00183484
0.00364965
0.00250902
0.0123083
0.00291551
0.0126351
0.00195279
0.00927412
0.000688472
0.00353392
0.00319975
0.00337527
0.00796472
0.0070962
0.0013913
0.22884
0.00657609
0.000580375
0.00497398
0.0122641
0.00753392
0.0015255
0.0123727
0.00115685
0.0134025
0.00217088
0.00282502
0.00287688
0.0353488
0.00253517
0.00262429
0.00502289
0.0355962
0.00375912
0.0526689
0.0172133
0.00214277
0.00200811
0.0170954
0.00335117
0.000744108
0.0111868
0.00118457
0.0811827
0.0805383
0.0525694
0.0657376
0.00069259
0.00128003
0.00364548
0.00399749
0.0349641
0.00434958
0.00503465
0.0381179
0.000283172
0.00253017
0.120325
0.0063238
0.16426
0.236876
0.0603119
0.00235652
0.032273
0.0261272
0.00126178
0.00897047
0.00592494
0.000140969
0.100493
0.00283878
0.053591
0.067154
0.16974
0.0535857
0.00429948
0.0108146
0.132897
0.155263
0.000722963
0.099799
0.166081
0.00196163
0.00414219
0.0025516
0.0314243
0.00263448
0.000692113
0.00309772
0.00209361
0.0248703
0.00122729
0.00171312
0.106218
0.00156535
0.151467
0.00405322
0.118834
0.00177851
0.00103865
0.0399068
0.0192849
0.0329225
0.020431
0.00212121
0.0284261
0.117019
0.11771
0.00877882
0.000675876
0.00406458
0.0062403
0.033744
0.0221429
0.0333192
0.038799
0.0013675
0.0242101
0.00238448
0.0794952
0.0866933
0.0221606
0.0248729
0.0234853
0.00234926
0.00261416
0.141608
0.0287036
0.0912379
0.00188611
0.000994343
0.0140861
0.0160697
0.0339335
0.0397425
0.00677565
0.102713
0.0561553
0.0169838
0.00341361
0.00419536
0.00653354
0.00144122
0.00210182
0.0131214
0.0562044
0.00662354
0.22177
0.000914451
0.000483191
0.110251
0.00124334
0.000821437
0.0263589
0.00978769
0.00392561
0.00569955
0.0287283
0.0150719
0.102728
0.0168322
0.00101262
0.0232437
0.0141763
0.163601
0.00282827
0.00940485
0.0133836
0.0130511
0.00291368
0.00683375
0.0015962
0.00368217
0.0158913
0.00171447
0.00763755
0.0415027
0.00608026
0.00945628
0.00251492
0.00146002
0.00340314
0.045056
0.054619
0.00374424
0.0164698
0.132603
0.0016781
0.0215046
0.00211613
0.0327086
0.00400397
0.00294394
0.00361333
0.000694937
0.0367056
0.00270031
0.00363066
0.00288484
0.081536
0.0321143
0.00134649
0.0337684
0.0152006
0.00607601
0.0388145
0.00090395
0.00715909
0.110815
0.00139694
0.000877194
0.0146603
0.00222375
0.00542124
0.128201
0.00975824
0.0421276
0.0213793
0.000528548
0.00774078
0.0624959
0.0655751
0.0437755
0.000940914
0.0415026
0.0119435
0.000250023
0.0131607
0.011834
0.116853
0.00367357
0.119833
0.00493363
0.000994212
0.0010699
0.00668562
0.034576
0.00523865
0.020619
0.144434
0.0113241
0.035086
0.00622536
0.00557708
0.0343065
0.0046836
0.0813207
0.0797392
0.0200866
0.114787
0.181963
0.208416
0.00273415
0.0174578
0.0480388
0.000948631
0.00398156
0.00724708
0.00126593
0.156397
0.0491864
0.037078
0.00013018
0.00643395
0.00567862
0.0142935
0.000849586
0.0164461
0.0567751
0.0216595
0.000912791
0.000976349
0.00125327
0.000661453
0.00291302
0.000569905
0.0755503
0.00829689
0.00398564
0.0118436
0.00203832
0.000756638
0.00105761
0.010817
0.060697
0.000830506
0.0664206
0.00458288
0.000429608
0.00213565
0.00122966
0.00161822
0.0879141
0.00118803
0.00429738
0.00131567
0.0366695
0.0220049
0.0212718
0.0395359
0.0416724
0.00127908
0.00161291
0.00666844
0.00102301
0.14485
0.0145627
0.0198831
0.00241841
0.00105915
0.0105646
0.00026675
0.0018009
0.00383845
0.0936626
0.000831657
0.0028321
0.0393144
0.0739944
0.00149956
0.014965
0.00177068
0.138828
0.0620065
0.0093686
0.0101349
0.0680621
0.00574542
0.0308187
0.025694
0.00041866
0.00595055
0.000691521
0.00520299
0.0676893
0.00192256
0.00459829
0.0116564
0.0173291
0.025483
0.00285647
0.00025797
0.00175705
0.000262854
0.0269741
0.00291554
0.000432015
6.00732e-005
0.135749
0.00163289
0.000165107
0.0103509
0.00120153
0.0542981
0.0064408
0.0635773
0.00137504
0.0428384
0.00241384
0.00123017
7.94416e-005
0.0122911
0.00383133
0.0314641
0.129822
0.0643223
0.000954503
0.00119052
0.00444609
0.00105239
0.0495372
0.00244255
0.00100948
0.0315686
0.00338171
0.0104391
0.000500227
0.0222793
0.0174264
0.0295318
0.0253144
0.0193236
0.00107477
0.00444457
0.00732449
0.000783358
0.048492
0.00210369
0.0226609
0.00295145
0.00560472
0.000770244
0.00266359
0.0106593
0.00297241
0.0405417
0.0658996
0.00256985
0.00602835
0.00620324
0.00130799
0.0135248
0.000812874
0.169164
0.0162618
0.0122461
0.00180393
0.000560289
0.00903173
0.0518718
0.00900339
0.114876
0.0661185
0.00220101
0.0941991
0.00152651
0.246651
0.000439534
0.0062388
0.0507141
0.00530229
0.00618266
0.0928441
0.0111908
0.0117877
0.028741
0.0116582
0.00373735
0.00855489
0.00510655
0.0472334
0.0352901
0.000479925
0.00282401
0.0436514
0.0282986
0.0386225
0.109094
0.00113423
0.0387642
0.00485347
0.0676662
0.000846738
0.0215757
0.0830079
0.00167103
0.0770416
0.00146611
0.00152728
0.00235303
0.0215389
0.0140796
0.00747128
0.00877066
0.104406
0.00841315
0.0117205
0.0045786
0.00284154
0.0202924
0.0123344
0.000538911
0.000702568
0.0035391
0.00109364
0.00202978
0.0013075
0.0658993
0.0123432
0.0669899
0.01131
0.195634
0.0236802
0.0265393
0.000943618
0.0758778
0.0209309
0.000853948
0.007216
0.00657575
0.0267302
0.00469647
0.000873951
0.000587595
0.00692181
0.0184206
0.00152949
0.000871303
0.12501
0.0031676
0.0305924
0.0116922
0.0423556
0.0392741
0.00264938
0.106094
0.0470803
0.00381632
0.0253008
0.000837703
0.00023147
0.091977
0.0112193
0.0158894
0.00548929
0.0446584
0.0773282
0.0490942
0.0406293
0.0607229
0.0393435
0.000389277
0.000258341
0.00478127
0.0089413
0.000486834
0.000984889
0.0860343
0.0636096
0.0010721
0.00532601
0.00158291
0.000811439
0.00158397
0.00444681
0.0701474
0.000757877
0.0168099
0.139275
0.0131875
0.0787164
0.00320226
0.067945
0.0254726
0.0370662
0.000417333
0.000226964
0.00340425
0.008649
0.00108106
0.0160051
0.041923
0.0138016
0.000523769
0.00243111
0.00218339
0.00363509
0.00557179
0.0290022
0.000614717
0.0102736
0.00246937
0.00155844
0.000863551
0.000220515
0.0387835
0.0198701
0.00609617
0.0135936
0.0391878
0.00123414
0.00163646
0.0115168
0.0662066
0.0341913
0.00518415
0.00336854
0.000880038
0.00169585
0.0733248
0.00322197
0.00167925
0.0386059
0.0969967
0.0134657
0.0207026
0.00144366
0.145655
0.00203903
0.00677725
0.0749657
0.0321807
0.0107195
0.0378767
0.0627369
0.00810986
0.0535829
0.00154357
0.0270598
0.00696842
0.000957815
0.00184094
0.00145409
0.0316391
0.0012093
0.00171355
0.0765789
0.00664019
0.0728678
0.00436349
0.000880231
0.00697675
0.000877119
0.00227265
0.103251
0.12997
0.0121766
0.007215
0.0106771
0.0101568
0.0138003
0.0201065
0.00778591
0.000450152
0.00807082
0.0110924
0.0054724
0.0255585
0.0233056
0.00106349
0.00257741
0.00672559
0.0155829
0.0236476
0.0011118
0.0108165
0.00127401
0.0600585
0.000948326
0.000843718
0.0159462
0.12917
0.00641882
0.000123992
0.00811593
0.00035884
0.000212751
0.0233801
0.000796221
0.0172153
0.00628822
0.00139929
0.00864631
0.00146289
0.0722449
0.00204295
0.000767382
0.0162451
0.00564669
0.0495885
0.0815107
0.0131829
0.0275358
0.00121238
0.00326237
0.000177469
0.000571129
0.0161977
0.00283631
0.00116942
0.0579073
0.0625439
0.00173208
0.00219209
0.149296
0.0145415
0.00991238
0.00919315
0.0108596
0.00147916
0.0016603
0.0101961
0.00159055
0.00468633
0.0160382
0.00878806
0.000330933
0.00711094
0.00240823
0.00374672
0.0172368
0.0182373
0.00606512
0.0901789
0.00165897
0.178924
0.0014348
0.0578322
0.0830888
0.0034189
0.0838596
0.00126583
0.00108246
0.000757789
0.0125904
0.0328676
0.0240016
0.0754916
0.00126341
0.00163674
0.000662943
0.0561982
0.00215042
0.0173277
0.0204839
0.0336889
0.156994
0.100753
0.0101112
0.00103154
0.000881446
0.00564179
0.0105305
0.00267327
0.00657924
0.000334238
0.00123322
0.000904782
0.0819668
0.0017037
0.174778
0.0479934
0.00182931
0.0126172
0.0263714
0.00532507
0.000497896
0.00355954
0.102929
0.111987
0.0305857
0.00131044
0.152477
0.000137181
0.0313483
0.0616391
0.0516835
0.00109765
0.0292048
0.00606369
0.00436243
0.0773714
0.0268937
0.0850144
0.000713315
0.0587649
0.00994635
0.00226869
0.0629045
0.00433926
0.0683656
0.102285
0.00160302
0.0119703
0.00784897
0.0079607
0.0288131
0.0527524
0.00602293
0.0548021
0.0793659
0.062006
0.00425604
0.00467127
0.00253863
0.0152747
0.00256191
0.0110359
0.00466122
0.000270065
0.0028158
0.0168381
0.0302844
0.0077701
0.0034232
0.00607736
0.000490559
0.00187067
0.0464963
0.00976837
0.0276255
0.0562766
0.000970554
0.0730595
0.105493
0.00167237
0.000317003
0.122788
0.0539915
0.00100525
0.00953442
0.00320039
0.00137048
0.000809545
0.10515
0.00281459
0.0618369
0.105852
0.0357354
0.00624131
0.00176508
0.00041186
0.00365889
0.000912014
0.00909987
0.0211797
0.0775684
0.044718
0.0755482
0.00209465
0.00119342
0.00543389
0.000194692
0.00106363
0.0140902
0.00108357
0.0274819
0.00823381
0.00102509
0.00153617
0.0119354
0.070827
0.10877
0.040523
0.000726423
0.00274736
0.0141453
0.00491559
0.0316906
0.00972345
0.0109348
0.00117574
0.0011092
0.0503271
0.0493
0.0484504
0.115238
0.00559282
0.0192647
0.0107238
0.000404524
0.00286224
0.00147802
0.000966076
0.0348214
0.0250966
0.00138671
0.0244126
0.0547156
0.110637
0.00593356
0.0044029
0.00467525
0.00407206
0.0552227
0.00391708
0.00499253
0.173263
0.0136972
0.0281238
0.024106
0.0259658
0.00278144
0.00129966
0.00860471
0.00417347
0.00112371
0.00704188
0.0446846
0.040343
0.00337954
0.00488388
0.0279994
0.0615917
0.00343929
0.00793833
0.0280549
0.00294444
0.000566872
0.0673517
0.028915
0.083044
0.0217427
0.000367228
0.0011027
0.0166878
0.00102325
0.0154472
0.068855
0.0401729
0.0689735
0.00450007
0.00281779
0.00074515
0.00231261
0.102711
0.00567986
0.00139163
0.0575802
0.0400252
0.0413499
0.00066922
0.00173499
0.00493504
0.00455122
0.000778309
0.0102844
0.0134469
0.012955
0.0196011
0.0140951
0.111756
0.000934457
0.0008929
0.00140751
0.0231803
0.00169011
0.00604741
0.00961486
0.000934547
0.0702098
0.0824938
0.0437592
0.0387032
0.0451761
0.0306978
0.00196443
0.000422053
0.00477861
0.0325945
0.0318128
0.00129211
0.00181532
0.00151441
0.00283991
0.0204831
0.0231704
0.016308
0.0691436
0.07895
0.0377965
0.117615
0.0275769
0.000696222
0.000934126
0.00146194
0.0070418
0.025122
0.00294336
0.000491255
0.00153434
0.00129522
0.182233
0.148783
0.238377
0.00161288
0.0417824
0.0529949
0.0718297
0.0368834
0.0568594
0.000203642
0.0321754
0.0041007
0.00103691
0.00267086
0.00474997
0.000473161
0.000923195
0.00233812
0.00911879
0.00177202
0.00916393
0.00259476
0.0275592
0.00199397
0.00107201
0.0651476
0.000763289
0.00189597
0.00229956
0.00422408
0.0253325
0.000970532
0.000862109
0.00725884
0.00164241
0.00222031
0.0736828
0.0292192
0.00207394
0.0591184
0.0100508
0.0557601
0.0813704
0.0849927
0.0398455
0.00129221
0.0248154
0.0573442
0.139604
0.00101681
0.0127309
0.00165582
0.0159274
0.0619418
0.0009888
0.0281761
0.00188458
0.0949695
0.00176247
0.0539642
0.0454578
0.00265781
0.0854949
0.0113327
0.023761
0.0413528
0.0434078
0.0646089
0.0223008
0.0842797
0.000682288
0.00178574
0.0248426
0.0338401
0.000474013
0.000706739
0.00600607
0.00404419
0.15056
0.0363282
0.00307833
0.000725571
0.0044704
0.203481
0.189537
0.00347953
0.0127361
0.000321067
0.0396238
0.0353949
0.08025
0.00317853
0.00184033
0.205214
0.202904
0.0338896
0.0178537
0.00656132
0.00134223
0.00488621
0.0673496
0.0363751
0.00120222
0.0564166
0.00121077
0.00136222
0.0787364
0.0832669
0.00105656
0.00108883
0.0233898
0.00773651
0.00274496
0.00593162
0.000473105
0.0136128
0.0642469
0.00244553
0.0010229
0.00167352
0.0842622
0.000413513
0.000528983
0.0021318
0.0109205
0.00034034
0.00500561
0.0015352
0.0450662
0.0575847
0.0830106
0.0142922
0.0114454
0.0810061
0.0906339
0.0476213
0.0018451
0.0523433
0.0755716
0.00949257
0.0801625
0.0277201
0.00188457
0.0137201
0.0162378
0.0901435
0.0130964
0.0589497
0.0538689
0.00630859
0.118653
0.00609639
0.000470874
0.00507252
0.0129651
0.000460107
0.00138429
0.036587
0.000803713
0.000433937
0.0662338
0.176397
0.138878
0.00875072
0.0176837
0.0615667
0.003985
0.00334001
0.00138881
0.00237552
0.000345565
0.00574474
0.000753461
0.00436593
0.00403139
0.0446835
0.003278
0.0250239
0.010015
0.00737465
0.022064
0.000155109
0.00281936
0.00858612
0.00485661
0.00302978
0.00161396
0.00111299
0.0406643
0.025711
0.0265441
0.000726639
0.0075432
0.0463505
0.0404506
0.00123981
0.00560375
0.010794
0.0102315
0.0446902
0.0160212
0.161315
0.00574369
0.00362762
0.00109023
0.00316219
0.0682957
0.0121043
0.0379573
0.00281666
0.000560503
0.00315746
0.00201221
0.0327975
0.025663
0.00164351
0.0166639
0.00332143
0.086641
0.0016671
0.0103803
0.0209126
0.0424052
0.117473
0.000581415
0.00127679
0.00113625
0.0193852
0.0885904
0.00443877
0.0106807
0.00151521
0.00110578
0.0369925
0.00357509
0.000935247
0.0203627
0.0629794
0.0656737
0.00395791
0.0031313
0.000522784
0.0821466
0.0881578
0.0693975
0.0269303
0.00585861
0.0214965
0.00295086
0.00097939
0.0258557
0.0248761
0.000570194
0.0499548
0.0315627
0.000778824
0.000843969
0.0127842
0.0107982
0.000456598
0.0513767
0.0223313
0.000644074
0.000336955
0.00349052
0.161965
0.117258
0.0254911
0.00150522
0.124238
0.000620295
0.00241431
0.0039005
0.00561417
0.000777473
0.0264266
0.0822453
0.0222866
0.0996448
0.19926
0.000804718
0.0118961
0.000981396
0.0495222
0.00885962
0.00116203
0.00113176
0.000406865
0.00218773
0.0680537
0.000884589
0.00080472
0.0251328
0.0510051
0.038715
0.000947254
0.000938048
0.0168313
0.00123296
0.00379431
0.00300214
0.085172
0.0772203
0.000308639
0.0533138
0.0226499
0.0403084
0.00432243
0.248269
0.208637
0.000922133
0.11095
0.0014186
0.0925487
0.00477997
0.00194804
0.0134891
0.0456189
0.0637781
0.000774952
0.0472233
0.166489
0.000814965
0.00260051
0.00294338
0.128885
0.0109189
0.000675574
0.00171911
0.000487576
0.0721877
0.000893282
0.0609472
0.0857542
0.125773
0.00220378
0.0533318
0.0204595
0.0210917
0.027263
0.00452839
0.00698156
0.00289829
0.00277015
0.000739416
0.018736
0.0281324
0.00939577
0.00120008
0.086861
0.00332287
0.0256544
0.000953548
0.00060297
0.000963955
0.110138
0.000514881
0.00831855
0.00145297
0.000611925
0.0065559
0.106622
0.0257642
0.0456332
0.0512476
0.0861481
0.0328139
0.12754
0.00261574
0.00174029
0.00040221
0.0534433
0.0439308
0.0348549
0.084533
0.0827397
0.00499842
0.00400479
0.0739616
0.0763533
0.000399457
0.00709469
0.00274562
0.00206563
0.00110487
0.113037
0.0774691
0.124618
0.00177786
0.00172566
0.0228231
0.0418245
0.0200642
0.0732984
0.0126771
0.0225528
0.00088764
0.00176251
0.000981074
0.000429365
0.0275113
0.00340869
0.0393526
0.0595044
0.16598
0.00245415
0.257152
0.000884218
0.0299083
0.0177747
0.0180182
0.0259921
0.0107067
0.000495755
0.00144943
0.00740517
0.00075658
0.0358389
0.00737331
0.0167302
0.0214824
0.00121593
0.000282882
0.0337153
0.00201697
0.000776814
0.0530656
0.0149932
0.00426645
0.000626339
0.00664377
0.0176103
0.00179394
0.0689826
0.0104788
0.000816128
0.000125665
0.00481883
0.0013782
0.050695
0.0012458
0.0226284
0.0301658
0.00154267
0.0769992
0.017695
0.0417454
0.0520187
0.00402391
0.00784428
0.00365566
0.00238733
0.00363158
0.00153549
0.0188171
0.00494409
0.017842
0.0144042
0.0268011
0.000983784
0.0390565
0.00072709
0.000980168
0.00625305
0.0045847
0.0546449
0.000622614
0.0135618
0.000964178
0.00153555
0.000749701
0.00611248
0.0186119
0.000785697
0.0813835
0.014403
0.00138736
0.0337446
0.00244191
0.000719155
0.01543
0.0020009
0.031736
0.0255643
0.0210403
0.013368
0.030027
0.0205386
0.0329116
0.00093645
0.0171266
0.00383135
0.0893641
0.105555
0.00185942
0.0707899
0.0562044
0.0031556
0.00176531
0.00708919
0.0181285
0.00529468
0.0022109
0.000999801
0.0504609
0.101635
0.053503
0.0793831
0.000891985
0.053829
0.00747102
0.0165105
0.14189
0.00357861
0.00107928
0.0342687
0.00333987
0.000826779
0.0294435
0.00206509
0.00189859
0.00245955
0.00237274
0.00109535
0.000889873
0.000644973
0.0775151
0.00268026
0.00201207
0.0179857
0.00431646
0.00238277
0.0018653
0.00591594
0.000919306
0.0286714
0.0159381
0.119812
0.00136983
0.00325744
0.0560164
0.0329595
0.00429133
0.00164276
0.0719179
0.0423565
0.00300137
0.149267
0.13683
0.00674386
0.113716
0.000413413
0.000816093
0.0184243
0.00189443
0.000877656
0.00183812
0.000585069
0.000682907
0.0240631
0.000613272
0.00479677
0.00138487
0.0045505
0.0809382
0.000626634
0.0266156
0.0176219
0.0111663
0.0126085
0.000887773
0.00117759
0.00096991
0.00615977
0.00145297
0.0148875
0.00132843
0.000582546
0.131336
0.0526541
0.0479869
0.00390698
0.000960316
0.00135194
0.00105222
0.000186484
0.0868462
0.0304916
0.000975423
0.0627454
0.00140286
0.00141372
0.00141148
0.0216621
0.000306236
0.00186813
0.0544341
0.000842963
0.000497146
0.0161037
0.0530284
0.0137979
0.00868326
0.00428994
0.0698695
0.0529927
0.0198877
0.004346
0.0715037
0.00140662
0.00427943
0.000698323
0.00168165
0.00828994
0.0060297
0.0899211
0.00893971
0.00250286
0.00198143
0.000808216
0.120912
0.00172147
0.00427035
0.253382
0.00142397
0.033589
0.00297486
0.0934176
0.0204209
0.0469752
0.141692
0.117751
0.00236745
0.00600486
0.000357817
0.123912
0.0553417
0.088394
0.00605603
0.00542741
0.00082287
0.00187336
0.013667
0.00186728
0.00268474
0.000476171
0.00169633
0.00648677
0.0888597
0.00312585
0.00131644
0.0003635
0.0562519
0.121036
0.0120224
0.0292343
0.0103215
0.00129084
0.0127035
0.00277697
0.162142
0.154124
0.175036
0.0519641
0.00895009
0.136497
0.0509603
0.00376925
0.0719295
0.000557178
0.0655729
0.000670747
0.0180055
0.0135281
0.150667
0.0619549
0.00281873
0.00245496
0.0194644
0.00120962
0.00403348
0.00256693
0.00195115
0.00671999
0.0127146
0.0704215
1.34318e-005
0.000466708
0.000886441
0.00193149
0.00178156
0.223423
0.0280171
0.126766
0.123446
0.0697223
0.00147625
0.00295783
0.0442619
0.000498003
0.100301
0.00614547
0.00705376
0.00231282
0.00663878
0.105146
0.215176
0.194682
0.00175038
0.0354057
0.00110052
0.000907015
0.000673806
0.0718371
0.00378815
0.0037334
0.0282571
0.000943925
0.00122214
0.00444099
0.114063
0.0732841
0.0018818
0.00152585
0.0238094
0.000831072
0.00115613
0.00454527
0.000243162
0.00178822
0.00155531
0.0651708
5.16827e-005
0.0135653
0.00648805
0.00712966
0.0889531
0.0117934
0.019803
0.0172144
0.000881964
0.00283375
0.00134736
0.00206575
0.00106834
0.0473773
0.021877
0.0540773
0.105244
0.0613611
0.0203956
0.00344134
0.00633619
0.00122313
0.0713367
0.0331334
0.00489079
0.0223744
0.00144647
0.00218855
0.00156755
0.000919798
0.00400133
0.00215924
0.0472261
0.011783
0.0576011
0.00560898
0.192865
0.0298376
0.00241517
0.0012893
0.00201724
0.00734181
0.0324581
0.010549
0.00120112
0.00073258
0.00225513
0.00249866
0.00171455
0.00193963
0.0190209
0.0699174
0.080201
0.0330711
0.0656455
0.00106291
0.000360971
0.00376828
0.000747724
0.000397141
0.00704483
0.0495774
0.017514
0.0150773
0.00223967
0.00534053
0.00285951
0.0146067
0.140949
0.105737
0.0222784
0.0405237
0.0563326
0.0301339
0.0312888
0.00160635
0.00722596
0.000832298
0.00129676
0.0129584
0.0684232
0.00125521
0.000366857
0.0834558
0.00458468
0.00257344
0.0017341
0.00136866
0.00254783
0.0176938
0.0204301
0.0411482
0.00959486
0.0686182
0.000416078
0.0107951
0.0447871
0.042033
0.0822118
0.104841
0.00920654
0.0136483
0.0849842
0.118761
0.0056708
0.00638363
0.0193952
0.0507388
0.000686294
0.00151353
0.0381446
0.00130062
0.0285239
0.00562306
0.073479
0.00554682
0.017659
0.000834651
0.000485114
0.0522469
0.0653526
0.00150263
0.0550107
0.00949908
0.00268328
5.88191e-005
0.00136372
0.110945
0.0783533
0.0885348
0.0144269
0.00165261
0.00330426
0.00133393
0.000956203
0.00115875
0.0502549
0.000656663
0.0014173
0.00152304
0.0675019
0.0153299
0.0506653
0.000865042
0.000484143
0.000765647
0.000484308
0.00504691
0.000798486
0.0025733
0.102482
0.0505787
0.0112162
0.000749843
0.0112821
0.00791442
0.00123122
0.113141
0.090943
0.0018052
0.0294294
0.0349637
0.0306227
0.00038421
0.000416677
0.000520993
0.000755164
0.00468594
0.000809826
0.000575947
0.0167959
0.000298112
0.00114747
0.0165946
0.00229497
0.0421062
0.00482864
0.0742727
0.0348941
0.0337346
0.00232316
0.0442504
0.0558042
0.0937678
0.14312
0.00862044
0.0577902
0.0172465
0.0051995
0.000989474
0.00249802
0.13034
0.0314705
0.00162372
0.00214952
0.00185942
0.000845119
0.000321412
0.000611204
0.0366949
0.254393
0.00239362
0.00064371
0.0169003
0.00253093
0.0716029
0.0608726
0.00133256
0.00377753
0.0125803
0.0134965
0.0497518
0.00498828
0.00320933
0.0074995
0.00188477
0.0745579
0.0448378
0.214706
0.114729
0.20209
0.0333258
0.00437885
0.00387451
0.00110472
0.0071606
0.101931
0.000342673
0.00764801
0.0111712
0.00271846
0.246069
0.0008057
0.0231535
0.0676483
0.0966775
0.00812234
0.00858735
0.0556066
0.0242823
0.0666222
0.000863379
0.201332
0.0473517
0.0470025
0.0484822
0.0390591
0.000759959
0.076957
0.000306255
0.000459624
0.00113477
0.00139448
0.000771765
0.00298965
0.204904
0.00114572
0.00254212
0.0111133
0.00956654
0.0510271
0.0593764
0.0185936
0.000906897
0.0652313
0.00139293
0.00108644
0.00560268
0.0368386
0.0107317
0.0128672
0.0496157
0.125949
0.157672
0.0013207
0.137288
0.0226607
0.0135024
0.010202
0.0222545
0.148703
0.0282431
0.00452713
0.0053782
0.00370475
0.00148975
0.0420144
0.0535421
0.00114081
0.00120186
0.000763168
0.0155776
0.0825707
0.00185684
0.000916422
0.0672138
0.103416
0.0850013
0.00666458
0.000984662
0.00224885
0.00493438
0.0599857
0.000904821
0.00213036
0.0575093
0.000888547
0.22479
0.000991078
0.000568666
0.00053711
0.000668061
0.00114755
0.00105618
0.000356232
0.0106068
0.0286256
0.0418953
0.19318
0.0190497
0.00205849
0.000465281
0.0109972
0.00842413
0.0188908
0.0531238
0.136561
0.0025993
0.00215168
0.123006
0.00315764
0.0460354
0.0166122
0.0176327
0.000394224
0.00281054
0.0379107
0.0343459
0.00185612
0.00986407
0.0457021
0.137963
0.24258
0.0271652
0.0545674
0.0306016
0.000905189
0.00122531
0.000771342
0.00110819
0.0122402
0.00758882
0.00149263
0.0471285
0.00190204
0.00565514
0.000861876
0.00249524
0.000910283
0.00027745
0.0218699
0.0099198
0.0473466
0.00611401
0.215721
0.0648478
0.105532
0.008533
0.140422
0.0169913
0.0525304
0.00631723
0.00654557
0.000964078
0.00567929
0.000976908
0.00102933
0.00899901
0.00507075
0.00430678
0.0172172
0.004953
0.000900396
0.00888663
0.0203491
0.0433688
0.00172445
0.0242958
0.00394008
0.00725328
0.00552292
0.0923579
0.00272708
0.0139626
0.0696337
0.00289157
0.000568191
0.00429762
0.000717539
0.000611889
0.00587938
0.0148622
0.0101501
0.0084275
0.0173984
0.0714083
0.123761
0.00268622
0.0173985
0.138809
0.177866
0.0811819
0.108164
0.00117808
0.0156244
0.0249747
0.0315018
0.000865072
0.000946975
0.0360551
0.00058612
0.00884549
0.00518247
0.0446735
0.00216322
0.000830961
0.00040738
0.0158318
0.0101226
0.00824104
0.00722504
0.0483505
0.0537004
0.00251569
0.00109424
0.000575661
0.0122128
0.00183104
0.09912
0.00154018
0.00101864
0.000805763
0.0470215
0.00092132
0.00542284
0.00232549
0.00149808
0.00153441
0.00545359
0.00899914
0.0204703
0.00439057
0.00568742
0.0215685
0.0411604
0.00205281
0.133568
0.120713
0.00465104
0.000554187
0.000836144
0.0102013
0.00179112
0.0118546
0.0600696
0.000512177
0.0218947
0.0391032
0.00239115
0.0202702
0.0156006
0.00074736
0.0197978
0.004908
0.0595206
0.0768052
0.0554098
0.00622958
0.0117336
0.0021719
0.000655955
0.00109079
0.076188
0.00169584
0.00179664
0.0040238
0.041106
0.000956069
0.155837
0.00228321
0.0131155
0.008117
0.0484311
0.0382913
0.0807656
0.00126487
0.127655
0.151941
0.00129291
0.037983
0.000308566
0.00374727
0.0460652
0.0949918
0.0857441
0.0178976
0.000644905
0.00431306
0.00603472
0.00644662
0.0744291
0.0453771
0.00146625
0.00102071
0.0155633
0.0160859
0.0613494
0.00298374
0.161885
0.0708461
0.00516624
0.00386166
0.0768945
0.110258
0.00124787
0.174668
0.00170042
0.00111118
0.00033691
0.0537192
0.0501128
0.0388325
0.00172763
0.0789869
0.00101124
0.105384
0.065523
0.00972279
0.00488244
0.0018962
0.095989
0.000509509
0.00362829
0.00363209
0.00638016
0.169607
0.0016136
0.00605337
0.041938
0.0626879
0.0434765
0.0171476
0.0472657
0.0307433
0.00841394
0.0490217
0.00376876
0.0912366
0.00349672
0.0531609
0.0470369
0.00371597
0.0749268
0.00183804
0.00646709
0.0263011
0.000604097
0.0593217
0.0958785
0.0222311
0.000992557
0.0245853
0.035779
0.0202489
0.00519892
0.000780166
0.0151766
0.000470667
0.00144551
0.000809718
0.0220619
0.0082844
0.000293121
0.093653
0.0603879
0.0349348
0.0421736
0.00161373
0.101956
0.000918022
0.000832512
0.0581891
0.0791656
0.0263693
0.0872793
0.102211
0.000782296
0.0450513
0.000785229
0.000968617
0.0405998
0.00299766
0.00182884
0.111404
0.00100566
0.0139599
0.0300085
0.0455021
0.00078139
0.0127514
0.024439
0.111775
0.00261853
0.00149205
0.000340145
0.00341797
0.00528813
0.000887345
0.000836663
0.000785965
0.00176397
0.000364236
0.0690392
0.000773769
0.015348
0.00419736
0.0364451
0.00540181
0.000443439
0.124985
0.00961142
0.0145185
0.0681018
0.0991272
0.00267067
0.0064012
0.000911482
0.0035305
0.0228911
0.130252
0.0957558
0.0101313
0.00423561
0.000981623
0.0712234
0.0751154
0.0190558
0.107914
0.120505
0.0767053
0.011694
0.0114105
0.00395346
0.0944445
0.139587
0.0010194
0.0225495
0.0082627
0.051049
0.00848138
0.0011628
0.00504723
0.000738599
0.0013092
0.00689605
0.00589473
0.016097
0.00327037
0.00377445
0.00147483
0.00147765
0.00221096
0.00195227
0.000941278
0.244411
0.0151766
0.000769275
0.00136167
0.00317613
0.0239236
0.00441692
0.00307252
0.0827706
0.00195502
0.000565676
0.000943087
0.061137
0.0677525
0.000632431
0.00103004
0.00420877
0.000379702
0.00227888
0.0679336
0.00060368
0.00449954
0.0113932
0.0793133
0.00565029
0.00512855
0.000818918
0.0328863
0.00104971
0.00517849
0.112047
0.0987529
0.00588251
0.0427315
0.0140949
0.0243198
0.00669634
0.00030246
0.0445895
0.0632767
0.0295321
0.000613729
0.0605878
0.0716164
0.000473821
0.000623764
0.0543006
0.126438
0.0739144
0.101919
0.0313828
0.0241053
0.000624532
0.00999067
0.0122538
0.0258063
0.00100714
0.0220221
0.0590637
0.000878199
0.00559971
0.0580486
0.011226
0.130834
0.00347829
0.0671881
0.00570688
0.141624
0.0674317
0.146091
0.000525396
0.000649214
0.000674237
0.0498856
0.0115224
0.000504096
0.0246059
0.00356055
0.0101439
0.0107162
0.0771197
0.000845854
0.000773769
0.00167063
0.0128886
0.044888
0.0033658
0.00285945
0.00156531
0.000114202
0.00356394
0.00928785
0.0418437
0.0551521
0.110945
0.0701874
0.0263612
0.0586234
0.000345726
0.00920263
0.0551623
0.000149368
0.00355114
0.26011
0.00074736
0.0239228
0.00472186
0.114326
0.00136136
0.0584062
0.246644
0.00208544
0.00155135
0.000840978
0.000511459
0.0601118
0.0661421
0.00158709
0.020318
0.00107706
0.0443203
0.101795
0.0928954
0.000585274
0.0371659
0.00093228
0.0396507
0.0435304
0.000873194
0.000676883
0.000299864
0.000352403
0.0648361
0.00360443
0.0359637
0.000862043
0.0081503
0.00168249
0.00320496
0.206414
0.0294397
0.0453788
0.0491665
0.0122397
0.0602841
0.00879972
0.000461677
0.00627986
0.0185277
0.071806
0.00263039
0.00634253
0.00322115
0.0254581
0.00514777
0.00431486
0.00158338
0.00179811
0.00118605
0.053304
0.000531581
0.000662602
0.0567283
0.00407263
0.123284
0.00100448
0.000506288
0.00597791
0.0398223
0.0151221
0.00517574
0.00374047
0.0372672
0.0606332
0.000354802
0.00709988
0.00108864
0.0202869
0.00103737
0.000643649
0.00387057
0.000907412
0.00326829
0.00108944
0.000781791
0.0147439
0.00190907
0.000315437
0.00152996
0.00541123
0.000611171
0.0150271
0.000484459
0.033256
0.00266173
0.00376599
0.00389
0.0078699
0.140641
0.0886156
0.0034477
0.00623163
0.0571688
6.46033e-005
0.00800889
0.0758603
0.000639793
0.0218948
0.0351519
0.0532736
0.0703081
0.16769
0.00283488
0.00391487
0.000431368
0.202558
0.0482569
0.02162
0.134793
0.00404165
0.0057624
0.00544637
0.00577617
0.0637612
0.000390448
0.0486088
0.0442905
0.000620443
0.000616146
0.00743597
0.0104153
0.000767374
0.00061635
0.00637577
0.100235
0.0211913
0.0126738
0.00469856
0.247936
0.019575
0.00405582
0.170244
0.00791184
0.0041408
0.00396701
0.00401928
0.00131032
0.128659
0.0011127
0.00123758
0.00284341
0.0164978
0.00420087
0.00535242
0.00221727
0.11956
0.00119445
0.071244
0.0946828
0.0136206
0.000666381
0.000358433
0.0771847
0.00328903
0.105131
0.0672487
0.0705324
0.0629936
0.0444706
0.220463
0.138303
0.00367894
0.0830699
0.000416024
0.00467418
0.0191019
0.00498755
0.121084
0.120771
0.00643718
0.000533218
0.0467242
0.00126763
0.00292553
0.0291985
0.139765
0.00534728
0.000730949
0.00948158
0.0126672
0.00184849
0.0600567
0.0302477
0.00682288
0.237205
0.000836548
0.0132451
0.0395953
0.0443932
0.00181971
0.0919098
0.0161407
0.0199992
0.0265004
0.00477425
0.143936
0.172202
0.00144705
0.0104861
0.070052
0.00688837
0.0015262
0.244059
0.0862574
0.00102256
0.0137629
0.103679
0.0445788
0.00288254
0.00186617
0.00892781
0.00181828
0.0451411
0.00404917
0.00394576
0.0188247
0.00399321
0.0764211
0.047557
0.0715741
0.0027399
0.183939
0.0554495
0.00293696
0.0569383
0.00047698
0.01124
0.00127568
0.00118591
0.145668
0.00896287
0.00921168
0.00252353
0.0102161
0.0285228
0.00356066
0.00227981
0.00791633
0.00199092
0.0592212
0.137987
0.00181019
0.019361
0.00204413
0.0710115
0.000326736
0.00925215
0.0935568
0.0202473
0.000346712
0.0110877
0.0380504
0.0223439
0.0330458
0.053105
0.0276216
0.0021802
0.000399891
0.0052341
0.0209722
0.0357771
0.00790231
0.00383402
0.249054
0.0799004
0.0802596
0.161849
0.108169
0.000367831
0.00226581
0.0360713
0.209664
0.0264623
0.0890511
0.0819397
0.29163
0.0176145
0.0216839
0.03647
0.022204
0.0248336
0.0177657
0.00864657
0.00466817
0.0487701
0.0690203
0.0397658
0.0383551
0.00380427
0.116356
0.00102811
0.104864
0.00841841
0.00146574
0.00196723
0.00354596
0.00106605
0.04777
0.0164501
0.0786746
0.00115693
0.00217494
0.00256697
0.0545662
0.00381626
0.0019465
0.00400964
0.00141599
0.136158
0.0177072
0.00391624
0.0110568
0.0108005
0.00370877
0.000975083
0.00480256
0.00592261
0.00444257
0.00157829
0.0010021
0.0935912
0.00119978
0.0359814
0.0112277
0.000337628
0.0776767
0.0321596
0.000556519
0.00961734
0.162266
0.211172
0.000821864
0.105959
0.00212529
0.0730622
0.0610096
0.0114739
0.0108065
0.0636011
0.0624857
0.104475
0.035013
0.11155
0.1142
0.0060638
0.000509453
0.0380891
0.00224913
0.00855582
0.00606789
0.000618017
0.00317983
0.00107049
0.00107614
0.00168
0.00112655
0.0498217
0.00166867
0.0796121
0.145971
0.0758772
0.00180474
0.0534568
0.000236102
0.0362647
0.138108
0.103844
0.0625054
0.00286496
0.033321
0.000471937
0.0403926
0.0593373
0.0259337
0.00234838
0.0451154
0.21077
0.00679581
0.00831278
0.00123179
0.114119
0.144212
0.00361318
0.0216258
0.000701023
0.000406264
0.0246311
0.195441
0.118852
0.000924392
0.00102442
0.00276594
0.00259777
0.04697
0.00139669
0.0050937
0.0207634
0.0347058
0.0267578
0.00325037
0.0281112
0.0326536
0.000417097
0.00066763
0.0223299
0.00787684
0.00201176
0.000472292
0.00933638
0.00261008
0.0135775
0.0249081
0.166867
0.0127026
0.000568755
0.0547367
0.00237392
0.00962313
0.00365726
0.00180988
0.0676189
0.00151636
0.0138296
0.000992105
0.000632469
0.0311716
0.00155447
0.000626047
0.00134028
0.0246443
0.138885
0.00811469
0.0956897
0.00570662
0.00137227
0.154802
0.0107181
0.00751051
0.00277164
0.00188969
0.0117218
0.0392622
0.0689961
0.0901517
0.0798517
0.142518
0.00842534
0.0110393
0.118465
0.0112428
0.0658035
0.0675011
0.00197025
0.00197044
0.0777971
0.0153737
0.00183287
0.00110581
0.0377573
0.0334056
0.165777
0.120524
0.0252327
0.0013272
0.00232881
0.00097924
0.0106815
0.0342096
0.0388368
0.0206628
0.0531096
0.00165041
0.0423774
0.000788608
0.00247939
0.0018002
0.00808667
0.029275
0.118926
0.101719
0.160195
0.000279756
0.0863439
0.00874276
0.0616664
0.000113428
0.00811398
0.0181414
0.0327725
0.00952687
0.00502053
0.0422389
0.0323079
0.00243831
0.000409198
0.00136336
0.0769648
0.00309433
0.134416
0.0775401
0.00278971
0.0576038
0.00374989
0.00103005
0.00123307
0.0363911
0.00176141
0.00188519
0.00965521
0.110595
0.0603835
0.00230445
0.010016
0.033254
0.00229628
0.126265
0.0657763
0.12627
0.135591
0.000671965
0.000256041
0.02058
0.00312833
0.156385
0.0411864
0.112473
0.20955
0.056397
0.0668205
0.0018647
0.0746656
0.00540038
0.103122
0.162283
0.0128161
0.0236133
0.0534044
0.156351
0.00145775
0.00525226
0.0450335
0.0615891
0.100816
0.00209226
0.0524462
0.000568773
0.00202254
0.0241078
0.00711765
0.15354
0.0934855
0.0175944
0.00799239
0.00015376
0.0478678
0.000514263
0.00388691
0.00422471
0.0131376
0.012957
0.0359323
0.0526642
0.102434
0.148006
0.0762826
0.110105
0.0143703
0.00178273
0.045203
0.177704
0.0492302
0.102141
0.00125227
0.0495931
0.0799827
0.0778181
0.0570941
0.049688
0.00978034
0.00206996
0.00453659
0.112977
0.0891574
0.0201147
0.00561278
0.0709268
0.0823394
0.124456
0.0050011
0.0549719
0.0771366
0.000449415
0.00865608
0.078614
0.000469312
0.00910457
0.00136368
0.0336233
0.00892263
0.00198034
0.0591814
0.00563791
0.229889
0.0642849
0.00189816
0.00584784
0.00712585
0.0014877
0.00546301
0.134138
0.0254875
0.0549047
0.000368338
0.0112037
0.00181112
0.102431
0.00315406
0.0530841
0.0426262
0.0865957
0.0798964
0.038642
0.0664153
0.0411325
0.0637074
0.0829859
0.0497464
0.00937147
0.0118713
0.00222182
0.000433318
0.162182
0.050035
0.0021222
0.0114939
0.00216571
0.00220241
0.00785709
0.00513883
0.00780922
0.0474574
0.281357
0.00133203
0.0520519
0.0527643
0.00243702
0.020424
0.0268246
0.0208875
0.0469909
0.0167914
0.00202318
0.129609
0.00379348
0.00255395
0.0039544
0.00214448
0.116815
0.0151354
0.132733
0.00391302
0.000187157
0.000524947
0.115207
0.0809735
0.0816924
0.00472939
0.135279
0.0454745
0.0338396
0.00984096
0.0345108
0.00456323
0.000533886
0.0026461
0.00247907
0.000567159
0.161689
0.167575
0.144072
0.0578967
0.000427762
0.00239215
0.0232678
0.000474027
0.00679283
0.00497129
0.0424049
0.00374618
0.0420031
0.00091608
0.00222256
0.0658877
0.0615005
0.107452
0.00420816
0.0577444
0.0457327
0.000850104
0.00868073
0.0142401
0.0126799
0.0111954
0.00929202
0.0106156
0.00249478
0.00421006
0.0877466
0.00270201
0.0125302
0.000713253
0.000535759
0.234203
0.0529004
0.00460797
0.0266337
0.00657937
0.00118277
0.0181342
0.00463183
0.00738152
0.00276677
0.0064819
0.00418749
0.285499
0.108499
0.00127955
0.0481471
0.00170634
0.00142853
0.00222646
0.00299998
0.0019459
0.0376182
0.0179039
0.063232
0.0499834
0.00132262
0.0130433
0.0602577
0.147825
0.00910039
0.00202526
0.0840706
0.0616659
0.00699101
0.0494824
0.0133513
0.0451468
0.071395
0.0610851
0.00335921
0.00334522
0.252874
0.00273395
0.00652375
0.0327911
0.000643792
0.123976
0.0710585
0.0627993
0.00513374
0.00771652
0.13011
0.00186617
0.000761523
0.00138087
0.00126084
0.0557163
0.0293738
0.0401626
0.000400295
0.00170804
0.0212339
0.00788304
0.073273
0.0636917
0.138925
0.0831578
0.0892028
0.0752385
0.0647039
0.00634318
0.00677374
0.00665008
0.00247127
0.0239371
0.00302029
0.00998726
0.00165997
0.00410924
0.00368492
0.00286408
0.00442515
0.00812851
0.0189122
0.0285985
0.0425013
0.0460558
0.0499711
0.0857531
0.0139015
0.0185549
0.0557609
0.0058715
0.00115739
0.132228
0.0583653
0.0014515
0.00989313
0.0851379
0.0830379
0.00778898
0.0049125
0.00236759
0.0231609
0.00755122
0.0718554
0.00101593
0.0045634
0.0131542
0.00930787
0.000765171
0.0425645
0.0913605
0.0715607
0.0770302
0.00086711
0.0407383
0.00131114
0.0765802
0.0543905
0.0048694
0.00278123
0.00532114
0.0149978
0.0528251
0.00148951
0.106216
0.0968499
0.00108567
0.0376795
0.0576282
0.000664076
0.00309365
0.108045
0.0453195
0.00277438
0.172344
0.0507632
0.0203549
0.0509531
0.0994826
0.000938323
0.0527984
0.154487
0.218452
0.129803
0.246626
0.00572979
0.00224153
0.0135044
0.114507
0.0439486
0.0514624
0.0120183
0.0149955
0.038863
0.0689298
0.0372533
0.0596955
0.00837616
0.0452048
0.00239783
0.0495747
0.00538055
0.012436
0.00254149
0.0412469
0.0591906
0.0443938
0.0405612
0.0552046
0.00406153
0.00158552
0.00382007
0.00596561
0.0315669
0.00377427
0.00335125
0.0189613
0.13014
0.11307
0.0015204
0.000927601
0.0293145
0.00250824
0.00597284
0.0158748
0.0308422
0.172444
0.0323645
0.00369323
0.00611811
0.0663977
0.0135225
0.00949696
0.171725
0.0057994
0.0311482
0.00332704
0.00410612
0.0554838
0.0134504
0.062263
0.16047
0.184191
0.00877663
0.021188
0.00246083
0.00799393
0.0033599
0.0259598
0.0837068
0.0658531
0.00602455
0.00693187
0.0881048
0.0704561
0.0186972
0.0360499
0.0132336
0.0425966
0.0259207
0.0398721
0.00319155
0.0857138
0.0856908
0.0147904
0.0259278
0.0768568
0.105658
0.00919577
0.0295094
0.0327029
0.00841092
0.0895567
0.00212365
0.122709
0.0209275
0.0122668
0.0737313
0.00418081
0.0512356
0.0474552
0.0580423
0.104216
0.00992903
0.0210305
0.0249191
0.150959
0.0760816
0.0807443
0.0367904
0.0670843
0.00193231
0.0318096
0.00337978
0.0136158
0.0347668
0.0278801
0.0472255
0.00290003
0.00194716
0.00294729
0.0339355
0.120629
0.0137027
0.0887011
0.001971
0.165105
0.18519
0.00193312
0.00368668
0.00459113
0.138027
0.0426476
0.0572677
0.0488427
0.00468965
0.0367705
0.00760878
0.0611585
0.0115487
0.113972
0.0971258
0.00489083
0.0894493
0.0064333
0.0130921
0.107923
0.0013652
0.00120716
0.072349
0.064575
0.000630941
0.00314156
0.00169205
0.13536
0.135756
0.071098
0.109833
0.00755987
0.252491
0.00671856
0.0050628
0.00606684
0.0208266
0.00264419
0.0043147
0.0379007
0.0598308
0.0141099
0.0229774
0.00475333
0.0599617
0.0030508
0.00311458
0.0274341
0.02343
0.194743
0.0655593
0.0295407
0.0596816
0.0893604
0.00802766
0.0038131
0.0663238
0.0186219
0.00510571
0.00593325
0.130772
0.011257
0.170791
0.0409473
0.00150966
0.0052021
0.0153048
0.0168726
0.0688442
0.000663579
0.0158837
0.022874
0.0489393
0.0561417
0.00746569
0.0788318
0.09982
0.0198726
0.00536463
0.12402
0.00421226
0.0158858
0.00611241
0.00993203
0.00462599
0.048805
0.0624581
0.0124676
0.0752588
0.0167364
0.00211016
0.00162295
0.00749465
0.00733406
0.00890307
0.020019
0.189344
0.202655
0.169609
0.0118872
0.0192309
0.00692951
0.0299086
0.0102755
0.0603557
0.00646329
0.164738
0.0962103
0.00536724
0.0486456
0.0302772
0.0110393
0.0990592
0.00367046
0.00105303
0.000695929
0.0619359
0.00268004
0.000373118
0.00354583
0.0515064
0.0460887
0.00314951
0.149038
0.21933
0.00880416
0.00168264
0.168065
0.0119167
0.00104988
0.00502861
0.0327514
0.00540684
0.0150919
0.00291247
0.00223652
0.00342409
0.031962
0.00662903
0.11512
0.0218964
0.00428536
0.0510162
0.0705917
0.0267048
0.0188995
0.0368817
0.0333974
0.031271
0.00623217
0.00304469
0.00234524
0.0129899
0.0147437
0.155727
0.0699614
0.00418891
0.00597106
0.0992474
0.00607713
0.0622972
0.00723421
0.0262947
0.0279609
0.0346702
0.00886435
0.019082
0.00538941
0.130504
0.00655817
0.00867014
0.0313894
0.236351
0.0985062
0.0231767
0.00271194
0.0182835
0.03795
0.114588
0.0553606
0.00124003
0.00146728
0.0187558
0.0117589
0.020534
0.0769465
0.0411547
0.0618626
0.0886172
0.085617
0.0246686
0.0311853
0.00161211
0.0187193
0.00275356
0.131871
0.00915179
0.0018826
0.0694995
0.0240673
0.163243
0.0492171
0.00242604
0.00616353
0.0526897
0.0287432
0.0246276
0.0628996
0.00585067
0.0648513
0.0797905
0.017251
0.131364
0.0686138
0.00359656
0.035931
0.0288235
0.0375665
0.00668435
0.00390607
0.0010802
0.00794361
0.021367
0.114095
0.00563059
0.00423866
0.00270848
0.0416771
0.0269807
0.0212759
0.00745124
0.0059011
0.0627469
0.01234
0.0352429
0.00225151
0.00160738
0.143736
0.00265215
0.0257515
0.00851321
0.0980985
0.13874
0.0109116
0.00252064
0.00706152
0.117306
0.0826091
0.00176941
0.00303373
0.000612765
0.00551392
0.0108873
0.0103412
0.0170171
0.00629821
0.0085528
0.0285437
0.0139821
0.0911883
0.00233415
0.193551
0.0097293
0.132221
0.00703026
0.0449272
0.00242769
0.0182646
0.0207886
0.0135372
0.222857
0.0205996
0.00225225
0.01049
0.00211664
0.16105
0.0949557
0.103726
0.139059
0.00354332
0.00115884
0.048658
0.028466
0.0390226
0.035517
0.0121971
0.0288733
0.0013708
0.0270638
0.0200027
0.0348368
0.113684
0.0536864
0.0212036
0.0106625
0.017514
0.180948
0.00222182
0.0062611
0.0237154
0.0814844
0.0247655
0.0427051
0.0589278
0.12174
0.00640894
0.0462011
0.121282
0.0182866
0.0317095
0.112538
0.00333753
0.0580017
0.0793566
0.0667951
0.198597
0.0886753
0.139229
0.132887
0.107137
0.0801409
0.00336713
0.0703501
0.012635
0.0152233
0.040475
0.0282639
0.0756957
0.0345061
0.00513334
0.0378011
0.00900087
0.00863168
0.0753028
0.00557761
0.0182098
0.0288721
0.00767607
0.0156673
0.00199443
0.003018
0.00245757
0.0154283
0.0257042
0.00441848
0.0021387
0.00555789
0.00751483
0.09157
0.00211231
0.00179802
0.0738438
0.115547
0.155261
0.0368763
0.0233553
0.0270804
0.0190747
0.00726462
0.0167451
0.0019428
0.123271
0.0512427
0.115131
0.117635
0.00581866
0.0047887
0.0811626
0.00283025
0.019319
0.0201817
0.0151711
0.00230335
0.135581
0.200563
0.0222307
0.00181881
0.0372189
0.0550076
0.00568963
0.143818
0.00953949
0.00088913
0.0116155
0.00421515
0.00715149
0.00754532
0.0488827
0.0710976
0.020638
0.0296934
0.00275667
0.0417686
0.0439524
0.0251522
0.00249388
0.0270729
0.0424762
0.014806
0.00189645
0.00370423
0.018579
0.0351072
0.0095574
0.00389465
0.137303
0.0278246
0.011806
0.0206221
0.0284229
0.0013018
0.00386347
0.0132949
0.0516706
0.00650048
0.00503018
0.0432608
0.00334048
0.0186492
0.00856292
0.0127564
0.0215762
0.0760493
0.0330513
0.0919424
0.00220642
0.00648931
0.030036
0.0644363
0.115198
0.187166
0.125178
0.00943718
0.0119616
0.0778793
0.215326
0.22244
0.0108525
0.0431058
0.0645045
0.110338
0.0178143
0.0332178
0.0202748
0.19985
0.00689304
0.037817
0.0933304
0.127695
0.0120306
0.0628179
0.0758106
0.00620235
0.0874498
0.0629299
0.0122621
0.145724
0.0222205
0.169085
0.039128
0.0316139
0.0757203
0.071457
0.203057
0.112896
0.0190774
0.00364503
0.00505196
0.202321
0.160734
0.0681515
0.0505315
0.145526
0.0254132
0.013498
0.107978
0.037276
0.126113
0.0747701
0.110351
0.0686703
0.126058
0.0961715
0.104595
0.047986
0.0409348
0.0482603
0
0.030095
0.110207
0.00886825
0.0250084
0.0395679
0.0220201
0.0120023
0.00519119
0.00578774
0.0447882
0.00518865
0.0147552
0.027831
0.00578787
0.00404918
0.00323205
0.0348269
0.0177788
0.00737367
0.0024368
0.0610112
0.00378263
0.0110198
0.00271854
0.00817724
0.0463496
0.00174467
0.0129769
0
0.000975643
0.00521043
0.033145
0.0418038
0.00304118
0.019293
0.0199727
0.00724637
0.0165345
0.0124514
0.0315825
0.0145833
0.0104601
0.00552867
0.00691625
0.0151019
0.00870298
0.00341309
0.0133508
0.0213592
0.00208998
0.00208998
0.00424629
0.00512378
0.0111312
0.014067
