8971
0.000411507
0.00209477
0.000609877
0.000932877
0.000536382
0.000459768
0.00100928
0.000235899
0.000614727
0.00038999
0.00147199
0.00221548
0.000353499
6.93918e-005
0.00294787
0.00117536
7.65712e-005
0.00103148
0.00385756
0.000685778
0.000882335
0.000514493
0.000946924
0.00168975
0.00103033
7.03889e-005
0.00187818
0.00063465
0.0011486
0.00104206
0.00196655
0.000733307
0.000660725
0.00152644
0.0153488
0.00167459
0.00146019
0.000676429
0.000994432
0.000332706
0.00112779
0.000227259
0.000837102
0.0012761
0.000667433
0.000867273
0.000155587
0.00156547
0.00141806
0.0005098
0.000279946
0.00021527
0.000433188
0.00101536
0.00022517
0.000553557
0.000367656
0.00051918
0.00122881
0.00062329
0.0016685
0.00151456
0.00027274
0.00148738
0.000213406
0.000550069
0.000748717
0.000476567
0.000375288
0.00292278
0.000592816
0.000368031
0.00104078
0.000662751
0.000534806
0.000722726
0.000355344
0.000891677
0.0345339
0.000280124
0.000548388
0.000700374
0.000143564
0.000927708
0.000445004
0.00207706
0.00178113
0.00202322
0.00334412
0.000915615
0.000608465
0.000270848
0.000345026
0.000106098
0.00209104
0.000416003
0.000229916
0.00133439
0.000164036
0.000363108
0.00137339
0.000565291
0.00123027
0.00314007
0.00193404
0.00102985
6.10839e-005
6.58649e-005
0.000940112
0.00231832
0.000717183
0.000356545
6.92782e-005
0.001113
0.000357035
0.00102291
0.000717407
0.00118838
0.00118174
0.00659077
0.00609344
0.000589951
0.000542114
0.000484681
0.000451297
8.62173e-005
0.000491967
0.00123241
0.000334159
0.000606917
4.70971e-005
0.00081886
0.000223926
0.000173189
0.000477646
7.63383e-005
0.000278836
0.000203138
0.000556971
0.00113722
0.000226917
0.000975802
0.000156054
0.000872703
0.000475188
0.000169804
0.000417092
0.000366986
0.00144775
0.00162187
0.000853539
0.00159635
0.00241435
4.83687e-005
0.00047824
0.000488038
0.00250797
5.41692e-005
0.000842058
0.000221803
0.000976337
0.000196412
0.00101733
0.000109246
0.000193549
0.00136076
0.000561395
0.00136522
0.000354297
0.00549894
3.87242e-005
0.000340686
0.00358246
6.53771e-005
0.000663016
0.000204991
0.000468218
0.000382901
0.000533498
0.00158506
0.000760701
0.000166694
0.00189767
0.00025302
6.94627e-005
0.00148651
0.000971984
0.000428848
0.0002777
0.000757991
0.00105333
0.00346736
0.000403318
0.00105972
0.000221576
0.00128907
0.000637236
0.000756915
0.000385906
0.000245656
0.000210208
0.00013412
0.00132162
0.00018386
0.000272558
0.000142015
0.000813266
0.0471823
0.000460912
0.00505033
0.000301859
0.000278344
0.000361243
0.000909262
6.48365e-005
0.000647774
5.36616e-005
0.000204478
0.00251989
0.000277789
8.10324e-005
0.000688017
0.000993508
0.000840658
2.92359e-005
0.00165944
0.000625078
0.00135454
0.00103622
1.92227e-005
0.0012573
0.000122583
0.000809202
0.0013132
0.000980446
0.000693705
0.00333676
0.00270563
0.000684634
0.00118922
3.45146e-006
0.000910074
0.00113769
6.02969e-005
0.000122079
0.00026191
0.000396874
0.000160437
0.000627284
0.0042322
0.00091174
0.000120008
0.00109069
0.000214681
0.000367728
0.000127795
0.000501101
0.00129944
0.000519154
0.000915649
2.23637e-006
0.000233807
0.000280773
0.000255925
1.78718e-005
0.000756374
0.000872544
0.00211419
0.000668582
0.00126314
0.000911404
5.29799e-006
0.000136004
0.00147226
0.000259498
0.000968198
0.00103515
0.000660899
0.000202119
0.0649189
0.00499669
0.000930567
0.000447512
0.000239742
0.000216323
0.000432037
7.11993e-005
0.000117842
0.000457708
0.000429592
0.000469659
0.0026587
0.000550104
0.000119861
0.00183545
0.000263124
0.000246984
0.00181152
0.00056318
0.000437918
0.00291422
0.000146417
0.000848333
0.000349422
0.000206317
0.00517456
0.00508877
0.00378301
0.000422188
0.000143733
0.00115117
0.00360825
0.00137879
0.0190925
0.000480158
0.00273861
0.00162667
9.69827e-005
0.000610419
0.000409329
0.000864418
0.0155624
0.000604006
0.000370756
0.00137974
0.00198952
0.00569899
0.0018601
0.00100748
0.000296093
0.000421815
0.00188389
0.000618205
0.00139806
0.00103649
0.0638537
8.82563e-005
0.00273129
0.000999798
0.000491324
0.00266908
0.00144068
0.0012395
0.000909261
0.000524845
0.000468555
0.00121263
0.000318901
0.00793059
4.57514e-005
0.00147232
4.21853e-005
2.05632e-005
0.000127715
0.00131324
0.00131062
0.00100123
0.000589675
0.00191838
0.000101452
3.41316e-005
0.00129445
0.00171925
0.00109355
0.00052934
0.0018662
0.000150629
0.000581777
0.000125116
5.79175e-005
2.35443e-005
0.00125528
6.67611e-005
0.000167928
0.00126775
0.00046496
0.000847519
0.000856111
2.90551e-005
0.00031048
1.44787e-005
4.51169e-005
8.10719e-005
3.8454e-006
0.00158491
0.00151504
0.000116145
0.00532055
0.00196796
0.000887357
0.000540774
0.00167597
0.00375995
3.03832e-005
7.83443e-005
0.00694086
0.00110616
0.000198519
0.00129889
0.000683113
0.000435244
0.00144495
1.42339e-005
0.00465331
8.75541e-005
0.0019189
0.000726286
4.65287e-005
0.000262844
0.000202779
0.000154932
0.00154585
0.000425544
0.00195484
0.00190782
0.00332604
0.000321754
0.000196274
0.00117987
0.000721798
0.0261257
0.000280086
0.000710607
0.00254338
7.4738e-006
8.27739e-005
8.50411e-005
0.00102024
0.000610906
0.00206001
0.0794415
0.000110531
0.000427159
0.0010566
0.000417301
0.000143184
3.07154e-005
0.052193
0.0196678
0.00224396
0.000835338
0.000522092
0.00161978
0.000426894
0.000251478
3.41608e-005
0.00128939
0.000413784
0.00129341
0.00209216
0.000376348
0.00207816
0.00476998
0.000687658
0.00196924
0.00484933
0.000317635
0.0177043
0.000483176
0.000405498
0.00113204
0.000403926
0.00265404
0.0543118
0.000596533
0.000887995
0.000130367
0.0220986
0.000839906
0.000651472
0.000267554
0.000300619
0.00385528
0.00125706
0.000359174
0.00155619
0.00114111
0.000804989
0.000822404
0.00119245
0.000226069
0.00213405
0.00110204
0.00145579
4.17265e-005
0.000507019
0.000923222
0.0568715
0.00110637
0.00022747
8.28994e-005
0.0170364
0.00146042
0.000279696
0.000225735
0.000283144
0.00628249
0.000216233
0.00608853
0.00161946
0.00188703
0.000369883
5.42456e-005
0.00011923
0.000111937
1.01981e-006
0.000125924
0.000135635
0.00237228
0.00191586
2.1604e-005
9.38353e-005
0.00245912
0.000554744
0.000682753
1.47915e-005
0.024642
0.00123451
0.0353234
0.0179307
0.00906057
0.00227481
0.0313403
0.00082903
0.000188396
0.00324232
0.000359389
0.000828798
0.00111126
0.00346289
0.0419685
0.015213
0.00154243
0.00034564
0.000530712
0.000214673
0.000124984
0.00142998
0.0414882
0.000833284
0.000102879
0.000932545
0.0448683
0.0015037
0.00297708
0.000208394
0.000399645
0.0490027
0.000694249
0.00123664
0.00160924
0.000307615
0.000216235
0.00192478
0.00164424
0.00160845
0.0132769
0.00323071
0.0013599
0.00240665
0.00151131
0.00293856
0.00197235
9.01021e-005
0.0189686
0.000742195
0.00299427
0.000876241
0.000472888
0.00437126
0.000104764
0.000115172
0.00168153
0.0425599
0.0938853
0.00044813
0.000446732
0.00198735
0.000749876
3.43574e-005
7.89584e-005
0.000545015
0.000830467
0.00114159
0.00146837
0.00229819
0.000214879
0.00665842
0.00197732
0.00182228
0.000230119
1.4995e-005
0.00101182
0.00132364
0.00101385
0.000830107
0.00107348
0.00114228
0.00109765
7.98949e-005
0.000464494
0.00119423
0.0009512
0.00082921
0.00157074
0.000559554
0.0441382
0.000400167
0.0264004
0.000123335
0.000210076
0.000673351
0.00131482
0.000774074
0.0159713
0.00125181
0.00104915
0.0012016
0.00387788
0.00211939
0.000262286
0.00132769
0.000121435
0.0591825
0.00203693
0.000299887
0.000345469
0.000358255
0.000611716
0.00190871
0.0089889
0.00115568
0.00151778
0.000782743
0.000457716
0.000275015
8.73601e-005
0.000712312
0.00163737
0.00178177
0.000141984
0.000296496
0.00187347
0.000116782
0.00191167
0.000843765
0.000506362
0.0119324
0.000858901
0.00134947
0.0987935
0.00160557
0.0420916
5.57829e-005
0.000896495
0.00135056
0.00496189
0.000496745
0.000773443
0.00102777
0.000166883
0.000104478
8.42362e-005
0.0352814
0.000505105
0.000146125
0.00178289
0.000615921
0.00304701
0.000862307
0.00103934
0.000799671
0.00171045
0.000265462
0.00113084
0.00076255
0.000425478
0.00388739
0.00172695
3.95704e-005
0.00035956
0.00105402
0.00116682
0.000339161
0.000303237
0.0330083
0.000119302
0.000918665
0.00180828
0.000210483
0.000104976
0.000498972
0.00133095
0.00276575
0.000206898
0.000163797
0.00248895
0.000215789
0.0385133
0.000123966
0.000121678
0.00111387
0.000529051
0.000554458
0.000507647
0.000765536
0.00137367
0.00120741
0.00145101
0.000152874
0.0301079
0.0335552
0.000337869
0.000317285
0.000164058
7.37137e-005
0.0613063
0.000787579
0.000874979
0.000390827
0.00138506
0.0256234
0.0350009
0.0152712
0.0014365
0.000956115
0.000417878
0.000243056
0.000212931
0.00582258
0.000388406
0.00036843
7.38999e-005
0.000783412
0.000995523
0.0018417
0.000372277
0.0349621
0.00110439
0.000408445
0.00035468
0.00191701
0.00210836
0.00272176
0.00280976
0.00247634
0.00460245
0.000571385
0.00111288
0.000138932
0.0489738
0.0303936
6.79327e-005
0.00153226
0.0234661
0.00070552
0.00114089
0.000846276
0.0480639
0.00156744
0.0040141
0.00309548
0.00227216
0.036024
0.000810478
0.00230337
0.000107297
0.000135969
0.000655211
0.000207708
0.000569982
0.000963788
0.000586455
0.000185934
0.00033159
0.000368469
0.00192847
0.000282766
0.00147499
4.28187e-005
0.0029985
0.00381775
8.53833e-005
0.00208384
0.0670732
0.000563567
0.0215871
0.00101782
0.000227307
0.0015897
0.00025156
0.000484126
0.000177192
0.00129847
0.00679386
0.0006389
0.00729211
0.00822983
0.000701713
0.00117957
0.00154865
0.000482023
0.0352453
0.00123266
0.000119433
0.000484363
0.000642457
0.0145627
0.000399805
0.000872068
0.00168844
4.33101e-005
9.87475e-005
0.000189128
0.00121362
0.000325407
0.0011012
1.82619e-005
0.00432921
9.78383e-005
3.80456e-005
0.000664164
0.000257707
0.00222244
0.000228442
0.00121578
0.000230987
0.00123219
0.0004581
0.00126227
0.000782023
0.000390413
0.00212381
0.00489613
0.0578011
0.00993309
0.000134257
5.77871e-005
0.000907129
0.00330424
0.000366878
0.000718732
0.00125504
9.2647e-005
0.0287274
0.00113533
0.000600683
0.000262006
0.00103997
0.00167463
0.00104509
0.00282752
0.00392623
0.00380949
0.000232683
4.60924e-005
0.00151512
0.000263296
0.000123918
0.000978841
0.000971434
0.000248936
0.000456576
0.000252468
7.87272e-005
0.000111606
0.000229679
0.000317071
0.000209142
0.00813435
0.000599628
0.000150491
0.000260774
0.00353763
0.0115743
0.000149892
5.47885e-005
0.00196101
0.00022445
2.30121e-005
0.00360703
0.000196887
0.00455273
0.00061958
0.016229
0.000497903
0.000479695
0.00975781
0.00313032
0.0019995
0.00139145
0.000403048
0.00153543
7.91248e-005
0.000497318
0.00167602
0.000272151
7.60175e-005
6.53907e-005
0.000275488
0.116162
6.53907e-005
0.000573187
0.0434695
0.000949549
0.00606199
0.000407762
0.000344408
0.0015132
0.00105793
0.000777569
0.00029193
0.00458841
0.00322953
0.00211479
0.000328281
0.0306834
0.00161085
0.00161014
0.000788946
6.09715e-005
9.27226e-005
0.000162191
0.000879141
0.00188059
0.0681015
0.00082259
0.000569114
0.00553553
0.00587606
0.00226893
3.75487e-005
0.000159509
0.00437604
0.00275555
0.0015182
0.00091948
3.77315e-005
0.00734457
0.000132753
0.000482729
0.00431791
1.46001e-005
0.00149892
0.000173601
0.00278923
8.3551e-005
0.00136233
0.00256191
0.000165551
0.000348866
0.000946712
0.000113508
0.00040326
0.00163668
0.000480667
0.000352778
0.00130584
0.00138838
0.000214033
0.00277412
0.0013402
8.96835e-005
0.000306323
0.000365696
0.000970046
0.000427044
0.000575828
0.00385279
0.000238222
0.000143389
0.00123076
0.00201737
0.0254335
0.0122524
0.000869016
0.00049875
0.00184165
0.000327878
0.000136096
0.00781529
3.89185e-005
0.00120684
0.00355934
0.0579184
0.000119874
0.000782708
0.000212885
0.000725525
0.00138764
0.00150623
0.00195907
2.0269e-005
0.000713671
0.00582211
0.00286658
0.000100745
0.000303868
0.00103969
0.000354224
9.96559e-005
0.00207659
0.00198514
0.00360208
0.00234532
6.3502e-005
0.00669661
0.0124061
0.0155626
0.0454296
0.00177895
0.00541955
0.000813756
0.000133437
0.000556779
0.0292913
0.00194617
0.000826555
0.0190194
0.0169344
0.0540677
0.000290193
0.000578397
0.00105912
0.000199916
0.00140094
8.96886e-005
0.00305471
0.000371618
0.00188954
0.00841244
0.000269591
0.00944567
2.99288e-005
9.68638e-005
0.000137701
0.0353359
0.000320765
0.000128417
0.000572442
0.000566247
0.000474463
0.000264972
0.000205972
0.00305714
0.000271296
0.000109485
0.000792446
0.00120287
0.000760093
0.000153237
0.000255232
0.00240544
0.000511425
0.00572941
0.00453524
0.000247946
5.9827e-005
0.000634889
0.00060549
0.000500016
0.00260483
0.000317862
0.00154593
6.84128e-005
0.00131451
0.000459872
0.00266605
0.000477086
0.000806558
0.000905412
0.048269
0.00060146
0.00195282
0.000699496
0.000721537
0.00433735
0.000220755
0.001859
0.000167722
0.00279731
0.000158105
0.00107968
0.000377469
0.000203912
0.00249693
0.000269794
0.000339345
0.000181518
0.00121887
0.000573869
0.000172471
0.000530683
0.00105752
0.00316047
0.0385233
0.0124481
0.00120617
0.00227651
0.00119348
0.0230872
0.00089191
0.000138157
0.00165704
0.000961293
0.00239839
0.00184855
0.00145603
0.000793071
0.000737856
0.000869743
0.0191436
0.00087073
0.00123448
0.000160686
9.08108e-005
0.00116493
0.00012187
0.00199456
0.00183877
0.000389329
0.000975865
0.00035213
0.00145252
0.000176481
0.000333872
0.000705126
0.000637356
0.00370997
0.000609006
0.00071597
0.00177108
0.000115163
0.000773289
0.0012123
0.0016434
2.41912e-005
0.00146739
0.000170496
0.000571943
0.000662159
9.48113e-005
0.000149959
0.00236078
0.00118716
0.0124216
0.000233077
0.00023293
0.00110233
3.87466e-005
0.0015732
0.00662715
9.51819e-005
0.000179523
0.000834468
0.00105749
0.000380744
0.00100749
4.31355e-005
0.00240694
0.00154689
0.00112803
0.00107303
0.104848
0.00445964
0.00031987
0.00179496
0.000108615
0.000249975
0.000134483
0.0468316
0.00234992
0.000986139
0.00104167
0.000166634
0.00064477
0.00134583
0.000333913
0.000172649
0.00651039
0.000553926
0.000674701
0.0013702
0.00550109
3.6968e-005
0.00793065
0.00614564
0.000134049
0.00180317
0.00535817
0.00093335
0.00314488
0.00126087
0.00068975
0.000479158
0.00115772
0.000609003
0.00156711
0.000224029
0.000448584
0.00363401
0.00566657
0.00116951
0.000305903
2.73189e-005
0.00131018
0.000547705
0.00297918
0.00240796
0.00108917
0.012638
4.33823e-005
2.36077e-005
0.00310209
8.94439e-005
0.000996809
0.000517231
0.000322205
0.00164298
0.00185318
0.00821585
0.000146641
0.000207072
0.000145213
0.000126048
5.13026e-005
0.000643507
0.000387756
0.000642452
0.000118815
0.00212378
0.00148235
0.00339846
0.00212742
0.000418258
0.000794836
0.00333169
0.000157984
0.00044812
0.00368613
0.0001934
0.00135466
0.00142265
0.000245391
0.000159075
0.000636776
0.000321638
0.000262281
0.0154441
0.00604117
0.000136778
0.0116153
0.00484411
0.00260904
0.00156605
0.00371115
0.000259548
0.000173842
0.000329882
0.00035296
0.000973071
0.00126897
0.00029207
0.000229106
0.00437763
0.000321794
0.00244721
0.00399573
0.0042015
0.00024103
0.00248159
0.00339539
0.00117497
0.000718956
0.000157905
0.0221603
0.0298155
0.000885305
0.00062607
0.00144349
0.000402428
0.000877404
0.00027803
0.0203039
0.00114723
0.00145316
0.000343476
0.0058276
0.00428247
0.00661021
0.00239538
0.000285801
0.000812418
0.0015102
0.00138576
0.001861
0.000759481
0.00116913
0.00190268
0.000817633
0.000118103
0.00712307
0.0310592
0.000691242
7.45312e-005
0.000437494
0.0549252
0.0572471
0.00241372
0.0688559
0.0500427
0.000112732
0.00478545
0.000132223
0.0467386
0.000900909
0.000151867
0.0012069
0.0283331
0.0221616
0.000465198
7.01631e-005
0.000883768
0.00047563
0.000257328
6.27173e-005
0.00103381
0.00203863
0.000179947
0.00768265
0.00357753
0.00598117
1.82073e-005
0.00054007
0.000646002
0.00122054
0.0015619
0.00612791
0.000619567
0.000476988
0.00116008
0.0001187
0.0336532
0.0745941
0.00867312
0.00281025
0.000527897
0.000233944
7.80607e-005
0.00207513
0.00456269
4.04012e-005
0.0152187
0.00314398
0.000651641
0.0836008
0.00305083
8.70166e-005
0.000531286
0.000162207
0.000178843
0.00410632
0.00083227
0.000791585
0.0174483
0.000170927
0.00292029
0.00237849
0.118959
0.000175306
4.04492e-005
0.000309278
0.000402413
0.0021296
0.00199407
0.0135979
0.000308102
0.000319956
7.99617e-005
0.000142693
0.0594917
0.00377269
0.000154222
0.0017494
0.00112929
0.000654847
0.00285991
0.00150448
0.0206073
0.00562746
0.000105347
0.000742573
0.0419696
0.000109829
0.00107529
0.000190806
0.0461491
0.000598418
0.0496757
0.00298782
0.00182166
0.000796538
0.00346262
0.00177237
0.00147552
0.0199812
0.00948618
0.00210344
0.000259912
0.0101753
0.0117537
0.00175502
0.000698773
0.00233296
0.000224176
1.56632e-005
0.0914428
3.35862e-005
0.0449326
0.00529015
0.00910504
0.000266331
3.21839e-005
0.0011723
0.0139255
0.00426424
0.000323869
0.00171281
0.0475394
0.00142822
0.000224947
0.0606722
0.000463648
5.05637e-005
0.0017615
0.000808438
0.00139878
0.000645952
0.00179279
0.00104883
9.1113e-005
0.00410833
0.000191741
0.00131362
0.00388405
0.00318681
0.00234502
0.000496941
0.000204105
0.000181903
0.0019169
0.0385262
0.00014124
0.00119744
0.00149202
0.00191062
0.000497754
0.0275128
0.0486879
0.000177179
0.000124317
0.000835744
0.00109029
0.00131903
0.00125482
5.46043e-005
0.0938159
0.0843234
0.00125332
0.000504915
0.0062284
0.037129
0.00226559
0.00106158
0.0158844
0.00304319
0.00603095
0.0435003
0.0422283
0.0685032
0.0954221
0.00123759
0.000376134
0.000873143
9.08366e-005
0.00506036
0.0156078
0.00312971
0.000106165
0.00113354
0.000861471
0.0102626
0.015632
0.000880464
0.0195886
0.0380187
0.0200839
0.00328659
0.00387321
0.00186188
0.00343522
0.0198349
0.00135911
0.000912116
0.00152872
0.000494756
0.000739332
0.00166082
0.0129304
0.000255773
0.000140897
0.00315087
0.0126644
0.00145087
0.0190451
0.0283902
0.00143234
0.00124833
0.00453662
4.23264e-005
0.000632561
0.0452825
0.000454746
0.00692423
0.00103601
0.000192167
0.000402928
0.000574329
0.00387895
0.104006
0.00233747
0.000728247
0.00198806
0.00326104
0.00138853
0.0321976
0.00024516
0.00182554
0.000288346
0.0134191
0.00277537
2.54893e-005
0.00236292
0.00274124
0.0014302
0.00113973
0.000221176
0.000830834
0.000411125
0.00040156
0.0165055
0.00137631
0.0018467
0.000936256
0.000359352
0.00279135
0.00435578
0.00899245
0.00287734
5.73744e-005
0.000573533
0.000524694
0.00159386
0.00124005
0.000760254
7.04009e-005
0.00133663
0.000598395
0.000882505
0.00239782
0.0142572
0.000252474
0.00368744
0.00331376
0.00269914
0.00199129
0.0010512
0.00127355
0.000324434
0.00162625
0.00397882
0.00607932
0.00102659
0.00230147
0.000774891
0.000455567
0.00192481
0.000469306
0.00143315
0.00149162
0.00115301
0.00359875
0.000285734
0.0025663
0.000754299
0.0087057
0.00199795
0.00106505
0.00039926
0.0233875
7.60824e-005
0.00138212
0.00111197
0.0203171
0.000620543
0.0313793
2.4105e-005
0.00304612
0.000783131
0.00130841
0.00112792
0.00279012
0.000641637
0.00203571
0.000190677
0.000489604
0.000812641
0.00129124
0.00277447
0.00222039
0.0292534
0.000479872
0.0031701
0.000200114
0.00485008
0.000408477
0.00189085
0.00122171
0.000583953
0.00179044
0.000680125
0.00103574
0.000120012
0.00143074
0.000462019
0.00175308
0.0028525
0.00478104
0.00108358
0.00105462
0.000549052
7.95489e-005
8.48113e-005
0.000705346
0.00263882
0.00589827
0.00955267
0.000456147
0.00109975
0.00185767
0.000919274
0.028526
0.00395002
0.00430245
0.00183586
0.00238313
0.00115631
6.80901e-005
0.000695608
0.00117055
0.0418368
0.00232068
0.0204797
0.00138685
0.0041208
0.000802683
0.00140453
0.000429641
0.00192356
0.00016718
0.00135558
0.000537964
9.5269e-005
0.00579527
0.00129525
0.00105678
0.00328305
0.00130928
0.0067501
0.0302744
0.00167522
0.00166535
0.00998291
0.00105482
0.00123044
0.00351869
0.00107167
0.000181981
0.00184427
0.00164077
0.00597666
0.00021076
0.00124651
0.00182606
0.00192759
0.00184446
0.00358146
0.000559723
0.00882204
0.021724
0.00891794
0.0012176
0.0161515
0.000352247
0.000549829
0.00078222
0.0020378
0.037789
0.00136589
0.000786863
0.0266585
0.000198316
0.00213283
0.00251942
0.000474716
0.000803725
0.00123508
0.00173841
0.019728
0.00145953
0.001128
0.00182338
0.000607749
0.00588489
0.00230031
0.00148266
0.000181823
0.00190854
0.0085844
0.00124187
0.00194709
0.00287703
0.0370299
0.00215491
0.00114838
0.00611531
0.000342492
0.000941909
0.00278348
0.00143991
0.000145093
0.00781215
0.00149802
0.00361404
0.0200716
0.00135752
0.00149812
0.00157095
0.000141753
0.00295199
0.00113414
0.00253181
0.00324719
0.105848
0.0936609
0.000523899
0.000724916
0.000307751
0.000695811
0.0279738
0.00447425
0.00282068
0.00365256
0.000379271
0.00153563
0.00147505
0.000425639
0.000124148
8.32756e-005
0.000627956
0.000575721
0.0029537
0.00183163
0.00129731
0.000109445
0.000879575
0.00136315
0.0110057
0.00020764
0.0190907
0.00300954
0.000571145
0.0165518
0.00396131
0.000702847
0.000137392
0.00280532
0.00071212
0.00339563
0.00311719
0.0245314
0.0242436
0.00104907
0.04927
0.0757775
0.00152353
0.000168899
0.0293285
0.0165128
0.000209566
0.00140995
0.000112698
0.00155923
0.00233828
0.0296929
0.00029861
0.0021765
0.00985273
0.00593651
0.00566133
0.000435116
0.0192068
0.000958988
0.000962591
0.00463521
0.000240451
0.000293952
0.00218807
0.00376129
6.26925e-005
0.000944003
0.0135857
0.000693838
0.000536139
0.000297057
0.000761211
0.0280311
0.000977449
0.000274242
0.00158689
0.00159921
0.000353592
0.000660014
0.00114745
0.000529287
0.0176585
0.000394452
0.00100134
0.0012106
0.00628193
0.00102974
0.00123846
0.00163786
0.000834346
0.000680996
0.0037957
0.038759
0.0547853
0.00420387
0.00115494
0.000509651
0.00134312
0.00387623
0.00795287
0.00154981
0.000350632
0.00266719
0.00275132
0.000240667
0.00131179
0.00307213
0.0033731
6.149e-005
0.000230015
0.00456818
0.00154183
0.00442382
0.0109659
0.0092262
0.00127326
0.001321
0.00126889
0.00610905
0.000663406
0.00948916
0.00931186
0.00468991
0.00289564
0.00439531
0.00427138
0.0116412
0.000197925
0.00199165
0.00421015
0.00238989
0.0467638
0.00270243
0.00190762
0.000743072
0.00389189
0.0142535
0.0173523
0.00145361
0.00246943
0.000250713
0.000435497
0.0153082
0.00477983
0.00199728
0.0020433
0.00693146
0.0024749
0.00135051
0.000405072
0.000284395
0.0205147
0.00102115
3.745e-005
0.000252071
0.00343019
0.037955
0.00253731
0.00150886
0.000317907
0.00113868
0.00690214
0.000465137
0.0426224
4.30575e-005
0.00013566
0.00119515
0.00117498
0.169779
0.00618554
0.00552681
0.000109609
0.00121075
0.00145565
0.00129313
0.00145243
0.00237386
0.00683167
0.000188461
0.00049924
0.023116
0.00259048
0.00314841
0.00108949
0.00115632
0.000648491
0.0121254
0.00440704
0.0018093
0.00516102
0.0293303
2.97923e-005
0.00626792
0.00577114
0.00245095
0.00240116
0.00238116
0.000327316
0.00284168
0.00304189
0.001599
0.000451691
0.000281369
0.000316992
0.000352437
0.00157455
0.000740409
0.00120144
0.0122252
0.00225949
0.00289027
0.00102409
0.00159296
0.00312231
0.00152037
0.000436619
0.00400509
0.00737203
0.012431
3.13683e-005
0.00239107
0.0493006
0.00933263
0.00442365
0.00155086
0.00197788
0.00152928
0.00129676
0.00154988
0.000509816
0.000762161
0.0323534
0.00175274
0.0179347
8.27709e-005
0.00524003
0.00237538
0.000397599
0.00232909
0.00224281
0.00141943
0.000447715
0.000321866
0.00137777
0.0047764
0.00441189
0.000213769
0.000499908
0.000480688
0.002555
0.00130501
0.00365911
0.00384984
0.000867422
0.016712
0.00524296
0.00277544
0.00485088
0.00567421
0.00602323
0.0562758
0.00247966
0.0529722
0.036473
0.0034362
0.00201674
0.029351
0.00265162
0.00286082
0.00267623
0.000505902
0.00359699
0.00121977
0.00736991
0.00209366
0.0031161
0.0067657
0.000116803
0.00129233
0.000760244
0.000597667
0.00141263
0.0129639
0.00106565
0.000560939
0.000766216
0.00201636
0.00214581
0.000369233
0.000615319
0.0645315
0.10166
0.00100712
0.00114733
0.00356193
0.000142914
0.00244125
0.0062518
0.0123891
0.0052865
0.000481995
0.00056894
0.00211402
0.000167276
0.007196
0.00277646
0.000492851
0.00399845
0.00807789
0.000894437
0.000754554
0.0451015
0.00849412
0.000251172
0.00496731
0.00187575
0.00373154
0.000650563
0.000215228
0.000287393
0.000471238
0.000894036
0.00144801
0.000205758
0.0202883
0.00080049
0.00314
0.00182587
0.00115092
0.0290614
0.00500848
3.31066e-005
0.00041465
8.15725e-005
0.00135108
0.000562527
0.00274125
0.00321224
0.00178838
0.00492263
0.00165467
0.00200852
0.0035022
0.00118872
0.0122067
0.0265113
0.00207937
0.003823
0.00864942
6.93241e-005
0.000868056
0.00228012
0.0238469
0.00168017
0.00346929
0.000209832
0.0462369
0.0105637
1.46875e-005
0.0136351
0.0103804
0.000161491
0.000642095
0.00771903
0.000315355
0.0024202
0.000325318
0.000559595
0.00018552
0.00405447
0.000497787
0.0113164
0.00190606
0.000663853
0.000867285
0.00198526
0.000915817
0.00118628
0.00121282
0.00111651
0.00135472
0.00763015
0.00207535
4.5497e-005
0.0307151
0.0041964
0.000977712
0.061203
0.00141535
0.000528996
0.000751334
0.000667414
0.00968652
0.00265348
0.000724985
0.0014233
0.000246007
0.00642887
0.00540168
0.00610298
0.00334549
0.0054954
0.00104578
0.0027639
0.00496992
0.0032963
0.00218736
0.00117373
0.000876315
0.00145612
0.00237814
0.00122414
0.00562325
0.00155287
0.000494034
0.0187359
0.000775494
0.0734994
0.000464667
0.00161966
0.000482417
0.000149502
0.000677238
0.00195843
0.000774867
0.0041804
0.00070305
0.000149058
0.00109649
4.24201e-005
1.33392e-005
0.0174313
0.000233846
0.00423545
0.00474451
0.00299995
0.000666026
0.0169023
0.000305798
0.00382675
0.000220711
0.0722344
0.0615735
0.114063
0.00160762
0.00106738
0.0627374
0.0394412
0.00349911
0.000300925
0.00203661
0.000980084
0.000547512
0.0575755
0.00131592
0.00118229
5.03875e-005
0.00194385
0.00785502
0.000591135
0.00292259
0.00392974
0.000496952
0.00413903
0.000863343
0.00187971
0.00182892
0.000362063
0.000744695
0.00032626
0.000517986
0.000591657
0.0133949
4.16115e-005
0.00109841
0.00358411
0.000250976
0.000811324
0.00229887
0.0173093
0.00303153
0.00143262
0.00198242
0.000153948
0.00114059
0.00302372
0.00111114
0.00840422
0.0116909
0.000277722
0.000443233
0.000480807
0.00418638
0.000372096
0.00904241
0.00457108
0.0025962
0.00140798
0.017358
0.0107866
0.000984948
0.0573739
0.000156909
0.00387561
0.00081684
0.000266231
0.000116487
0.00463809
0.0003624
0.00298698
0.00365004
0.000474213
0.00131479
0.00142545
0.000551067
0.000211531
0.00558689
2.10118e-005
8.52505e-005
0.00298184
0.00651055
0.00193421
0.039805
0.00108914
0.000729284
0.00046686
0.00166065
0.00128729
0.000508477
0.0153221
0.00525757
0.00777597
0.00160814
0.00870377
5.97115e-006
0.000206404
0.00256566
0.00472903
0.0585392
0.00394775
0.00140325
0.000746391
0.000274765
0.00498766
0.00578386
0.0105642
0.0122698
0.00217319
0.021323
0.000153008
0.000167337
0.00198533
0.00120625
0.00537904
0.00160856
0.00044069
0.00156367
0.000895661
0.000188309
0.00134735
0.00485285
8.87085e-005
0.000342968
0.000701673
0.0018464
0.00165513
0.00141791
0.000206201
0.00258764
0.000307632
0.000770575
0.00307397
0.000772898
0.0015584
0.0124433
0.017972
0.000199305
0.00093713
0.0448539
0.000269213
0.000612467
0.00195252
0.00276586
0.00202747
0.00010595
0.0373907
0.00346661
0.000492733
0.00559767
0.000436791
0.000431122
0.00039885
0.00492434
0.000179414
0.00520474
0.000873769
0.0227444
0.00106069
0.0187549
0.000853497
0.00233263
0.00167874
0.131796
0.0049087
0.0022855
0.000643918
0.00043938
0.00193799
0.00262283
0.00220286
0.000109455
0.00050669
0.00149362
0.00157895
0.000701245
0.00107745
2.37171e-005
0.0295926
0.00260914
0.00174818
0.00400032
0.00197008
0.000334558
0.00180392
0.00236547
0.000400091
0.000903859
0.00107756
0.00156822
0.00182726
0.00416469
0.00161024
0.00107212
0.00509235
7.40796e-005
0.00417957
0.0295817
0.0026078
0.0139198
0.000317751
0.0132753
0.000921516
0.00445856
0.021163
0.0164411
0.00111799
0.00566065
0.000850688
0.00108891
0.000170205
0.0215443
0.00118272
0.000189946
0.000579226
0.00218186
0.0112637
0.00366158
0.00488786
0.00863397
0.000442148
0.0235653
0.0228152
0.000935251
9.82121e-005
0.000553197
0.000517949
0.00161877
0.00146582
0.000237409
0.0168083
0.00135465
0
0.000597036
0.00333836
0.0186421
0.00310947
0.00170696
0.000296246
0.00346236
0.0210836
0.00789815
0.00520746
0.000218201
0.000339199
0.00709828
0.00044083
0.00105499
0.000907839
0.00169817
0.000758419
0.00169557
0.000456333
0.00060004
0.000248841
0.00193352
0.000412013
0.00280632
0.000420704
0.000708309
0.000181225
0.0089857
0.0622954
0.000267884
0.00538746
0.00736357
0.0157499
0.000858865
0.00563669
0.00251396
0.00111049
0.00294143
0.000115191
0.00048136
0.000551023
0.00319868
0.000616387
0.0134803
0.00130309
0.00101207
0.000481976
0.00836418
0.000311078
0.000714702
4.47566e-005
0.00417762
0.000169026
0.00212992
0.00277023
0.000258825
0.0143778
0.0016779
0.00224235
0.000402102
0.00122745
0.00186245
6.83034e-005
0.000755765
0.00205547
0.000117166
0.00167045
0.00314256
0.000502518
0.00360953
0.00547002
0.00390139
0.00183495
0.0135432
0.0019354
0.00512899
0.000112728
0.000233113
0.0114793
0.00633438
0.00316219
0.00763015
0.000285807
0.0294324
0.000850273
0.000940135
0.000760318
0.00172605
0.00109066
0.000150249
0.0190374
0.000199189
0.000258738
0.000967668
0.000325835
0.00113095
0.000367591
0.00254479
0.00287
0.000104868
0.00399066
0.00145039
9.92435e-005
0.000978597
0.000362401
0.000956884
0.00203655
0.00133137
0.0078338
0.00758283
0.000912275
0.00669797
7.44882e-005
0.00100727
0.000782973
0.0196371
0.0210086
0.000537313
0.00128055
0.00586687
0.0076585
0.00614481
0.00215344
0.00121366
0.00202723
0.000774998
0.00847897
0.00725419
0.00593482
0.00173337
0.00299413
0.00544052
0.00100139
0.0235957
0.00292613
0.000351967
0.000319001
0.00144855
0.00295978
0.000244311
0.0003261
0.00164213
0.00149118
0.00140955
0.00108968
0.00299033
0.000341423
3.65798e-005
0.0030881
0.000320948
0.00176779
0.0118195
0.0145125
0.00137345
0.00036187
0.0017432
0.000627932
0.00112019
0.0172691
0.00359084
0.000745985
9.13635e-005
0.00153129
0.00376253
0.00785323
0.00121769
0.0205972
0.000710918
0.00517194
0.000610506
0.000541443
0.000100483
0.00193664
0.00255141
0.000134554
0.000719003
0.00135624
0.00113213
0.00216609
0.00243535
0.00181516
0.00414859
0.000121851
0.000353929
5.35359e-005
0.0165085
0.0107122
0.00154905
0.000299804
0.00146102
0.000110306
0.00348446
0.00294218
0.000448345
0.00572781
0.00249824
0.00203712
0.00966177
0.00542068
0.0344921
0.00148465
0.00407015
0.00336183
0.00170343
0.000796986
0.00155808
0.000294181
0.00359164
0.00209984
0.00155538
0.0772372
0.0204311
0.0140139
0.00701344
0.00257625
0.000462801
0.000320767
0.00297563
0.000536475
0.00378829
0.0114664
0.000523071
0.00105915
0.000768576
0.00462368
0.000133321
0.000175503
0.00343386
0.00122677
0.000192315
0.000991107
0.00845423
0.00255568
0.000597959
0.00281836
0.000996848
0.00296451
0.00256026
0.000105805
0.00199509
0.000921158
0.00095394
0.00108525
0.00391381
0.000656814
0.00336309
0.000802247
0.00259467
0.00531911
0.0650003
0.0247989
0.000431184
0.00104403
0.00212414
0.00580442
0.00463835
0.000170882
0.00264125
0.00196646
0.00189936
0.00100609
0.00249967
3.52119e-005
0.000496941
0.00278361
0.000491769
0.00058004
0.003871
0.00227522
0.00141851
0.000383999
0.0890845
0.00286886
0.00161321
0.0111179
0.000399994
0.00102722
0.000345281
0.000751985
0.00238859
0.000771734
0.000468984
0.0376354
0.0345728
0.000373931
0.00155419
0.00886867
0.000615309
0.000410013
0.000188573
0.000279359
0.00235341
0.0038258
0.0112104
0.0021308
0.00142019
0.00457785
0.0101633
0.0075529
0.0202267
0.000290459
0.00028903
3.73308e-005
0.00106055
0.00225728
0.00167967
0.00110324
0.00121256
0.00200735
0.000272352
0.0183169
0.00101667
0.000384698
0.00137032
0.00106889
0.00105664
0.000411702
0.044716
0.00568296
0.0142535
0.00229281
0.00111356
0.000478032
0.00021565
0.00273914
0.00101246
0.00464446
0.012138
3.11918e-005
0.00128711
0.00245024
0.000391051
0.00197483
0.00103446
0.00064622
0.000578929
0.00256808
0.000821527
0.008027
0.000382291
0.00230917
0.00107741
0.000459287
0.00131305
0.000508114
0.00174818
0.0111041
0.000125317
0.00153562
0.000231628
0.011451
0.000330123
0.00427272
0.00563779
0.00114297
0.000958926
0.00152915
0.00048588
0.00253129
0.000710473
0.00524994
0.000164039
0.000314698
0.0114173
0.00742201
0.00303674
0.00508913
0.00800158
0.0119464
0.00234348
0.00102914
0.0309824
0.000531998
0.00620857
0.0109431
1.03334e-005
0.00030608
0.00204697
0.000213706
0.00736987
0.000669501
0.000343934
0.000895829
0.000348797
0.000987757
0.0212175
0.000300431
0.102899
0.00397231
0.00106844
0.000179856
0.00512864
0.00386094
0.000835648
0.00229932
0.00266408
0.000343428
0.00209427
0.0173891
0.00667368
0.00777584
0.000297216
0.00532501
0.000498434
0.00803044
0.0156788
6.62162e-005
0.0261184
0.00978795
0.000427837
0.000372485
0.00330495
0.000391956
0.00197635
0.000563819
0.000562807
0.00130289
0.000750829
0.0120944
0.00060837
0.000554611
0.00100796
0.00456008
0.000550533
0.00412435
0.00151323
0.000116496
0.0389667
0.00399283
0.000853823
0.000726494
0.00217791
0.00053971
0.00407788
0.000468365
0.00280334
0.00981362
0.000388604
0.00461799
0.00524337
0.00226675
0.00016743
0.00255672
0.0299573
0.00233196
0.0251993
0.00292043
0.0384727
3.71272e-005
0.000420609
0.00954996
0.000755548
0.000381754
0.0260147
0.00309054
0.0232751
0.0011532
0.000160281
0.00283826
0.09055
0.000650712
0.00501397
0.00112422
0.010308
0.00026703
0.00163009
0.000865146
0.00902332
0.00016673
0.0111603
4.50623e-005
0.00374341
0.00130145
0.000715733
0.00571409
0.00351219
0.000312097
0.000673287
0.0654844
0.00244121
0.00941072
0.000618465
0.00791816
0.0103162
0.00265733
0.000472492
0.000846081
0.000383304
0.00166551
0.00323145
0.000919533
0.00259749
0.000439361
0.0609928
0.0084501
0.0027133
0.000923298
0.000574708
0.00590575
0.000829351
0.0178262
0.00163877
0.0153088
0.00204557
0.011739
0.00231102
0.00179698
0.00486791
0.0118897
0.000590602
0.00224831
0.00269299
0.000415953
0.000273463
0.00208098
0.0631266
0.000395219
0.00125039
0.00385877
0.00530374
0.0116186
0.00519154
0.00461705
0.0110215
0.000115832
0.000276826
0.00106521
0.00050526
0.000222962
0.00347378
0.000164403
0.00155763
0.00351159
0.00301923
0.00144114
0.00187777
0.0167211
0.033843
0.0043797
0.00450224
0.00146034
0.00147662
3.71287e-005
0.0101246
0.00548204
0.00237592
0.0533684
0.0192592
0.00460015
9.14561e-005
2.05913e-005
0.000570429
0.00057716
0.00223502
0.016207
0.0280489
0.000718125
0.00727296
0.000259807
0.00289848
0.0157899
1.0271e-005
0.00167488
0.00382423
0.00811036
0.0347624
0.00251376
0.0029543
0.0118876
0.00883593
0.0016077
0.0180982
0.0284703
4.97272e-005
0.00125861
0.00244729
0.000378226
0.000411127
0.000156937
0.0327712
0.0284331
0.00104241
0.00166121
0.0125424
0.000250472
0.000781484
0.00155035
8.31745e-005
0.000901784
0.000516296
0.0366249
0.00212975
0.000657261
0.0211685
0.0434786
0.0137039
0.000717866
0.000995646
0.0227362
0.00138444
0.0116863
0.000597126
0.000232032
0.0930118
0.138227
0.00155323
0.00776594
0.00221984
0.00152732
0.0237297
0.000897432
0.000322411
0.003259
0.00169947
0.00189981
0.0145038
0.0172393
0.00140253
0.054007
0.00313841
0.00097115
0.00312554
0.00111985
0.000179963
0.00361403
0.0134022
0.000243468
0.00720443
0.00399816
0.000240288
0.00194241
0.00407096
0.00053563
0.000186
0.0123686
0.0317771
0.00107518
0.000597485
0.00425655
0.00270689
0.00414444
0.000107369
0.00111544
0.00524214
0.000456334
0.000951107
0.00174122
0.0170534
9.121e-005
0.00556974
0.000299961
0.00104872
0.00233648
0.000318744
0.00358208
0.0384819
0.00137528
0.00729867
0.000434423
0.000812443
0.000173372
0.00835231
0.0172992
0.000460494
0.00282747
0.00179985
0.00256851
0.000288651
0.00479779
0.000123356
0.0020576
0.000875952
0.000369274
0.00283743
0.00189731
0.00293372
0.00113351
0.00433732
0.00019972
0.00582356
0.00133316
0.000415634
0.00520654
0.000159637
0.00133034
0.00828198
0.00162872
0.00342936
0.000142593
0.00251888
0.00152354
0.0027584
0.000755032
0.00117876
0.0403128
0.00071489
0.000659367
0.000295946
0.00504074
0.000391509
0.000620275
0.0250337
0.000623844
0.000974802
0.0202063
0.00244813
0.00526513
0.0192957
0.0406932
0.00278268
0.000867496
0.000185693
0.00262967
0.00167355
0.00122959
0.00142213
0.000964551
0.00408077
0.000711195
0.00281363
0.000321944
0.00339105
5.24998e-005
0.0153454
0.00195585
0.000823134
0.0284107
0.0011381
0.00607413
0.0406489
0.00249782
0.00613457
0.0458855
0.000847667
0.000365163
0.000209702
7.94754e-006
0.000767581
0.00333756
0.000205179
9.89697e-005
0.00218176
0.00401925
3.19724e-005
0.0141287
0.0171269
0.000280135
0.0150989
0.000328607
0.0023591
0.00024502
0.000987182
0.000353569
0.000531028
0.0016678
0.00365146
5.42177e-005
0.000522672
0.00102383
3.06862e-005
0.00804057
0.00142411
0.00179709
0.00997628
0.000610837
0.000567849
0.000601549
0.000839652
0.00114301
0.0204809
0.00290757
0.0208972
0.000715269
0.00791678
0.000578668
0.00147184
0.000402983
0.00111716
0.000447468
0.000456264
0.00163046
0.00863123
0.00481111
0.0204563
0.000536549
0.0019968
0.00131953
0.0165058
0.000463906
0.000367028
0.003336
0.00224059
0.000982126
0.000735736
0.000114821
0.000206995
0.00127349
0.00233741
0.0253195
0.00176055
5.14539e-005
8.92593e-005
0.000937677
0.00432359
0.000349301
0.00444752
0.00100865
0.000312893
0.0027938
0.000341974
0.0161197
0.00202794
0.000116321
0.000351449
0.00130409
0.000261551
0.00976161
0.000700204
0.0160005
0.000192197
0.0119561
0.00096458
0.0027491
0.000100245
0.000150004
0.000450979
0.00207123
0.00292594
2.13197e-005
0.000826051
0.00122657
0.0019889
0.06572
0.000319842
0.0028866
0.00472085
0.00359472
8.90161e-005
0.00505033
0.00204486
0.00234968
0.00185909
0.00392792
0.040377
0.0345621
0.0280514
0.000184272
0.000100759
0.00215618
0.00022663
0.0117768
0.00193622
0.00491581
0.000504617
0.0284687
0.000305036
0.00417798
0.0229005
0.00032833
0.00114092
0.000479074
0.0119165
0.032613
0.000419173
0.00105156
0.00165784
0.00116642
0.000377225
0.000526434
0.000666229
6.22748e-006
0.000962158
0.0121808
0.00773263
0.00137871
0.000215608
0.00329522
0.140782
0.025985
0.000353139
0.000336216
0.00374824
0.00636207
0.00116176
0.00180695
0.00307265
0.000891324
0.00902685
0.0078159
0.0139367
0.0274201
0.000387408
0.00469969
0.00223344
0.00055375
0.0149909
0.055308
0.00189012
0.0660651
0.0359006
0.00135286
0.000392373
0.000378796
8.97825e-005
0.00172246
0.00602038
4.78996e-005
0.00254008
0.00046454
0.000619696
0.000803271
0.00196811
3.34919e-005
0.0251589
0.019193
0.00774508
0.00800861
0.000109868
0.000430613
0.000243328
0.0528828
0.000997663
0.000364545
0.00724674
0.00380652
0.00131748
0.0035152
0.000114935
0.012253
0.00576279
0.00216729
0.00283118
0.00104044
0.00628773
0.000287299
0.000339662
0.00115163
0.00749736
0.00339605
0.00015764
0.0159442
7.93336e-005
0.00279094
0.000631935
0.00568147
0.0029565
0.000190626
0.0054715
0.000395827
0.0083278
0.020609
0.000224594
0.0540113
0.0300719
0.0799928
0.00026819
0.000362993
0.0354421
0.0104429
0.0199294
0.0146322
5.16258e-005
0.00480415
0.0208368
0.0120867
0.000666707
0.00234452
0.000809172
0.000560342
0.00123961
0.00412855
0.000164262
0.00109511
0.0112459
0.000269382
0.00275243
0.00132964
0.00126553
0.000290062
0.00114963
0.00275389
0.00674528
0.00160171
0.00638245
0.00116673
0.000134557
0.00744957
0.000839035
0.00192576
0.0145901
0.0694709
0.0428717
0.00111061
0.000114737
0.000620513
0.000431115
0.000195545
9.57153e-005
9.99106e-005
0.0212037
0.0232006
0.0319003
0.00176877
0.000123962
0.00197467
0.00882917
0.0819685
0.0436182
0.000573097
0.0436255
0.000276169
0.00252648
0.00142619
0.00236877
0.00335688
0.000348945
0.00122604
0.000451336
0.00115124
0.00399525
0.00808199
0.000982161
0.0403213
0.00801283
0.000892086
0.00107277
0.000254716
0.0223336
0.00239634
0.000786243
0.0315142
0.000304942
0.00147936
0.0125639
0.000104665
0.00641267
0.000426303
0.00583141
0.0161162
0.000175832
0.00622936
0.0205216
0.00592065
0.000753334
0.000541135
8.0354e-005
0.000357191
0.0018958
0.0003159
0.00205937
5.10901e-005
0.00342447
0.00170075
0.00313991
0.00335269
0.0042236
0.000299654
0.000269094
0.000283297
0.00506176
0.0334819
0.000353195
0.000585922
0.000656818
0.000805382
0.00256059
0.00114482
0.00115435
0.000788036
0.000329371
0.00168974
0.000260891
0.000504328
0.00536946
0.000200747
0.0112794
0.000560967
0.0463905
0.0299924
0.0273299
0.00117346
0.000354664
0.00051907
0.0011859
0.00118246
0.000779195
0.0234847
0.00397623
0.000714138
0.000578971
0.00109696
0.00237354
0.000572793
0.000319924
0.00624076
0.000262131
0.000862489
0.00105868
0.00151691
0.000179331
0.0594517
0.00402871
9.98373e-005
0.00045028
0.000845229
0.000129727
0.000998326
0.0198763
8.40489e-006
0.0125155
0.0008724
0.00440173
0.000949474
0.00156381
0.00353098
0.0142257
0.00297349
0.0187593
0.00198417
0.000248987
0.00192104
0.00019992
0.00424383
0.00092995
0.000142894
0.00347606
0.000255918
0.000880553
0.000138587
0.000968745
0.0119176
0.000889151
0.0007016
0.00148851
0.00043881
0.00563705
0.000353589
0.0206707
0.00139656
0.000157906
0.00222754
0.0004213
0.00356396
0.00179791
0.000202596
0.000456657
0.000698289
0.00716826
0.000798127
0.00964948
0.00481796
0.00415586
0.00108725
0.00350627
0.0298344
0.000235603
0.00065787
0.00135257
0.00424596
6.81097e-005
0.00128484
0.0244382
0.00172179
0.000160615
0.00307286
0.00618156
0.00516669
0.00135627
0.000717298
0.00400389
0.0012421
0.00365399
0.00325794
0.00249388
0.0136064
0.00314996
0.00118472
0.00383897
0.00188177
0.000686266
0.000736583
0.000584861
0.000106829
0.000836178
4.18572e-005
0.0127567
5.97694e-005
0.0155862
0.000270631
0.000567449
0.000372076
0.000108748
0.00353192
0.000750699
2.61514e-005
0.00891166
0.00142864
0.0297138
0.00714184
0.000383072
0.00147346
0.00759661
0.0371224
0.05742
0.0602714
0.00722761
0.0247313
0.0152385
0.0369972
0.00330123
2.1027e-005
0.00307217
0.00171153
0.000545713
0.00129207
0.0136856
0.00259693
0.0231328
0.0396975
0.0189916
0.0212018
0.00715158
0.00889017
6.83903e-005
0.00126079
0.00373796
0.00369753
0.0621248
0.0485773
0.0103504
0.00126145
0.0125143
0.00223814
0.000366723
0.000760046
0.00912985
0.00050419
0.00779601
0.00176174
0.00179137
0.00319364
0.0338116
0.0287554
7.85003e-005
0.00165365
0.00464814
0.000399517
0.0050861
0.000490667
0.00371532
0.00551033
0.00459554
0.00254044
0.00120416
0.00724391
0.000483917
0.00378117
0.00383836
0.000130966
0.0164699
0.0210949
0.0250138
0.00013359
0.000446865
0.00472404
0.0038258
0.0391835
0.00327442
7.78474e-005
0.0390888
0.00539353
0.00592044
0.000460852
0.00920156
0.00426335
0.00189346
0.00170182
0.00234239
0.0012444
0.000147421
0.0489933
0.000123251
0.00818285
0.00404699
0.00468479
0.0102159
0.0169037
0.000795432
0.00142496
0.00458447
0.00206036
0.0115297
0.00444656
0.0299348
0.0763828
0.0121625
0.00234939
0.00377412
0.00238163
0.000345402
6.41903e-005
0.000361927
0.00171243
0.0182531
0.000565048
1.19916e-005
0.000831575
0.00222942
0.0015184
0.000921662
0.000196192
0.0383455
0.0239906
0.000477327
0.000184155
0.000502624
0.00968505
0.00575635
0.0072327
0.000808811
0.00180764
0.0557087
0.000559119
0.0015524
0.0536706
0.00280314
0.00268903
0.000827701
0.00201953
0.00855098
0.00483429
0.000756483
0.00250882
0.00297124
0.000792633
0.0022917
0.000405293
0.000877088
0.017349
0.00750567
0.00845549
0.000261302
0.027289
0.0354842
0.00143091
0.0613984
0.00253788
0.000387428
0.000228481
0.000768574
0.00101554
0.0272001
0.000310939
0.00739195
0.000254923
0.0135725
0.00144557
0.000155512
0.000651475
0.00165547
0.00452205
0.00464821
0.000586023
0.00291282
0.00180987
0.0111609
0.000280356
0.0135649
0.000695414
0.00298748
0.000367375
0.000667783
0.000441731
0.00901621
0.00125011
0.000985011
0.00767395
0.000675961
4.33443e-005
0.000535656
0.00195078
0.000111874
0.000876998
0.00214535
0.00122383
0.00741934
0.00835736
0.00248345
0.00188235
0.00434653
0.00363265
0.0786279
0.0187371
0.00739066
0.000844005
0.0196676
0.000508563
2.02275e-005
0.00534812
0.000505241
0.0646448
0.00310216
0.000260272
0.00155543
0.00315995
0.00622398
0.00166296
0.00171318
0.000650058
0.0315351
0.0167529
0.000851769
0.00328657
0.0132858
0.000854543
0.00309916
0.0187517
0.00163261
0.000283744
0.00672246
0.00163165
0.00188276
0.00565943
0.00602531
0.00991993
0.007428
0.00394271
0.00300736
0.000194231
0.000178569
0.000279985
0.000185181
0.000781755
3.28028e-005
2.27323e-005
0.017728
0.000258582
0.0123493
0.00637923
0.0592278
0.0141464
0.00026253
0.000991685
0.00212568
0.000164006
0.014304
0.0999886
0.0749342
0.067047
0.000341259
0.000235628
0.000363236
0.0299547
0.0140053
0.000395355
0.000613376
0.000574325
0.000677028
0.00389287
0.00320937
0.0234416
0.00186142
0.00373827
0.00029762
0.00111437
0.00108069
0.0018185
0.00158212
0.000349788
0.00142031
0.00141568
0.0730678
0.00374011
0.0138673
0.000326471
0.00239962
0.000774223
0.000357558
0.000866315
0.00414606
0.00873264
0.00240337
0.00579748
0.0589047
5.87396e-005
0.00604484
0.00962116
0.00363679
0.00032236
0.000286871
0.000718745
0.00321461
1.97496e-005
8.51937e-005
0.000481262
0.000824605
0.000174798
0.000358626
0.00598257
0.00107333
0.000418618
0.00106416
0.000107976
0.0106935
0.00648866
0.0017901
0.000943202
0.00427822
0.0691368
0.0759605
0.000110439
0.000179963
0.00533491
0.000368109
0.00342395
0.000910251
0.00407912
0.00158817
0.000724495
0.00786655
0.00346184
0.000235774
0.00180434
0.00125686
0.00106681
0.000320353
0.0245632
0.00452236
0.00177189
0.0245786
0.000217813
0.0207105
8.99834e-005
0.00404292
0.000879082
0.000472613
0.000418138
0.00360626
0.00242041
0.00110706
0.000588496
0.0303809
0.00296631
0.00405151
0.000850458
0.00155432
0.00274442
7.7016e-005
0.00011887
0.0111091
0.00155753
0.0130758
0.00287313
0.015135
0.0548758
0.0316887
0.00551947
0.00437103
0.00578424
0.000828989
0.000527659
0.00044144
0.0020483
0.0095436
0.00417944
0.00106526
0.00319592
0.000463938
0.0156524
0.00149924
0.000196102
0.000808467
0.00104207
0.00621469
0.0199256
0.00189948
0.00140208
0.0116762
0.00133166
0.0138976
0.00118683
0.0576972
0.00611396
0.00616893
0.0207711
0.012315
0.00165165
0.0269243
0.000607382
0.0163288
0.00178662
0.00989529
0.000240261
0.000431536
0.00158035
0.000539232
0.00305049
0.000764616
0.00112574
0.0234677
0.0441587
0.000139284
0.000880423
0.0206515
0.011252
0.00192742
0.00526248
0.000538657
0.000767346
0.000189827
0.00495568
0.000940933
0.000244484
0.00015643
0.00143982
0.00154574
0.00177853
0.0203731
0.00135378
0.00798358
0.00223707
0.00176478
0.00466479
0.0012913
0.00939559
0.000284785
0.00172096
0.00424508
0.0142926
0.0067952
0.00170891
0.000382166
0.0061866
0.0295546
4.40544e-005
0.000347558
0.000580332
0.00357502
0.000425152
0.000378263
0.00126253
0.00208849
0.00192788
0.00626737
0.01013
0.0110647
0.000366241
0.0106045
0.027155
0.000638537
0.00690725
0.00137793
0.00245198
0.0228709
0.000460228
0.00134425
0.000555268
0.00502713
0.00208886
0.00761134
0.00307828
0.00242828
0.000854683
0.0158313
0.00164095
0.00437112
0.000855624
0.00176314
0.000310167
0.00728857
0.0018104
0.000671013
0.0023661
0.00334975
0.000511085
0.0134338
0.000891492
0.0155923
0.00173233
0.00246978
4.13796e-005
0.00108864
0.00926199
0.0157777
0.00018868
0.00228604
0.000465513
0.000306481
0.000284034
0.000532435
0.000419988
0.00174307
0.00387748
0.00118173
0.00370924
0.00569282
0.00470824
0.000430632
0.00303867
0.00178796
0.00337064
0.00446685
0.00761013
5.06852e-005
0.018974
0.00975108
0.000230884
0.00214247
0.0230383
0.0279759
1.51051e-005
0.0154128
0.000295755
0.000313669
0.00208278
0.00513834
0.00528905
0.00180756
0.016083
0.0781249
0.0632271
0.00200995
0.0167158
0.0200967
0.0013913
0.00176362
0.0134533
0.0145145
0.0203008
0.000202661
0.0239869
0.00276119
0.00318658
0.000540875
0.00180783
0.00189557
0.0187113
0.0206058
0.00163463
0.00191792
0.000691549
0.000318617
0.00402106
0.0112634
0.000107345
0.000873301
0.00181122
0.00289996
1.43088e-005
0.00133094
0.0138824
0.0363558
0.00727806
0.0122842
0.000133074
0.000250197
0.00202215
0.000129116
0.00203938
0.000177374
0.0324091
0.00278687
0.012799
0.00350912
0.0140817
0.00176558
0.0118704
0.000440617
0.00305926
0.00118827
0.000420559
0.00174579
0.0115507
0.00264054
0.00385627
0.00026105
0.0154015
0.0144164
0.00607917
0.000175309
0.000753721
3.71155e-006
0.0205009
0.0102413
0.000239057
0.00133159
0.00158069
0.00396276
0.000498675
0.000103418
0.000678064
0.00152171
0.000978601
0.0277881
0.000783833
0.00118347
0.000731897
0.0016408
0.000897223
0.0026336
0.00011273
0.0120118
0.00118524
0.00169756
0.0175121
0.000873242
0.019992
0.000664955
0.00366798
0.000885161
0.0118525
0.00835146
0.0100879
0.000105364
0.0449868
0.0012721
0.000915462
0.0170887
0.0771657
0.000124664
0.0829217
0.000497308
0.0357595
0.0204556
0.00448937
0.00529877
0.00513137
0.0193111
0.0176357
0.0767275
0.0154935
0.038418
0.00473817
0.00756037
0.0213072
0.0094719
7.26581e-005
0.00141968
0.00294516
0.0366058
0.0604851
0.000865861
0.00807169
0.00164027
0.00607933
0.00114463
0.00235017
0.000873276
0.000620259
0.000521856
0.0128146
0.000425442
0.00309246
0.00283662
0.000286967
0.000151695
0.00321743
0.00373256
0.00283515
0.00162666
0.00100213
0.000438274
0.00688089
0.0010119
0.00178614
0.00946101
0.0171345
0.00146733
0.00831479
0.0513773
0.0685478
0.00326883
0.0719308
0.00662305
0.000511594
0.000873074
0.00115566
0.00131273
0.00203542
0.000743852
0.000630992
0.00253775
0.00131148
0.000615961
0.000235897
0.0160939
0.000767002
0.00172714
0.0199951
0.000973645
0.0423432
0.00113961
0.000225974
0.019652
0.00158555
0.00116638
0.0110942
0.00387195
0.0284721
0.0291549
0.000121431
0.00137975
0.000867467
0.000674315
0.00600851
3.92157e-005
0.000351516
0.0022552
0.0238706
0.0157986
0.0040113
7.46441e-005
0.000195216
0.00351262
0.0085072
0.00350248
0.0452628
0.000152794
0.0108736
0.00691342
0.00112396
0.00346929
0.00323307
0.00297114
0.00397446
0.00578438
0.000270708
0.00380395
0.000499023
0.000992969
0.0122407
0.00187463
0.00177425
0.00279091
0.0129721
0.00350191
0.00606155
0.00564837
9.86413e-005
0.00184025
0.00088277
0.00551166
0.000163335
0.00261231
0.00988548
0.00313717
0.000204447
0.000376445
0.00861362
0.00937772
0.00144396
0.000196685
0.00694904
0.000889469
0.000550486
0.000590976
0.000558418
0.000223281
0.00577119
0.00162043
0.00198191
0.000129786
0.000506954
0.00483416
6.33592e-005
0.00190565
0.0235655
0.0026905
0.000979744
0.000280241
0.00445983
0.00475203
0.0102727
0.0124722
0.00265662
0.00278083
0.000190403
0.00497793
0.00482937
0.00128463
0.0287352
0.0168383
0.0745859
0.00220917
0.00249212
0.00495668
0.006587
0.00228322
0.000870694
0.0602572
0.000120353
0.00775095
0.000968515
0.0427345
0.0144423
0.000495355
0.00370168
0.00750191
9.08939e-005
0.00213679
0.000329068
0.00561161
0.000156988
0.000968367
0.00015588
0.0580666
5.28632e-005
0.00113195
0.00125927
0.00255614
0.00017628
0.00334355
0.0104143
0.00146327
0.000120188
0.0173943
0.00774463
0.0151739
0.000809676
0.0131785
0.0134453
0.0369981
0.000698771
0.000170379
0.00133646
0.0193859
0.0420927
0.00147498
0.00143125
0.00244909
1.75402e-005
0.0140218
0.0226856
0.00170372
0.00265649
0.0064233
0.00278704
4.86393e-005
0.00692178
0.000142925
0.00505139
0.0308843
0.0238595
0.000262099
0.000575538
0.00161933
0.0014391
0.000844899
0.00161934
0.00926138
0.000433826
0.0103664
0.00263879
0.002493
0.00135349
0.0019872
0.00216371
0.00246271
0.00319309
0.00152341
0.00107678
0.000254702
0.058456
0.00326132
0.000960783
0.000349967
0.00275984
0.00965068
0.000322599
0.000259028
0.000286968
0.00239534
0.0110557
0.0167456
0.000677791
0.00182071
0.000693339
0.00685969
0.00038778
0.000674505
0.00901822
0.00486341
0.0013475
0.00121243
0.000425943
0.000311531
0.000638165
0.000454268
0.000120796
0.00053073
0.0013817
0.0269758
0.038806
0.000226842
0.000728933
0.000257676
0.00146513
2.84478e-005
0.0270656
0.000376177
0.000726652
0.00600498
0.0291347
0.0165024
0.0189128
0.0386764
0.00682719
0.00137245
0.000293412
0.012897
0.0150612
0.0141447
0.00260754
0.0613612
9.26672e-005
0.0105909
0.00128061
0.00513305
7.57354e-005
0.00121713
0.000246345
0.000447313
0.000345765
0.000661643
0.000405595
0.0179223
0.0339146
3.77999e-005
0.00517292
0.000801779
0.000237818
0.00616551
0.0138
0.000114624
0.00015494
0.00145578
0.00240274
0.00382317
0.0028042
0.0230905
0.000431255
0.000674738
0.000288103
0.0361381
0.0282309
0.000173494
0.0396048
0.00449258
0.00263458
0.0029781
0.000873032
0.0113322
0.000835877
0.00802673
0.00131489
0.00115532
0.000536656
0.000402815
0.0232214
0.0298016
0.00169219
0.000285731
0.00995904
0.0127285
0.000613733
0.000532834
0.00515308
0.00156739
0.000777262
0.00302825
0.00133978
0.000859728
0.000451302
3.19283e-005
0.000787396
0.00393459
0.00193524
0.0550575
0.00750076
9.30709e-005
0.000372454
0.0025205
0.0135912
0.00043223
0.000446225
0.0209987
0.00213663
0.00040413
0.000140223
0.0179501
0.0216958
6.72839e-005
0.0052221
7.2395e-005
0.000182183
0.00138615
0.00312603
0.00954883
0.00345418
0.00186952
0.00787384
6.71977e-005
0.00810493
7.38389e-005
0.00512417
0.0142223
0.00103025
0.00376647
0.0108284
0.00600858
0.0031
0.00317959
0.00338958
0.00182025
0.00140425
0.00272327
0.0147469
0.00032602
0.000311146
0.0101614
0.0183513
0.00113306
0.00581177
0.00228242
4.80485e-005
0.0268655
0.000133796
0.0226013
0.00154474
0.00372261
0.0011662
0.00465572
0.00459837
0.0169552
0.000241034
0.00229433
0.00445448
0.0155706
0.00764068
4.75195e-005
0.00277952
0.000116795
0.000115162
4.28739e-005
1.13172e-005
0.00395569
0.00122481
0.00199635
0.0112804
0.000129729
0.00393432
0.0036893
0.0600343
0.000835688
0.00256417
0.000127424
0.0013562
0.000375504
0.00916927
0.00141759
0.0121632
0.00122519
0.00158778
0.00374087
0.00286159
0.000166714
0.000541022
0.00782504
0.000373993
0.0438245
0.000538727
0.00333203
0.000145592
0.00506681
0.0370504
0.00809832
0.00615762
0.0200112
0.000553855
0.00328745
0.00279983
0.000352676
0.00463335
1.81897e-005
0.0215362
0.00132644
0.00132469
0.00105007
0.0131229
0.000875112
0.0113039
0.00582407
0.0303506
0.00209968
0.00401693
0.0190425
0.00696162
0.00961642
0.0117707
0.00716026
0.016031
0.000719904
0.00109987
0.00110934
0.000910408
0.00120135
0.0036276
0.00011125
0.000442381
0.00287972
0.00303415
0.000783165
0.00795384
6.13941e-005
0.000145509
0.000560524
0.000774868
0.000981726
0.00123999
0.0202516
0.0395103
0.00203283
0.0267845
0.00214109
0.00196822
0.00164214
0.000594946
0.00100494
0.000356053
0.000283716
0.000106251
8.51683e-005
0.00430206
0.00770325
0.000149177
0.00243018
0.000121596
0.00107263
0.00115502
0.000227408
0.000709506
4.14693e-005
0.025812
0.00237007
0.000288059
0.00360062
0.000820453
0.0220872
0.00344711
0.0198657
0.000692694
0.00372987
0.00136211
0.00158138
0.00411103
2.32139e-005
0.00745118
0.000265846
0.0155506
0.0143853
0.000124311
0.00134327
0.00180087
0.000665701
0.000909397
0.000291489
0.000917465
0.00253669
0.000146109
0.00331357
0.00242906
0.00499244
0.0104304
0.0135706
0.00367375
0.00621667
0.00607971
5.0022e-005
0.00162272
0.00194542
0.00288254
0.00156481
0.000159662
0.00053443
0.0225294
0.00250357
0.00229445
0.000489966
0.00164052
0.000261646
0.000570995
0.00236453
0.00169065
0.000113289
0.00384738
0.0127945
0.00109321
0.00623046
0.0144584
0.000624052
0.000320806
0.000867449
0.000807746
0.0256727
0.00182099
0.00224497
0.000512248
0.0118656
0.0384485
0.00605717
0.000608681
0.00333461
0.00126793
0.000801977
7.05992e-005
0.00483864
0.00124737
0.00124966
0.000580557
0.00180313
0.00430442
0.00426605
0.00289804
0.026421
0.000619578
0.00016636
0.00150052
0.000858723
0.000568259
5.59684e-006
0.00356022
0.0010427
0.00268959
0.00474449
0.000221355
2.62101e-005
0.0016176
0.000286442
0.000233955
0.0213661
0.0887142
0.000971497
3.15231e-005
8.53825e-005
0.000212807
0.00377377
0.000350029
0.00933195
0.00110873
0.0288486
0.039813
0.0191599
0.00394417
0.000697163
0.00347994
0.00440096
0.00418649
0.000200164
0.00139285
0.00223169
0.0018716
0.000711008
0.00764364
0.000539787
0.0355829
0.00271465
0.00353732
0.000103837
0.0842883
0.00025703
0.00243375
0.00210867
0.00857666
0.00195706
0.000679491
0.0005072
0.00056418
0.00553468
0.000181918
0.000999387
0.000665828
8.85276e-005
0.0236096
0.0180105
0.00204988
0.000213163
0.000499207
0.00168285
0.00192128
0.00443663
0.000191479
0.00341929
0.000230358
0.000253179
0.000872783
0.00130449
0.0111087
0.000388503
0.00340221
0.00164573
6.56188e-005
3.65745e-005
4.35182e-005
3.34102e-005
0.000287842
0.000552695
0.00327579
0.00362347
0.00159397
0.00170271
0.00604544
0.00191215
0.0022366
0.000207548
0.0047036
0.00118411
0.00106123
0.000422545
0.00959348
0.00467926
0.000130628
0.00227183
0.00213419
0.00188547
0.00514179
0.000777913
0.00210256
0.000855595
0.0318922
0.00235898
0.0240834
0.00787444
0.00047595
0.000781147
0.00256086
0.0368601
0.000100752
0.00579112
0.000530512
0.00770455
0.000819834
0.0222006
0.00694534
0.00192587
0.00168498
0.0256294
0.000743474
2.28802e-005
0.00821499
0.0367833
0.00123551
0.00208
0.00133303
0.00191925
0.00115175
0.000571611
0.00171029
0.00201286
0.000442705
0.00510401
0.000225991
0.00168246
0.00102696
0.000514419
0.0044413
0.00154481
0.000139949
0.0547355
0.00165999
0.000407396
0.0010633
0.00265613
0.00230166
0.00108544
0.00133006
0.000844266
0.000579912
0.0002941
0.00078953
0.00104457
0.0192823
0.00199947
0.00138781
0.000347565
0.012926
0.00172172
0.0094063
0.000466632
0.00114902
0.000364025
0.00435768
0.000782785
0.000422842
0.00656503
0.000423723
0.0255889
0.0176076
0.00569175
0.00513713
0.000224589
0.000106528
0.000737375
0.00210987
0.023693
0.00254354
0.00205779
0.0233108
9.67427e-005
0.000983609
0.0412856
0.000426739
0.0164258
0.0339918
0.0333113
0.000573501
0.0072596
0.00708993
0.00122821
0.00050797
0.000600492
5.55669e-005
0.0217065
0.00193608
0.00257257
0.0280092
0.0837324
0.00473533
0.00116945
0.00235487
0.0752078
0.066429
6.57577e-005
0.0385668
0.0234062
0.000507924
0.000179184
0.000940758
0.0240948
0.00136105
9.17761e-005
0.00215048
0.00142718
0.00396564
8.09159e-005
0.00128971
0.0395154
0.000803205
0.056145
0.000576887
0.0328546
0.00140728
0.000820616
0.00482353
0.0110092
0.00229442
0.0030411
0.00197814
0.00601491
0.0361471
0.0365653
0.000293141
0.000156442
0.00206832
0.0020537
0.00332987
0.00316062
0.00319036
0.00317589
0.000431255
0.00314393
0.00115835
0.0319439
0.0682068
0.0124031
0.0122737
0.0120313
0.000184346
0.00136473
0.00759904
0.00267919
0.0309759
0.000208052
0.000555467
0.00428293
0.00108847
0.0184069
0.0331347
0.00582111
0.0367941
0.0200522
0.00953575
0.00167576
0.000646367
0.00310638
0.00136228
0.000911148
0.00290805
0.0410607
0.004526
0.0376802
0.000569342
0.000273392
0.0134259
0.000368523
9.48115e-005
0.0142214
0.00199514
0.00103572
0.00466627
0.00413209
0.00251898
0.00387054
0.00269865
0.000390342
0.0128621
0.00187956
0.0308532
0.0026125
0.00100657
0.00213739
0.00856875
0.00117808
0.00320939
0.000269554
0.00250966
0.00614727
0.000671247
0.00184003
0.0305404
0.00316652
0.000671951
0.00118544
0.000711145
0.00115966
0.0216529
0.0340593
0.00013392
0.0010568
0.0128804
0.000575545
0.000842015
0.00131183
0.0251254
0.000673924
0.000188821
0.00269987
0.000352812
0.00256187
0.0018618
0.000938934
0.000275861
0.0032069
0.00427557
0.000201353
0.0219981
0.00115884
0.00263899
0.00656731
0.000349911
0.00516944
0.0264043
0.00133424
0.000197961
0.000923057
0.000374573
0.00136431
0.0161459
0.00434205
0.0176216
0.00784867
6.24425e-005
0.00548932
0.0100609
0.00973909
0.0314974
0.000631032
0.0305398
0.0107684
0.000155572
0.00224091
0.00659023
0.0353204
0.000997246
0.0507628
0.00221541
0.00014207
0.000299928
0.00213105
0.00570298
0.000863996
0.00330503
0.0734824
0.00154774
0.0162141
0.00177781
0.00153419
0.00866827
0.000626974
0.0433104
0.0272322
0.000856859
0.0745692
0.00595132
0.00754273
0.000429131
0.0131569
0.0173349
0.00014579
0.000508603
0.00131535
0.000844498
0.00589908
0.02714
0.0104232
9.30517e-005
0.00157939
0.000968965
0.00640407
0.000352517
0.00770499
0.03393
0.00618939
0.000230393
0.000357993
0.00121071
0.000272815
0.00119005
0.000365075
0.0530565
0.00161437
0.00113607
0.00321778
0.000864702
0.000350617
0.000188402
0.00120965
0.0255936
0.000142826
0.0188313
0.00411531
2.33152e-005
0.000470268
0.000381236
0.0002409
0.0441158
0.000693736
0.00172411
0.000694535
0.00939461
0.00336136
0.00398307
0.00639693
0.00754574
0.000603217
0.000314845
0.00172522
0.000536346
0.0138498
0.00197858
0.00414127
0.000628347
0.000107495
0.00408833
0.000111494
0.00161698
0.00133819
0.0572103
7.64299e-005
0.00251634
0.00945806
0.0029964
6.63738e-005
0.00703236
0.000176698
0.0203362
0.0169467
0.00796438
0.00645081
0.0455748
0.00350955
0.0163166
0.0126647
9.59193e-005
0.0037358
0.000241285
0.000942484
0.0548448
0.00039151
0.00106281
0.00293291
0.00943801
0.00948853
0.000208103
2.49668e-005
0.000491505
7.86778e-005
0.0109883
0.000724135
0.000185008
1.15522e-005
0.0450524
0.000279667
2.50635e-005
0.00275518
9.39044e-005
0.0498804
0.00431291
0.0139547
0.000923512
0.0348886
0.00119095
0.000665029
4.86393e-005
0.00506103
0.0020679
0.0289252
0.0463422
0.0485927
0.000201416
0.000236353
0.000607861
0.000618516
0.017931
0.00140095
4.55e-005
0.02005
0.000607448
0.00581779
7.56241e-006
0.00762235
0.00289537
0.0131522
0.00508984
0.00274853
0.000119579
0.00214116
0.00103636
0.000105772
0.0213025
0.000743819
0.00289205
0.00115807
0.000812676
0.000199487
0.00175713
0.0025003
0.00169366
0.0279704
0.046823
0.000338688
0.00163529
0.00167587
0.000287528
0.0035359
0.000168416
0.0333173
0.0115042
0.00624517
0.00137161
0.000325002
0.000728106
0.0163569
0.00326716
0.0712795
0.0410276
0.000189499
0.0213302
0.000901731
0.0234681
7.67121e-005
0.00102533
0.01081
0.00120618
0.00311438
0.0369987
0.00667144
0.0006762
0.0097538
0.00127558
0.000738985
0.00173474
0.00055392
0.0051802
0.0228576
0.000144213
0.000441676
0.0176035
0.00916976
0.00920399
0.025045
0.000768861
0.0338047
0.00238357
0.0483952
0.000323001
0.00246673
0.0546651
0.000572255
0.0115173
3.75361e-005
0.000176909
0.000560233
0.00781481
0.00152597
0.00240847
0.00132318
0.0141686
0.00269402
0.00555631
0.00233339
0.00122374
0.00799906
0.00972035
0.000367502
8.14013e-006
0.0019032
0.000397615
0.00127327
0.000545886
0.0214569
0.00796643
0.013468
0.00191635
0.0329675
0.0168879
0.0240852
0.000331554
0.0131731
0.0021242
0.000134891
0.00168942
0.000809419
0.013781
0.00232159
0.000202297
0.000117692
0.00427141
0.00176854
0.000244158
0.000326825
0.0233896
0.000259597
0.00326844
0.000325229
0.00738653
0.0121962
0.000399444
0.0211143
0.0256326
0.00195322
0.00229687
0.000123935
0.000180763
0.0543942
0.00331684
0.0120069
0.0035588
0.0310928
0.0147153
0.0130191
0.00393514
0.00966129
0.0181121
0.000236768
0.000194439
0.0030762
0.00270366
6.55794e-005
0.000451762
0.058825
0.0506255
1.35799e-005
0.0014936
0.000149582
2.13641e-005
0.000660339
0.000282691
0.0123005
0.000270344
0.000772997
0.0368646
0.00880146
0.0374576
0.00159956
0.0165513
0.00294771
0.00480949
0.000106503
0.000151444
0.0017646
0.00135851
0.000706108
0.00371986
0.014022
0.0017534
0.000449207
0.00108926
0.000736002
0.00188393
0.00447699
0.0026806
0.000232728
0.00186414
0.000675148
0.00139152
0.000104633
3.91584e-005
0.0311677
0.011146
0.00403326
0.00814818
0.011374
0.000732491
0.00102748
0.000528483
0.0273699
0.00249826
0.0013075
0.00214265
0.000424072
0.000862936
0.0199413
0.00202588
0.000603005
0.00612507
0.0751194
0.00213145
0.00292057
0.00111032
0.0217444
0.00197361
0.000868093
0.0170606
0.0248523
0.00572012
0.0176155
0.0431303
0.00268568
0.00311234
9.51428e-005
0.0186484
0.00162687
0.000855551
0.00136471
0.00127306
0.00356461
0.000858128
0.000979589
0.0235728
0.00209135
0.0194824
0.000180398
0.000455541
0.00165312
0.000415214
0.000675953
0.0449369
0.0476699
0.00183695
0.000947647
0.00918875
0.00202484
0.0117546
0.0125985
0.000374064
7.97285e-005
0.00196309
0.00185975
0.00376413
0.0114525
0.00104151
0.00017135
0.0016728
0.00137467
0.00122699
0.0114826
0.000116396
0.00214944
0.000590332
0.010067
0.000440212
0.000526384
0.00402776
0.0229107
0.000270606
5.98005e-005
0.00243827
0.000153708
0.000118217
0.0105081
7.41679e-005
0.00297256
0.00185349
0.00113677
0.00260694
0.000333917
0.0138076
0.000297933
4.89277e-005
0.00280715
0.00384877
0.00585664
0.0101139
0.00498619
0.00240338
0.000399917
0.00174524
0.000164552
0.000133954
0.00161522
0.00244075
2.40087e-005
0.0119836
0.0150202
0.000135293
0.00212873
0.011384
0.00257223
0.00245693
0.00140811
0.00222169
0.000912473
0.000553674
0.00146969
0.00114299
0.00288151
0.00343404
0.00151465
6.75293e-005
0.00183407
0.00135737
0.000457391
0.00240005
0.00103676
0.00323237
0.0625173
0.000352076
0.0204635
0.00111048
0.0154141
0.00859434
0.000791706
0.00844084
0.00105202
0.00100429
0.000749419
0.00445288
0.0146021
0.0104606
0.0286025
0.000436422
0.000519284
0.000487138
0.0173532
0.000685681
0.00559045
0.00506184
0.0052058
0.0567176
0.0644995
0.00193104
0.000542586
0.000258264
0.00175996
0.00182793
0.00078233
0.00187734
6.8835e-006
0.000346592
6.85458e-005
0.0604163
0.000872544
0.00344914
0.00353691
0.00125455
0.00129331
0.00639995
0.00253924
6.4539e-005
0.000322388
0.0412907
0.0163481
0.00336621
0.000654747
0.0403156
9.37228e-005
0.0040662
0.00401579
0.00399698
0.000568677
0.00291671
0.0011945
0.000507265
0.00775366
0.0248974
0.0555659
0.000359202
0.0119593
0.0026123
0.00145361
0.016359
0.001942
0.0524056
0.0700073
0.000234436
0.000347101
0.000729842
0.000543996
0.00546541
0.049052
0.00243109
0.033557
0.00798705
0.00806277
0.00130383
0.00183421
0.000409934
0.00357622
0.00155146
0.00163611
0.00116228
0.000162953
0.000361154
0.00129474
0.0026119
0.00353549
0.00276916
0.00293547
0.000143581
5.73493e-005
0.0336154
0.00608477
0.0215089
0.00945619
0.000333809
0.0307752
0
0.000989446
2.98582e-005
0.0652852
0.0113469
0.000135132
0.00189156
0.00132158
0.00056607
0.000206633
0.0384507
0.000982221
0.0129696
0.0159697
0.014895
0.0012445
0.001051
2.95404e-005
0.000992549
0.000755086
0.00350184
0.0165174
0.0140294
0.00618078
0.00326017
0.00179012
0.000221951
0.00296816
7.16196e-005
8.50552e-005
0.000808315
0.000267404
0.0052091
0.00113827
9.10993e-005
0.00103688
0.00118726
0.0307209
0.0543749
0.0138218
4.67582e-005
0.00109038
0.00281399
0.00127662
0.00142569
0.00272845
0.00779473
0.000117406
0.000917245
0.00677552
0.0116934
0.0135394
0.0496714
0.00400747
0.00273868
0.000666583
2.15487e-005
0.00108634
0.000975708
0.000367506
0.005245
0.00929426
0.000975355
0.00658599
0.00543929
0.0371792
0.00352908
0.00255483
0.00344255
0.00126135
0.0312612
0.00145036
0.000835971
0.0475111
0.000373122
0.00377054
0.00307489
0.00744137
0.00195174
0.00022914
0.00210232
0.000390298
0.000603058
0.00407662
0.0328731
0.00104123
0.00295121
0.000485302
0.0184476
0.0210902
0.00112366
0.000402001
0.00345869
0.000432429
0.000301738
0.0369046
0.0113025
0.0379257
0.0038641
0.000146716
0.000213438
0.00375347
0.000131418
0.00041735
0.00232709
0.0232802
0.0384197
0.000892782
0.00208552
8.78705e-006
0.000515295
0.0554119
0.00281577
9.31288e-005
0.0450938
0.0121037
0.00843728
7.90283e-005
0.000379462
0.00190419
0.00200112
0.000536383
0.00424516
0.000873022
0.00138642
0.0154256
0.00551821
0.000389403
0.00071004
0.000529315
0.000612695
0.0068015
0.000401217
0.00126867
0.00703785
7.19731e-005
0.0379345
0.0605747
0.00542567
0.00179932
0.00843481
0.00758112
0.000135372
0.000241252
0.00271676
0.0189077
0.00692815
0.000377485
0.00074825
0.000382857
0.00132648
0.00728366
0.0101179
0.00194388
0.0331213
0.0554696
0.0117514
0.010969
0.0118448
0.000304249
9.62682e-005
0.000302264
0.00165031
0.00297604
0.000606033
0.000266917
0.00049381
0.000689545
0.0735561
0.0988193
0.125347
0.00118264
0.0316647
0.0114756
0.0493533
0.00172978
0.00333664
6.79901e-005
0.00314712
0.00251435
0.000138887
0.00156511
0.00259389
0.000139401
7.89877e-005
0.00105484
0.00364872
0.000803147
0.00318202
0.00112001
0.00528179
0.000331613
0.00026295
0.0369159
0.000575281
0.00124442
0.00115756
0.000654113
0.00220938
9.81781e-005
0.000425397
0.00627285
0.00150501
0.00105064
0.00343999
0.00883504
0.000461402
0.0176127
0.00203167
0.00499468
0.00517033
0.0238592
0.00688031
0.000749316
0.0163673
0.0151475
0.0435946
0.00073226
0.00253166
0.00135146
0.00514651
0.029604
0.00092545
0.00482525
0.00109352
0.0181306
0.00113875
0.0131894
0.0129819
0.00109405
0.0609176
0.00217102
0.00437995
0.00422262
0.00731044
0.0250266
0.00531373
0.0209221
8.63428e-006
0.000892291
0.00869975
0.0130957
0.000231191
0.000320297
0.00201675
0.0021804
0.024238
0.0284513
5.79621e-005
0.000238153
0.00176776
0.146123
0.0183702
0.000768693
0.00171675
0.000155947
0.00305222
0.00575566
0.0560307
0.00192174
0.000413956
0.0935371
0.10195
0.00774648
0.000785362
0.00120639
0.000535932
0.00309652
0.00697693
0.0214941
0.000532221
0.0239038
0.000365977
0.000869855
0.0210429
0.0105512
0.000232083
0.000810904
0.00262648
0.00208546
0.00190221
0.00135315
0.000279912
0.0049683
0.00619373
0.0019834
0.000549087
0.00029548
0.0148509
0.000103296
2.74296e-005
0.000802119
0.00160169
2.42706e-005
0.000425021
0.00121637
0.00702844
0.00381814
0.0180892
0.00787447
0.00819915
0.0536643
0.0322248
0.0409241
0.00113484
0.00243486
0.0186283
0.005215
0.0528103
0.00423929
0.00117498
0.0020693
0.00265721
0.0361083
0.00105405
0.0223675
0.00475995
0.00134167
0.0701334
0.000132137
0.000146166
0.00325882
0.00312362
5.21398e-005
0.000919142
0.0200011
0.000525983
0.000196162
0.0394224
0.106154
0.0141213
0.00191583
0.00123117
0.0255866
0.00200128
0.00121888
0.00114112
0.00133558
0.000182215
0.00287138
0.000265195
0.00109291
0.000307
0.0259327
0.00137804
0.0141825
0.00139634
0.00215694
0.002821
1.65982e-005
0.00205848
0.00436036
0.00227878
0.000870378
0.000463089
0.000113648
0.0314221
0.00308856
0.00408684
0.000380211
0.00443348
0.00747302
0.0102162
0.00103446
0.0014805
0.00861013
0.00125898
0.0129672
0.000796584
0.0870004
0.00260406
0.000794282
0.000662863
0.00034551
0.0186033
0.00230294
0.00672402
0.000710695
0.000196959
0.00102044
0.00187893
0.00419364
0.00400145
0.000767911
0.00164252
0.00115179
0.0346637
0.00120408
0.00519538
0.00791001
0.0146531
0.0290916
0.000272687
0.000295305
5.64851e-005
0.00439113
0.0259508
0.0019622
0.000973338
0.000733084
0.000158085
0.00622433
0.00104704
0.00083815
0.000289178
0.0216671
0.0445182
0.00100197
0.00191019
0.000160358
0.0121716
0.066913
0.0252883
0.00163124
0.00208697
0.0027598
0.000213491
0.000405352
0.0022531
0.00184244
0.000346615
0.0276914
0.00964307
4.33182e-005
0.000235239
0.0063571
0.000529295
0.000337996
0.0132246
0.00383092
7.20881e-005
0.000112755
0.00136589
0.0520029
0.0690084
0.000733331
0.000785018
0.0399532
2.59426e-005
0.00106827
0.000351367
0.000706601
0.000761484
0.0187452
0.0740895
0.0167419
0.00539072
0.0245013
0.000223167
0.00106036
0.000197917
0.00487165
0.00101498
5.61663e-005
0.000282552
0.000304641
0.000572722
0.0122191
0.000374544
0.000717587
0.00953775
0.00660886
0.00850995
0.000278267
4.77299e-005
0.00372873
0.000506624
0.000208432
0.000258798
0.00452346
0.0360637
0.000109015
0.0376445
0.004335
0.0255686
0.00164565
0.0242712
0.0124095
0.000144621
0.062236
0.000676901
0.00992322
0.00249466
0.00115496
0.000887684
0.0122767
0.0475197
0.000154559
0.00547202
0.0060782
0.00010217
0.00126613
0.00230675
0.0790799
0.000596305
7.76628e-005
0.000635083
2.58612e-005
0.0104388
0.000269877
0.0172738
0.00956282
0.00642507
0.0015637
0.001667
0.00278544
0.012717
0.0107813
0.00224182
0.00181816
0.00167061
0.00197895
0.000394817
0.010383
0.00642057
0.0033593
0.000591896
0.0167867
0.000999605
0.00119192
0.000359891
9.68501e-005
0.000303144
0.0144923
8.86099e-005
0.00367171
2.55808e-005
0.000144578
0.0019518
0.0378471
0.015153
0.0159663
0.00557425
0.0711132
0.00248913
0.0125989
0.00145233
0.000636901
3.89806e-005
0.0237509
0.00649392
0.023685
0.0757623
0.0712644
0.00149344
0.00154171
0.0115308
0.00897127
4.928e-005
0.0014995
0.000294072
0.00128233
0.000368006
0.0302763
0.0251781
0.0275642
0.000988725
9.93718e-005
0.00815844
0.0195173
0.00899415
0.00199439
0.00103467
0.0102481
0.000396378
0.000367112
0.000200261
8.95316e-005
0.000365183
0.00135055
0.00638972
0.0391698
0.0271428
0.000688253
0.156568
0.000573176
0.00482562
0.00670099
0.00339022
0.00572809
0.00291712
0.000123437
0.000844673
0.00387201
0.000613166
0.0109371
0.00194732
0.00232442
0.000757425
0.000271159
0.000165305
0.00317334
0.000765356
0.000669088
0.0382991
0.00287064
0.0029641
0.000193521
0.00218027
0.00384973
0.00112642
0.0139106
0.00195134
0.000460879
5.03643e-005
0.000198619
0.000155978
0.0041389
0.000810644
0.0076538
0.0015884
0.000948308
0.000206295
0.00647352
0.00532823
0.00890799
0.000754562
0.00136491
0.00268085
0.000137662
0.00135764
0.000503142
0.00199065
0.00221905
0.000783268
0.00101615
0.0163731
0.000297645
0.0170001
0.000269828
5.62292e-005
0.0010971
0.00236717
0.00124458
0.000113903
0.0025688
0.000171767
0.00111379
0.000581439
9.98808e-005
0.00809492
1.55959e-005
0.0239148
0.000736786
0.000525389
0.0208905
0.000665771
0.000462391
0.00297159
0.00080614
0.0253632
0.00709795
0.0173599
0.001034
0.00272522
0.00587689
0.0106911
0.000269501
0.00102241
0.000768036
0.0068322
0.00962986
0.000978007
0.0546307
0.0410607
0.000496211
0.000695741
0.000963923
0.00579228
0.000788281
0.000257582
0.000163285
0.0157065
0.0143786
0.0128588
0.0112892
0.000496223
0.00414583
0.00251375
0.00194224
0.0193002
0.00163266
0.000849211
0.00277942
0.00221293
0.000295133
0.00281951
0.00141176
0.000278308
0.00155282
0.00113356
0.000495158
0.000188827
0.000307223
0.0149034
0.000431638
0.0011999
0.000856954
0.00252995
0.00101303
0.000129037
0.00196458
0.000188717
0.013621
0.00465245
0.0429004
0.000292345
0.00148825
0.00375845
0.0121056
0.00109781
0.00123163
0.00251085
0.00644832
0.00177827
0.018088
0.0206036
0.00410354
0.0842357
2.59517e-005
0.000143851
0.00382074
0.00105126
0.00039224
0.000897699
0.000158657
0.000224691
0.00413508
0.000445981
0.00346844
0.000627207
0.00096898
0.0403081
7.78415e-005
0.018402
0.0112215
0.000453059
0.00365985
0.000463305
0.000414036
0.000486681
0.00250399
2.55807e-005
0.00205381
0.000144796
0.000320689
0.0512077
0.0355727
0.0179357
0.000943922
0.000567073
0.000400522
0.000121692
9.70134e-005
0.0421273
0.00619017
0.000253962
0.0450148
0.000694251
0.000833827
0.000245224
0.00716267
0.000182134
8.78645e-005
0.00577334
7.22032e-005
0.000251968
0.00357405
0.0370608
0.00356813
0.00299491
0.000238473
0.0312425
0.040803
0.00385588
0.0015319
0.026424
0.000529173
0.00137078
0.000274562
0.000630166
0.00489498
0.00249207
0.00818564
0.00543927
0.000777068
0.000939923
0.000720187
0.0212139
0.000782745
0.00279428
0.102322
0.000582051
0.00752482
0.000865524
0.0247756
0.0105023
0.00442701
0.00421808
0.00363243
0.000369623
0.000753769
6.86151e-005
0.0352688
0.00781604
0.0131177
0.00060804
0.000735818
0.00020379
0.000810099
0.00673789
5.90089e-005
0.000254338
8.15863e-005
0.000187235
0.00494852
0.03241
5.59071e-005
0.000475521
0.0001572
0.0102506
0
0.0016651
0.0156203
0.0047162
0.000423917
0.00562429
0.000283737
0.0209602
0.0176956
0.018953
0.00720205
0.00297864
0.0364562
0.00852386
0.000985069
0.0625076
0.000257096
0.0218281
0.000260155
0.00478355
0.00338827
0.00867866
0.0308689
0.00201648
0.00178999
0.0024757
0.000103151
0.00227484
0.000430149
0.000234633
0.00330064
0.00133415
0.0141028
5.12385e-007
0.000371857
0.000527498
0.00100002
0.000963897
0.0281166
0.0180729
0.0107831
0.00839514
0.00546898
0.000570283
0.000653424
0.00812512
0.000254946
0.030236
0.00218952
0.000820708
0.000374145
0.00269531
0.0139806
0.0208714
0.0137763
0.000522542
0.017604
0.000103844
0.000148302
0.00039493
0.0171764
0.00299584
0.00228638
0.0076279
0.000292586
0.00041375
0.000471409
0.060276
0.0411703
0.00164953
0.000450122
0.019901
0.000451683
0.000952031
0.00118112
0.00014749
0.000721491
0.000343468
0.033047
1.34729e-005
0.00193938
0.000979138
0.00407903
0.0178145
0.00704837
0.0155656
0.00483676
0.000296866
0.00115131
5.49961e-005
0.000754479
0.000258662
0.0103096
0.00341971
0.0111785
0.0185319
0.0428079
0.00542806
0.000192898
0.00355753
0.000601361
0.00810398
0.0158124
0.00172643
0.00607772
0.000282692
0.000538193
0.000585561
0.000193068
0.00292117
0.00159917
0.0226087
0.000628551
0.0201137
0.000270656
0.0276255
0.00808027
0.000172359
0.000434439
0.00113218
0.00537855
0.00292587
0.00366354
0.000284841
0.000132945
0.00188391
0.000910094
0.000735641
0.000966507
0.00838227
0.00905642
0.0141397
0.00913615
0.00466779
0.000436135
0.000194094
0.00183146
0.000262315
8.02856e-005
0.00200039
0.0260242
0.00778467
0.00104747
0.0007687
0.00179757
0.00276437
0.00244655
0.0154436
0.0383755
0.00414504
0.02737
0.000921001
0.00343771
0.00637488
0.000204482
0.00224835
0.000380146
0.000264312
0.0038168
0.00260306
9.19197e-005
0.000136828
0.0282367
0.00263542
0.00164276
0.00103707
0.000237961
0.00158418
0.00461676
0.0051
0.0217537
0.00220081
0.0382448
0.00012791
0.0012586
0.00822291
0.0272031
0.0334314
0.0303359
0.00631937
0.000719102
0.0597692
0.115992
0.000871496
0.00378118
0.000966618
0.0296721
0.000554586
0.0012611
0.00447985
3.32509e-005
0.00971095
0.00276064
0.0399893
0.00315771
0.016405
0.00022528
0.000289487
0.0441471
0.00493158
0.00018091
0.0170687
0.000864442
0.00158212
7.37094e-006
8.27925e-005
0.0436339
0.0289553
0.0419044
0.00425357
0.000304601
0.00262526
0.00110249
0.000428302
0.000642025
0.0207924
0.000323039
0.000386791
0.000622222
0.0121811
0.00572985
0.018058
0.000108903
0.000333896
0.000243567
0.000254246
0.0015422
0.000210404
0.000979575
0.0275604
0.0241789
0.00518844
3.51537e-005
0.00169458
0.00185196
0.000282298
0.00378384
0.0702486
0.0013801
0.00393328
0.00262462
0.00557925
0.000185703
7.4506e-005
0.000209489
0.00040845
0.00284144
0.000289394
6.78192e-005
0.00282719
6.57835e-005
0.000428258
0.0117752
0.00133205
0.0207013
0.00160212
0.0194422
0.0091765
0.0292969
0.000853391
0.00212566
0.0217918
0.021992
0.0451586
0.00666697
0.0515451
0.00845139
0.00189748
0.000424202
0.000101985
0.00482841
0.0121683
0.00134769
0.00103629
0.000978007
1.91064e-005
0.000173138
0.000258073
0.00502548
0.13533
0.000672802
0.000466638
0.00465473
0.000344287
0.0650348
0.0512975
9.37527e-005
0.00109144
0.00440834
0.00411449
0.0218565
0.000517394
0.000613897
0.000924308
0.000170433
0.0242566
0.00409496
0.0435703
0.0302221
0.0253844
0.0097968
0.00325126
0.00152546
0.000228637
0.00533227
0.0607882
4.07002e-005
0.00641591
0.000644708
0.000228221
0.0437064
3.24541e-005
0.0019383
0.00505421
0.0209291
0.00157227
0.00139078
0.00819782
0.000290819
0.0283566
0.000311613
0.177606
0.0153201
0.0140769
0.0276622
0.0158604
0.000127834
0.0243719
6.99006e-005
0.000170137
0.000107779
0.000723824
4.13101e-005
0.00114136
0.122678
0.000553271
0.00162998
0.00757123
0.00476409
0.0216209
0.023267
0.000622181
0.0002238
0.00890008
7.63507e-005
0.000255533
0.00142263
0.012836
0.00119087
0.000879509
0.0230953
0.0700416
0.0431914
0.000923245
0.0707875
0.0020765
0.00361895
0.00105063
0.00145734
0.00942963
0.000420816
0.00376456
0.00311071
0.00241161
0.000990473
0.0210701
0.0299362
0.000689596
0.000903087
7.90615e-005
0.00115673
0.0350242
0.00121008
0.000519275
0.00389767
0.028473
0.0734672
0.00213896
3.60768e-005
0.00029729
0.00214795
0.00951272
0.00020504
0.00139147
0.0183165
5.57786e-005
0.0225251
0.000562897
0.000414402
0.000163895
0.00015208
0.000510265
0.000476275
0.000223634
0.00274601
0.00351873
0.00769138
0.0704483
0.00282002
0.00144739
0.000326052
0.00321881
0.00233353
0.00214984
0.0245612
0.0396522
0.00203947
0.000727687
0.0741302
0.00104822
0.00609266
0.0047198
0.00614338
0.000128403
0.000468149
0.0063829
0.00730369
0.000469375
0.00305772
0.0034475
0.101665
0.0217495
0.00998216
0.0415481
0.00875681
0.000532602
0.000462456
7.8271e-005
4.66113e-005
0.001424
0.00276148
0.000722724
0.00833775
0.00015323
0.00444897
5.91941e-005
0.000986149
0.000532762
0.000144301
0.00279141
0.00152192
0.0290683
0.00218409
0.0249566
0.00651698
0.0292508
0.00076671
0.0490776
0.00375637
0.0205135
0.00409937
0.00168536
0.000398076
0.00304796
1.09565e-005
0.000125475
0.00322315
0.00206261
0.000865231
0.00544318
0.00106056
0.000439675
0.000568983
0.00246019
0.0128673
0.0014564
0.00970266
0.00223651
0.00120522
0.00146448
0.070727
0.00196645
0.00202504
0.0221265
0.00253577
0.00048462
0.000163136
0.000417639
0.000209277
0.000596491
0.00348745
0.00350318
0.00413767
0.00405043
0.0369403
0.0409415
0.00159831
0.0118066
0.0403273
0.0532201
0.018536
0.0434517
0.000649345
0.00633761
0.00735267
0.00781736
0.00072131
0.000130043
0.030109
3.32222e-005
0.00493579
0.00220952
0.0366116
0.00115725
8.21313e-006
0.000134906
0.00220128
0.00170881
0.0067319
0.00194875
0.00316105
0.0139139
0.00176899
0.000610858
0.000114453
0.0047284
0.00151702
0.00408805
0.000456693
0.00032569
0.000722788
0.0234799
0.000320995
0.000348257
0.000368516
0.000492111
0.000386344
0.0019486
0.00228738
0.00803803
0.000207956
0.00173291
0.0132617
0.0125699
0.000367925
0.0489343
0.0562382
0.00183357
0.000339014
6.8171e-005
0.0045848
0.0010719
0.00116703
0.00778562
0.000315248
0.00416221
0.00710794
0.000953497
0.00306623
0.00288174
6.64784e-005
0.00416843
0.0027313
0.0498775
0.0334711
0.0349031
0.00119672
0.0105744
0.000397008
9.81381e-005
0.000436762
0.0178526
0.000773691
0.000853759
0.00199886
0.0260469
9.68541e-005
0.0434508
0.00107245
0.00590082
0.00420429
0.0246201
0.00857196
0.0128398
0.000379455
0.0327322
0.0597672
0.000736324
0.00955308
0.000150336
0.000151146
0.00838136
0.0359219
0.0315853
0.00340982
0.00028669
0.000758064
0.00243795
0.000763912
0.0421307
0.00571828
0.000104267
0.000107534
0.00160183
0.00210416
0.0147215
0.000662628
0.0378783
0.0525262
0.00185683
0.00255293
0.0236453
0.0252249
3.91277e-005
0.0602382
0.000187438
0.00039477
0.000135426
0.0174037
0.0157839
0.00362775
0.000850166
0.0575482
0.000351631
0.0744872
0.0244315
0.00184998
0.00131689
0.000337352
0.0707015
0.000331994
0.00101733
0.00243506
0.000859512
0.028184
0.000837554
0.00109129
0.0059928
0.0600597
0.0304754
0.00285793
0.00739544
0.00347119
0.00269401
0.0164197
0.00245071
0.0171842
0.00259503
0.0347446
0.03651
0.00192917
0.0196704
0.000469963
0.0023007
0.00528201
0.000295553
0.0405071
0.0537555
0.00253425
0.000285731
0.0042866
0.00398911
0.0024478
0.00175553
9.83784e-005
0.0106205
0.000209049
0.000517268
0.000288691
0.0109673
0.00321084
0.00017378
0.0521411
0.036112
0.00522835
0.0119522
0.000896559
0.0381513
0.000562913
0.000158789
0.0336466
0.0389659
0.00446068
0.020584
0.0297424
0.000379857
0.00328052
7.05581e-005
0.000728925
0.00110256
0.000261928
0.000620136
0.0459321
0.000224822
0.00246632
0.00931466
0.0126543
0.000221497
0.00182474
0.00361165
0.0190876
0.000967073
7.48319e-005
0.000144273
0.00171218
0.00187696
0.000131793
0.000129736
0.000413607
0.000801631
0.000319353
0.0089948
2.73304e-006
0.00405131
0.00093802
0.00339782
0.00228049
0.000386343
0
0.0056525
0.0100353
0.0123243
0.0532593
0.000953685
0.00491678
0.000558732
0.000976447
0.00299384
0.0265824
0.026289
0.00246023
0.00247869
0.000444999
0.0183017
0.0049156
0.00251476
0.0403285
0.0997955
0.00787888
0.000792249
0.00387353
0.00085967
0.00408004
0.0144557
0.000122099
0.0102231
0.000959764
0.0315309
0.000126274
0.000131408
0.00456763
0.000509514
0.000688709
0.000586928
0.00400277
0.00632021
0.000459885
0.000796761
0.000994443
0.000489924
0.00133833
0.0014125
0.000697604
0.0146471
0.0116985
0.000486493
0.000695533
0.00129881
0.0178221
0.00166315
0.000430941
0.0177988
0.000937828
7.92294e-005
0.000372189
0.0187759
0.0294053
2.08737e-005
0.000181598
0.00122186
3.97361e-005
0.0014507
0.0141811
0.000117692
0.000644481
0.00108177
0.00241054
0.00254979
0.000635608
0.000465532
0.00616678
0.000509269
0.000691043
0.0665732
0.0640583
0.0039923
0.000829082
0.0116397
0.014033
0.00468369
0.00020394
0.00871846
0.0462659
0.000553406
0.000293811
0.00308253
0.0120586
0.000230771
0.000123004
0.0433204
0.00446071
0.017135
0.0596398
0.00467506
0.00619023
0.000364012
0.00222759
0.00269513
0.00435096
0.00042285
0.00813398
0.00625003
0.000520975
0.00267277
0.0389271
0.00225859
0.0325621
0.00292648
0.0401383
0.000256218
0.0068708
0.00793943
0.00328637
0.000114435
0.000140001
0.000400796
0.0156647
0.00699228
0.000307808
0.00453563
0.0027076
0.00661744
0.000380527
0.0600087
9.88293e-005
2.73305e-006
0.000711064
0.00106965
0.00150146
0.00167564
0.00110776
0.000865593
4.24089e-005
0.00146785
0.00393672
0.00575379
0.00199729
0.0238175
0.0554101
0.00452265
0.0231603
0.000140008
0.00372676
0.0382246
7.42762e-005
0.00111473
0.059546
6.64785e-005
0.00401655
0.00170492
0.0824055
0.00067153
0.0167472
0.0155775
0.00183001
0.00116351
0.00077389
0.000243704
0.0119993
0.0106044
0.000339006
0.00192199
0.000754124
0.00204281
0.0651615
0.00402095
9.44846e-005
0.0284822
0.000577539
0.002297
0.0025049
0.000386626
0.000336452
0.000236994
0.000243627
0.0211694
0.00054805
0.00169282
0.000791127
0.00160683
0.000311004
0.000877618
0.0518689
0.00650664
0.0117161
0.015168
0.00119471
0.0110033
0.000263995
4.12706e-005
0.00247244
0.00489525
0.00120975
0.00110164
0.00459303
0.00105441
0.00401478
0.00191258
0.00123044
5.96266e-005
0.000136638
0.000473896
0.0222426
0.000501217
0.000224007
0.00874874
0.00325384
0.066312
0.000788169
0.00017231
0.00238608
0.00233778
0.003766
0.00150146
0.00218703
0.00173892
0.0105327
0.00015399
0.00314631
6.69885e-005
0.00470883
0.000249449
0.00010773
0.000729562
0.000536943
0.00281916
4.06264e-005
0.00058617
0.00491555
0.0017997
9.45092e-005
0.000275067
0.00207493
0.000138898
0.00518542
6.09043e-005
0.0158521
0.00253974
0.00253788
0.00232638
0.00620171
0.0573609
0.0446576
0.00125226
0.00251707
0.0145881
1.22217e-006
0.0021823
0.0147686
0.00037453
0.00222944
0.00552495
0.0130564
0.0198488
0.0152371
0.00079072
0.00187865
0.00022137
0.0883334
0.0146867
0.0067368
0.0822843
0.000947378
0.00119742
0.000619031
0.000713088
0.0330055
0.000237717
0.0258898
0.0166944
0.000255612
0.000403966
0.00073726
0.00176007
7.55706e-005
7.88377e-005
0.00183059
0.017229
0.00447476
0.00871672
0.000796398
0.0871779
0.000708657
0.000858318
0.00869619
0.00485584
0.00300787
0.00236968
0.00120432
0.000567024
0.0232527
0.000405253
5.34106e-005
0.00184148
0.00547569
0.00203793
0.00426819
0.00131916
0.0327874
0.0003911
0.00761185
0.0472383
0.00639156
0.000503154
0.000286359
0.0693998
0.00296514
0.0120673
0.00978759
0.00401046
0.00385694
0.0316013
0.053488
0.0771491
0.00180902
0.0381725
7.56643e-005
0.000547677
0.0131765
0.00169925
0.0899282
0.0807888
0.00493054
0.000241027
0.0172672
0.000316097
0.00114378
0.0069183
0.036775
0.00116227
0.000235987
0.00306697
0.00577622
0.000237317
0.00242891
0.00344526
0.00310509
0.103329
0.000543988
0.00126881
0.0110367
0.00150125
0.000472952
0.0336468
0.00447983
0.00480832
0.00179137
0.00134986
0.00585811
0.0145601
4.39164e-005
0.00409252
0.0060164
0.00514812
7.8743e-005
0.137725
0.0506626
0.000711738
0.00654283
0.054073
0.0273014
0.000840173
0.00118077
0.0034944
0.000401629
0.02599
0.0036002
0.000275049
0.00422562
0.00242748
0.00442968
0.00412764
0.0147715
0.000806907
0.0510145
0.00280638
0.00046598
0.0100631
0.000126981
0.00686448
0.000207656
0.00015507
0.0513137
0.0039798
0.00230553
0.000665552
0.00483618
0.0154922
0.00126763
0.00224834
0.00121326
0.000402871
0.00350258
0.0422844
0.000272728
0.00202023
0.000459062
0.0146695
0.000197604
0.00540265
0.010784
0.00472509
5.02324e-005
0.00980475
0.0209471
0.00343227
0.0166675
0.00932962
0.00107558
0.00109513
2.88337e-005
0.00304387
0.00432379
0.0220738
0.00136349
0.00116538
0.0887918
0.0504178
0.00826026
0.0727303
0.068522
0.000330739
0.00199313
0.00346165
0.0317286
0.00379932
0.03947
0.0240675
0.0027004
0.00150202
0.00605509
0.00466887
0.000832315
0.00125979
0.00106564
0.00110453
0.000494989
0.0124074
0.0159952
0.0107186
0.0111017
0.00206889
0.0211568
0.000303723
0.0202851
0.00198756
0.00138366
0.00143294
0.000985228
0.000442183
0.0119572
0.00610029
0.054171
0.000481326
0.00152239
0.000852828
0.0426897
0.00211617
0.0010691
0.00185582
0.000691087
0.0199294
0.000687285
0.00218224
0.00895907
0.00835755
0.00139217
0.000495092
0.00315522
0.000732565
0.000781337
0.000388137
0.000224413
0.0135786
0.0005173
0.00412754
0.00256392
2.95672e-005
0.0386398
0.0197381
0.000203527
0.00505961
0.101688
0.175698
0.000542171
0.0202131
8.5803e-005
0.00423729
0.00272524
0.00932727
0.00401043
0.0541357
0.0516599
0.0317616
0.00575646
0.0609288
0.0190752
0.00387308
0.000193707
0.0108562
0.000688559
0.00661779
0.00155273
0.000278601
0.00245683
0.000766696
0.000455994
0.000975257
0.000541708
0.0297018
0.000155196
0.0488821
0.00615635
0.0385243
0.000164237
0.000846637
0.000155646
0.00346922
0.00332243
0.00361487
0.0234988
0.000708219
0.0178732
0.000206152
0.0100232
0.00382446
0.00590337
0.00168926
0.0139098
0.0167676
0.000206701
0.000724795
0.000795853
0.0146045
0.0593643
0.000462899
0.00174629
0.000303978
0.000252774
0.00277477
0.0163708
0.00594153
0.000245147
0.000529957
0.00189879
0.00161404
0.00258503
0.000593966
0.000377917
0.0038414
0.0182695
0.0122267
0.00183898
0.00375295
0.0241211
0.000141967
8.66223e-005
0.0100334
0.00738867
0.00105827
7.43674e-005
0.000419854
0.00065065
0.00266037
0.00332671
0.0444001
0.0035153
9.11658e-005
0.0257672
0.00176376
0.000619043
0.00275416
0.00119098
0.0337508
0.000161003
0.00602675
1.92335e-005
0.000435539
0.0100257
0.000584789
0.000306149
0.000840824
0.00794484
0.0837526
0.00471001
0.0678949
0.00107012
0.000685157
0.044092
0.00545016
0.00238395
0.000691546
0.000324776
0.00478898
0.00876641
0.0052363
0.0807947
0.0655536
0.0194005
0.00130862
0.00141064
0.00385624
0.00399051
0.0361585
0.0106217
0.000258886
0.000258886
0.00358741
0.00163276
0.000436285
0.000863868
0.0103081
0.0180706
0.00398974
0.00338229
0.0193022
0.0002477
0.00165552
0.000719854
0.00318019
0.0267194
0.0332242
0.00528509
0.00070805
0.000394718
0.00678725
0.000130877
0.00130881
0.000657772
0.002684
0.00828046
0.00830685
0.00932979
0.0115446
0.000107526
0.00477292
0.00406696
0.0274213
5.43991e-005
0.000551819
0.00482863
0.0062155
0.00225186
0.00251663
0.00476353
0.00115093
0.000985649
2.07845e-005
0.000561551
0.00226976
0.00250065
0.0719772
0.0472326
0.000875541
0.00349818
0.00246517
0.000192033
0.000266966
0.00604227
0.00117575
0.0016447
0.00394543
0.0178143
0.00416772
0.000792363
0.00359067
0.0125806
0.000485094
0.111928
0.0160823
0.00733749
0.00428898
0.00030687
8.01901e-005
0.00346884
0.0010302
0.145968
0.0168823
0.0144849
0.0136138
0.00824475
0.0054028
0.000139239
0.0357873
0.00421632
0.0572586
0.133878
0.00769494
0.00504621
0.0117068
0.0185699
0.000318406
0.00254262
0.00166347
0.00577701
0.0293803
0.000669509
0.00753001
6.51741e-006
0.000292066
0.0147958
0.00449971
0.0126946
0.0178191
0.00248733
0.00597595
0.000117051
0.0357581
0.000396384
0.00276485
0.00158506
0.00589659
0.00261174
0.00730904
0.0130633
0.00677802
0.0743709
0.00317204
0.00438333
0.00419969
0.00103145
0.00703822
0.0260399
0.0127794
0.0495899
0.000930681
0.0199805
0.0414938
0.0289087
0.0502144
0.0290057
0.00570309
0.00065286
0.00381905
0.0287775
0.0450691
0.00628686
0.000689125
0.00934172
0.00860203
0.011646
0.000569506
0.00151778
0.00238801
0.000180938
0.0045334
0.0330138
0.000321279
0.00549262
0.000540048
0.00885108
0.0059872
0.000178236
0.0135582
0.00389755
0.0465923
0.00308416
0.000479026
0.0034107
0.00235163
0.000256347
0.00373507
0.0127048
0.00413534
0.00219656
0.000211846
0.00522969
0.000337811
0.0285635
0.000912837
0.0286812
0.0303971
0.00544347
0.0433322
0.00870109
0.0314337
0.00683985
0.02787
0.0186783
0.0342536
0.00480693
0.000596307
0.000608534
0.000141808
0.00438532
0.0305062
0.000636259
0.00622092
0.00181459
0.000867665
0.00230334
0.000465198
0.00091752
0.0224013
0.268441
0.000112648
0.0379855
0.0360594
0.0008467
0.0037834
0.00730165
0.0148753
0.023023
0.0127291
0.0014309
0.0155795
0.00320764
0.00151998
0.00290707
0.00183217
0.0122987
0.00290118
0.110358
0.00187218
3.16188e-005
0.00030499
0.0690515
0.0807467
0.0142653
0.00019602
0.0112595
0.0300014
0.0102128
0.00315957
0.00763977
0.00325584
0.000171576
0.00165467
0.000587554
0.000172674
0.114768
0.140311
0.017305
0.00392229
0.000303319
0.000457732
0.0147216
0.00043601
0.00356769
0.00216443
0.0354168
0.00130691
0.0109116
0.000322309
0.0016171
0.0190461
0.00955258
0.0701737
0.00115061
0.00550974
0.0101477
0.000212705
0.0041973
0.000878724
0.00462536
0.0011288
0.00531187
0.00571366
0.00133983
0.00274713
0.0546249
0.000264148
0.00108801
0.000326835
0.000478384
0.0243848
0.00613621
0.00252421
0.00659153
0.00550516
0.000129196
0.0122632
0.000769504
0.000184235
0.00129914
0.002253
0.0034592
0.0792084
0.0617892
0.000289308
0.0169124
0.000702504
0.000752258
0.000310545
0.0016548
0.00119224
0.00548052
0.011752
0.0539323
0.035355
0.000447026
0.0007593
0.0103279
0.0189415
0.00225358
0.000502957
0.0266894
0.00691969
0.00131975
0.0317284
0.00205473
0.00167254
0.0150605
0.042124
0.00215666
0.00187708
0.0051525
0.00119633
0.000756192
0.0275307
0.00037614
0.00513176
0.0226009
0.0301027
0.00180991
0.00316748
0.0251128
0.00118077
0.000220874
0.000495975
0.000226213
0.00335385
0.00453705
0.00603299
0.000207482
0.000660635
0.00687818
0.00112031
0.0514924
0.0103207
0.0277425
0.0796535
0.0680969
0.043953
0.0484141
0.00210464
0.00119023
0.00247823
0.00134523
0.0028619
0.000586619
0.00231953
0.000517076
0.00111958
0.00234021
0.00166061
0.00112021
0.00610747
0.00218791
0.0116281
0.0115516
0.00883294
0.00120168
0.0584733
0.00338077
0.0046588
0.0261595
0.000767207
0.000673359
0.0456817
0.0209078
0.000787235
0.00391663
0.0606086
0.0450288
0.000747668
0.0013532
0.000486631
0.00143268
0.00443746
0.00403689
0.000121129
0.00198476
0.00180422
0.00291872
0.000606951
0.00173475
0.00919288
0.0286147
0.0370244
0.000325841
0.00949799
0.000123325
0.0367617
0.029691
0.00123284
0.000694279
0.00377364
0.00663194
0.0307892
0.00025065
0.0341244
0.00574897
0.000406818
0.0128267
0.0299203
0.000343956
0.00143783
0.00969066
0.0133739
0.000340041
0.0333199
0.0326098
0.00168761
0.0033536
0.057711
0.000305433
0.00482779
0.0659372
0.117522
0.0346018
0.197996
0.00499309
0.000713369
0.00434986
0.0153593
0.0242631
0.00755248
0.00176396
0.0026887
0.00345228
0.00230575
0.0293184
0.0253169
0.00530357
0.0126429
0.000594888
0.00373094
0.00204867
0.0011894
0.00096154
0.0151475
0.0392341
0.0323918
0.00191743
0.0101527
0.000237042
8.78439e-005
0.00269193
0.00204253
0.00472223
0.000754325
0.000151225
0.00052676
0.0437424
0.0628348
0.00131146
0.000523932
0.00741346
0.00156051
0.00046725
0.0104826
0.0168723
0.0333146
0.0045438
0.00072115
0.003286
0.00182503
0.00235916
0.0033615
0.0446874
0.00194074
0.0247779
0.00223168
0.00097199
0.0106379
0.00244084
0.00626782
0.0165306
0.0128099
0.00349277
0.0109193
0.000875518
0.00244888
0.0017161
0.0149702
0.0489263
0.0519096
0.00328923
0.00383364
0.0397856
0.0338232
0.0163874
0.00790439
0.0074133
0.0193586
0.0185981
0.0195707
0.00255297
0.0669813
0.00985911
0.00721798
0.0171429
0.0433044
0.0164851
0.00153042
0.00347351
0.00375247
0.00111766
0.00500879
0.000207388
0.0300281
0.00110883
0.0020516
0.00379106
0.00200788
0.00989302
0.0117553
0.0252792
0.0158222
0.00370715
0.0105707
0.0153452
0.0571075
0.0120151
0.0649657
0.00921173
0.00441377
0.000338065
0.00859453
0.000567828
0.00882294
0.000871557
0.00893251
0.00210197
0.000549592
0.00073312
0.00145202
0.00789355
0.0441791
0.00337925
0.0100133
0.000291112
0.00471699
0.101033
0.000404499
0.00012198
0.00185656
0.0774917
0.00629968
0.00576056
0.0180857
0.000339463
0.00416377
0.00167345
0.0586389
0.001733
0.0599801
0.0537101
0.00307013
0.0215375
0.00323674
0.00811485
0.0401596
0.000230973
9.91458e-005
0.0476067
0.0158798
0.000129431
0.0026805
0.000200428
0.0599072
0.0687005
0.0359594
0.0219972
0.00199792
0.00305301
0.0024762
0.00287501
0.00221439
0.00138032
0.00186162
0.0014448
0.00349725
0.0289184
0.00664215
0.00598997
0.00164555
0.0443174
0.00137489
0.00119917
0.00961497
0.00475345
0.0582949
0.00810488
0.0056333
0.00169869
0.0521772
0.00588816
0.000599376
0.0150867
0.0128239
0.000685937
0.00374279
0.025472
0.00316659
0.0657384
0.00711783
0.00030274
0.00135922
0.00183981
0.00836676
0.020139
0.000421692
0.00229024
0.00227488
0.0136104
0.0412888
0.00542207
0.0122452
0.0848856
0.00768061
0.00512247
0.0894294
0.00344528
0.00339643
0.000234057
0.00213308
0.00175174
0.00231924
0.0164229
0.000653295
0.0250674
0.00293859
0.0015245
0.000760689
0.00333144
0.000854243
0.00264698
0.00415002
0.0218977
0.00863864
0.00752999
0.0020698
0.00644595
0.0037897
0.0158221
0.00214149
0.0244228
0.00425032
0.0191197
0.018686
0.00100198
0.00436911
0.00446426
0.00461454
0.0662892
0.00101855
0.000489081
0.000442118
0.0289905
0.000145843
9.0613e-005
0.00163685
0.0073738
0.00740406
0.0005073
0.0668401
0.126753
0.00260605
0.00028143
0.0168703
0.00542619
0.000636173
0.00189817
0.0151473
0.000277875
0.00826272
0.000628715
0.000209234
0.00299806
0.00506633
0.000700242
0.00779777
0.0051891
0.00285954
0.017282
0.0153609
0.00247319
0.00186554
0.00430485
0.00429413
0.00130953
0.00164769
0.000148004
0.00104519
0.00656855
0.0082166
0.0227566
0.0134958
0.000351239
0.000875376
0.01255
0.00231149
0.0217014
0.00372792
0.00843013
0.0162924
0.0289114
0.00185387
0.00288769
0.000959142
0.08034
0.000913031
0.00401396
0.0150598
0.0496406
0.0439086
0.0129603
0.00143853
0.00724572
0.0167199
0.0189235
0.0292119
8.8227e-005
0.000197662
0.00435846
0.00906171
0.00475321
0.0214225
0.0206487
0.00653338
0.00759999
0.00739506
0.0116999
0.00853541
0.0013486
0.00770532
0.000259324
0.0721633
0.0043204
0.0013952
0.0105402
0.00366488
0.0452118
0.00248689
0.0008979
0.0014496
0.0399697
0.0268546
0.00706892
0.0189752
0.00134688
0.0506146
0.0306651
0.0143598
0.034407
0.0339298
0.0020602
0.0160433
0.00329169
0.00623927
0.00183123
0.000168347
0.000257741
0.0037387
0.0027467
0.0295267
0.00053074
0.00395323
0.00103043
0.0181373
0.0121624
0.00954925
0.00375886
0.00380856
0.0187892
0.00552533
0.00470429
0.00141068
0.00114456
0.00796218
0.00130909
0.00135298
0.00368158
0.0898516
0.0251972
0.00274969
0.00161659
0.000610547
0.0536006
0.0321756
0.000310515
0.00149891
0.000473685
0.00121041
0.00653985
0.00374184
0.00514015
0.00105087
0.00300584
0.00836508
0.00550495
0.0235231
0.000178535
0.0607498
0.00408036
0.00857849
0.000840612
0.00791667
0.000422577
0.0120109
0.00297429
0.00301642
0.00486295
0.00337395
0.000378179
0.00226092
0.00058495
0.109704
0.0514059
0.0783558
0.0840198
0.000284851
0.000427946
0.0286071
0.00594922
0.00785804
0.0160058
0.00421582
0.00626028
0.000179182
0.00668929
0.00809946
0.0265801
0.0414193
0.00964688
0.00306474
0.00374806
0.0138882
0.0671272
0.000608534
0.00153059
0.00223741
0.0101162
0.00201332
0.00767593
0.00191778
0.0382111
0.000399173
0.0143579
0.0493051
0.000621363
0.00245437
0.0278945
0.00071676
0.00831477
0.0617919
0.00490112
0.00799431
0.0183704
0.103491
0.0374111
0.0851567
0.0169995
0.000393343
0.0331753
0.00213304
0.0110749
0.0150122
0.0120599
0.0311856
0.00412568
0.00158935
0.0164579
0.00355844
0.00646325
0.0162465
0.00266894
0.00238393
0.00303615
0.00320245
0.0108802
0.000696636
0.00135965
0.00167465
0.00242884
0.0146589
0.000509022
0.000340142
0.00152809
0.000826248
0.0161492
0.000291557
0.000819371
0.0298449
0.0406594
0.0712969
0.00911452
0.000888469
0.0131653
0.00750879
0.000658892
0.0060015
0.000565093
0.00795533
0.00752098
0.00705664
0.0799189
0.000634216
0.000532264
0.0784464
4.61602e-005
0.0104961
0.00442117
0.011084
4.67339e-005
0.106689
0.132192
0.00267617
0.000187949
0.0115285
0.0319838
0.001801
0.0924965
0.00588856
0.000207945
0.0112041
0.000947146
0.00291853
0.0055411
0.0252177
0.0477273
0.00447423
0.00833071
0.00063304
0.0260761
0.0103449
0.0118417
0.00168051
0.00707501
0.00305662
0.00659735
0.00168275
0.00260047
0.0121602
0.0132658
0.00626842
0.000493766
0.068925
0.0108247
0.00182274
0.00502635
0.0089768
0.000110745
0.000388598
0.00738825
0.00422672
0.00423713
0.00380268
0.00963334
0.000915621
0.00339036
0.00115768
0.0101776
0.00903573
0.0130655
0.00482396
0.0623906
0.00032696
0.00163812
0.00452917
0.0596323
0.0481425
0.0907711
0.0537443
0.00373597
0.00846172
0.0669794
0.0634041
0.0570039
0.00866167
0.00395898
0.0260664
0.0352119
0.00527728
0.012584
0.0140968
0.12341
0.00354895
0.0145732
0.00618789
0.0612145
0.00491753
0.00582431
0.00682304
0.000504072
0.0106989
0.022004
0.00685921
0.0240228
0.00429844
0.0149344
0.00867744
0.00290127
0.0236209
0.00538978
0.048605
0.0233678
0.00212673
0.00304733
0.00283703
0.093465
0.0424334
0.0190296
0.00607467
0.0962043
0.000856159
0.00609396
0.0587332
0.0140507
0.0770921
0.0142494
0.0125141
0.0106991
0.0382747
0.0653556
0.00598591
0.0329525
0.029514
0.00930519
0
0.00418483
0
0.00341145
0.00296993
0.0183869
0.00614326
0.00469569
0.00150126
0.00030246
0.018601
0.00136198
0.00473213
0.00619799
0.00183621
0.00054237
0.000560371
0.00302527
0.00307183
0.00443033
0.000330565
0.0303706
0.00135045
0.00530783
0.000228218
0.000816096
0.00871851
0.000228946
0.00213488
0
4.49015e-005
0.00277339
0.00127618
0.0233454
0.00050597
0.00178227
0.00189084
0.00333208
0.00381591
0.00649118
0.00305025
0.0083182
0.00673321
0.00117231
0.00501027
0.00394367
0.0016566
0.00180218
0.00133053
0.0109744
0.00107527
0.00107529
0.00280404
0.00145247
0.00174755
0.00531593
