6951
0.00465288
0.00239377
2.61977e-005
1.29581e-005
1.78493e-005
7.50064e-006
0.000401488
1.13144e-005
0.000116983
4.85668e-005
0.00018117
1.37984e-005
6.55655e-005
2.04443e-005
5.38438e-005
0.0014954
3.21891e-005
0.000267105
6.88245e-005
4.35644e-005
0.000230289
2.55708e-005
6.04196e-005
3.71364e-005
2.94858e-005
4.97305e-005
5.38639e-005
0.000455312
1.69507e-005
2.95664e-005
1.38168e-005
0.000274642
1.14223e-005
7.89203e-006
0.0011396
0.000511702
0.000472216
0.00077349
0.000308068
5.27709e-005
1.78687e-005
0.00106566
0.000142136
0.000155345
3.49688e-005
0.000875693
9.92726e-005
0.00408774
2.90725e-005
4.88279e-005
6.11153e-005
5.13694e-005
5.85098e-005
9.58175e-005
0.00164088
0.0104827
0.000657584
0.000256214
5.98995e-005
1.27582e-005
0.000206642
0.000208632
0.000673031
7.97788e-005
1.22478e-005
2.1224e-005
0.000464242
4.31141e-005
1.57714e-005
0.000218559
4.15368e-005
0.000101256
6.52165e-005
0.00328055
1.9491e-005
4.04011e-005
8.5439e-006
6.55637e-005
1.49585e-005
3.65436e-006
2.50649e-005
2.41699e-005
0.00081955
1.95462e-005
1.2821e-005
3.16343e-006
0.000481341
2.65749e-005
8.95627e-005
1.86129e-005
0.000119455
4.06058e-005
3.27845e-005
3.55375e-005
0.000464743
2.18081e-005
0.000375104
0.000141741
0.000351556
0.000301232
0.000105955
6.76761e-006
1.16065e-005
0.000120007
0.00106096
0.000645708
7.36275e-005
1.53942e-005
6.8293e-006
0.000798505
7.80827e-005
2.35924e-006
3.10966e-006
3.40167e-005
6.60824e-006
0.000129289
8.66991e-005
5.03701e-005
2.63686e-005
8.47523e-005
9.7812e-005
0.000417076
2.56634e-005
0.00133262
8.37838e-006
1.29309e-005
5.32873e-005
0.00293954
6.652e-007
4.00849e-005
0.0293095
0.0272023
5.68353e-005
0.000177882
6.21277e-005
2.23148e-005
1.17474e-005
1.21221e-005
0.000286071
0.000996227
2.54165e-005
6.29922e-006
3.49599e-005
8.48347e-006
9.11499e-005
0.000518621
4.5068e-005
3.48537e-005
1.04579e-005
4.91785e-006
8.55116e-006
0.000948926
3.64822e-006
1.71414e-005
0.000298948
1.77991e-005
2.06011e-005
4.16122e-005
6.97505e-005
8.62938e-005
2.66856e-005
2.42571e-005
2.94176e-005
3.89141e-005
3.3509e-006
1.26663e-005
0.000700826
0.00189362
1.85658e-005
6.01451e-005
5.96078e-005
6.75168e-005
5.50342e-006
6.69882e-005
1.16214e-006
0.00207523
0.00162526
0.000150028
4.20413e-005
0.000117804
1.20667e-005
7.35696e-005
3.784e-005
3.11782e-006
1.48314e-005
1.43646e-005
3.80482e-005
1.91391e-005
3.70689e-006
2.47965e-005
7.85381e-006
0.00105597
0.00101506
0.00116717
0.00102145
0.000588662
2.00204e-005
9.25618e-006
1.67495e-006
3.98922e-005
1.80453e-005
0.00134718
0.000991921
2.54358e-005
5.37182e-005
0.0110672
6.61421e-006
4.93807e-005
9.34036e-006
1.10272e-005
2.3452e-005
2.22148e-006
0.000138229
1.05054e-005
3.11585e-005
4.50677e-005
2.67265e-005
0.00390003
4.49797e-005
0.0019857
0.000150818
0.000181071
3.96086e-006
0.000112201
1.29455e-006
7.15732e-005
0.000105997
0.00161204
2.4813e-005
2.97948e-005
2.97323e-006
0.00280215
0.000375212
6.03536e-005
1.85061e-005
5.97713e-005
0.000121875
2.74245e-005
0.000984117
0.000766106
4.0881e-005
6.54033e-005
0.0142417
1.03686e-005
3.2959e-005
0.000108569
1.483e-006
1.88321e-006
0.000170687
1.12498e-005
0.000432288
0.000135616
9.58128e-006
2.37105e-005
6.66685e-006
0.000585632
0.000183905
8.22015e-006
0.000454714
1.9099e-006
0.000135808
0.00556882
8.68464e-005
7.97595e-006
2.10075e-006
0.000422981
0.000428363
0.0002358
0.000307928
0.0158276
0.0207062
0.00415013
0.000142671
0.000467754
2.68688e-005
0.00114606
1.2169e-006
2.48442e-006
6.08782e-005
9.2306e-005
3.65013e-005
1.66104e-005
6.12377e-005
5.07851e-005
3.3285e-005
0.000720135
0.00300139
0.000580057
1.74359e-005
7.31731e-006
4.03788e-006
0.00694499
2.92376e-005
0.000188285
9.35311e-005
6.42121e-006
3.98638e-006
3.27444e-006
9.59467e-006
5.53979e-005
1.67965e-005
2.02705e-005
0.0030614
0
0.000122058
0.000623335
1.69931e-005
0.000457156
2.55871e-006
1.14583e-006
3.25462e-005
5.26983e-006
5.60181e-005
0.00491138
5.15823e-006
0.000302917
5.41415e-005
0.000272471
2.80625e-005
3.52654e-005
0.00144185
1.18137e-005
1.25725e-005
0.000315044
5.19514e-006
0.000331344
1.01893e-005
1.32607e-005
0.0082295
1.9585e-005
0
1.58363e-005
4.09855e-006
1.11951e-007
0.000863912
1.15946e-005
3.11085e-005
0.000392659
2.45918e-008
0.0203228
2.2732e-005
0.000154452
0.000654907
0.000195829
5.54447e-005
0
2.33059e-007
0.000406798
1.01909e-005
1.22904e-005
5.92546e-006
3.62999e-005
2.49733e-005
0.000850748
0.00364772
4.93167e-006
0.000250058
0.000575281
0.000208024
6.25695e-006
2.63209e-005
3.97712e-005
2.67174e-005
4.68858e-005
9.79591e-005
0.000163164
7.80841e-005
4.08431e-007
1.96716e-005
0.00113134
5.2712e-005
3.09513e-006
2.89835e-005
0.000100246
3.07222e-006
9.6689e-005
2.2213e-006
1.4065e-005
0.00672812
2.29522e-005
2.88562e-006
0.0048046
7.45511e-006
1.33864e-005
0.00106717
2.66767e-005
6.03762e-005
6.55082e-005
6.57861e-005
4.54838e-006
0
1.8437e-005
1.4225e-005
1.97685e-007
8.0858e-007
0.00030073
3.03049e-008
0.000644673
1.59229e-006
0.000384616
4.59546e-005
0.000342257
1.42648e-005
1.52462e-005
3.83787e-005
5.3266e-005
0.00117867
1.15167e-005
9.14458e-005
4.54109e-005
4.95627e-006
2.48706e-005
2.1878e-005
0.000678214
0.000978357
1.01643e-006
0.000181205
4.28428e-006
0.00121873
0.000112851
2.22464e-007
2.80935e-005
0.000192439
0.000790089
0.000493949
2.88747e-006
2.62452e-005
1.12545e-005
4.50184e-005
1.52657e-005
0
0.00367354
3.19461e-008
1.18804e-005
8.67654e-005
0.000104933
0.000244597
1.34142e-006
3.98373e-007
2.81101e-006
0.000307314
2.17842e-005
2.53734e-005
-5.81496e-010
6.21892e-005
3.03099e-006
9.12304e-005
0.00371538
0.000292445
2.28754e-006
1.22145e-005
0.00113254
8.06032e-005
1.25053e-005
0.000713782
0.000104517
6.78889e-005
1.92654e-006
0
1.14861e-005
6.00219e-006
3.47048e-006
4.02419e-006
4.93672e-006
0.00100508
0.00034222
1.35874e-005
2.26756e-005
0.000366983
8.85427e-007
2.86619e-006
8.82141e-007
1.4124e-006
0.000442486
0.000131576
0.00873133
4.63877e-005
1.49475e-005
5.36734e-006
0.000163053
3.09143e-006
0.000139755
0.000139753
0.000229998
0.00074027
0.000893959
1.91067e-005
5.41568e-005
3.84467e-005
0
8.72479e-005
4.19014e-006
2.17669e-005
0.000409728
0.000456252
0.000943889
2.33346e-005
9.69883e-005
0.000298941
1.13435e-006
1.18105e-005
4.52005e-005
1.81462e-006
2.98977e-005
0.000179742
0.000758263
8.56584e-008
0.00117787
2.95695e-006
0.000409079
0.000328834
0.000329521
9.52063e-005
5.69553e-006
3.8476e-005
0
7.72325e-007
0.00105003
2.85482e-005
1.83863e-005
1.37676e-010
4.55766e-005
3.86928e-007
2.88208e-006
3.78263e-005
3.32481e-005
0.000226566
2.36451e-005
1.43993e-006
-1.90679e-009
1.07897e-007
0.00145345
2.65129e-005
6.26769e-006
0.000135938
0.000803708
3.11148e-006
1.06989e-006
9.06457e-006
0.000466687
0.00102713
5.44799e-005
1.47e-005
4.18337e-006
0.00194762
0.000883112
0.00125065
0.000866032
9.31826e-007
2.80679e-005
2.57121e-005
3.0179e-006
6.97916e-005
7.48906e-005
0.00031362
1.87118e-005
6.36417e-006
0.00016459
6.73303e-007
1.18521e-005
0.000123285
8.71461e-005
1.24123e-005
1.14191e-006
6.37753e-005
2.25554e-005
4.35487e-005
8.21861e-005
0.000177986
2.35727e-005
1.41185e-005
1.1165e-005
1.47504e-005
0.00111525
0.000680788
4.40884e-005
0.000968895
0.000365166
0.00119585
1.74727e-006
3.5725e-006
5.92095e-006
6.27012e-005
0.000136491
1.81913e-005
0.00030314
5.2385e-005
8.29659e-006
4.45134e-005
0
2.01912e-005
2.70396e-007
0.000122702
1.16903e-006
1.63605e-006
1.18253e-008
8.99634e-005
9.20139e-006
8.85226e-008
0.00831585
0.00680899
0.000170185
1.87123e-006
1.95595e-005
0.00229643
0.00140965
1.2202e-005
1.43907e-005
1.61764e-006
7.43586e-005
0.000107642
0.000229188
4.4158e-005
0.00018571
3.50695e-005
9.96753e-005
1.01805e-005
4.98731e-006
0
1.00877e-005
3.21059e-006
0.000256467
2.67666e-005
3.33169e-006
0.000833564
5.70209e-006
-8.13782e-010
0.000216426
2.59523e-005
8.45306e-005
0.000398565
7.22876e-006
1.28436e-005
6.51125e-005
0.000821969
1.00547e-005
1.41825e-005
0.000127332
4.6116e-005
1.25914e-006
0.00137446
5.84288e-007
4.137e-007
0.000117963
2.84084e-006
1.55069e-007
0.00138951
0.00127969
1.24432e-005
0.000526655
9.33611e-006
3.10455e-007
3.86972e-005
0
0.000103553
5.7949e-007
2.62333e-005
0.000111159
7.1584e-006
0
1.84071e-006
4.35686e-006
0.000260093
4.4412e-007
3.82932e-005
3.66593e-005
1.99464e-005
1.78531e-006
1.16854e-006
0
0.000431698
0.000150806
7.19433e-006
2.24732e-006
2.92101e-006
0.00013797
4.43957e-006
0.00131197
6.72795e-007
5.48233e-007
1.00597e-005
0.00031572
0.00022892
0.00176965
4.91316e-005
6.49785e-006
0
4.67754e-005
1.11328e-005
0.000236177
0.00374562
1.17882e-006
3.39983e-007
4.0035e-007
5.09335e-006
1.95785e-005
6.14526e-006
2.69577e-005
4.9943e-006
2.17723e-005
1.18627e-005
8.79869e-007
2.25534e-008
0.000865808
6.3248e-007
2.39703e-007
0.000131961
0.000113839
9.68791e-006
1.03714e-006
2.78456e-007
2.91154e-005
0.0014235
3.28753e-005
-1.63136e-014
0
7.47999e-005
2.92767e-007
7.4684e-008
0.000100945
5.0426e-007
2.68697e-005
3.04124e-006
0.00405152
0.000325178
0.00343103
7.37575e-006
6.13489e-007
3.31096e-005
1.34136e-006
0
2.1275e-006
2.93075e-007
1.23584e-007
0.000184101
0.00159033
1.45949e-005
1.73973e-005
1.00879e-006
7.57665e-006
1.16216e-005
0.000105941
1.92269e-006
1.60339e-006
2.41706e-005
1.82935e-005
0.000658154
2.40595e-005
0.000163923
1.20138e-006
7.2134e-006
1.81698e-005
2.23473e-005
4.15742e-006
0.000539498
2.39913e-005
4.0367e-006
1.32228e-005
7.99839e-007
3.84341e-005
2.16101e-006
4.11582e-006
1.30148e-005
8.71637e-005
2.55249e-005
0.000348542
0.00023204
4.54818e-005
0.00260406
1.89668e-005
2.99858e-005
2.05101e-005
0.000294663
4.43564e-005
0.00164844
9.56768e-007
4.38745e-005
0.000521345
1.56515e-005
7.49459e-006
8.56118e-006
4.99979e-006
1.45153e-005
1.70587e-006
4.46174e-005
1.41639e-005
3.62081e-005
3.66951e-005
1.4551e-008
2.65264e-005
3.39436e-010
4.83629e-008
0.0163315
0.00102609
7.81948e-008
1.44955e-007
0.000182651
4.07716e-006
3.37938e-005
2.47287e-005
3.66288e-007
6.05451e-005
0.00784263
0.000108977
1.09859e-005
7.80791e-006
4.03491e-005
3.07948e-006
0.00161246
1.67934e-006
4.89521e-006
1.15311e-005
1.94078e-006
5.8349e-005
2.19514e-007
7.80753e-007
1.39968e-006
2.60589e-006
4.13323e-007
7.0138e-007
0.000425489
0.0025827
2.09936e-005
1.02287e-005
1.61948e-005
1.01051e-005
1.94031e-005
5.9138e-006
0.0061062
3.68975e-006
2.2427e-005
6.38143e-006
1.43268e-006
9.61205e-006
3.28239e-005
2.18126e-005
0.00403821
4.35831e-006
8.79349e-007
0.000503089
7.64323e-007
1.01573e-007
4.75455e-007
9.79184e-007
0.0015804
8.80846e-005
5.83326e-007
3.07191e-008
0.00141005
1.10069e-006
0.00327956
6.17723e-007
8.7748e-005
5.99955e-006
4.24078e-007
7.8963e-006
2.53696e-007
1.21676e-005
8.05775e-006
7.90294e-007
0
1.38081e-005
4.71965e-005
0.000851413
0
3.02697e-007
4.31697e-005
0.00184692
0.00145236
8.41909e-009
5.65758e-006
0.000186311
1.80495e-005
5.61573e-005
8.36706e-006
1.12985e-007
2.20339e-005
1.54166e-008
2.0042e-005
6.75225e-006
3.33928e-006
0.000957793
2.18178e-005
1.6938e-005
4.87132e-005
3.66905e-007
8.40166e-007
4.82605e-005
3.64042e-006
9.45291e-005
2.68991e-005
2.86947e-006
0.00208019
0.00136388
1.91822e-005
2.45958e-009
1.44959e-006
0.00277488
0.00233342
0.000454338
1.68111e-005
1.79617e-005
3.90057e-007
0.00159893
1.27842e-005
7.11172e-006
2.38708e-005
1.4076e-007
8.13877e-010
1.63157e-005
7.7579e-005
3.92914e-005
9.67404e-007
3.15069e-007
5.03657e-007
1.19004e-005
6.85467e-006
5.45578e-006
0.000350722
3.66659e-005
0.00063583
1.98663e-006
2.37498e-006
1.16601e-005
4.99938e-006
9.37004e-006
0.000256888
6.48195e-007
2.08993e-005
5.93107e-006
3.12376e-008
0.00106638
2.57198e-006
5.33309e-005
8.71525e-005
6.73407e-005
1.37524e-006
0.000414525
0.000647295
0.000120957
2.37338e-010
9.41773e-006
3.64035e-005
2.61715e-005
2.04261e-005
1.07118e-005
1.54196e-007
0.000252272
9.30614e-008
2.97621e-007
2.12371e-005
1.65557e-005
4.82525e-005
0.00097246
1.30684e-005
0.000237667
0.000750873
0.00112217
1.36948e-005
0.000477075
9.04388e-006
4.18333e-006
0.000931882
1.55006e-006
1.72171e-006
1.26299e-008
0.000194265
7.86852e-007
2.66377e-007
2.40189e-006
2.2736e-009
3.68376e-006
9.10575e-005
6.81906e-008
0.000134578
0.000638134
7.29529e-007
0.00082817
0.000529697
7.12128e-005
2.58449e-006
3.60058e-007
0.00509135
8.67075e-006
8.00322e-005
6.86443e-005
1.07794e-007
0.000287229
3.62742e-005
2.90471e-005
1.15394e-005
4.70153e-005
0
8.07778e-006
0.00438763
8.00784e-008
0.000384359
1.25772e-006
5.92797e-006
0.00205241
0.00126964
3.4003e-005
0.000126077
5.66279e-005
0.0009725
7.55258e-006
7.65268e-009
9.27818e-007
4.35064e-005
0.00186921
0.0018835
0.00218261
0.00183739
8.52501e-006
1.6789e-006
1.66364e-006
3.83872e-007
1.67968e-005
9.34173e-006
6.68827e-006
1.12464e-005
1.44317e-005
0.000281306
2.02806e-005
3.88763e-007
4.6189e-006
0.000928886
5.18548e-005
0.00418571
2.12577e-006
2.81079e-005
0.0133655
0.000433375
2.39456e-005
0.000291487
1.86272e-006
4.2195e-009
0.000331291
6.46458e-005
0.00219778
1.76138e-006
5.5752e-005
2.8072e-006
0.000619625
3.50601e-005
9.78407e-005
0
9.10522e-005
6.4272e-005
0
9.00904e-006
0.000813684
3.30447e-006
2.71354e-007
0.000128767
0.000256268
0.000260269
6.96865e-006
1.61773e-006
7.34135e-005
1.56866e-005
2.95758e-005
1.90365e-007
6.66226e-006
1.54488e-005
5.08323e-014
0.000411878
3.06391e-006
0.00188707
0.000606339
0.00234983
0.000151264
0.000332423
3.06343e-006
9.59665e-006
0.00669548
6.05076e-007
7.71031e-007
0.00181291
6.0513e-006
1.90319e-005
7.81829e-006
1.0621e-005
1.69337e-005
6.35041e-007
1.32884e-005
2.90434e-006
7.83129e-005
1.43387e-006
2.4631e-007
6.48849e-006
5.62423e-006
8.85099e-006
8.20363e-006
0
0.000147002
0.0267768
1.34434e-006
0.00034097
5.33905e-005
0.000874705
1.7862e-005
9.32955e-005
7.02943e-005
7.68858e-006
8.53273e-006
0.000200941
5.54485e-005
3.76126e-005
4.89556e-007
1.58876e-010
8.06562e-008
4.06309e-005
0.000281601
0.00116497
2.16249e-006
0.000213464
7.2204e-005
0.00167291
0.000104821
0.000703269
3.13094e-005
0.000174876
0.00110737
0.000348973
1.39812e-006
1.58901e-005
3.89143e-005
1.94057e-006
9.22239e-006
1.46939e-008
1.68636e-007
2.68529e-005
0.000106925
4.83577e-005
4.34942e-005
0.000705025
9.28784e-006
1.56465e-006
1.29455e-006
0.000571087
5.98901e-007
2.31434e-007
7.71123e-005
0.000251317
1.03627e-005
0.000241182
1.31437e-005
0
3.2384e-005
0.00430705
0.00023196
1.82085e-005
2.92967e-005
7.20018e-005
1.20608e-005
4.06765e-006
1.82035e-005
5.67553e-005
7.36748e-007
2.23173e-006
0.000461478
2.07981e-005
8.34836e-007
6.78541e-005
0.000678533
0.000114321
1.95063e-008
6.53725e-006
3.84874e-006
2.52838e-006
0.000142009
1.62758e-005
8.62922e-006
1.47739e-007
4.78479e-007
1.63357e-005
4.89878e-006
8.28619e-007
0.000219591
6.52059e-006
0.000703423
0.000133122
5.38462e-005
9.99858e-005
2.85155e-005
6.02679e-008
6.29834e-006
1.27186e-005
5.00918e-006
2.66413e-005
1.60244e-005
8.47964e-006
1.62011e-006
7.63044e-006
1.46563e-006
1.75462e-005
0.000143667
2.41363e-005
6.58876e-006
8.44029e-008
2.83415e-007
0.000718311
7.37105e-007
8.45963e-005
1.59701e-005
9.57419e-006
0.000500402
0.00499515
1.1984e-008
3.80132e-005
2.05138e-005
0.00119507
4.28575e-006
2.33995e-007
0.00126327
6.6089e-007
0.000125043
5.99543e-005
5.03718e-006
1.07856e-005
1.53818e-005
3.50635e-005
1.42688e-005
9.16347e-006
2.57679e-006
2.64721e-005
0.000141379
0.000138627
0.000302286
0.000450359
2.63074e-006
5.18811e-005
7.28692e-006
0.00340574
0.00122533
0.00138846
0.00141619
8.35531e-006
4.34601e-005
4.54798e-006
0.00113799
0.000678364
0.00201297
7.13208e-006
0.000539818
0.000252001
8.21447e-006
6.20319e-005
4.01323e-005
1.06588e-005
9.02697e-007
1.64176e-005
0.000822818
0.0011208
0.00198479
8.94923e-006
1.36295e-006
5.32688e-006
4.00576e-006
2.72801e-006
0.000130953
7.47982e-007
7.63736e-007
7.79422e-005
7.41887e-006
0.00205027
2.24904e-005
2.68208e-005
0.000260895
0.000105736
3.97464e-006
0.000154693
1.73468e-006
3.59678e-006
1.98273e-007
2.27265e-005
5.08829e-005
2.60529e-006
0.00010296
3.81312e-006
6.09364e-007
1.61739e-005
2.15887e-005
9.46383e-005
9.62932e-006
1.26495e-005
3.8951e-006
2.98218e-006
9.31393e-006
9.30555e-005
2.03984e-005
3.62274e-005
0.00068125
3.0604e-005
5.52792e-008
2.23128e-005
0.000274815
0.000186346
4.2535e-007
2.38383e-006
0.000592549
2.89508e-010
0.000416629
0.000502317
5.1471e-005
7.30039e-005
0.00119658
0.000284044
1.00524e-006
1.03152e-006
0.000184265
9.81118e-005
4.15742e-006
0.000629573
0.000515466
1.56928e-006
0.00373555
1.21381e-007
0.000837968
0.000921849
2.9007e-005
0.000101999
8.06807e-006
7.70368e-007
3.046e-009
5.29496e-005
1.00912e-005
1.1588e-005
0.000597745
0.000756829
3.37209e-006
2.82294e-006
3.42631e-006
1.87398e-005
7.96659e-006
2.39658e-005
0.000797516
0.00020281
3.56403e-007
0.000670059
0.00113022
1.21649e-006
0.0021403
3.3105e-006
1.15529e-006
5.45828e-006
2.75372e-006
0.000123169
3.52191e-005
7.84957e-007
5.22202e-007
0.000304253
8.17489e-008
3.93864e-005
0.000245168
3.91878e-005
5.10689e-005
9.28805e-007
0.000203054
2.19916e-005
6.5326e-005
6.4517e-005
0.000155644
0.00012661
0.000123739
6.56046e-005
4.83114e-006
1.50867e-005
1.22675e-006
0.00152613
5.09006e-005
9.93396e-005
6.85162e-008
0.000196176
1.86442e-005
0.000166202
0.000107523
5.72107e-008
7.21902e-007
4.05003e-005
8.6953e-007
3.84233e-006
6.12759e-006
2.15533e-005
6.14232e-005
9.30494e-009
1.96029e-005
0.0028298
7.03971e-007
0.000484935
2.10379e-005
6.6344e-006
2.87744e-006
8.26519e-006
4.06746e-006
0.000131404
0.000489186
0.000339817
0.000120857
2.03407e-005
0.000441345
0.00117824
0.00402535
7.28018e-006
3.62276e-006
0.00533778
4.46726e-006
0.000935005
2.3091e-006
1.34335e-006
6.33481e-006
2.93764e-005
1.51457e-005
0.000927513
3.41799e-007
4.46206e-006
1.25523e-005
9.3928e-007
1.83889e-008
0.000943773
0.000257134
9.2676e-005
8.95527e-005
8.51675e-008
2.19739e-006
3.12645e-005
0.000920399
2.57226e-006
0.000602624
0.000180919
3.55283e-006
8.12881e-005
4.96573e-006
5.96832e-008
9.33985e-007
0.00142523
5.27415e-007
7.41382e-005
1.40553e-005
1.40208e-005
5.21868e-006
1.75711e-005
5.42493e-007
5.27021e-005
3.56866e-005
5.81366e-006
6.2213e-005
2.49997e-007
1.35872e-005
1.00993e-005
0.00117395
5.45745e-006
1.85181e-008
0.000909959
4.62294e-007
0.00198416
2.89571e-007
0.000553191
2.50024e-005
0.000118968
5.47004e-006
6.00712e-006
2.47743e-006
0.000248712
0.000397976
0.000128276
3.75698e-005
1.17499e-006
8.02363e-005
1.87476e-006
3.28766e-007
0.00082354
0.003522
1.71833e-005
0.00287334
0.00136058
1.47092e-006
1.28705e-005
0.000198651
9.99575e-005
2.12804e-005
0.00130695
1.15673e-005
0.00176698
5.57237e-006
7.73861e-008
2.98666e-006
3.62154e-007
0.000338334
1.56663e-006
3.83008e-006
8.97438e-006
7.10527e-006
8.72826e-005
9.41043e-006
7.84909e-006
0.000308432
0.00224822
1.53828e-006
2.435e-006
0.00128528
2.54252e-008
2.38492e-005
3.06597e-005
0.000341865
7.40434e-006
3.46379e-006
7.24075e-007
7.54277e-006
0.000499188
1.4944e-006
6.12876e-005
6.46147e-005
0.000319011
2.12178e-005
1.44549e-005
0.000295088
1.89152e-005
2.97574e-005
4.48745e-007
1.17655e-006
7.21512e-005
0.000305864
0.000241044
0.000183858
0.00196701
3.37154e-005
0.000303547
0.00132605
3.34809e-005
1.51268e-006
2.87636e-005
0.000800962
1.20592e-006
0.00333062
0.000140524
7.96502e-005
5.96207e-007
3.49228e-006
2.05977e-007
0.000595533
0.00327146
0.00291919
5.33913e-005
6.94937e-006
1.07503e-005
1.5816e-005
2.16439e-006
1.49114e-007
0.012053
0.00462374
1.42649e-005
1.75062e-006
0.00294901
0.00132551
0.000333281
8.2195e-007
0.00207826
0.000203157
1.01654e-005
0.00567386
5.2097e-006
6.66124e-006
4.1192e-006
0.00136555
1.15813e-005
1.23406e-006
2.66208e-005
5.55994e-008
2.57468e-005
1.75739e-005
0
5.12457e-005
4.07491e-005
5.44209e-005
9.61094e-006
8.13424e-006
1.87433e-006
2.4383e-005
1.68211e-005
1.79082e-008
0.00220356
6.79014e-005
0.000769369
0.000215081
0.000209818
1.15721e-005
0.000772569
0
0.000453952
1.28067e-005
1.68323e-005
1.7571e-006
3.23615e-006
2.35773e-005
0.000131323
1.99542e-006
6.76281e-005
1.03618e-006
0.000881676
8.53459e-007
4.66159e-005
8.13351e-007
2.53396e-006
0.000620824
2.09854e-006
3.53136e-005
1.11634e-007
7.65206e-007
0.000190409
6.18502e-006
0.002344
1.35934e-006
2.76027e-005
0.00106123
0.00510309
3.10329e-006
3.17186e-005
0.00122232
0.000284351
0.0013264
0.000887817
2.37328e-006
1.20625e-005
0.000428935
0.000210474
3.40364e-006
8.24773e-007
4.42932e-006
2.91677e-005
1.3128e-005
3.51918e-006
1.17489e-005
1.12652e-005
0.00126034
6.25538e-008
1.24935e-005
2.99294e-006
8.30474e-006
0.00282414
9.35349e-005
4.80756e-006
1.48259e-006
1.18603e-005
3.37828e-005
1.98507e-005
1.19101e-005
6.59402e-005
1.24932e-005
0.000244405
7.51497e-005
1.35414e-005
3.4209e-005
8.91156e-007
4.55322e-007
0.00124115
7.47447e-006
2.49659e-008
2.9295e-007
6.84917e-007
0.00111278
0.000120804
3.51605e-005
0.000299954
4.54498e-007
0.000791042
0
0.000258016
8.23517e-006
0.000286655
0.000470743
7.62424e-005
3.63784e-005
1.53335e-005
0.00164195
0.000212749
0.000944193
2.45261e-006
9.24791e-006
0.00189705
0.0051724
0.000432862
5.80059e-007
3.0814e-005
1.62563e-006
3.48048e-007
6.1076e-007
9.82916e-006
0.000734609
9.09336e-005
0.000183923
0.000133825
2.46106e-005
3.21603e-006
0.000296463
0.000140551
3.62364e-005
0.000145547
2.62475e-006
1.52203e-005
5.24828e-005
8.26526e-005
8.73088e-005
5.05149e-005
1.06378e-005
2.95793e-005
4.90705e-007
1.17301e-006
0.000855315
0.000746636
0.000360747
9.40355e-005
3.84898e-005
1.40247e-005
1.54918e-006
0.00148875
3.11666e-006
0.000423944
3.27098e-008
9.72725e-007
0.000316563
0.000644513
0.00190253
0.000234786
7.40582e-007
8.06606e-006
3.48318e-005
0.000379359
4.42523e-007
8.50008e-005
6.10955e-006
0
1.05721e-005
1.67828e-005
8.14489e-005
0.0014411
3.06857e-005
1.67556e-005
1.08321e-006
2.83438e-006
8.47402e-006
2.97953e-006
4.93986e-005
7.94276e-006
1.07179e-006
9.8158e-006
0.00471976
0.00508528
0.00020691
0.000598384
1.31776e-006
2.2575e-006
0.000388374
6.90395e-005
2.68179e-009
8.32811e-008
1.85413e-006
2.15293e-007
7.38775e-005
3.08098e-006
5.76293e-006
2.31377e-005
0.00122172
4.97146e-005
0.00155375
1.1787e-005
7.65096e-006
1.9577e-006
0.000478956
0.00013306
2.32274e-006
1.0348e-005
5.15586e-006
1.04263e-006
0.000850721
0.00432398
0.00280816
3.00825e-005
8.11081e-007
0.00149569
0.00231657
5.31403e-006
1.96459e-005
4.84632e-006
3.33542e-007
8.01751e-006
0.00246384
3.21068e-006
4.32944e-005
0.000714636
6.62778e-006
3.46462e-008
2.25729e-007
0.00605015
0.00744096
8.27503e-007
4.19665e-007
1.6879e-006
6.88734e-006
3.1891e-007
4.57248e-008
0.00310184
4.07078e-005
1.11515e-005
7.95282e-006
7.00947e-007
0.0023238
0.00281598
2.24006e-005
0.0002286
0.000304555
3.90059e-007
3.22723e-006
0.00188854
0.00013041
3.72102e-005
8.58855e-005
4.62062e-005
0.00212748
0.000726804
2.06014e-005
8.95645e-007
5.54024e-008
2.48461e-005
7.3968e-008
2.70525e-005
2.52703e-007
0.000109817
0.00215319
3.30489e-006
0.000814455
9.20936e-005
2.01593e-005
1.63333e-005
0.000520745
1.03237e-005
1.17266e-005
4.87585e-006
3.49642e-006
2.6057e-005
2.86511e-007
0.00011672
8.52311e-006
3.3712e-005
4.46718e-007
2.67616e-005
0.00135234
8.78394e-007
5.12615e-009
4.59061e-007
2.10642e-005
5.29316e-006
0.00798513
5.86896e-006
4.24554e-007
1.71304e-007
2.7105e-006
0.00124119
3.2716e-006
3.25637e-005
6.57316e-005
8.89556e-006
0.000844168
6.55028e-006
2.06452e-005
7.12727e-007
1.19713e-005
2.35386e-007
0.0002319
5.35886e-006
1.49412e-005
0.000141722
1.76561e-005
5.47653e-007
0.000744078
2.55757e-005
0
3.17393e-007
0.00016535
0.001618
8.34209e-005
0.000279695
1.53717e-005
1.74459e-005
6.32998e-006
2.52378e-006
1.30509e-006
3.74314e-007
3.28098e-005
4.81019e-006
5.38271e-007
6.72966e-007
4.73644e-005
0.000780739
0.000824345
0.00137078
1.18237e-005
0.0113494
1.36729e-006
1.82615e-006
1.12866e-006
1.59871e-006
0.000103389
2.47978e-005
5.65286e-007
4.16514e-009
0.000253975
2.3641e-005
1.61309e-006
6.31083e-005
2.99186e-006
0.000315946
0.000120065
0.00023031
0.00059916
5.86888e-005
0.000108556
3.7025e-005
4.63959e-005
6.55723e-005
3.34178e-005
1.76086e-005
5.34952e-006
1.19098e-005
1.88002e-005
0.00129051
0.000179726
9.5528e-005
3.38779e-007
0.000291741
1.0401e-005
0.00113145
0.00014156
4.1677e-005
4.55221e-006
2.81644e-005
0.000851016
1.98212e-007
1.85246e-006
0.00122704
0.000368586
4.60168e-005
0.000932503
1.17969e-005
4.85373e-006
0.000197262
8.08378e-006
6.99268e-006
1.21706e-006
0.00327502
6.41376e-006
0.000838517
0.000304304
6.02323e-005
1.22143e-005
2.44262e-005
0.000210254
0.00199413
8.36481e-005
3.17146e-007
4.47196e-006
1.43043e-006
1.81384e-008
0.000154438
4.67559e-005
1.65695e-006
0.00131474
1.11795e-005
0.00188504
0.000165152
0.00125596
3.13009e-006
1.33416e-005
1.85634e-005
4.69408e-006
1.0614e-007
4.47476e-005
0.000440226
2.04251e-006
1.28939e-008
7.3983e-007
0.00118161
0.0144475
0
5.80906e-005
2.01035e-005
8.91367e-005
0.000101494
1.62536e-006
2.19115e-006
0.000198733
0.000127524
0.000395677
1.55391e-005
0.000106334
6.3974e-006
2.22125e-006
0.000202587
4.43285e-005
1.38844e-006
1.47169e-005
2.53615e-005
8.06064e-006
0.00012485
0.00729354
0.000156408
6.17776e-005
8.12573e-005
0.00280351
1.26155e-006
1.72643e-007
1.82975e-006
1.74528e-005
1.53819e-005
2.79259e-006
5.03882e-005
1.24332e-006
2.06496e-007
3.60607e-006
7.10322e-005
0
0.00011566
1.37095e-007
0.000113852
5.49416e-006
5.09169e-007
3.29228e-006
1.21444e-005
2.50274e-006
2.46209e-005
5.09298e-014
0.00160273
6.57406e-005
0.000148367
2.78909e-005
2.89744e-008
6.43383e-007
0.000458107
1.41712e-005
0.000324822
1.23948e-005
3.62845e-007
2.73997e-008
2.53015e-005
0.000245592
1.34962e-005
0.000582641
0.000503018
2.27294e-007
4.46199e-007
4.40283e-005
0.000156638
3.30722e-005
3.16033e-005
1.36196e-005
7.55758e-006
1.47719e-005
0.000114743
0.000439384
3.64006e-005
8.75905e-007
6.6328e-006
4.66233e-007
2.52282e-006
0.00113795
0.000973329
1.94584e-005
6.93195e-007
1.03135e-007
1.61409e-007
7.32389e-006
0.000873627
0.000793991
4.6099e-006
4.95158e-005
2.033e-005
0.000377073
0.000435249
1.1069e-006
4.19816e-006
3.80729e-005
0.00119263
5.58486e-006
1.44034e-005
6.96024e-005
1.37789e-005
2.26929e-005
1.62665e-006
2.46883e-006
2.18845e-005
1.25467e-005
0.000932167
2.9348e-005
4.2261e-006
4.68717e-005
9.38115e-005
0.000145209
1.02915e-006
6.21753e-006
3.48228e-005
0.00115631
0.00133784
1.32856e-006
1.50271e-006
0.000397434
8.66099e-006
7.12508e-006
0.000124695
1.53683e-005
9.68362e-007
2.38413e-006
1.5713e-006
1.10242e-006
4.87319e-007
3.94139e-006
9.83404e-006
5.27035e-007
3.34392e-006
7.27244e-006
0.000332096
1.31354e-005
1.95177e-005
6.45677e-006
0.000764583
0.00523397
0.00234103
2.46803e-005
2.03002e-005
9.07233e-006
2.27044e-006
0.000378883
0.00214714
0.00205625
0.000482044
1.30076e-005
2.95267e-005
1.06962e-006
3.01232e-005
2.43613e-005
3.68919e-008
1.4364e-005
2.64007e-005
9.47577e-005
0
3.97561e-006
2.17181e-005
2.42108e-006
5.24661e-005
0.000177792
0.000293317
6.45573e-005
6.57651e-005
0.000112813
3.54909e-005
1.93238e-005
5.10724e-005
1.77423e-005
0.000131174
0.000106275
1.38064e-005
0.0217043
9.83119e-005
2.49232e-006
0.000450508
0.000145078
5.10671e-007
2.96832e-005
-1.10055e-012
6.98402e-006
1.56982e-007
0
0.000179435
0.000477478
0.000278549
0.000345699
8.09474e-008
0.00111601
3.51085e-005
2.67636e-007
0.000129074
4.37721e-006
8.63558e-006
0.00107329
0.00011378
0.000304173
0.000635359
2.39113e-008
1.66763e-005
1.06934e-005
0.000545707
0.000115007
5.7894e-006
1.16757e-005
6.69153e-005
0.000325248
0.00632881
0.0129645
0.000109574
9.23107e-005
0.000772995
2.4522e-006
0.00143365
2.61284e-005
6.27387e-006
8.75503e-007
6.59543e-006
9.42276e-006
6.92481e-005
1.69217e-007
0.000176351
0.000571042
4.42342e-007
1.90668e-005
2.72537e-006
4.89614e-006
0.000220441
6.64073e-005
3.89866e-005
0.000341386
0.000686797
0.000557051
7.94788e-008
1.08686e-008
0.00198861
0.00104885
6.27902e-006
4.62148e-006
7.88693e-006
6.24111e-005
2.58651e-008
2.55054e-005
0.000391986
0.00291686
1.13216e-006
0.000966805
9.97149e-006
0
9.66921e-005
2.47435e-006
4.00182e-005
3.86913e-005
0.00433506
0.000575391
4.10259e-006
1.38858e-007
0.000163527
0.000452427
1.57456e-005
3.84742e-007
9.29905e-005
4.82864e-006
3.27128e-005
5.78464e-006
6.99286e-006
3.58685e-005
0.00154087
4.88157e-006
0.000167785
0.00148042
6.0392e-007
1.71753e-006
2.05514e-007
2.71905e-006
2.39984e-007
0.000211883
5.48921e-005
4.86555e-007
0.000627474
0.00324623
0.000127838
8.75078e-005
0.00364305
0.000650977
0.000132638
8.45487e-008
8.73937e-006
3.83238e-005
0.000112451
0.0109088
7.47305e-005
1.27483e-006
8.50281e-005
1.01524e-005
1.28541e-005
3.35549e-005
6.60085e-005
4.11231e-007
0.000663422
5.05792e-006
1.24096e-007
4.22653e-007
4.94173e-005
0.00900511
0.000104518
1.31243e-005
2.33101e-006
0.000440105
5.4027e-005
7.37515e-005
1.88925e-006
6.26131e-005
7.37947e-006
2.55253e-006
0.000408824
0.000400105
0.000222086
1.49685e-005
3.5666e-005
0.00032717
2.38291e-006
0.000184156
0.000283211
3.79302e-006
0.000281742
2.56228e-005
4.88356e-007
1.09563e-006
7.78738e-005
3.18729e-005
4.09076e-007
7.57608e-007
0.000406894
1.8255e-006
1.51934e-005
0
7.29431e-005
0.000119621
8.68414e-005
6.741e-005
1.75139e-005
4.11223e-005
2.66231e-006
9.09087e-008
2.08399e-005
0.000338079
0.00133041
0.000366702
1.80512e-006
5.12687e-006
2.7915e-006
0.000311513
0.000716388
0.000432255
8.48784e-005
2.25061e-006
0.00661383
0.000112528
7.89984e-005
1.30615e-005
8.58068e-006
1.80159e-006
2.43681e-006
5.55045e-007
0.0005934
2.10016e-005
3.34785e-005
0.00116122
6.40377e-005
0.00139903
7.7833e-006
0.000820705
0.000431052
1.8361e-005
1.3254e-006
4.6008e-006
0.000191038
3.94136e-007
4.92154e-005
4.62037e-006
0.000104451
5.62426e-007
5.05349e-007
0.000162557
1.02854e-005
8.92119e-005
2.68729e-005
7.90314e-005
1.75594e-005
2.87339e-005
3.99818e-005
0.000144753
9.51784e-007
1.03126e-005
0.00142009
0.000305569
3.42981e-006
0.00152312
0.000849384
0.000749391
0.000100831
3.50387e-005
1.82797e-005
5.72005e-009
1.88527e-005
-2.51641e-010
2.49459e-006
2.49218e-005
0.00071889
0.000109444
0.000369207
8.20655e-006
3.92611e-005
0.000205348
0.000378042
0.00121217
8.61861e-006
0.000185807
3.56333e-005
5.23524e-006
0
6.13309e-006
0.000131629
0.00197158
0.000194995
0.0235242
3.95517e-007
0.000111272
0.000408249
1.07371e-005
0.000100754
5.04017e-005
5.96699e-005
0.000833163
6.48873e-005
3.38204e-007
2.75101e-006
5.84356e-006
2.02491e-006
0.00677356
7.73651e-005
2.98061e-005
0.00363991
4.30274e-005
9.12671e-007
1.07977e-006
0.000237654
0.000236954
0.00010506
0.00204053
3.58856e-005
1.60628e-005
0.00895807
1.91723e-006
0.000104226
0.000103372
8.82974e-007
8.43647e-005
2.15877e-006
0.00149096
0.000106512
1.34593e-005
8.25358e-006
1.30337e-005
8.80943e-006
3.00312e-006
1.51659e-005
4.10427e-005
9.79907e-005
3.62131e-007
6.32599e-007
0.000492062
0.000532094
0.00013032
9.75812e-005
1.31678e-006
2.36883e-005
1.44069e-005
0.000451557
9.4492e-005
1.50362e-006
0.00751361
1.98538e-005
0.000149086
1.79353e-007
7.94783e-007
0.000268562
0.00809242
6.19252e-007
1.31665e-005
1.75112e-005
0.000342982
3.79517e-007
2.93413e-006
6.66295e-006
1.95537e-006
7.87394e-007
0.000786354
5.73326e-006
0.000153987
6.10143e-005
3.44204e-005
0.00259414
7.64973e-005
1.20349e-006
0.0309052
0.000159764
0.000117172
0.000408451
0.00014982
0.00202158
0.000429577
0.000499834
0.000791707
0.000197584
2.00231e-005
0.0132783
1.50065e-005
0.000146723
0.000209654
0.000942718
0
1.30582e-006
0.000853485
3.0965e-007
2.77141e-007
4.0628e-005
8.11609e-008
2.81281e-006
2.15025e-006
7.20798e-005
0.00434879
1.6623e-005
2.07143e-006
0.000152765
7.83015e-005
0.00196782
7.06655e-005
0.000269131
0
2.86134e-005
9.86179e-008
8.12163e-007
1.12175e-005
3.50078e-006
5.14171e-005
4.73709e-007
1.40772e-005
3.59853e-006
2.03699e-006
3.2563e-005
3.34529e-006
4.66008e-007
4.50232e-006
0.000136275
0.000517512
7.82727e-005
7.96349e-007
5.42074e-007
4.61926e-005
0.000679637
0.000433518
4.14198e-007
0.000819485
0.00097023
2.02869e-005
8.9798e-006
9.66006e-005
4.25082e-006
8.41292e-006
2.98647e-006
2.83947e-007
1.07978e-006
2.8786e-006
4.03878e-007
5.94338e-005
1.23213e-007
1.29897e-006
1.64855e-006
0.000473782
7.98451e-006
0.00213536
1.042e-005
0.000284294
0.000134129
0.000741178
0.000180188
6.69242e-006
0.00022739
2.43454e-005
6.59393e-006
2.43211e-005
5.82683e-008
5.44925e-005
3.19409e-006
0.000169856
4.42239e-005
3.42296e-005
2.5405e-006
2.12967e-007
5.83442e-005
2.849e-006
5.52938e-006
1.09061e-005
6.29382e-007
0.000555016
3.34148e-005
1.57476e-005
2.20396e-005
1.65787e-006
0.000642861
2.39801e-007
3.35795e-006
0.00631839
4.44059e-007
0.000245786
1.10636e-005
3.46485e-005
0.000215177
1.08532e-005
1.21871e-005
0.00118635
0.000201726
0.00020722
5.60924e-005
2.5681e-006
7.72495e-006
3.59468e-006
1.26229e-005
6.83492e-005
4.4861e-006
2.39777e-006
4.70272e-007
6.85357e-005
2.05115e-005
2.03628e-006
0.00175029
0.00220091
0.000713651
0.00139683
4.13334e-005
0.00126726
5.02826e-006
9.95357e-008
9.07149e-006
1.28407e-005
1.90656e-005
8.41296e-006
4.01806e-007
0.00105034
0.00109716
4.94478e-005
0.000343755
0.00159537
0.00206904
6.66542e-006
6.53453e-005
0.000562675
0.000133224
4.352e-005
0.000631373
1.44341e-005
0.000208796
0.000411991
6.31776e-005
0.000869382
0.00151356
1.69373e-005
1.08755e-006
7.18751e-007
2.44424e-007
5.13649e-005
0.000150701
0.00039737
3.72437e-006
6.31836e-008
0.00179323
7.11794e-005
0.0019193
0.00887384
0.000167371
0.000236054
1.66e-005
0.000217797
0.000173032
2.6965e-007
1.63049e-005
6.79655e-007
0.000202277
0.000226499
8.47122e-006
1.32703e-006
8.07775e-006
0.000446876
1.88619e-009
1.189e-005
1.10823e-006
0.000925682
4.18e-005
0.00188431
0.000731075
1.13094e-005
3.12345e-005
1.59431e-005
0.000803758
0.00147663
3.5222e-006
1.14419e-006
1.27515e-006
1.40449e-005
3.51252e-005
-2.71535e-010
0.00011138
1.29729e-005
5.5578e-006
0.00247271
0.000738664
5.53924e-006
8.84707e-005
1.27207e-006
1.13279e-005
0.000108567
0.000929055
0.000133111
5.75112e-006
9.09031e-005
5.81603e-005
8.29657e-005
0.000183934
2.49916e-006
9.10512e-006
4.88671e-007
0.00182697
3.36707e-006
4.13021e-006
3.55051e-006
0.00292673
5.9234e-006
3.09922e-005
7.72904e-008
3.38143e-005
2.98503e-006
4.05769e-005
6.41433e-005
3.29448e-005
0.000188069
1.625e-005
6.24808e-006
3.27817e-006
2.21118e-005
3.37728e-005
2.63352e-006
0.000737402
0.000159827
0.000757427
3.02213e-005
0.00074637
0.000402441
2.50632e-007
9.34796e-007
3.49826e-005
4.54944e-006
1.5005e-005
2.32e-006
4.57669e-005
0.00115532
6.79536e-005
0.000468717
4.20363e-005
2.45976e-005
8.45118e-007
7.66827e-007
9.4469e-005
0.000147376
4.84834e-006
3.42061e-006
5.3783e-005
0.000388764
6.34607e-005
0.00216143
0.000259145
5.80528e-006
2.05049e-005
0.000111821
0.0011257
2.97384e-005
0.0026013
2.14609e-005
0.000209562
0.00046959
2.24643e-005
1.29586e-005
2.7984e-005
2.74993e-006
0.000965249
0.0013706
0.000413534
2.46438e-006
1.34096e-006
1.52322e-005
2.85443e-006
1.46311e-006
4.16659e-006
0.000902213
2.21012e-006
8.83346e-005
3.61113e-005
0.000418209
9.20344e-006
0.000136395
2.25707e-005
4.69993e-006
1.17236e-006
0.000492683
0.000129078
1.54403e-007
0.000113833
2.64918e-005
1.02491e-005
0.0218149
8.80154e-007
0.000845595
7.89862e-005
2.09848e-006
0.000197203
5.32062e-007
1.89468e-007
8.00527e-007
7.59721e-006
2.64288e-006
0.000109954
3.93613e-005
9.44302e-006
2.93492e-006
1.43099e-005
1.1454e-005
0.000548533
1.12122e-008
2.06401e-007
6.90282e-006
7.95627e-005
0.000172028
0.00100365
6.92521e-005
9.52097e-007
2.75245e-006
0.00339029
1.20671e-006
3.20621e-006
4.89114e-005
0.000715604
0
0.000608809
0.000154171
1.83369e-005
1.68302e-007
0.000121375
4.5293e-006
2.16425e-005
0.000323857
1.54183e-005
0.00362551
4.25109e-005
5.93839e-006
2.36706e-005
4.31523e-007
9.11015e-005
1.77779e-007
1.38961e-005
0.000742637
2.63787e-005
0.00119801
0.0013257
6.07088e-007
0.00181851
0.000782673
0.00565877
0.00207502
0.000975883
9.2133e-005
1.01443e-005
1.49609e-005
1.08509e-005
4.02374e-006
3.84867e-005
0.000135459
9.88608e-007
9.50278e-006
4.75477e-008
4.50955e-005
0.00132855
2.09353e-005
9.47872e-005
0.00291508
8.57427e-006
9.16021e-007
1.81078e-005
3.35292e-005
0.00052797
2.40767e-005
1.29783e-006
0.00653814
4.8114e-005
0.0073635
3.21478e-006
2.29221e-005
3.89489e-006
9.31969e-005
1.45872e-006
0.000424445
9.7428e-005
8.98595e-005
6.00828e-005
1.08516e-007
7.95786e-005
0.00106578
9.65111e-005
2.80474e-006
5.44657e-006
5.75924e-006
0.00186787
0.0233655
0.000258807
8.98532e-005
0.000349977
2.35255e-005
0.00280827
6.2778e-007
0.00278132
0.00255408
2.18982e-005
9.25392e-007
3.54324e-007
1.53603e-007
5.81686e-008
2.36315e-006
4.63369e-008
4.15508e-005
0.0030255
0.000441351
2.17107e-005
0.000376578
0.000460263
9.17386e-006
0.000398511
0.00863804
2.80308e-005
0
4.77071e-005
0.000432551
1.85776e-005
3.93092e-005
1.5819e-005
6.67772e-006
0.000930511
5.82216e-006
8.88332e-006
9.78511e-007
0.00031741
0.00442648
1.03395e-006
0.00123106
3.25687e-008
2.56679e-005
0
7.02395e-005
3.93995e-005
0.0256591
1.49704e-005
0.00442732
3.52762e-005
0.0083796
8.3687e-006
0.000485629
2.00564e-005
3.19387e-006
3.27773e-005
0.00168145
0.000835271
5.20215e-005
0.00154199
4.97023e-005
4.27156e-006
1.66344e-005
5.18743e-005
4.96092e-006
2.43014e-005
1.06502e-005
5.30144e-005
3.81869e-005
3.39401e-010
0.000380158
2.40944e-008
1.09015e-005
2.77477e-006
0.000164268
9.65372e-006
6.31247e-005
2.80499e-006
3.83023e-006
7.86697e-006
1.52708e-007
8.27777e-005
1.10809e-007
1.12869e-005
1.21158e-005
1.07916e-009
2.42703e-005
1.10317e-005
5.60427e-005
2.16769e-005
4.05435e-005
5.68969e-005
4.14144e-005
8.05578e-006
2.14967e-006
9.53169e-007
6.3533e-006
0.000359769
1.82789e-005
7.00991e-005
1.14641e-006
3.7072e-006
0.000309018
0.00139854
4.93684e-006
2.19057e-005
8.88342e-007
4.17497e-005
2.20428e-005
0.000149722
9.28088e-005
0.000137141
0.000198467
6.14828e-005
4.09022e-006
1.6038e-005
2.87539e-005
6.24507e-006
9.50406e-006
0.00039388
9.35298e-005
0.00115137
1.11114e-005
3.87043e-006
5.17278e-009
0.000114376
9.54889e-006
0.000182003
0.00056332
0.00107559
6.7244e-006
0.000493088
6.22662e-005
1.28981e-005
1.80969e-005
5.31595e-006
9.67737e-005
1.23827e-005
0.00369257
3.65498e-005
4.97645e-007
2.06563e-005
5.9219e-006
3.65114e-005
0.000109906
9.77895e-006
0.000423634
0.00122226
6.56051e-008
0.00345656
1.88428e-005
0.00016793
5.96813e-005
4.52458e-006
2.211e-005
0.000825038
4.46263e-006
0.0020239
1.4336e-005
5.3336e-006
8.70124e-007
9.58945e-006
5.38501e-005
6.2472e-006
2.63218e-006
1.30371e-005
0.000780915
0.0023114
4.58733e-006
9.57304e-005
6.11209e-005
0.000355163
4.8621e-005
1.88084e-006
6.27409e-007
1.31493e-006
3.55973e-006
2.1814e-005
5.20632e-006
0.000376694
5.17059e-007
0.000420635
0.00022759
0
4.14258e-005
9.98364e-006
7.79621e-006
2.36033e-006
1.90718e-007
1.75944e-005
0
0.000875025
0.000861629
5.36671e-006
0.000628253
2.84183e-005
4.08677e-005
2.21038e-005
0.000133708
2.80197e-005
2.34594e-005
0.00164276
1.40177e-006
5.64205e-005
2.18714e-005
3.56623e-006
5.11883e-005
6.40575e-006
8.29834e-006
2.23692e-007
3.89414e-006
0.000308166
0.000254888
0.000369135
1.63971e-005
2.51358e-006
0.00044217
5.11742e-005
1.51767e-005
2.4212e-007
2.03528e-006
0.0018518
0.000420239
0.000738103
2.73152e-006
0.000551019
2.32034e-005
0.000319791
6.27348e-006
0.000223903
7.92418e-006
1.62954e-005
8.42587e-006
8.15041e-005
0.000104003
2.29569e-005
1.49402e-006
1.79597e-005
5.81116e-006
1.8762e-005
1.18821e-005
7.8493e-007
2.61776e-006
3.9832e-005
0.000141336
1.83729e-005
3.54731e-006
2.39552e-005
1.04412e-008
2.86147e-005
7.65526e-005
4.67255e-007
3.94827e-005
4.4799e-007
2.62677e-005
1.46649e-005
0.000204555
3.33323e-005
0.000106594
7.52198e-006
0.000189281
0.000200397
3.97867e-005
2.95423e-005
3.90664e-006
1.7719e-005
1.52398e-005
7.4795e-006
8.77e-007
0.00265294
0
7.17291e-006
1.65812e-005
1.50645e-005
0.000140115
3.38482e-005
0.00170706
0.00176078
4.62143e-005
3.17474e-005
2.07675e-005
1.51794e-006
2.71382e-006
1.07831e-005
1.73783e-007
5.41519e-008
4.53158e-006
2.78068e-005
1.37229e-005
5.7991e-007
2.03585e-007
0.00043495
7.99349e-006
4.71541e-005
8.20053e-005
0.00164855
1.08588e-005
7.8208e-006
0.000794923
0.000285483
4.15914e-006
5.39859e-005
2.74356e-005
0.000178431
2.07647e-006
3.1738e-005
0.00055311
1.61204e-005
6.53746e-006
5.59222e-006
0.000350595
1.3813e-005
3.48153e-005
0.000115712
0.000328092
0.000284779
4.65678e-005
4.90511e-006
1.35633e-005
5.19717e-007
5.4512e-009
0.00121405
2.3235e-005
1.25052e-005
8.99024e-006
3.48017e-005
4.45123e-005
3.85335e-006
1.23786e-006
2.12488e-005
0.000128545
3.33294e-005
0.000111092
0.000374128
0.000429202
1.15441e-005
1.00014e-005
0.00563381
7.16598e-005
6.47593e-006
2.42196e-006
1.2063e-006
5.07018e-007
0.000196538
0.000732549
0.00213737
0.000158407
3.40264e-005
0.00907615
1.22391e-006
3.1736e-005
0.00121936
2.52572e-006
3.31827e-006
0.000143047
7.16917e-007
0.000113228
0.00136982
0.000727267
1.9334e-005
0.0022014
0.000753688
0.000183583
5.4003e-005
2.77321e-006
0.000146448
1.36791e-005
0.0147778
5.54345e-005
2.97416e-008
7.48083e-006
1.39649e-008
6.58241e-006
3.21636e-006
0.000366051
0.000139505
0.00406701
1.6976e-005
6.07142e-005
7.88347e-006
7.38484e-007
3.49179e-005
2.40903e-006
0.0013127
0.00123377
0.000119693
9.01083e-010
2.61281e-005
0.00019018
2.37783e-006
0.00180676
2.45786e-006
2.81403e-005
0.000507897
2.25523e-005
0.000295848
0.000228756
1.13154e-005
0.00034107
4.34855e-006
0.0104897
0.0219173
2.02914e-006
1.65369e-005
3.78489e-005
2.66768e-006
1.48672e-006
3.52403e-006
8.26089e-005
2.66242e-006
2.58446e-005
3.16685e-005
0.000414353
2.93763e-006
6.20104e-005
9.57626e-006
2.64692e-006
3.36145e-005
0.000286726
5.44918e-005
9.71071e-005
4.77127e-008
4.37659e-006
4.06474e-006
1.17194e-005
6.21131e-005
5.064e-006
2.88328e-006
1.27987e-005
6.46809e-006
9.7587e-006
6.6425e-005
1.28904e-005
0.000160107
1.44355e-005
0.000133148
0.000168811
4.7014e-006
0.00609136
0.0100794
2.10032e-005
2.8207e-005
0.000421095
2.33533e-005
0.000273816
2.41345e-007
2.58593e-007
1.5023e-005
1.38419e-005
2.41444e-005
8.43882e-005
3.10609e-005
2.21141e-005
6.40436e-007
0.00310557
4.20979e-006
1.93924e-006
1.0974e-005
2.01711e-006
0.00012999
1.76321e-006
1.0545e-005
0.000150625
6.54492e-005
4.42273e-005
0.000213452
0.00889932
0.000502983
4.7111e-005
2.46774e-006
1.51904e-005
0.000100586
1.05916e-005
1.89045e-006
0.000421187
1.42669e-005
6.6334e-005
3.32879e-006
1.20519e-005
1.25516e-006
0.000307097
5.71446e-007
2.93689e-005
4.84181e-005
0.000149722
0.0113153
1.74703e-005
2.80888e-007
9.79145e-006
6.97002e-007
0.000691288
0.000200862
0.000254137
9.65299e-005
4.14456e-006
1.95583e-006
2.68928e-006
0.000127821
4.57985e-006
3.68213e-005
5.81879e-005
1.21329e-005
0.000376503
5.12517e-006
3.26872e-005
0.0134119
1.86319e-007
5.63153e-006
6.79342e-007
6.77309e-006
2.61387e-005
9.43857e-005
0.000140428
6.77733e-008
0.000688067
0.000193621
7.59323e-005
2.81251e-006
2.10351e-005
1.81484e-006
0.000251249
3.30144e-005
1.46505e-005
1.26178e-007
6.51409e-006
1.73485e-005
0.000442785
0.0005946
1.77723e-005
3.03322e-006
1.03107e-005
2.08746e-005
1.84026e-007
2.94867e-006
4.58668e-005
6.7528e-005
0.00041926
0.00021112
4.71777e-006
7.30762e-006
1.10437e-005
0.000770729
4.26884e-006
6.08297e-006
5.21906e-006
0.00338335
7.90254e-006
0.00149659
1.86597e-005
5.26782e-007
0.000167202
0.000184483
2.53299e-006
0.000922586
4.30159e-005
2.51004e-007
5.35263e-007
2.52936e-005
0.00327138
1.02829e-005
5.82755e-005
7.12629e-006
5.43991e-005
0.000179556
2.42071e-005
7.37074e-007
0.000458178
2.59034e-007
5.04044e-005
8.06482e-006
9.02538e-005
2.94395e-005
0.000851355
8.78845e-008
0.000133611
4.30982e-008
0.00800935
0.000117288
0.000158994
1.66633e-005
1.89485e-005
5.68096e-006
0.0107652
3.34871e-006
0.00330183
5.18246e-006
0.000735739
0.000557685
0.0033235
6.50138e-005
0.00218679
0.000167657
2.52275e-006
3.43756e-005
5.09717e-006
8.42494e-008
8.00589e-005
0.00328735
8.21077e-006
9.99229e-006
3.18387e-006
0.000553039
4.61222e-005
4.7753e-005
0.00250136
1.97375e-006
1.73518e-005
7.36145e-005
0.000655769
0.000534749
0
7.04262e-006
0.00307756
0.00015125
2.32445e-006
0.000679774
3.48586e-006
1.55587e-006
5.3821e-007
1.49718e-005
1.1977e-006
0.00261434
8.96895e-007
0.000262874
2.21026e-006
2.48704e-005
2.37604e-006
0.00245546
2.40545e-005
2.91721e-005
0.00203721
1.53905e-006
8.694e-006
1.02095e-006
0.000550875
0.00364276
6.50957e-005
0.0008445
2.27193e-007
1.91788e-005
0.000175136
1.96251e-005
6.10845e-005
1.78268e-005
0.000979969
0.000342469
3.96898e-007
1.61203e-005
6.36864e-007
0.000175782
6.41285e-008
5.34456e-007
0.00211227
0.000568225
0.00125917
3.81269e-005
5.89306e-006
0.00148468
0.000860723
3.81324e-006
8.23455e-006
9.23718e-006
1.40717e-006
1.74241e-005
3.07303e-006
3.07826e-006
2.71033e-005
0.000445702
8.08993e-006
2.75192e-006
2.13865e-006
0.000796944
2.95783e-011
1.9763e-005
0.000475662
2.4819e-006
1.59894e-005
1.00094e-005
0.000478574
1.90139e-006
3.11819e-005
1.24812e-006
0.000865587
0.000337156
8.37149e-006
0.000256266
0.000204021
9.70209e-005
0.000153125
1.05669e-005
1.82817e-005
5.408e-007
6.38754e-005
5.26331e-007
0.000274203
4.21197e-006
7.2504e-006
0.000257028
1.07716e-005
1.14263e-006
3.80799e-006
2.46903e-005
0.00218206
0.000169198
1.14406e-006
4.05831e-005
0.00052849
6.69866e-005
0.000184776
0.00094106
9.78795e-007
7.47787e-005
6.26814e-005
6.8953e-005
0.0040265
2.11651e-006
2.8022e-005
1.519e-005
9.35681e-006
1.23248e-006
2.754e-005
4.92978e-005
6.0545e-005
0
4.10351e-005
5.43911e-007
8.05851e-005
0.000554934
0.0119102
0.000235946
1.27368e-006
1.41578e-006
3.33868e-005
0.000591093
0.00485767
4.77064e-005
3.00051e-005
8.7751e-005
7.34684e-006
2.22795e-005
0.00039813
0.000482025
4.6317e-006
0.000652809
2.23689e-005
1.50025e-005
6.80466e-005
4.42189e-005
0.0362256
0.0278487
0.00138765
2.27182e-006
0.00163169
1.15125e-006
0.000275525
1.77942e-005
2.41798e-005
0.00018441
6.13933e-005
6.36975e-005
6.73356e-008
6.83218e-006
1.0066e-006
1.14449e-006
5.01169e-006
9.17675e-006
1.45914e-006
0.000147597
6.69802e-006
0.000398536
7.48427e-005
6.01916e-007
9.43468e-007
0.00306844
1.34518e-006
0.0120044
0.0154828
0.00116706
1.73848e-005
2.62338e-005
0.00291329
2.37511e-006
9.91596e-005
1.5865e-005
0.000102471
2.01764e-006
2.48377e-005
5.31579e-007
9.88496e-006
2.23772e-005
0.000334377
0.000290388
4.70891e-007
0.000108161
7.61332e-005
6.6066e-007
2.78564e-008
4.75788e-005
0.000276231
1.01366e-005
3.04571e-005
5.83187e-005
4.77645e-005
1.56409e-005
0.00138228
2.54277e-005
1.93594e-005
0.00434618
8.73565e-005
0.000250407
0.000877857
7.28832e-006
1.82341e-005
0.000911259
0.000155782
2.22322e-005
1.73996e-008
0.00250671
3.46759e-006
0.000558015
0.000665017
0.00155639
7.0721e-006
0.00124196
2.77306e-005
0.000150654
1.59894e-005
2.08186e-005
5.89492e-007
0.00128946
7.03085e-005
2.82862e-005
0.00152229
0.00146452
0.00211671
5.24668e-005
5.2587e-006
1.78848e-006
0.00112926
4.55668e-005
1.24584e-005
0.00010564
2.00594e-007
0.00088849
0.00516782
8.52404e-006
0.00113777
0.0077939
6.32498e-008
2.5951e-005
0.00329813
7.14572e-006
0.000834314
4.002e-007
4.85901e-005
1.07591e-005
1.74303e-006
4.88001e-007
0.00342261
0.00010926
0.0162353
0.0186534
3.07714e-005
1.11269e-005
7.59336e-007
0.000639177
0.000399172
6.93599e-006
1.13529e-005
8.35101e-008
0.00817861
8.51833e-006
0.000573806
0.000283264
0.00014429
0.000706924
1.9339e-007
5.84658e-006
9.93153e-006
1.34527e-006
8.51745e-006
0.000307983
0.000247054
0.0019862
0.00280155
0.00283195
0.00024837
9.84669e-007
1.22157e-006
4.80022e-005
4.35705e-006
1.61834e-006
0.000344294
0.000128944
2.80261e-005
1.9752e-005
2.02031e-006
0.00512014
1.29277e-005
0.000366345
2.4319e-007
7.19228e-006
0.00092642
0.00484673
1.35854e-005
5.91454e-005
7.47404e-008
1.83122e-005
0.000280706
2.33503e-006
0.000660482
0.000326405
0.000147355
8.62961e-007
0.000114332
0.000853792
0.00413049
0.00809036
2.77172e-007
2.7255e-005
0.000257988
1.64167e-006
0.000115199
5.60506e-006
1.09111e-007
0.00042093
3.77104e-005
4.83271e-005
3.15687e-006
1.62974e-005
0.000110493
0.000112831
1.40881e-005
0.000154484
0.000254038
2.97239e-007
9.34068e-006
7.95857e-005
3.85428e-005
3.27091e-007
1.51057e-005
1.36587e-005
0.000185274
0.00060821
0.000625959
0.000905144
9.20148e-006
0.000481195
1.24287e-005
1.0785e-005
2.24314e-005
7.23765e-006
0.00552536
0.00437331
2.0313e-005
2.50569e-005
0.00336108
1.3554e-005
0.00224636
3.71797e-006
7.33402e-005
0.000950391
0.000650843
5.89522e-005
0.000250006
6.11267e-005
0.000266474
0.00137625
7.09851e-006
0.000142002
6.49575e-006
8.27287e-006
2.22259e-006
3.8882e-006
1.17215e-005
2.77935e-006
1.30304e-006
1.03188e-006
0.00153851
1.61029e-005
2.01173e-005
2.28498e-005
0.000249405
8.54189e-006
3.34285e-006
6.21649e-005
3.22087e-006
1.16673e-005
3.2966e-005
1.45483e-005
0.00107956
5.1382e-005
2.07854e-006
1.26439e-005
0.000147094
2.68513e-005
7.17299e-006
2.83784e-005
0.00139393
2.165e-005
0.000406242
2.02604e-005
0.000105898
8.9602e-006
0.00889829
6.28705e-008
0.000476939
1.08463e-008
0.000636026
6.7149e-006
3.19495e-005
3.61757e-005
1.08782e-005
3.67757e-005
1.19169e-006
2.38918e-005
8.83279e-006
9.22972e-007
0.000102026
5.04986e-005
1.41055e-005
0.00134579
1.89083e-005
0.000138822
0.000136213
5.09804e-007
6.62387e-007
1.38409e-005
0.000107716
9.74375e-005
2.10249e-006
3.47066e-006
1.45016e-005
1.94929e-005
7.40408e-006
5.50378e-005
1.07288e-006
1.95169e-007
3.74201e-006
0.000512226
0.000504433
1.42365e-006
1.84874e-006
9.01622e-006
2.02337e-006
0.000402804
0.000192786
8.64046e-005
2.43331e-005
1.05349e-005
0
-1.09864e-009
0.00117864
8.06776e-006
6.58404e-006
1.79977e-005
0.000243528
1.32873e-005
5.69099e-005
3.6009e-005
5.6552e-006
8.64978e-006
1.73065e-005
0.000415419
2.59364e-005
0.000625887
2.28487e-005
4.02613e-005
3.20811e-005
0.000173473
0.000180649
0.000106593
0.0127919
0.00476401
3.22297e-006
5.01592e-005
8.66393e-008
9.04274e-005
5.51232e-005
9.31241e-006
0
2.76523e-005
3.70676e-007
0.00264552
2.11083e-005
3.2017e-006
1.64942e-005
6.47097e-005
0.000342785
0.000210733
2.40173e-005
3.15521e-007
0.0012977
9.42579e-006
4.3197e-005
0.00032046
0.00527075
1.31175e-006
5.16723e-006
4.49617e-005
1.14355e-005
2.80407e-005
0.000461634
0.000244045
0.00164994
6.54383e-007
0.000119463
6.76811e-006
8.83092e-008
7.26497e-008
3.40071e-006
0.000111398
0.00192094
1.22996e-005
0.000255431
0.000675168
0.000554202
5.8594e-005
3.05313e-005
0.000213114
1.863e-005
1.29364e-006
2.67266e-006
8.15396e-005
1.38146e-005
5.00491e-006
2.23938e-005
3.26872e-005
0.000161576
1.04185e-005
2.99041e-005
5.57597e-006
0.000228249
0.000432901
8.16129e-007
0.00219711
0.000263953
1.1694e-005
7.64778e-006
6.09149e-005
1.10898e-005
7.65395e-006
1.21477e-005
0.000816483
1.1581e-006
1.77935e-005
0.00202018
0.00677327
0.00014784
2.95674e-005
0.00169331
5.01853e-005
0.000173538
5.41787e-005
8.14088e-005
9.5566e-005
1.45125e-007
2.86107e-008
0.000120014
1.76492e-005
4.83402e-007
0.00161377
0.0108321
0.0162411
2.6841e-007
1.10495e-006
7.69435e-006
4.0335e-006
7.46407e-005
2.87902e-005
7.44122e-007
0.000881363
0.00175026
3.78792e-006
0.000536675
3.26715e-005
5.82578e-005
5.67103e-006
5.37917e-007
5.25306e-006
0.000235757
0.0355043
0.0185115
0.001692
1.22401e-005
0.00948726
2.51146e-006
0.000126129
7.97853e-006
0.000536975
2.28484e-005
1.34039e-005
5.48394e-005
2.69082e-006
2.32342e-005
4.03718e-006
0.000104291
2.7173e-005
1.81383e-005
4.93894e-005
6.58512e-005
0.000105024
4.94711e-005
5.5498e-005
0.000828004
2.48582e-005
2.45459e-006
8.51817e-005
3.30642e-006
1.00182e-006
0.000249655
0.00020198
0.000282754
1.03484e-005
4.6221e-005
3.5917e-005
2.23111e-007
4.14233e-006
3.01899e-006
1.23973e-005
0.000480851
1.09768e-006
9.3567e-005
0.000107792
0.000126149
0.00011559
6.42354e-005
0.000196181
3.64835e-006
2.41349e-005
0.00012985
0.000138211
1.18592e-005
1.38328e-007
0.00323023
7.67742e-006
0.000217918
0.00265143
1.72311e-006
8.67604e-006
0.00634976
0.0078035
0.000555536
0.00304831
0.00014457
5.22034e-005
0.000367581
0.00163209
4.75804e-005
2.15305e-006
0.00102347
8.09275e-005
7.90971e-005
0.000400194
1.61304e-005
0.0010388
0.000851357
2.02597e-006
2.48427e-005
8.67078e-007
1.5155e-005
0.000210317
0.00025398
0.00110489
8.65695e-007
0.000187905
2.83304e-006
9.39012e-006
1.61844e-005
2.23339e-005
7.61611e-005
0.00161778
0.000146263
0.0078468
6.46612e-006
0.000802784
2.43059e-005
2.94221e-005
9.44087e-006
0.000101678
2.78902e-005
0.000125964
2.90801e-005
5.83023e-005
0.000120541
3.50029e-006
2.08341e-007
0.0297031
3.07489e-007
0.00011706
2.13752e-006
0.00158042
0.0160177
2.14316e-006
7.50756e-005
8.4723e-005
8.06708e-005
5.73033e-005
5.09552e-006
7.66744e-005
2.10129e-007
8.75115e-005
0.000128381
4.78076e-005
7.52894e-005
5.06115e-005
2.8431e-005
3.22177e-007
3.5966e-005
2.84318e-006
2.72907e-005
3.46379e-005
1.48489e-005
0.000427444
0.000840736
2.95613e-006
2.90491e-007
1.00056e-006
1.47387e-006
0.000428604
0.000541706
8.78844e-006
1.22687e-006
3.12477e-005
0.000360666
4.04962e-006
0.000638878
0.000146837
2.08463e-006
2.05108e-005
4.02703e-006
8.39903e-006
0.000122342
0.00010206
9.98089e-005
0.000869393
5.81525e-006
2.16224e-006
2.38839e-006
6.52812e-005
3.34887e-005
3.29827e-005
0.00491262
0.0207713
0.00190065
0.00137105
0.000280712
5.02845e-007
8.97139e-006
2.43781e-006
2.07169e-006
0.000774816
4.69117e-006
5.99049e-008
1.81789e-005
7.28833e-005
2.77433e-005
0.000130415
2.64671e-005
1.67204e-006
1.97009e-005
0.00122438
1.53725e-006
6.27655e-005
5.63227e-006
6.68873e-006
1.58915e-005
3.43189e-005
9.98423e-005
6.72285e-006
5.1443e-005
7.49092e-006
5.70668e-005
0.000148088
4.9482e-006
3.01408e-007
8.79948e-007
4.62492e-005
4.32451e-006
0.00140552
5.75955e-006
5.69557e-008
0.00144317
1.45561e-006
0.00179982
2.66231e-006
1.75321e-005
7.05859e-005
0.000249298
0.000212169
0.00116373
0.000908187
4.66004e-005
2.61836e-005
9.23706e-006
1.48248e-005
1.49952e-005
1.60353e-007
5.01376e-005
8.73405e-005
5.45474e-005
2.1013e-006
0.000102631
0.0205151
2.12885e-008
5.67176e-007
1.20044e-005
4.03233e-005
3.48306e-005
0.000226181
0.00209242
6.26675e-006
9.95489e-005
0.000356282
7.48379e-009
0.000154054
0.000131097
4.68269e-006
0.00981503
1.04764e-005
0.00155763
0.000374583
4.42551e-006
0.000182539
0.000383808
0.00124427
7.54781e-005
4.02528e-005
4.14087e-005
3.92522e-008
1.10462e-005
7.88228e-005
1.19214e-006
9.46368e-005
0.001077
2.08143e-005
3.57441e-005
0.000110196
1.3407e-006
8.03417e-005
2.06393e-005
5.39386e-005
0.000117549
0.000986681
3.14954e-005
3.18357e-006
1.75294e-007
4.38822e-006
4.60241e-005
0.000402307
0.000206148
0.000470548
0.000320428
0.00102613
0.00220535
6.83413e-006
0.00024441
0.000184834
0.0019008
0.00103983
6.21508e-006
1.12046e-005
1.34008e-005
0.000295503
0.00074622
5.48044e-007
3.483e-005
5.00321e-005
5.89319e-006
0.000123927
0.000535878
1.63265e-005
9.14642e-005
6.06499e-006
1.85353e-006
3.55613e-005
9.7862e-005
4.22177e-005
1.49797e-007
0.000615396
7.76736e-006
0.00499329
0.000222393
0.00273018
0.000257396
0.00014651
0.00018849
2.7635e-005
0.000128445
1.2618e-005
4.25631e-005
1.66407e-005
3.54456e-005
5.80614e-006
3.08652e-006
3.40317e-006
0.000447862
0.000318574
0.000124491
3.84072e-005
0.000129973
1.40348e-006
0.000306901
2.15968e-005
4.58227e-005
0.000271621
1.38216e-006
0.000168013
4.09599e-006
3.24252e-006
0.00211023
0.00105316
3.46647e-005
7.54207e-006
2.45999e-005
0.000409998
0.000889114
3.86376e-006
7.55234e-006
0.000805146
1.10304e-005
2.28572e-006
0.00797178
5.43089e-005
2.86127e-005
1.02479e-005
0.00172461
5.20992e-005
0.000660043
9.26154e-005
5.4487e-005
4.08534e-006
0.00182261
2.01644e-005
2.62353e-005
0.00129201
9.54367e-006
3.71363e-005
2.09126e-005
3.61005e-005
0.000715646
9.39512e-006
1.57134e-005
0.000580014
1.11967e-005
6.38501e-006
0.000612183
4.8335e-007
0.000639114
0.000171327
3.74802e-006
0.000698002
1.7747e-005
5.78792e-005
1.55648e-005
0
1.11802e-006
8.59509e-007
0.00116498
2.58391e-005
9.47113e-005
2.87093e-005
2.70926e-005
1.79247e-005
3.53601e-006
0.00276719
0.00213502
0.000177862
0.00102448
6.00017e-005
0
4.66235e-007
0.00349243
0.000539961
1.78969e-005
0.000178112
0.00231751
1.55249e-005
8.31411e-005
0.000114592
0.000309385
9.67157e-005
3.7503e-006
0.000100347
4.10372e-006
0.000128287
1.47138e-009
2.21606e-007
2.10035e-005
8.35691e-006
0.000842137
0.000415547
4.8281e-005
0.00013365
3.07578e-005
1.13121e-005
0.00334341
1.94042e-007
7.25743e-006
2.74152e-006
2.78677e-005
0.000429367
4.2843e-006
3.89531e-005
0.000150097
0.000284251
4.28806e-007
2.32553e-005
1.29251e-007
4.01446e-007
0.00137691
0.000124595
0.000856597
0.000456919
3.74567e-006
0.000196409
2.17203e-005
4.15946e-006
0.000457145
0.00199501
9.44236e-006
1.1018e-005
0.00271521
0.000605269
0.000785293
9.05116e-005
0.00821167
0.0135024
1.11682e-006
0.000778264
9.45788e-005
5.19893e-005
1.22551e-005
9.43167e-005
9.0281e-005
9.67391e-006
4.05721e-005
2.9621e-007
5.69697e-005
5.95337e-005
3.51212e-006
3.17203e-005
1.97879e-006
2.74627e-005
2.80707e-006
2.05102e-005
0.000278507
0.000319877
0.000246275
0.000310413
0
0.000701403
7.90395e-005
0.000716823
0.0101625
8.07915e-006
4.06378e-005
2.20201e-006
2.84451e-007
1.56552e-006
2.55907e-006
2.56165e-006
9.00149e-007
0.0162379
6.20539e-005
6.85257e-007
1.00184e-006
1.37803e-005
4.22134e-006
0.00157529
0.00103482
5.72874e-007
7.99661e-006
0.000551812
1.22212e-006
0.0011883
0.00166986
0.00383134
0
4.57766e-005
2.98647e-006
3.82753e-006
1.81535e-005
8.0814e-007
2.70457e-005
1.58524e-005
6.01059e-006
2.39093e-006
4.70108e-005
0.0154065
0.000988271
1.31156e-006
3.20256e-005
2.88851e-005
0.000203904
3.48304e-006
8.2277e-006
9.96241e-007
6.29016e-006
0.000690459
1.32545e-005
4.20273e-005
3.22697e-005
2.93885e-007
3.66926e-005
5.12754e-005
3.60442e-005
3.47809e-005
7.67606e-007
6.12519e-005
0.00240191
0.000388015
1.19472e-007
0.000417141
0.00181709
2.51657e-006
7.64582e-007
7.92255e-008
7.79757e-008
0.000759157
0.000555219
7.16281e-008
9.53966e-007
0.00615984
0.000233741
2.59786e-005
0.000303436
0.000242675
1.91707e-006
6.43784e-006
0.00160585
0.00505693
0.000282807
5.65688e-006
0.00021543
0.000190523
1.3237e-005
9.05874e-005
0.00263101
0.0023141
1.33239e-005
3.0357e-005
6.86406e-008
0.00347101
1.07393e-005
3.15864e-005
0.000109473
-2.48632e-009
0.0012442
0.00134374
0.00119631
1.40268e-006
2.71837e-006
0.00157938
0.000197064
0.000251247
1.66859e-005
2.63263e-005
3.36262e-005
0.000535552
0.000530556
0.00010805
0.0144943
0.00841369
4.49195e-007
1.34034e-006
3.84638e-006
6.14069e-005
0.000137016
0.000345234
1.81403e-005
9.95459e-006
9.86632e-006
6.15682e-006
0.00211313
0.000291974
3.75084e-007
5.39873e-005
0.000188245
6.9506e-007
0.00028354
2.99715e-005
1.76194e-005
3.92476e-005
0.00118108
0.00555864
1.01086e-005
9.52253e-006
1.62189e-005
0.0020472
0.000376227
3.91273e-006
0.000346629
5.98841e-007
7.53789e-006
0.000626717
8.80011e-005
2.40157e-005
1.51885e-006
1.50219e-005
0.000408296
2.41737e-007
5.35495e-005
0.00022261
1.3921e-006
1.89037e-006
0.000581497
0.0308045
0.0103056
0.0101996
0.0240866
3.81348e-005
8.46954e-006
7.44803e-006
4.16249e-006
6.40121e-006
0.00059232
2.66671e-007
0.000379008
3.76152e-005
3.38377e-005
0.000582118
2.19067e-005
0.0011474
0.0015787
1.90391e-005
5.91015e-006
3.16603e-005
7.45804e-007
6.73731e-005
4.55989e-006
5.7425e-006
0.000146132
2.58435e-005
0.000200371
1.04892e-005
2.09183e-005
9.31267e-005
4.82766e-008
4.13744e-005
1.09104e-005
0.000186134
4.21195e-007
3.35169e-005
1.70515e-006
0.000204376
6.07604e-005
4.07176e-006
4.11856e-005
0.000438977
1.55954e-005
1.00528e-007
1.69579e-007
1.14888e-005
0.000525126
6.96131e-006
8.28058e-006
0.00256939
7.5872e-006
5.48336e-006
0.000881584
0.00107898
0
5.40331e-006
0.000314043
1.71209e-005
9.15455e-007
5.98136e-005
1.38534e-005
9.51261e-009
3.09496e-006
0.000154845
0.00099757
0.000930864
6.40983e-007
0.00641046
5.03486e-006
2.74184e-006
4.24493e-006
0.000483672
0.000171583
3.11608e-005
0.000239756
6.15628e-007
0.00663819
3.59265e-005
9.16599e-006
1.90344e-005
3.3949e-007
9.42066e-007
4.27911e-006
4.96939e-005
0.000132243
0.000648755
4.61238e-006
3.49347e-005
5.88975e-005
6.83099e-008
0.00015432
1.07728e-006
0.0013489
0.000246426
2.09004e-005
0.000148855
0.00134095
4.31597e-006
2.61398e-005
0.0019704
6.29134e-006
1.59722e-006
6.56479e-005
7.06653e-006
5.19256e-005
9.02504e-006
5.63598e-005
1.23994e-006
0.00121672
0.000909913
1.19149e-008
3.92303e-005
0.00511769
0.000993422
9.39386e-008
1.36863e-005
3.60623e-005
5.19543e-005
3.6876e-005
9.07811e-006
5.86468e-005
4.36965e-005
0.000615893
0.00250824
3.22184e-005
1.23848e-006
4.45449e-008
1.13685e-005
2.67927e-005
9.4301e-006
0.000136004
7.58299e-006
8.53354e-006
0.00740038
5.86738e-005
1.90847e-006
0.00129314
0.0108103
0.000325824
0.00010652
0.00241275
0.0267723
1.04347e-007
0.000174733
4.73888e-006
0.00132184
2.11648e-005
5.28317e-006
7.99739e-006
8.48665e-009
0.000287255
5.73326e-006
0.00209309
6.14277e-005
3.88288e-005
1.17996e-006
2.41605e-006
0.0310437
4.41143e-005
0.00147266
6.72732e-005
0.000486244
4.42181e-008
1.28287e-005
0.000163636
0.000331544
1.29509e-005
0.000100582
0.000113071
9.3965e-007
2.44022e-005
0.000641421
5.6451e-006
0.000285074
1.78106e-006
0.000875386
5.81875e-005
4.71901e-005
4.29763e-006
1.90907e-006
0.00105893
0.00697809
0.000335581
6.78372e-006
0.000604616
5.85794e-007
6.86981e-006
1.77607e-007
0.000661709
0.00230595
9.03968e-006
0.00290935
1.02981e-005
0.000901648
0.000121897
1.60358e-006
2.6709e-006
0.000192436
3.32605e-006
1.82612e-006
5.26487e-006
1.05574e-005
7.06815e-005
5.67441e-005
1.15701e-006
1.4089e-005
7.44784e-006
1.08705e-005
0.0021734
0.00166583
4.50321e-006
0.000263813
6.61587e-005
3.84622e-005
7.23476e-005
1.5741e-005
4.92567e-005
0.000709761
7.72851e-006
1.5195e-005
0.000996447
0.000183953
0.00144267
4.46518e-005
0.00340941
5.62979e-006
0.00326171
0.00257534
2.42625e-005
2.86409e-007
0.00821433
1.27978e-005
1.23385e-005
2.83942e-006
5.09341e-007
6.16651e-006
2.65766e-005
-2.97099e-010
2.56922e-006
1.06701e-006
1.18162e-005
8.43894e-005
0.000129832
8.49196e-005
0.00012011
0.00061308
9.94263e-006
9.46022e-005
2.73775e-005
8.03848e-007
0.000179452
1.59293e-006
1.95123e-005
3.80487e-006
1.36783e-005
0.000143096
2.13195e-007
3.98294e-005
7.62021e-005
8.22768e-006
4.23194e-005
8.00376e-005
5.25587e-007
7.65469e-006
4.77226e-006
1.62802e-006
1.02009e-005
0.000144506
0.00024357
2.45009e-006
2.43567e-005
7.30543e-008
0.000191855
5.19558e-005
1.28858e-005
0.0006513
0.00117203
2.77563e-005
2.36878e-005
8.42172e-005
0.000408209
4.15528e-005
9.18034e-006
6.17199e-007
0.00239227
0.000319732
9.49133e-006
3.93576e-006
5.6868e-007
1.1549e-005
6.94729e-006
0.000295145
5.55247e-005
1.41694e-005
2.29743e-005
0.000924174
6.52007e-006
2.93277e-005
1.68002e-005
0.000173628
0.00188871
1.85643e-006
6.70456e-006
0.000203647
0.00102374
0.000493811
1.43785e-005
7.27168e-007
1.29894e-005
6.91619e-005
1.89055e-005
5.61201e-005
4.5701e-006
0.0172013
2.98902e-005
5.41912e-006
0.000534088
6.19907e-007
5.1201e-005
0.00969504
1.98241e-005
0.000160134
0.000176299
0.000938593
1.32113e-005
0.000100509
2.32705e-006
2.86061e-005
3.73399e-009
0.00151008
0.000139843
0.000213431
0.000420431
5.18859e-006
7.35737e-005
2.03503e-005
3.20525e-005
2.40609e-005
0.00163687
2.81612e-006
1.81023e-005
1.05122e-005
6.35587e-005
1.71809e-005
3.67212e-006
6.83538e-005
0.000169498
0.000630512
0.00552275
2.64793e-005
2.10083e-006
0.000937607
7.67868e-007
1.69919e-005
2.68116e-007
0.00298508
0.000137446
3.04663e-005
0.00155535
0.000424134
0.000291096
2.2584e-006
1.34169e-006
1.2541e-005
2.90539e-005
3.51408e-005
0.00881017
0.00924961
4.27306e-005
0.000371548
1.11187e-005
4.53637e-005
0.000234412
6.40285e-006
3.70088e-005
5.21472e-005
0.000930044
3.05797e-005
3.40533e-006
2.12829e-007
1.48048e-005
0.000338856
0.0187056
4.20129e-005
0.000403373
0.000906618
0.000697068
2.88949e-007
8.37499e-007
0.000367254
0.000817742
3.76691e-005
1.19188e-005
0.000328295
1.7299e-006
0.000400942
9.03955e-006
0.0143177
2.21916e-007
1.74319e-005
1.26536e-005
3.94713e-006
4.62167e-005
0.00024222
5.72945e-006
4.42766e-008
3.29676e-005
2.5589e-005
0.000178368
1.49328e-005
0.00135845
0.000130859
3.50521e-005
0.000828567
3.24313e-005
0.00180293
7.86547e-006
8.46743e-006
0.000359376
0.000208713
5.37687e-005
0.00211342
6.83637e-006
3.17726e-005
5.32947e-006
7.33797e-005
9.0153e-006
1.56018e-007
4.51358e-006
4.12354e-006
1.54731e-005
0.00143986
2.69821e-005
1.74769e-006
8.61416e-006
2.30046e-006
5.05888e-006
0.000141201
0.0123038
4.55129e-006
9.04983e-006
7.38499e-006
1.34121e-006
2.58412e-006
3.03858e-005
1.17293e-005
0.00236323
0.00186951
8.2148e-005
2.27345e-005
0.000440546
5.54716e-005
3.36828e-008
0.000791936
8.12866e-006
0.0010887
5.02932e-005
1.30719e-006
9.21834e-007
4.44603e-006
4.20648e-005
2.0877e-005
0.0324973
2.46719e-005
5.00974e-005
1.74268e-005
0.00301843
0.000302183
0.00212482
5.52811e-005
2.08768e-006
0.00300706
9.11141e-006
3.77667e-006
1.01007e-006
0.00151172
0.000320707
0.000696353
0.000129164
4.92e-007
0.0102858
3.71515e-006
3.4918e-005
3.99058e-005
6.70461e-005
2.13069e-005
0.000377852
5.55629e-005
0.000119664
5.22229e-006
1.60963e-006
8.95874e-007
1.26122e-005
9.95684e-005
9.55499e-006
2.93911e-005
0.00633327
0.00315207
0.000334158
2.30992e-007
7.71569e-006
6.84996e-006
2.17501e-005
1.25643e-005
0.000308292
3.5831e-006
0.00251544
5.57476e-005
6.68513e-006
3.31434e-008
0.000157477
0.00011656
1.04135e-005
1.20669e-006
4.01934e-005
0.000680542
1.08665e-006
5.89726e-005
2.27418e-005
3.91355e-005
0.00195589
0.000693279
0.000321714
0.00017784
0.00219655
1.31556e-005
0.000419355
0.000251525
4.02102e-006
0.00021845
8.11856e-006
0
2.61236e-006
2.59174e-005
0.00081479
0.00229088
2.85605e-006
0.000142725
8.41377e-006
0.00042358
1.93095e-005
0.000240978
7.85181e-005
2.74908e-006
0
0.000267358
0.0001446
3.33017e-006
0.00199372
6.92622e-006
7.88423e-005
1.12381e-005
6.09729e-008
0.000718112
0.000189997
0.000398273
3.88652e-005
1.25848e-005
4.01671e-005
0.000164441
1.66892e-006
1.20539e-006
1.2048e-005
5.72164e-005
5.95444e-007
0.0019953
0.00445252
1.95539e-005
0.00534853
0.00215301
1.34667e-005
6.11194e-006
5.85707e-005
0.00174063
2.99885e-006
0.00098475
0.000404559
1.8657e-005
0.000183864
0.000424075
2.2384e-006
0.0016128
8.51428e-007
0.000136705
1.06458e-006
8.61854e-007
0.000551987
5.78265e-005
6.25128e-007
8.48126e-008
0.0001471
8.81869e-005
4.76865e-005
0.000129476
0.00271915
0.000227804
2.60771e-006
0.00231612
0.00662404
0.000388057
9.07082e-005
1.34513e-005
3.71443e-006
0.000944684
1.92388e-007
9.22622e-006
8.97442e-005
0.0034764
0.00139741
0.000911631
0.00076965
8.50308e-007
0.00014015
0.00141652
0.000166416
3.86457e-005
7.82468e-006
0.000124248
2.55078e-006
0.00054374
1.77331e-005
2.15762e-005
0.00048671
5.72041e-005
4.91886e-005
0.00101599
7.13714e-005
0.000480355
0.00899681
1.28014e-006
5.20892e-005
0.00286194
0.00242808
0.000222583
5.46109e-005
4.42625e-005
0.00442203
0.00285467
0.000628309
0.000219388
0.000106505
6.00304e-006
3.17409e-005
2.77176e-010
1.10181e-005
1.02859e-007
2.93907e-005
3.80593e-007
2.86517e-005
5.98069e-005
0.00285518
0.00178773
5.05228e-005
2.64225e-005
0.000427059
0
0.0129463
2.4505e-007
1.49425e-005
1.85247e-005
2.12675e-007
1.76466e-005
4.90035e-005
1.05368e-005
1.19205e-005
9.69076e-005
7.81641e-005
8.90846e-006
6.95046e-006
0.000554678
1.85693e-006
5.28136e-005
7.79013e-005
4.02205e-006
5.62942e-006
9.15572e-007
1.49177e-005
1.10801e-006
1.1513e-006
4.73263e-005
0.000918303
0.000429859
0.00221579
0.000390063
0.00181125
0.000482491
3.8752e-006
0.000582462
2.20066e-007
2.01121e-005
6.85852e-006
0.00332258
0.00272578
6.92473e-006
1.01533e-007
8.47359e-006
8.03144e-009
2.98586e-006
2.87841e-005
2.27006e-006
2.32611e-005
0.00053684
0.0176409
9.45448e-006
0.00268539
0.00396823
6.70624e-005
6.63533e-006
0.00140331
3.39872e-005
1.06696e-005
0.00188491
0.0013976
1.20625e-005
0.00187842
9.14081e-006
0.00389813
0.000304335
0.000149935
3.24579e-005
0.00269754
0.000157342
1.1182e-005
0.000106989
4.64364e-007
1.24582e-005
8.39776e-005
0.000307258
8.91492e-006
3.95627e-005
5.32334e-007
0.00015431
0.000241497
5.15508e-008
2.4204e-006
0.000443532
2.74174e-006
0.000237222
3.28161e-006
8.22263e-008
1.00065e-005
1.05683e-007
2.79472e-005
9.97597e-006
1.66386e-005
9.1637e-006
3.82021e-006
0.00020898
8.77226e-006
3.7598e-006
5.79385e-006
1.70415e-006
0.000555871
1.87043e-005
0.000175374
2.36816e-005
1.89777e-006
4.42367e-006
8.68449e-005
1.25197e-006
0.00212473
2.33114e-005
1.22866e-006
2.27099e-005
5.61845e-006
9.41762e-006
6.44943e-007
0.00104846
4.38515e-006
1.02337e-005
5.60633e-006
3.29897e-005
4.4537e-006
2.3335e-006
2.51175e-006
0.00110004
0.00607372
9.31434e-006
0.00519462
2.5193e-005
0.000174385
2.15144e-006
1.82249e-005
7.05317e-010
0.000985516
8.73064e-007
0.000319718
0.000930892
0.000960318
3.97188e-005
0.000744584
0.000413974
0.000256376
4.62607e-005
0.00119727
6.84845e-005
4.89511e-006
4.73523e-005
0.000157041
0.00017223
3.61889e-005
0.000520638
0.000508522
1.55601e-005
4.86321e-007
6.3797e-006
1.62138e-005
0.000465254
1.72904e-005
0.0368947
1.57752e-005
0.0028099
0.00743787
4.44275e-005
5.29574e-005
4.63986e-006
8.26897e-006
0.00229352
0.00165907
0.00286251
0.00012487
1.09548e-006
0.00551247
9.44529e-005
0.000143026
6.06023e-006
4.7284e-006
1.60526e-005
1.44202e-005
0.000357144
0.00172664
0.00115595
0.000166626
0.000240048
1.20343e-005
1.41412e-006
8.94257e-005
0.000116593
2.98828e-007
0.000509649
0.000195972
1.5347e-006
4.6121e-006
5.13608e-005
1.49939e-007
0.00882608
0.00753051
0.0131077
0.000157184
0.00252338
2.58697e-005
9.38088e-006
6.76056e-006
6.54955e-007
0.000347959
5.83964e-005
2.96155e-006
1.09936e-005
0.00207677
1.0422e-006
9.13768e-006
2.94471e-007
3.51727e-006
0.000646951
8.1354e-006
3.65694e-005
2.32215e-006
0.00016561
0.000374297
1.24932e-006
2.46162e-005
8.70712e-006
0.00029009
0.0145736
6.01959e-006
1.38482e-005
0.000163784
9.82066e-005
0.001755
0.000704463
0.000357199
0.00040565
0.00502697
2.3901e-005
0.0120879
0.0113817
9.21159e-006
3.64376e-005
0.00313391
5.27077e-005
6.47793e-005
9.75839e-008
0.00064595
1.13855e-006
1.74023e-006
2.44067e-007
0.000292995
4.02624e-007
1.46327e-005
2.55471e-005
1.70144e-006
7.06922e-007
6.38576e-005
4.48323e-006
0.000101382
2.12914e-006
0.00435122
2.008e-006
0.000611749
0.000393094
1.91047e-006
2.86507e-006
0.000550553
0.00705722
0.0021433
9.39486e-006
2.22364e-005
0.0013109
1.96206e-006
4.3058e-008
7.50073e-006
2.19161e-005
5.10026e-005
8.81771e-006
2.66365e-006
1.35757e-006
0.000952579
0.00168811
5.13966e-006
4.03153e-006
3.37806e-006
1.52853e-005
4.67363e-007
4.54834e-006
2.60634e-007
0.00236635
0.000452958
0.00336261
3.29237e-005
2.09233e-005
4.09262e-006
6.78738e-006
0.00379452
7.15714e-007
2.62706e-005
4.58778e-005
0.00044367
0.000125921
1.14711e-005
0.000108855
0.000369247
0.000164845
5.11834e-007
0.019145
3.68347e-007
6.4772e-006
3.04154e-005
4.01915e-005
2.24727e-006
1.18959e-007
0.000578698
5.96976e-005
2.35182e-007
0.000779572
0.000275992
0.000319796
0.000893279
0.000149338
4.47378e-007
7.76109e-006
0.000810475
8.29309e-007
1.44854e-006
1.92373e-005
0.0218336
2.30411e-005
2.1181e-006
3.0882e-007
0.00578522
1.7281e-005
4.34631e-007
0.00567233
0.000820739
8.91493e-006
0.00124596
0.000454818
0.000120659
9.71477e-005
1.30151e-005
3.29518e-005
9.65883e-006
1.94114e-006
6.47577e-006
0.00101423
2.18536e-010
3.87044e-006
2.09813e-005
0.00311067
3.68382e-006
0.000134235
7.11622e-006
0.00130718
0.000207629
8.30757e-006
1.317e-006
2.32856e-005
2.47713e-005
2.64462e-007
1.47513e-005
3.04394e-005
0.00101079
5.15412e-005
1.85238e-005
2.89697e-006
3.79089e-006
0.000845415
0.00270338
2.94494e-005
0.000807345
4.83441e-006
3.77769e-007
0.000459213
0.000485921
0.000213205
0.000282441
0.000200058
0.000420246
0.000160691
0.000121323
0.000281822
0.000353388
7.66163e-005
0.000122671
1.97057e-006
1.46103e-005
0.000742475
0.00238242
5.5698e-005
9.87654e-006
0.000450847
2.39887e-006
2.26038e-006
7.91748e-005
9.22097e-006
0.000845501
0.0381009
7.08791e-008
9.42071e-005
4.57421e-005
7.48381e-006
1.75478e-005
3.39864e-005
0.000223962
0.00105029
5.14736e-007
0.012722
2.64744e-005
4.92375e-006
1.81169e-005
4.77148e-007
2.82797e-007
2.611e-005
1.90941e-005
5.03827e-006
3.96275e-005
0.000120627
0.000110598
0.000490857
8.83686e-006
3.10608e-006
0.000169202
0.000467813
2.60387e-006
3.88162e-006
2.03514e-005
0.0015973
8.44823e-006
0.000116451
7.8775e-005
0.00689508
3.62243e-005
1.3535e-005
7.80469e-005
6.55791e-005
0.000115115
7.74514e-005
3.29609e-006
2.79302e-006
6.63619e-006
1.92771e-005
0.000304693
0.000375741
0.000366796
3.37654e-005
0.00130337
1.4011e-005
8.38764e-007
3.51401e-006
9.6946e-007
0.000403802
2.8222e-005
0.000389183
0.000684779
0.00339396
0.00584565
0.00366121
0.000313882
4.23902e-006
9.41808e-009
0.00182584
1.67403e-006
5.9093e-012
9.41414e-006
0.000169382
2.74382e-007
0.000321189
0.00015539
1.73772e-005
0
1.87484e-009
0.000202795
6.57884e-007
1.66352e-006
0.00135744
0.000588378
4.77479e-007
2.19407e-005
5.24811e-005
0.00288282
1.58422e-005
0.0293423
0.00289666
0.00155164
6.54364e-006
2.66727e-005
7.39187e-006
1.18144e-006
0.000159061
2.48309e-005
0.00372264
0.00717871
0.000103171
2.56167e-006
9.75872e-005
0.000171394
1.22281e-006
1.54988e-007
0.00528294
0.00101418
2.16471e-005
0.00324101
1.95894e-005
6.07208e-008
6.25875e-006
3.67253e-006
0.000192667
0.000174241
1.13226e-005
0.00107633
2.99016e-006
0.000682644
0.000110382
3.14621e-006
0.000398452
5.83766e-008
1.14073e-005
7.68297e-007
2.3468e-008
3.20347e-005
1.29449e-005
7.30791e-006
3.90681e-007
0.00107853
9.16971e-006
0.00155111
6.24937e-007
2.52867e-006
0.000227825
0.0032955
0.000142803
0.00846901
0.0016881
3.14067e-005
7.68294e-005
4.48411e-005
5.64342e-006
4.88682e-005
4.80712e-005
0.000457533
0.000327394
0.000627396
6.04139e-008
0.00127683
0.0014546
5.96171e-006
0.00150238
2.67533e-005
0.003104
0.00395343
0
0.00159282
3.92874e-005
0.00218835
0.0155713
9.58205e-006
0.00081508
1.23319e-006
6.65732e-006
0.00047866
0.000783789
0.00013104
1.69167e-005
0.00846146
5.88424e-006
0.000217638
1.1748e-006
0.00100524
0.000767204
3.08052e-005
0.00712843
0.0101504
3.10883e-006
6.19899e-005
5.9869e-007
0.00046464
0.000540638
0.000878113
7.72616e-005
8.51497e-005
0.00305493
0.00303347
5.87094e-005
1.38845e-006
9.62634e-005
2.97323e-005
0.000104266
3.87283e-007
1.25683e-005
0.000238386
0.00165379
2.03921e-005
1.12115e-005
1.10589e-005
2.03555e-005
1.79878e-005
2.20271e-005
2.43778e-005
0.000188157
9.02278e-007
5.69356e-005
0.00343233
2.47024e-005
1.03967e-005
6.83418e-006
4.15351e-005
5.2e-005
0.00136083
0.000376552
0.000371124
3.28083e-006
2.90439e-006
0.000469702
0.00304548
8.59246e-008
0.00100929
0.000903327
2.44655e-005
6.67014e-006
5.80471e-007
0.00268522
0.00040339
1.37949e-006
2.12963e-006
4.70833e-005
0.000166452
5.14943e-006
0.000394598
2.32016e-005
0.000225839
0.00161065
4.40022e-007
2.1442e-005
8.95122e-005
0.000288211
6.66223e-006
0.000613567
0.00059089
6.22622e-006
8.57841e-007
0.000129118
2.20826e-007
1.75351e-006
4.08675e-006
3.43354e-005
0.000506783
6.26118e-006
0.00127088
8.21624e-005
3.80117e-006
2.3868e-006
7.31319e-005
1.3602e-005
0.00107523
0.000119733
1.34477e-006
5.46943e-006
1.02442e-005
0.00131286
0.0029001
0.000100513
0.000212437
0.00396905
1.54724e-006
0.00365973
0.000451869
0.000101378
0.00118623
2.23502e-005
1.97183e-006
2.33906e-005
0.000231307
0.000153082
2.34047e-007
0.00107258
0.00120634
0.000663122
3.57388e-005
0.00192777
0.00635325
0.00614977
0.000386196
1.95939e-006
9.62598e-007
1.25751e-005
0.000509644
0.000101883
0.000525113
0.00109872
4.27493e-007
1.05944e-005
1.31807e-005
5.79315e-006
0.0157709
0.000602626
0.00242259
7.98749e-005
8.87948e-006
6.93109e-006
4.96291e-008
0.000383407
0.00025626
5.66971e-005
2.91526e-005
0.00755426
2.66623e-006
9.99074e-005
0.000369087
1.39563e-007
2.07107e-007
4.41833e-006
1.63161e-005
2.35576e-005
6.69014e-006
1.80462e-006
1.9325e-006
0
3.49778e-006
8.23451e-005
0.00165805
0.000162099
0.00614969
0.00165103
7.82275e-005
1.39072e-005
0.00520533
1.9657e-005
1.94742e-005
8.04468e-006
0.000186132
0.000131983
0.00165419
0.00111301
2.54099e-007
1.8629e-005
9.63109e-005
0.00217081
2.46774e-007
1.71938e-005
0.000819573
0.000182912
0.000845561
2.10263e-006
0.00452417
6.70897e-006
0.00472312
0.00371836
0.00105014
1.47512e-005
2.13286e-006
6.63454e-005
1.09938e-005
0.00994664
0.00652071
1.38349e-005
2.02966e-005
3.59675e-005
0.00209087
0.00122445
6.95471e-007
2.37118e-005
2.93518e-006
0.000189342
0.000233088
1.09285e-006
0.000655253
0.0015973
2.57863e-005
0.000118687
2.57633e-006
2.48266e-006
0.000619396
3.77732e-006
0.00101447
0.000625199
0.000161393
0.000210432
0.0144165
0.00510088
1.18432e-005
0.0036078
1.25651e-006
0.000887585
0.000840018
2.04813e-005
2.00902e-006
1.60221e-005
1.32277e-006
1.54364e-005
4.21088e-005
2.92379e-005
0.00312378
0.000133057
2.91577e-005
2.45117e-005
2.98963e-005
0.000515119
0.00271763
1.5842e-005
7.94072e-005
6.4915e-005
2.31929e-005
0.00403177
1.58964e-005
1.77432e-005
2.34129e-007
2.21601e-006
0.000115191
9.60056e-005
3.2164e-006
0.00445713
0.00285116
6.40804e-005
0.00218111
6.51232e-005
0.00148236
1.72589e-005
6.91717e-007
0.00023846
1.59151e-006
7.9593e-005
2.86511e-007
0.000101356
2.72763e-006
7.14456e-006
6.37088e-006
1.19598e-005
0.000614035
3.31797e-006
8.64908e-007
6.43802e-006
1.92914e-006
3.681e-005
0.000107366
0.00309343
0.00157411
0.000111892
4.0926e-007
3.21662e-005
0.000203877
1.33423e-005
7.18051e-006
0.000136841
2.88945e-005
6.83563e-006
1.18878e-005
0.00499945
0.00537042
4.64231e-006
4.30108e-006
0.00106423
6.84053e-006
0.00547649
1.63503e-005
0.000438378
5.71428e-006
0.00151306
1.01062e-005
0.000503455
0.0017819
4.81424e-005
2.47864e-005
2.58221e-007
7.11728e-007
0.000107821
2.49133e-005
0.000790495
1.00358e-005
5.9074e-005
0.000586354
0.0014294
4.88951e-006
1.97075e-006
0.000753299
3.10019e-006
2.46797e-005
1.16206e-006
1.08723e-005
1.1494e-007
0.000329469
0.0235419
2.20055e-005
1.58363e-005
2.81477e-005
0.000150151
4.93067e-006
8.35853e-007
9.38262e-005
1.66275e-005
7.01395e-006
1.13898e-005
0.0261136
9.57368e-007
0.000153072
0.00281916
0.000139522
9.7504e-006
7.05353e-006
0.000326494
3.14107e-005
1.87104e-005
0.00027696
0.000182792
9.94967e-007
0.00155711
4.38709e-006
3.62522e-006
1.14076e-005
1.07773e-005
0.00477698
3.94775e-006
8.34391e-006
0.0036746
0.00311299
2.52014e-006
1.45842e-006
0.00020228
0.000176816
0.000272467
0.00222517
1.94548e-005
0.00184229
8.76934e-006
0.00140053
0.000319491
1.74707e-006
4.97236e-008
2.13048e-006
3.74943e-006
4.46459e-006
0.000684455
7.01558e-006
6.14202e-006
0.000570051
0.000572277
2.45003e-006
7.9728e-006
9.43212e-005
0.000333999
1.53284e-005
0.000249
6.36647e-006
5.67282e-005
0.00299172
1.05583e-005
2.06873e-006
0.00828855
3.392e-007
2.21258e-007
7.02923e-005
4.52138e-005
6.84714e-005
0.00217402
0.000878473
0.00186269
1.01586e-005
1.84769e-005
9.64762e-006
2.51772e-006
1.83919e-006
4.43707e-006
0.000126493
7.83452e-005
0.00301511
0.00150075
0.000210386
1.49231e-005
8.97636e-006
2.26067e-005
1.4628e-005
8.65448e-007
0.00024371
8.59242e-005
1.04679e-005
2.29843e-005
8.06006e-006
6.41891e-005
0.00402136
2.30943e-005
0.0053993
9.61511e-006
2.69338e-005
4.78829e-006
8.68962e-005
1.66165e-005
1.87467e-006
0.00282234
2.4348e-006
0.000222761
0.000727474
6.13049e-007
0.0058912
0.00111361
0.00256761
0.000846412
6.88386e-006
7.49926e-005
2.56156e-006
2.52974e-006
0.00264559
6.25915e-006
0.0051223
1.17398e-005
0.0269376
0.000165261
0.0016204
0.000434446
8.75282e-007
0.00225618
0.00115401
8.14626e-006
2.31327e-005
9.8071e-007
0.0139848
1.84932e-005
0.00102612
0.00144743
3.4014e-005
7.12551e-008
0.000226477
0.00174511
3.08564e-005
8.35696e-006
1.26075e-005
2.7469e-005
3.50706e-005
1.46918e-005
3.65368e-005
5.39307e-006
0.000905813
8.33957e-006
0.00300011
0.00197272
0.000592633
1.02954e-005
2.12953e-007
2.17012e-006
5.91982e-006
4.96085e-006
0.00309053
4.81783e-005
0.000370427
0.000342592
9.15644e-006
8.05404e-007
0.000111578
9.87223e-005
0.00173417
0.0013693
6.1628e-005
0.000572211
2.01786e-007
0.000165244
0.000412555
4.22763e-005
2.4452e-006
1.94881e-006
0.000521243
1.09283e-005
0.00158079
0.000731395
0.000765892
0.000178258
0.00012009
4.52577e-006
1.7114e-006
3.51859e-006
6.6607e-005
0.00107608
0.00364189
6.56252e-006
1.05235e-005
0.00699728
0.0085993
3.82313e-005
7.18606e-006
1.2597e-005
1.11411e-006
3.36099e-006
9.19676e-007
6.50096e-006
0.00137901
7.10088e-005
0.000294337
0.000324855
5.54536e-005
0.00115964
0.00615386
6.95027e-006
0.00200619
1.86153e-006
0.000470867
0.00289767
0.00329398
1.31333e-005
0.000326966
1.21167e-005
2.44217e-005
8.11684e-005
0.0130448
0.00189926
7.41348e-006
7.00293e-006
6.71678e-006
6.13036e-005
3.41346e-005
0.00521735
6.27399e-005
0.000351184
0.00268831
7.10411e-005
1.16795e-006
2.54868e-005
4.13954e-005
3.06072e-005
0.000249517
2.18519e-005
7.57057e-006
1.89093e-005
0.000424781
0.000543306
4.53241e-006
4.37708e-006
9.84272e-006
0.000312032
1.44295e-006
0.000174247
0.000875699
1.08759e-006
1.34705e-006
2.40486e-005
3.10597e-005
5.98751e-006
5.83242e-006
0.000218938
9.70571e-006
6.18617e-006
0.00218848
1.31149e-005
0.000168411
0.000552361
0.000159877
0.0304823
7.18926e-005
2.75902e-006
9.18696e-007
2.15591e-005
0.000211431
3.63759e-006
2.56754e-006
0.000360898
6.24365e-006
2.89842e-006
1.63516e-005
0.000213405
0.0040233
4.50633e-006
0.00351223
1.59566e-005
0.0156507
3.16432e-006
2.55774e-006
3.93697e-005
2.58482e-006
3.36921e-005
2.36909e-005
0.000199128
0.0102441
0.00116242
4.11011e-006
1.05827e-006
0.0242002
0.0113518
8.78052e-006
3.2939e-005
3.53537e-005
0.0001671
0.000199428
0.000416518
0.0269786
0.000317564
2.09466e-006
0.0205912
1.23991e-006
3.57739e-005
1.13741e-005
1.52688e-005
6.45115e-005
0.000220218
0.00137237
0.000506365
0.00660448
6.19604e-007
1.39757e-005
6.42637e-005
8.15084e-005
0.000284421
1.74959e-005
0.000212732
0.000814928
0.000192857
7.89543e-006
0.011816
7.56336e-006
5.14816e-005
3.88021e-006
0.000149214
0.000200492
0.000827831
0.000612102
0.00120805
5.5484e-006
3.30623e-005
1.9765e-005
9.89895e-006
0.000518274
0.000105962
0.000464884
0.000367566
0.000254067
0.000430999
0.000457123
0.00217478
4.43469e-005
0.000220799
0.00743917
0.000114593
3.72768e-006
1.02952e-005
0.000206604
6.86755e-007
3.22918e-005
5.75662e-006
3.72151e-005
1.7523e-006
3.82124e-005
3.20316e-007
2.27975e-005
0.00432048
6.40439e-005
0.00160013
0.000383898
0.00088432
0.000192538
0.00229137
4.83261e-005
4.17069e-007
3.07921e-006
2.12297e-006
0.00626031
1.239e-005
0.0280582
0.000342587
0.00110116
9.54287e-006
0.00315969
0.00166243
0.000211353
0.000344215
0.000259538
2.34658e-005
0.000110252
0.00323368
0.0034675
0.00157676
0.00100451
0.00429414
0.00191772
0.00069978
1.51641e-005
0.0010998
1.94622e-005
2.19931e-005
0.00268951
6.17174e-006
0.00432422
0.00199904
2.36388e-006
1.02281e-006
5.973e-005
0.00835178
0.00104681
1.78102e-005
3.5775e-006
0.00291817
0.00193661
0.0232017
0.000909864
6.6699e-005
3.27314e-005
0.00460089
1.15477e-005
2.91888e-005
8.19961e-006
1.69613e-005
0.00142092
1.59859e-006
1.26967e-005
0.000486526
9.56158e-006
0.000124342
0.00259155
1.67694e-006
9.9063e-006
0.00105297
3.00871e-007
0.00428738
0.000267009
3.76525e-006
2.33041e-005
0.00845157
4.38066e-005
0.00466938
0.000146456
0.00531789
0.00292535
0.000441662
1.76146e-005
0.00102809
0.00588825
7.27833e-006
3.00063e-006
0.00012291
0.000236317
3.04116e-005
6.79543e-006
0.00070298
3.21015e-005
0.00175646
0.00040539
4.94142e-008
5.96952e-005
2.23059e-006
4.25485e-005
2.98672e-007
0.00449102
4.1131e-006
9.37112e-005
4.31247e-006
0.00022863
0.00019099
9.11567e-005
0.0022309
6.24483e-007
0.00349555
0.000177013
4.19611e-005
9.47001e-006
0.00111378
0.000402142
0.000206951
0.000257478
0.000225062
0.000515821
0.000357604
0.00032494
0.00013232
0.000743016
0.000903748
0.00139229
0.00203258
0.00363075
0.000169313
5.45036e-007
0.00032175
0.020103
1.7947e-005
0.000459983
0.00321525
2.65524e-005
0.000710908
2.42032e-005
0.00100799
0.000201016
0.00265778
0.00486884
0.00856965
0.000576558
0.0011671
6.00166e-006
3.8424e-005
0.0335349
1.38032e-005
1.31174e-006
0.00660812
5.8315e-005
2.10766e-006
0.00306132
0.000530842
0.0236207
3.36015e-006
9.08003e-006
0.000295878
5.64116e-006
6.2495e-006
0.0012576
0.000548014
0.000184131
0.00470369
6.15438e-005
8.25203e-005
7.50435e-005
0.0010484
0.00548222
0.00803881
0.0105686
5.61311e-005
0.000191344
0.000765142
7.19586e-005
0.000294504
1.89633e-005
3.47253e-005
0.002184
0.00113865
1.14076e-005
0.00116669
1.01056e-006
0.000668961
2.02226e-005
0.00017205
0.000215571
6.66866e-005
0.024552
0.00957245
7.65978e-007
9.71127e-005
0.000171898
0.000473229
0.000859612
0.00012473
3.4101e-005
0.00656828
4.56445e-005
0.000146478
6.35969e-005
0.000458773
0.000264747
0.000161819
0.0123386
0.000184346
0.00106602
0.000644892
0.00449149
5.52543e-005
0.000865336
1.56383e-005
0.0152692
0.000401711
0.000159704
0.0273146
0.000176441
9.14819e-007
6.44506e-007
6.42355e-006
1.57251e-005
0.000339308
0.000156758
3.57027e-006
1.86115e-005
1.75444e-005
5.39382e-005
0.00522686
0.000154026
0.000669921
5.8647e-007
0.000347356
0.0260714
0.000372992
0.00022716
8.96008e-005
0.00146525
0.00283239
5.26844e-006
4.51022e-005
0.000840366
0.00564849
0.00374208
2.65618e-005
0.000106021
0.000186491
0.00325194
0.000404515
0.00274656
0.00635492
0.000761334
4.86131e-005
0.000432578
2.0597e-005
0.00552006
2.00939e-005
0.000800441
1.64824e-005
0.000220834
0.00172973
0.000449994
0.000431833
0.0053716
0.00765899
1.27869e-007
0.000209353
5.93129e-005
9.3889e-005
0.00138546
4.78504e-005
0.000290746
0.000496136
0.00249579
0.00043157
0.000447061
9.36065e-006
0.0362827
0.032473
0.0341424
4.43653e-006
0.000450882
0.000627644
0.000504685
5.77022e-005
0.0058347
0.000478049
0.000385097
0.00446677
0.000849175
0.0003424
0.000123741
5.38692e-006
0.000443219
4.21349e-005
3.24403e-005
0.00101755
2.54323e-005
0.0019732
0.000274732
1.21967e-006
0.000227823
5.13984e-005
0.000817939
3.67518e-005
0.00184803
0.00357726
0.000699537
8.67485e-005
0.0121194
0.00787941
0.000497569
0.00435804
0.000205023
0.00648694
0.000518824
1.69927e-005
3.06955e-006
0.000239843
0.0013234
0.00526791
0.00714557
0.00779571
0.00102676
0.00323877
0.008699
0.00204672
0.004215
0
0.00346846
0
0.000826182
0.00154875
6.38632e-005
5.74893e-005
1.39637e-005
0
0.000290128
7.44817e-007
5.92694e-005
1.18536e-006
1.08024e-006
0.000454144
4.18319e-005
1.0772e-006
1.12479e-005
0.000354182
0.00089608
0.000943572
