7252
-1.0694e-008
0.000126784
0.00199086
0.000564214
0.000308666
0.0027067
3.60715e-005
0.000100884
0
0
0.00184473
0.000196764
1.2905e-005
0.000289934
0.00445836
0.000296568
0.00885641
0.0143259
0.000204123
0.00125178
-9.3699e-009
0.00103157
0.000140882
0.000598588
0
0.00126438
0.000121812
0.00187587
0.0106371
0.000754528
2.59471e-006
0.00335867
0.00017313
0
0.00202677
0.000319051
0
1.70153e-005
0.00227434
0
0.00105647
-9.63717e-009
0.018758
0.0246616
0.0133751
0.000419906
0.00075705
0
0.00145472
0.0157528
4.83296e-006
0.00166237
0.000110944
0
0
0.00286582
0
0.000110932
0.00958288
0
0.0012995
0
8.4994e-009
8.23681e-009
0.000412534
0.00267744
0.00213506
6.289e-005
0.0114659
0.00150175
0.00200669
7.47973e-009
0.00687517
0.000783848
0.000659571
0.00157318
0
0
0.029432
9.15214e-005
1.21255e-008
0
0.000425392
0
0.000252081
0
0.000400912
0.000169629
0.00464854
0.00927042
0.00101395
0.000226893
0.0293264
0.0033204
0.00228712
0.00207678
-1.07245e-008
0.000334283
0
0.00325644
0.000182266
0.000852838
0.000494135
0.000232657
0
5.31395e-010
0.0237086
0.00616034
0.00112155
0
0
0.0770993
0.00354009
-9.76196e-009
0.00108471
3.69477e-005
0.00331639
0.000105644
0.00281413
0.000488116
0.00184271
0.0028514
0
0.110823
0.00057764
0.00187424
0.000220722
0.00150067
0.0108493
0
0
0.00148562
0.000267592
0.00164241
0.00109506
0.000504625
0
0.0178501
0.00055689
0
0.0355385
0.0268009
0.000385493
0.00181969
0.000375442
0.00246703
0.00626069
0.047169
0.00027819
0.00057729
0.000216588
0.000621543
2.69931e-005
0
0.00696544
0.000854207
0.00388757
0
0.000173015
0
0
0
0.00443279
0.0360239
0.000182088
0.00245228
0.00118041
0.0131922
0.0106398
2.56173e-005
7.9146e-009
0.0235445
0.00292571
0.00579706
0
0
0.00167597
0.00242692
0.00196008
0.000895385
0.000387484
0.000453559
0.00707863
0.000192769
0
0
0.00280006
8.32932e-005
0.00137861
0.00222356
0.000606522
0.000875102
0.00277422
1.05447e-006
7.4528e-009
1.05618e-008
-1.32712e-011
0
0.000624743
0
0
0.000324047
2.99003e-005
0.000175763
7.51254e-005
0
0.00346259
0.00633999
0
-6.36631e-009
0.00034188
0.000900818
0.00314764
0.0026839
0.00153601
2.5804e-005
0.00384226
0.000290395
0
0.0757461
0.000727588
0
0
0
0
0.00391023
0
0.000340892
0.00167321
0.00375475
0
0
0.000688306
0.00485337
0.000403286
0.000697613
0.0028736
0.0018833
1.37773e-011
0.00324125
0
0.000859952
0.000738226
0
0.000176449
0.00758987
0.0031691
0
0.0624205
0.0598631
0
0.0016502
0
0
3.21038e-005
0.00828411
0
0.000529565
0.000337409
6.29763e-005
0.00325562
0.00334878
0
0.000112727
0.0022724
0.00154549
0.0192081
0
0
0.00122113
0.0010834
0.00201688
0.00263761
0.00109879
-3.26296e-011
0.0146788
0.0498536
0.000399075
0
0
-5.52757e-011
0.000994045
0
0.00731878
0.125452
0.000370867
0.000393606
0
0
0
0
0.00810667
0
0.00668995
0.000216135
0.000591518
0.000421383
0.00227027
0
0
-9.60614e-009
0.00177578
0.000771551
0
0.000457385
0.000815145
0.0625777
2.3928e-005
0.0490723
0.0137744
0.0104437
0
0.0479699
0.0002299
0.0249205
0.00481328
0
-3.56994e-011
1.61132e-005
0.0021672
0.000163544
0.00109701
0.00537754
0.00152608
0.00244656
0.00137527
0
0.000592934
0
0.00206178
-7.75408e-009
0.00426574
0.00425638
0
9.57171e-009
-1.1151e-009
0.00444146
0
0.00158567
0.00114962
0.000488784
0.00168509
0
0.00433765
0
0
0.00361468
0
0.0423469
0
0.00332671
0.0107829
0.057008
0.00583702
0
0
5.17907e-005
0.00322053
0.00613811
0.0441858
0.0114894
0
0.000867581
0.000688763
0.0104196
0.00101208
0
0.000164544
0
0.00401166
0.0183116
0
0.00237376
0
0.000424851
0.0501896
0
0
0.013267
0.00770675
0.00353658
0.00347272
0.000657189
0.00268023
0.00219496
0.000266912
0.00481575
0.058661
0.000260531
0.00696038
8.60235e-005
0.000380441
0.0198877
0.000440605
0.00304017
0.00180584
0.00924974
1.10213e-005
0
0.00164853
0.00414155
0.00349043
0
0.000132701
0.00232889
0.00539773
0
0.00151059
0.00319668
0.000638051
0.0119712
0
0.0208443
0.0228004
0.0284129
0.000146672
0.00162683
0.053536
0.17373
0.0563797
0.000485349
-3.23602e-009
0.000996173
0.00064534
1.00073e-008
0.000111723
0.000171917
0.0172386
0.0079139
0.000343738
0
0
0.00395216
0.00183118
-7.35471e-009
0.00902138
0
0.00202448
0.0237114
0.0362365
0.077299
0.00308179
0.00085994
7.95596e-006
0
0
0.0618747
0.000135844
0.000186456
0.00310745
0.00211067
0.0077167
0.00320952
0
0.0010438
0.00011535
0
0
0.00222524
0.000107161
0.00314755
0.000609822
0.0014257
0
0.00130292
-2.50981e-010
0.00180335
0.00165245
0.00804222
0.00664674
0.0553458
0
0
0.00198526
0
0.0223913
0.0014244
0
0.00189057
0.0351096
0.00121184
0.00204343
0
6.20851e-014
7.95669e-006
0.0032291
-1.18085e-008
0.00174057
0.0571879
0.00413821
0.00395996
0
0.0173736
0
0.000208645
0.00236542
0.00169557
0.00469575
0
0
0
6.27529e-009
0
0.0264629
0
0
0
0.00757623
0.00444842
0.00454582
0.000942075
0.00194697
0
0.00453933
0.00621346
2.2236e-008
0
-6.22492e-014
0.00498955
0.000328795
0.00131912
0
0.00261061
0
0.00147239
0.00315062
0
0.00209561
0.00332394
0.00472496
0.00381796
0.0520206
0.00196325
0.000766191
0
0
0.0495195
0.00207579
0
0
0
0.00290562
0.00338346
0.0132128
0.0132683
0.00114939
0
0.00349689
0.00180088
0.00314457
0.00331266
0.00649851
0.0470222
0.0354706
0
0.000710145
0.00133686
0.00075059
0.0040882
0.00618182
0.00016311
0.00341845
0.00472934
1.79466e-012
0
0
0.00135444
0.00293274
0.0610649
0.00734443
0.031135
0.00108718
0.048911
0.00474701
0.00085573
0.00352272
0.000615413
0.0150622
0
0.00201956
0
0.000251907
0
0.00388522
0.00220041
0.00491961
0
0.000824101
0
0.00590232
0.00156069
0.0256952
0.00669306
0
0.0015073
0.00423862
0.0043542
0.0280812
0.000869753
0.000177451
0.00460029
0.00220118
0.0102012
0.00557301
0.0023561
0
0.00238869
1.11793e-008
0.000434628
0.000519935
0.00109017
0.0144691
0.0118876
0.000996765
0
2.34478e-005
0.0405656
0
0.00273112
0.00382043
0.000447375
0.00149349
0.0139682
0
0
0.0024452
0.0644826
0
0.00224098
0.0737843
0.00871464
0.00169943
0.0200646
0.00301188
0.00246799
0.00345765
0
2.22573e-008
0.00311939
0.00781809
0.0168345
0.000611019
0.00752723
0.00625484
0.00799317
0.00320211
0.00548075
0
0
0.00637489
0.0020323
0.000261471
0.000446456
0.00414074
9.07155e-005
0.00414549
0.000424356
0.00754837
0.00509439
0.000573967
-1.70515e-012
0.00128409
0.00808933
0.000672953
0
0.0141377
0.00650374
0.00183739
0.0129165
0.00591877
0.0178072
0.0136325
0
0.0140428
0.0151199
0
0.00113072
0.00165391
0.00724653
0.0256122
0.0353411
0.000222292
9.27664e-009
0.00188054
0
0.00327309
0.0131413
0.0730251
0.0259659
-5.76073e-009
0.00139948
0.0247985
0.00299329
0.0025765
0.00419757
0.00418897
0.000154598
0
8.73184e-005
0
0.0019627
0.0290665
0.0111456
0.0233112
0.00131856
0.00012505
0.00287912
0
0.00188785
0.00784681
0.00949453
0.0755249
0.0059053
0.00944824
0.00478299
0.0216841
0.0171233
0.0484023
0.0417859
0.0309286
0.00661715
0.0623211
0.00391751
0.00589886
0.000385259
0.00134777
0.0017745
1.57862e-005
0.000800015
0.000561803
0
0
0.000657662
0
0.00982924
0.00217249
6.36421e-006
0
0
0.00611091
0.00466855
0.00427342
0.00168296
0.0638403
0.000770133
0.000785004
0.0377612
0.00964643
0.000152962
0.00468336
0.000498989
0
0.0115952
0.00200966
1.46675e-007
0.00298855
0.047947
0.00378528
0.0018943
0.00148326
0.00834435
0.000367255
0.00244365
0.00146148
0.00237293
-9.65208e-009
0.00260764
0
0.00184862
0
0.000536193
0.000117595
0.000129518
9.23863e-005
0.00225808
0.00206211
0.00270497
0.00149991
0.0118382
0.0024419
0
0.0040106
0.00097391
0.000869576
0.0188981
0
0.000433252
0.000243042
0.0006279
0
2.76595e-007
0.0367612
2.7386e-005
0.000573712
0.000674836
0.00569667
0
0
0.0139984
0.00851827
0.000573527
0.0181272
0.00506977
0.00454939
0.00727085
0.0118952
5.96601e-006
0.00411428
0.0302744
0
0.00220513
0.0386743
0.0362628
0.00105986
0
8.43021e-010
0.00221188
0.000358567
0.000344869
0.00176212
0.0631329
0.000365967
0.00114265
0.00062215
0.000983173
0
0.0129492
0
0.00260052
0.00491369
0.0798043
7.19144e-006
0.000484402
0.00133183
0.00233335
0.000985054
0.000756045
3.37391e-007
0
1.67499e-009
0.00208434
0.00422658
0.0218355
0.0165743
6.83833e-005
0
5.74754e-009
0
0.0569385
0
1.36668e-005
0.025806
0.00346443
0.00150729
0.0146744
6.11702e-005
0.012111
0.00095311
0.00258507
0.00143152
0.000443342
0
0.0261261
0.00319928
0.00161331
0
0.00274128
0.000218117
0.00657616
0.000214129
0.00521749
0.00628522
0.00416143
0.0946272
0.0261693
0.0134928
0
0
0
0.00058093
0.00246067
0
0.00152662
0.0032868
0.00131592
0
0.000434378
0.0383035
0.0229189
0.000836859
0
3.93306e-005
0.000574926
0.000282078
0.00753884
0.00436138
0
0.0024515
0
-1.51496e-009
0
0.00129529
0.00402368
0.0174578
0.0142432
0.0264766
0.0114387
-2.20411e-009
0.0134932
0.000623485
0.0326631
0.00150515
0.00112784
0.00564897
0
0.003388
0
1.7635e-005
0.000204002
0.012812
3.08646e-005
0
0.00202248
0.0236493
0.00823413
0
0.0131535
0.00152108
0.000539035
0.0381864
0
4.97005e-006
0.0361334
0.000997789
0.00131432
0
0.0270356
0.00396322
0.0578653
0.00109674
0
0.0466553
0
0
0.0124914
0.000473338
0.00529501
0.0140906
0.0116604
0.0161952
0.0101715
0.00333596
0.0351466
0.00129975
0.00239472
0.0506095
0.00740068
0.000247714
0.0107611
0.00202652
0.00273348
0.00278539
1.12993e-008
0
0
0
0.00120318
0.00229416
0.00553177
0.00487083
1.57301e-009
0.0366891
-8.5988e-009
0
0.035753
0
7.00183e-005
0.00131268
0.0254106
0.00360943
0
0.0127361
0.0255181
0.00274926
0.00147595
0.00365846
0.0196256
0.00282773
0.00193143
0.00127694
0.000280777
0.000144991
0.117624
0.00566723
0.00229279
0.00502891
1.90122e-005
0.000409133
0.000607842
0.0372165
0.0556112
0
0.00372126
0.000284993
0
0.00345276
0.000692945
0.00187307
0.00165595
0.00160144
0
0.0408989
0.00206765
0.00326189
0.000591029
0.071628
0
0.0117949
0.00392267
1.74836e-006
0.0100367
0.000563501
0.0404251
0.00113743
0.000368502
3.22778e-005
0.00497938
-9.07892e-009
0.00293312
1.79157e-006
0.00496831
0.000670542
0
0.000354299
0.000786352
0
0.00104784
0.0101082
0.00450256
0
1.48465e-005
0.000831915
0
0.00761778
0.0984253
0.0105845
0
0
0.00425089
0.000793129
0
0.0388963
3.32347e-011
0.00139293
0.0561407
0.0117944
0.00273981
0.00542615
0.000205554
5.75263e-009
0.00574029
0.0118681
0.0098306
0.00506598
0.00265396
0.00751211
0.00163135
0.0138815
0.00556543
0.00268244
1.91358e-006
0.015931
0.000241083
0
0.00355958
0.00100501
0.00119545
0.00117914
0.032615
9.5632e-005
0.0364066
0.0148795
0.00550732
0.00132782
0.0081472
0.0271906
0.000422521
0
0
0.00848368
0.00564481
0
0.00447947
0
0.00212854
0.00150713
0.000237241
0.0003437
0.0296095
0.00982978
0.0208632
0.00382368
0.00156396
0.00218714
0.00642516
0.00293373
6.23909e-006
0.0125351
0.000128837
0.0146874
0.0420757
0.0197252
0.0121714
0
0.00297004
8.31419e-009
0.00142861
0.00659572
0.00585007
0.026448
0.033633
0.000627241
0.00472282
0
0.0021411
0.004558
0
0
0.00122954
0.0368064
0.0343553
0.0240586
0.00342799
0.00239861
0.0328266
0.0839236
0.013763
0.00267422
0.000927132
0.00190097
0.00492037
0.00733159
0.00511871
0.0232841
0
0.000542281
0.000125656
0.00455702
0.00622291
0.017965
0.00245228
0
0.00389435
0.0299541
0.000174391
0.00114164
0.00181058
3.47047e-006
1.82389e-005
6.21295e-006
0
0.0403203
0.0106434
0.0273483
0.010447
0.00505528
0.00345489
0.00507841
0.00170283
0.0015191
0.00435387
0.00503336
0.000794182
0
0.00922958
0.00189469
0
0.0059414
0.0162896
0.00183101
0.0072682
0.00670561
0.010595
0.00283411
0
0.00122798
0.00956167
2.29706e-009
0.0546852
0.073025
0.000439714
0.018302
0.00307289
0.0010666
0.0210687
7.56069e-005
0.000696868
0.0150843
0.00138779
0.000290068
0.0502496
0.00103793
0.0036767
0.000380599
0.0484759
0
0.00494243
0.00288599
0.00418305
8.60171e-006
0.036603
0.0432322
0.00444275
0
0.00287994
0.000321432
0.00639948
0.00242924
0.0026301
0.00187843
0.0538933
0.000271077
0.00649302
0.00168037
0.0255551
0.000768711
0.00104921
0
0.0199741
0.000335992
0.00627196
1.36662e-005
0.000506201
0.00144421
0.00765321
0.00244649
0.00250583
0.0974126
0.0206571
0.00139446
0.0523322
0.0016544
0.00731567
0
0.00289337
0.00140277
0.0715514
0.0174021
0.0114644
0
0.00647564
2.52135e-009
0.00691078
0.00419883
0
0.00200064
0.0221857
0.0039761
0.00487292
0.00628455
0.00422204
0.0611738
0.0134892
0.000482451
0.0741169
0
0.0245112
0.0475004
0.00144989
0.00433096
0.00307191
0.0882669
0.00221658
4.26335e-005
0.00324206
0.00359564
0.0010431
0.0621454
0.000720822
0
0.00193721
0.00182785
0.0875115
0.0132009
0.0280299
0
0.000477268
0.00430407
0
0.00461086
0.000339309
0.00197362
0.00114106
0.0137101
0.00150073
0.0381232
0.00328872
0
0.00165311
0.00161128
0.0255396
1.85056e-005
0.0019613
0.00171841
0.0187387
0
0.0024686
0.000291526
0.000442333
0.00424582
3.76751e-006
0
0.0017249
0.00075132
0.000685514
0.00604249
0.00130546
0.00764088
0.00755913
0.00432294
7.19214e-006
0.000499704
0
0.00592054
0.0069496
0.0182712
0.000207179
0.00116599
0.00162196
0.000173586
0.00122738
0.00225964
0
0.000568305
0
0
0.000728414
0.0642826
0
0.0429362
0.00217094
6.4702e-006
0.00454597
0.0028005
0.000511727
0.00226421
0.0137169
0.00452091
0.00638321
0.00355911
0.0517953
0.0412204
0.00699977
0.00255331
0.0575601
0
0.00124084
0.00199923
0.000355796
0.033689
0.00553919
8.84184e-005
0
0.00168134
0
0.0029128
0.0026028
0.000237149
0.00129417
0.00267992
0.00126381
0.00505793
0.00177896
0.0193499
0.00219879
0
0.00766368
0.000201206
0.00659785
0.0689921
0.0163262
0.00750012
0.0318274
6.87693e-005
0.00459259
7.30403e-007
0.00364218
0.00914814
0
0.00652752
0.00162908
0.0123181
0.025814
0.0019198
0.00107224
0.00147667
0.01097
0.00726244
0.000110094
1.36566e-005
0.000231475
1.03855e-008
6.88389e-005
0.00149819
0.00256766
0
0.000851962
0.00337017
0.00263568
0.010116
0
0.000180573
0.00213874
0
0.000134692
0.00119542
0.00529037
0.00913567
0.0269443
0.0237026
0
0
0.007022
0.0119474
0
0.00703954
8.70838e-009
0.0196059
0.00335784
0.00309763
0.00626634
0.00122029
-1.23286e-008
0.00301492
0.0301794
0.0158864
0.00353095
1.26975e-006
0.0861041
0.00304341
0.00147177
0.0194959
0.0211089
0.00045463
0.00335769
0.000573405
0.00171641
0.0780166
0.00144518
0.000854973
0.000617627
0.00117257
0.00651029
0
0.00168812
0.00208968
0.0156438
0.000263718
0.00746031
0.00693748
0.00286485
0
0.00336067
0.0243179
0.00222158
1.48391e-005
0.00146372
0.000356839
0.00196007
0.0152061
0.0106552
0.0102406
0.000569753
0.000788965
0.0312829
0.000775794
-1.48993e-011
0.000287437
0
0.00208429
0.00506337
0.00177634
0.0105645
0.0272785
0.000518113
0.0155318
0.044033
0
0.000371664
0.0011844
0.00172049
0.0310454
0.00209611
0
0.00228271
0.00319758
1.42303e-007
0.0165823
0.000344536
0.00182554
0.00204397
0.0430754
0.000783189
0.000963503
0.00336682
0.00357332
0.00542625
0.00190225
0.00374438
0.00262232
0.00134346
0.000538711
0.000232292
0.00133543
0.00217466
0.000813925
0.0551276
0.00165944
0.0122577
0.000464836
0.00162868
0.00453675
0.00253954
0.00163381
0.000442738
0.0466323
0.00190665
0.00813021
4.06922e-005
7.13363e-005
0.0030253
0.000879261
0.00817812
0.000727455
6.35243e-010
2.74202e-005
0.000623306
0.0179589
0.00378591
0.00022405
0.0015785
0.000567468
0.00106407
0.00102985
7.31631e-005
0.000140355
0
0
0.0080564
0.00468154
0.00245547
0.000687325
0.00101922
0.000890639
0.000991558
0.00179111
0.0124011
0.00413861
0
0.000652334
0.000214319
0
0.00558998
0.0032367
0.000126214
0.0213603
0.0246108
0.00282888
0.00504335
0.000152566
0.0153742
0.00129011
0
0.00111776
0.000249335
0.00401999
0.000574917
0.000945198
0.000690702
0.00193411
0.018785
0.00104476
0.00079986
0.00185487
0.00118868
0.00046531
0.00193029
4.31148e-005
0.0159816
0.002378
0
0.0363967
0.000303817
0.00393614
0.0252772
0.027291
0
1.23235e-005
0.00515552
0.00854509
0.00522092
0.0058888
0.000541672
0.00286761
0
0.0104775
0.000375485
0.000774582
0.00268047
3.77786e-006
0
0.00107651
0.00199697
0
0.000823801
0
0.00326018
6.61214e-005
0.000254303
0.0298013
0.00190565
0.00124175
0
0.00635297
0.0024962
0.00892446
0
0
0.00369421
0.00114171
0.0167162
0.00990348
0.0141664
0.00913684
0.00257678
6.37623e-005
0.00980314
0
0.00147437
0.00624357
0.000474485
0.000476371
0.00210267
0.000237762
0
0.00455044
3.21778e-006
0.0432432
0.00287868
0.00399434
0.0498249
0.000572067
0.0016392
8.00177e-009
0.00680254
0.02211
0.000130902
0.00319891
0.000402907
0.00106363
0.00134588
0.00291923
0
1.48993e-011
0.00136372
0.00765854
0.00088824
0.00651779
0.00154944
0.038157
0.00438098
0.00209721
0.000123195
9.8317e-005
0.0012203
0.000143784
0.0120595
0.00339499
7.66003e-005
0.0364847
0
0
0.00810803
0.00268723
0.00411465
0.0207745
0.00209978
2.63094e-005
0.00220979
0.00392322
0.0312886
0
0.0326477
0
0
0.00209656
0.00197904
0.00832123
0.038277
0.00951867
0.0021606
0.00286763
0.00125458
0.00246098
0.0298466
0.0019993
0.010861
0.000604759
0.000666021
0.0026926
0.000141552
0.00390301
0.00398677
0.00228865
0.00118239
0.000319571
0.000935356
0.000807238
0.00082438
0.00765557
-5.17159e-010
0.00205333
0.0029588
0.0321122
0.00087773
0.00125877
0.0383956
2.76561e-005
8.59741e-009
0
0.00103835
0.00091638
0.00513454
0.00499214
0.0235836
0.0732737
0.00344146
0.000417596
0.00116595
0.00085851
0.0146997
0.00019087
0.00124672
0.00216729
0.00123041
0
0.00928023
0.00146532
0.000239733
0.00274597
0.00049675
0.000662855
0.00127374
0.00192826
0.00270552
0
0
0.00343598
0.00281387
0.00030583
0.00250299
0.000956131
0.000241717
0.00048841
0.00118845
0.00182006
0.00971221
0.00214897
0.00266947
0.0252415
0.000634516
0.000966473
0.000598829
4.78871e-006
7.00761e-005
0.00684272
0
0.000515363
0.00646453
0.010311
0.0722945
7.19214e-006
0.000931562
0.0202549
0.00301284
0.000444885
0.0276657
0.0529877
0.00975123
0.00268834
0.000492335
0
0.00198986
0.00196871
0.00272454
0.00343682
0.00360152
0
0.00280897
0.000877185
5.84927e-005
0.00635078
0.00199148
0.00114417
0.00182803
0.0536127
0.0156094
0
0.000793335
0.00181096
0.000814156
6.8528e-008
0
0.00207401
0.00132061
0.000809264
0.0151787
0.00110831
0.00420454
0.00364269
0.00254177
0.000508049
0.000370237
0.00371637
-1.5604e-012
0
0
0.00769214
0.00364378
0.00186891
0.000210612
0.00939954
0
8.62997e-005
0.000420605
0.000186758
0
0.0119937
0.000762242
0.00275352
0.00309631
0.000922966
0
2.38275e-009
0.00412496
0.00514141
0.0018062
0.00148375
0.0115351
0.0016033
0.00159789
0
6.03911e-005
0.00111679
0.0287055
0.000210446
0
0.000947422
0.00426124
0.0102556
0.00340741
0.00457445
0.00330775
0.00110614
0.0019459
0.00327004
0.00508635
0.040446
0.00365987
0.0040484
0.00226933
0.0146832
0.016027
0.000501851
0.000979448
0.00150525
0.0033417
0.00547425
0.00298849
0
0.00247794
0.00128016
0.00306789
0.00564071
0
0.000881916
0.00206579
0.00147071
0.00224252
0
0
0.0111044
0.000154421
0.00473122
0.00356726
0.00596502
0.00888298
6.85109e-009
0.00277068
0.00518706
0
0.00013441
0.00332474
0.00460482
0
5.84324e-005
0.000446659
0
0.00247243
0.00324178
0.0005775
0.000259329
0
0.000298418
0.000986815
0.000480377
0.00389911
0.000849321
6.60176e-005
0.00225779
0.000395848
0.000739273
0.00304119
0
0
0
0.00245158
0.00441952
0.0177671
0.00169091
0
0
0.00407447
0.0429845
0
0.00627034
0.00489876
0.0057687
0.00116314
0.000786449
0.0101771
9.72897e-005
0.00725903
0.000889823
8.70619e-005
0.0062591
0.000434926
0.000349417
0.00248893
0.00280464
0.000267233
0.00129979
3.11542e-005
0.0133548
0.0170185
0.0108878
0.0109119
0.0246582
0.00754669
0.000561296
6.48495e-006
0.00229725
0.00875868
0.00322424
0.00691547
0.00722704
0.000541459
0.0283898
0.00860882
0.00141811
0.0108119
0
0.000495862
0.000660165
0.0224985
0.0431899
0.00829011
0.0524858
0.000240502
1.26596e-008
0.00027917
0.000139383
0.0208456
0.000112985
0.00148063
0.0314237
0.00639884
0.00100336
0
0.00154054
0.000508731
2.19181e-005
0.00201771
0
0.0037885
0
0.000144897
0.0226438
7.30397e-007
0.00359529
4.32001e-010
0.00941439
3.53628e-005
0.00144837
0.000981883
0.00162517
0.00167024
0
0.00226782
0
0.00184735
4.79243e-005
9.46735e-005
0
0.00227851
0.00279739
0.000364811
0.000355469
0.00379143
0.000616853
0.00152568
0.0115351
0.00082249
0.00758638
0.000994502
0.000400806
0.000307018
0.00494877
0.0356569
0.000197951
0
0
0.0268892
0
0.00616809
2.50603e-006
0.00339409
0
0.0104707
0.0062298
0.0142941
0.00130345
0.0522767
0.00156807
0.0317353
0.00051341
0.00126986
0.00136486
0.00075285
0.00163182
0.00162933
0
0.00192606
0.0423906
1.58484e-006
0.000213117
0
0.00324673
0
0.00318426
0.027146
0.0011999
0.0400103
0.0080502
0.0031748
0
0.0253894
0.00291616
0.0227496
0.0123188
0.00109726
0.00200923
0.00602739
0.00158769
0
0.00226059
0.000102088
0.00476285
0.00252283
0
0.00732348
0.00122145
0.0201801
0.000199049
0.000694924
0.00217719
0.000966294
1.66785e-005
0.00204717
0.00967157
0.00135743
0.00113743
0.0732514
4.72261e-005
0.00092727
7.16575e-005
0.000936011
0.00468544
0.00370539
7.94438e-006
0.00292903
0.00172456
0.011746
0.000424996
0.00725375
0
0
0.000839805
0.00208189
0.00165404
0.00939327
0.000234664
0.000500375
0
0.00790822
0
0.00525267
0
0.00186967
0.0171013
0.00136407
0.00745475
0
0.00717845
0.0509386
0.00629846
0.0254083
0.000399069
0.00499176
0.00358772
0.00392718
2.09962e-005
0.000259462
0.00230763
0.00113555
0.00617528
0.00199112
0.00246001
0.05172
0.000759255
0.0069785
0.0028039
0
0.00488517
0.000769161
4.81091e-005
0.0058948
0.000311813
0.00143887
4.62132e-005
0.00249959
0.00975294
0.0032808
0.00142333
0.00332378
0.0171292
0.00152437
0.0130519
0.00071284
0.035875
0.00199062
0.00119203
0.00456528
0.00113414
0.000435942
0.00098998
0.00718832
0.0046509
8.71949e-009
0.00560023
0.0354987
0.0266594
0.00130612
0.00407656
4.32218e-010
0.00244589
0.0017193
0.000659566
0.00646135
0.0205716
0.00110173
0.00458817
0.001798
0.0520319
2.96318e-005
0.0173984
0.00296549
0.000120696
0.00271538
0.0010169
0.00156632
0.000947782
0.000300546
0.00950707
0.00193456
8.00785e-006
8.10851e-005
0.0103726
0
0.0330078
0.00368782
0.00235698
0.00159717
0.000113571
0.00140944
0.00176269
0.0019333
0.000287746
0.000148316
0.0101115
0.00115895
0.00238125
0.000776213
0.000888125
0.00446868
0.00229527
0.0305306
0.0581416
0.00243804
0.00296286
0.00421682
0.0035478
0.00481759
0.0106184
1.325e-005
0.00735708
0.0834622
0.018356
0.0032533
0.00311705
0
0.000560306
0.000237726
0.000475382
0.0123108
0.000593836
0.00351858
0
0.00174056
0.000349871
0.0130565
0.00136446
0.00440444
0.0177673
0.000389299
0.0111741
0.000745546
0.00200123
0.00728868
0.00080929
0.00285473
0.00281626
0.0188894
0.00255283
4.6739e-005
0.0041802
0.000483092
0.00265114
0.0109766
0
0.00050331
0.028812
0.00067458
0
6.13324e-010
0
0.000521343
0.00466578
0.00206096
0.0131038
0.00270172
0.000948981
0.0401969
0.000137521
0.00200098
0.000404625
0.00773547
0.000642438
0
0.00587145
0.00103733
0.00367935
0.000283309
1.04622e-007
0.0495455
0.00495515
0.00129579
0.000385229
0
0.000683642
0.0253278
0.00476866
0.00630671
0.0152671
0.00285582
0.00227075
-2.37967e-009
0.00778385
0.0199912
0.0056268
0.0536643
2.94199e-005
0.00467289
0.0041955
0.0132064
0.011502
0
0.0168604
0.00228866
0.0041809
0.00595635
0.00104195
0.00147809
0.00178588
0.023482
0
0
0
0.000867621
0.0109454
0.0132234
0.00147835
0.0114331
0.0103027
0.0134587
0.00114982
0.00541874
0.0021051
0.00303995
0.027405
0.00563253
0.00129667
0.00149224
0.0274372
0.00020839
0.00352889
0.0087313
0.0361119
0
0.00259158
0.0190757
0.0230271
0
0.00407233
0
0.00164002
0.0247686
0.00209481
4.34005e-005
0.0129801
0.0214219
0.000134017
0.00296033
0.0193802
0.000275374
0
0.000626214
0.00101153
0.00161507
0.0491734
0.00153427
0.00458537
0.00512716
0.00206241
1.4028e-005
0.000716453
0.0160983
0.000624572
0.00197077
0.0139904
0.025979
0.00859176
0.0124962
0.000160973
0.00165953
0.00153212
0.0137581
0.0018617
0
0
0
0.00222378
0.000312406
0.00677269
0.000945189
0.00109008
3.65935e-005
0.0066705
0.00959866
0.000503617
0.000208397
0.00188191
0.00794577
0.00490927
0.0125541
0.000645617
0.000732308
0.000918149
0.00155986
0.0101595
0.00052535
0.00013118
0.0083185
0.00624292
0.00160062
0
0.000919212
0.0196912
0.0027982
0.000716229
0.000702955
0.0449995
0.0131399
0.000240413
0.0180729
0
0.0033518
0.00441374
0.00510524
0.00210951
0
0.0138905
0.00479676
0.0013939
0
0.00588816
0.00173692
0.00179572
0.036716
5.29833e-005
0.000581037
0.00691265
0.00417866
0.00971058
0.00131008
0.00081167
0.00213233
0.00236842
0.0203177
0.00506402
0.00490413
0.000613117
0
0.0161627
0.00161153
0.00490037
0.0156825
0.0108732
0.0140882
0
0.00198607
0.000889671
0.000431258
8.6928e-006
0.000563438
0.00316447
0.0124964
0.000953175
0.00229799
0
5.13432e-005
0.000105775
0.000365588
0.000848998
0.00235364
0.000422339
0.00520859
0.004358
0
0.000595921
0.000548199
2.65009e-005
0.00272678
0.045891
0.0495903
0.000876537
0.00970571
0.00156449
0.00102737
0.0132983
0.012169
0.00470139
0.00126377
0.00292356
0.00151583
0.000712123
0.00131362
0.000742951
0
0.00524042
0.00325325
0.00191822
6.85282e-008
0.00432801
0.000592679
0.00404376
0
0.0353592
0.0138982
0.000143664
2.50866e-006
0.00174192
0.00194982
0.00145986
0.00145049
0.00829799
0.00301034
0.0161442
0.0133514
0.000405815
0.00068405
0.00058236
-6.09247e-009
0
0.00159784
0.0555222
0.000696266
0.0152453
0.00495198
0.0600816
2.21997e-005
0.00103892
0.040966
-9.73891e-009
0.0141684
1.37123e-006
0.00592894
0.000821298
0.00427744
0.00348371
0
0.0107506
0.00205525
0.00963506
0.0166081
0.00127538
0.0138343
0.00348892
0.00344945
0.00133209
0.000696501
0.0039363
0
0
0.00211441
0.00349657
0.000340479
0.0234262
0
0.00103189
0.0158881
0
0.0443445
0.00183706
0.000305191
0.0300076
0.019103
0.00279039
5.04285e-005
0.00552566
0.00839735
0.0120657
0.000248475
0.00219634
0.016288
0.00159776
1.692e-005
0.00124287
0.00182764
0.00135615
0
0.00387842
0.00182454
0
0
0.000649079
0.00130992
0.0266634
0.000719107
0.00465322
0.00488243
9.71208e-005
0.00724959
0.0139287
0.00518623
0.0155668
0.00231804
0.00058924
0
0.0193172
0.00995708
0.000500668
0
0.0114872
8.69087e-011
0.000671487
0.00308485
0.0108499
0.0168259
0.000398043
5.35133e-005
0.00258743
3.39993e-005
0.00219421
0.0034544
0
0.000179171
0.00708972
0.00393599
0.00425494
0.00524913
0.00103399
0
0.00757043
0.00232221
0.000197594
0
0.00196058
0.00135521
0.0098098
0.0109262
0.00373891
0.011547
0.0249209
0.0301958
0.0226956
0.000829478
0
0.00486367
0.00486026
0.000484138
0
0.00258346
0.00213904
0.000504418
0.00362551
0.000803148
0.000129922
0.00235587
0.00101157
0.0116497
0.00366388
-1.19023e-011
0.0108216
0.00129991
0.00966795
0.000492971
0.000776086
5.39559e-005
4.74909e-005
0.00465048
0.00369066
0.00310978
0.00105132
0.000719177
0.00315359
0.00387029
0.00652098
0.00862928
0.00407547
0.0300451
0.0100068
0.00819394
0.000207565
0
0.0321743
0.00103047
0.000198852
0.000100686
0.00323002
0.000716594
0.00222686
0.000837945
0.00218271
0.000924288
0
0.0110238
0.00923922
0.00023344
0.000558823
0.0426941
0.005814
0.00474735
0.00126748
6.56304e-005
0.00380542
0.0171588
0
0.00156845
0.0393412
0.00114256
0.0101129
0.0071294
0.000177707
0.000467545
0.00256586
0.020805
0.0161572
0.00107546
0.0206065
0.0039295
0.0254893
0.000102255
0.00652212
0.0156893
0
0.000424539
0.00144886
0.0032131
0.00732665
0.00617369
0.0281134
0.000200321
0.000616394
0.00745738
0.00150229
0.00170206
0.00154523
0.0101442
0.0110883
0.00701923
0.0018166
0.0041059
0.00136692
0.00281825
2.21301e-006
0.0162976
0.0298839
1.63141e-005
0.00961211
0.00544277
0.00665028
0.00110418
0.00829762
0
0.00296235
0.000608101
0
0.000372338
5.51442e-005
0.00519071
0
6.6747e-006
0.00262224
0.000744659
0.0111186
0.0195637
0.0164071
1.40039e-005
0.00390592
0.00152932
0.00190074
0.00026295
0.00171975
0.00218247
0.00912917
0
0.00371472
0.0399066
0.0035578
0.0016204
0.000882124
0.00518447
0.000957225
0.00979225
0.11512
0
0.00432383
0.0012572
0.000909034
0.00156491
0.0026711
0.003352
0.00064298
0.00395812
0.00292781
6.94158e-005
0.000348269
0.00113668
0.000243846
0.00886148
0.00849717
0.00239943
1.53274e-010
0.00125938
0.00433703
0.000867572
0.0260494
1.08851e-006
0.0166772
0.00707845
0.000557762
0.000265729
0.00307586
0.00156191
0.000165511
6.81628e-005
0.000447267
0
0
0.000321466
0.00456439
0.000173318
0
0.00118922
0.000706495
0.00988678
0
0
0.000820025
0.00679491
0.000899233
0.0142091
0.00234292
0.00122985
0.00211317
0.00465765
0.000581512
0.00120537
0.0864146
0.000128844
0.0330439
7.89392e-005
0.0109579
0.00934475
0.00227067
0.00426141
6.99612e-012
0.0471101
0.00072918
0
0.00107742
0.0184635
0.000551513
-4.46149e-009
0
0.028171
0.0214071
0
0.0204817
0.00102075
0.00255963
0.000300179
4.59625e-005
0.000392759
0.000637142
0.00244546
0.00379849
0.00844138
0.0001455
0.00030267
0
0
0.00383041
0.000402116
0.00184454
0.01601
0.0186413
0.000818495
0.00640273
0.000885672
0.00142796
3.72866e-005
0.000748942
0
2.36181e-005
0.00123509
0.000673162
0.000358173
0.00110926
0.00326497
0
0.0389958
0.000672486
0.00247622
0.00206257
0.0060457
0.00133061
0.000193691
0.00732071
0.00753735
0.0217331
0.00371806
0.0035519
0.0160213
0.015048
4.038e-005
0.00118853
0.00235326
0.00927702
0
0.0185023
0.00619338
0.00657727
0
0.00196756
0.00102189
0.000410964
0.0248937
0.00724243
0
0.0467216
0.000806694
0.0079928
0.00887421
0.00127892
6.80878e-005
0.000175139
0.00451827
0.00121615
0.000183654
0.00216633
0.0146155
0.0475232
0.00036409
0.00473726
4.58038e-005
0.00222504
0.00203204
0.00360957
0.00238697
0.000622159
0.00257789
0.00151259
0.00201828
0.000799846
0.000600923
0.000856871
0.020372
0.0110032
0
0.00135167
0.0136037
0.0136091
0.000160388
0.00249893
0
0.000853203
0.00015138
0.0014665
0.000546539
0
0.00239024
0.00747484
0
0.00836642
0.00225374
0.00154755
1.22609e-005
0
0
0.00627932
7.78797e-006
0
0.000622527
0.039883
0.00150918
0.0124855
0
0.000950277
0.0140937
0.0209158
0.000334106
0.00337211
0.00314395
0.0122984
0.00262629
0.00760542
0.00168686
0.00535608
0.000513647
0.0015061
0.00165969
3.0929e-005
0.000535921
0.0327458
0.000479177
0.0022372
0.00364328
0.00196485
0.0063496
0.000869809
0.00371522
0.00865082
0.00242476
0.0310443
0.00254957
0
0.000224233
0.00103173
0.00643779
0.00330565
2.34623e-011
0.000476703
0.00913249
0
0.0128289
0.0218444
0.00212549
0.0104329
0
-4.65073e-010
0.00849252
0.00608942
0.0033846
0.00984567
-4.27387e-010
0
0.0040622
0.000425698
0.032293
0.000921896
-8.66897e-010
0.00996356
0.0475818
0.00145426
0.00125083
0.00439485
0.000872907
0.0554466
0.000146791
7.65036e-005
0.000611954
0.0179669
0
0
0.000360312
0.000888124
0.000462364
0
0.00147978
0.00598104
0.00487513
0
0.00863357
0
-5.00048e-009
9.77138e-006
0.00268685
0.000548184
0.0100848
0.0117641
0.00249777
0.00128887
0.00431544
0.0492012
0.0202013
0.000532434
0.00927837
0.001199
1.88965e-006
0.000777159
0.0157976
0.0555222
0.00159708
0.000186165
0.000336492
0.0266464
0.00407833
0
0.00728227
0.00780155
0.00110518
0.0075913
0.00926234
0.00185692
0.000953834
0.00278736
0.00143983
0.000419826
0
0.000574246
0.000570954
2.42221e-006
0.000579123
0.0378953
0.0100655
1.9084e-005
0.0026643
0.0122338
0.0337922
0.0488656
0.0458115
0
0.00117937
0.0588588
0.02324
0.0219617
0.0282653
0
0.000576905
0.00127063
0.0193864
0.00146777
0.00274644
0.00195591
0.0152596
0.0176428
0.0123117
0.00498168
0.0152008
0.00294642
0.0165278
0.00179018
0.00189905
3.90199e-005
0.0223952
0.00097693
0.00082747
0.00582531
0.0108904
0.0053876
0.00019342
0.000327201
0.0574915
0.00759818
0.00231972
0.00318231
0.00588273
0.00626633
0.0158012
0.000447277
2.16808e-005
0
0.00139753
0.00916855
0.0270324
3.21156e-005
0.00155664
0.00637656
0.00860013
0.000893472
0.0273429
0.0267511
0.00716329
0.000581018
0.000314671
0.000859265
0.01112
0.00206606
0.000915004
0.00430028
0.000533331
0.00129726
0.00286778
0.0110998
0.000364813
0.00716464
-1.10619e-008
0.0113734
0.00319401
0.0696199
0.0398872
0.00195664
3.52806e-005
0
0.00699681
0.00612267
0.0319406
0.000860986
0
0.000552795
0.00286282
0.00187839
0.016172
0.00183462
0.00843611
0.00313995
0.000781722
0.00423053
-8.4343e-009
0.0038996
0.00805399
0.000382274
0.010016
0.00029928
0.0018629
0
0.0019222
0
0.000372787
0.00504163
0.000136721
0.000121833
0.00274951
0.014809
7.03741e-012
0.0144693
0.00110984
0.0195671
-7.51149e-009
0.000441694
0.00638385
0.00277192
0.00108012
0.00299073
0.00126019
7.45669e-006
0.00658347
0.0548382
6.99525e-012
0
0.000101987
0
0.00055257
0.0072555
0
0.00355037
0.00232312
0
0.009635
0.02515
0.044714
0.0527425
0.00827349
0.00154097
0.000668338
0.0532715
0.00680916
0.000938366
0
0.000242802
0.0285166
0.000724595
0.00584813
0.0165076
0.00279101
0.00168949
1.01498e-006
0.0148675
0.00146628
0.0106987
1.01014e-008
2.85746e-005
0.00202459
0.00703564
0.0076988
0.00335552
0.000363331
0.00155457
0.0138551
0.00206864
0.00208515
0.00671763
0.00354851
0.000826312
0.00398434
0.00173065
0.00082955
0.00113267
0.00502128
0.0210549
0.00544175
0.00045131
0.0024923
0.000869405
0.000619065
0.00211788
0.00565029
0.00270253
0.0918446
0.000443943
0.0116171
0.0172707
0.00352801
0.00745447
0.0108877
0.00157806
0.00160982
0.0112819
0.00273837
0.00479286
0.00644705
0
0.0200225
0
0.00334188
0.00197469
0.00357208
0.0122735
0.000820661
0.000372666
0.0014924
0
0.00482298
0.00132738
0.00483861
8.24153e-007
0
0.00138425
0.0542991
0
0.000329944
0.00236005
0.000724167
0.0020242
0.0183444
0
0.0079714
0.000380629
0.0333685
0.0427495
0.00139428
0
0.00727141
0.00378217
0.00235391
0.0024625
9.05618e-005
0.00118304
0.00480497
0.00693715
3.8546e-005
0
0.00179059
0
0.00792802
0.00206926
0.000514373
6.13334e-005
0.00159088
0.00789858
0.00637101
7.2896e-012
0.000300288
0.000202104
0.00523716
0.00295319
0.00932769
0.00415051
0.00827173
0.000114622
0.000564501
0.000824631
0.00175952
0.00800578
0
0.00170009
0.0122433
0.00378031
0.00176439
0.00296364
0.00145143
0.01513
0.000726659
0.000183217
0.00431761
0.00154914
0.001547
0.00977634
0.00406265
5.40234e-005
6.13257e-005
0
0.0149078
0.0139955
0.0015912
0.000126387
1.76415e-005
0.000761752
0.000884139
0.00203955
0.014139
0.0221927
0.00540831
0.00133324
0.000266488
0.00584584
0.000595862
0.00128729
0.0251269
0.0123041
0.000747952
8.40667e-009
0.00161805
0.00144455
0
0
0.00025006
0.000413566
0
0.00806847
0.0408527
0
0.00194695
0.000433342
0.00023559
0.00659971
0.000426355
0.00014803
0.000566133
0.0022101
0.000754736
0.0264251
0.000383271
1.53052e-009
0.00112007
0.00191456
0.000120463
0.00451616
0.00550154
0
0.0101321
0.00360597
0.0179441
0.000345113
0.0169393
0.00799492
0.0143534
0
0.00829292
0.00135995
0.000130865
0.0264686
0.0258288
0.0132477
0.0062918
0.000101645
0.00279928
0.0171142
0.0122131
0.0120787
8.69147e-005
0.00190287
0.000321477
0.0110261
0.00130082
0.0304945
9.0195e-005
0.00201934
0.000655253
0.0721871
0.00814559
0.0014744
0.00338204
0.000292587
0.00136462
9.05377e-005
0.0429367
0.0010431
0.00045801
0.00071005
0.0245316
0.00214481
0.0396464
0.0194936
0.00224211
0.00173812
0.0101637
0.0139695
0.0524339
0.00010408
0.0238419
3.39641e-005
0.00441717
0.0289832
0.000250727
0.000277581
0.00104847
0.00908426
0.0360912
0.0386584
1.53052e-009
0
0.00549737
0.000109091
0.000556819
0.0654582
0.000618667
0.00196211
0.00118127
0.000606714
0.00503427
0.00289477
0.00343657
0.0003356
0.000391592
0.00280004
0
0.00210994
0.00209707
0.00270625
0.0415679
0
0.000794585
0.002384
0.0016092
0.022385
0.00693741
0
0.00244734
0.028341
8.45676e-009
0.0175764
0.00264647
0.00275826
0.000807054
0.0140389
0.0233625
0.000698321
0.0156063
0.00323204
0.000357168
0.0360221
0.00230253
0.00520144
0.000954762
0.00607099
0.000695856
0.00233179
0.00632893
0.00232799
0
5.09567e-009
0.0289087
0.000500654
0.000183196
0.00734869
0.00473188
0.0245903
0.0144187
0.000724563
0.0108195
0.001398
0.0150788
4.12174e-005
0.0024205
0.0176726
0.00150965
0.00206171
0.00200034
0.0154152
0.0217317
0.003519
0.000119731
0.00634926
0
0.00469273
0.00837986
0.00867176
0.00545049
0.00213897
0.0203285
0.00656417
0
0.000668817
0.0023177
0.000570824
0.000836533
0.00456219
5.52663e-005
0.00685915
0.000761712
0.00138401
0.00298865
0.000385595
0.0217421
0.000882373
9.93985e-009
0.00151653
0
3.73448e-005
0.0131846
1.31886e-005
0.0703454
0.0197013
0.000516395
0.00250088
6.3407e-005
0.000140631
0.000428669
0.00169274
0.0142802
0.0223332
0.00139937
0.00115093
0.00309888
0.00158305
0.0193644
0.0331737
0.000968401
0.00782003
0.00371756
2.52986e-005
0.000503297
0
0.0230506
0.00625589
0.000398257
0
0.00192194
0.0344261
0.000376383
0.0010139
0.00104329
0.00150383
0.000122829
1.24648e-009
0.00681564
0.00544475
1.44373e-006
0.000666136
0.00189495
0.000523865
0.00107124
0.00113577
0.00113274
0.00763999
0.0115541
0
0.0016062
0.016473
0.00632669
0.00479503
0.00204064
0.000277581
0.0388235
0.034067
0.0346408
0.00202162
0.00158027
0.0137179
0.00108286
0.00508589
0.00718312
5.42269e-007
0.00850499
6.19283e-010
0.00402661
0
0
0.000268736
0
0
0.0030594
0.000283551
0.00323667
0
0.000758737
0.0373725
0.00281947
0.000365127
0.00196388
0.00601294
0.0214615
0.00363156
0.0144525
0.00544698
0.00214143
0.00212058
0.00904075
0.00352904
0.00121481
0.00217173
0.000712187
0.0011306
0.0214093
9.17398e-005
1.41904e-006
-1.68789e-009
7.73576e-005
0.000808613
4.33522e-005
0.00832016
0.0195041
0.0017687
0.00879453
0.00353084
0.0473861
0.00197109
0.00143173
0.000730223
0.00116889
0.000943468
0.0156348
0.000190052
0.011568
0.0106427
0.0105185
0.00207168
0.000510316
0.000683064
0.0309452
0.010178
0.00664609
0.00275668
1.88959e-006
0.00101043
0.0135231
0.000341492
0
0.006411
0.000576333
0.0368305
0.054812
0
1.31896e-005
0.0006838
0
0.0196053
0.00165068
0.0019006
0
0.000389959
0.0143772
0.00392355
0.000337114
0.00580495
0.000595437
0.0138281
0.0232731
0.0207763
0.00215174
-5.72301e-015
0.0145257
0.0119032
0.00138636
0.00226765
8.78522e-006
0.00813564
0.00291441
0.0156817
0.00676218
0.000442778
0.0240196
0.000784858
0.0145364
0.00318135
0.0146504
0.0817444
0.00507742
9.08035e-005
0.000779665
9.56554e-005
0.000508989
0.000503241
0
0.000400526
0.000955127
0.011833
0.0039213
0.0335795
0.0394148
0.00739572
0.00440669
0.000755577
1.05741e-005
0.00228311
0.0046996
9.49852e-009
0.0033278
0.00400057
0.00356645
0.00192895
0.0112917
0.00755433
0.00102545
0.000702728
0.00951573
7.4224e-005
0.000867865
9.25523e-009
0.0011481
0.000416568
0.00347434
0.000350228
0
0.0246853
0.00487793
3.59818e-006
2.05929e-005
0.0115331
0.0285669
0.00302383
0.000745331
0.0062069
0.00523774
0.00228772
0.0393572
0.000716122
1.95194e-005
0.00185091
0.00246012
0
0.0153659
0.012602
0.00962571
0.00141872
0
0.0101605
0.0169307
-1.03907e-008
0.000848572
0.050211
0.0114575
0.00451633
-9.41947e-009
1.47782e-005
0.0245093
0.0223125
0.00425165
0.0190857
0.000409303
0.000216907
0.00568961
0.027746
-6.67522e-009
0.00628871
0.000807832
0.00106435
0.00200862
0.0405157
0.0259092
0.0675066
0.00237943
0.0253358
0.000358186
0.00420792
0.0294111
0
0.000527366
4.91807e-006
8.11853e-005
0.00023679
0.00194261
8.26724e-009
0.0273943
0.00153874
0.0117817
0.00244326
0.000390323
0.0211422
0.0689204
0.0842254
0.00320575
0.00270036
0.00158223
0.000365916
0.00132411
0.00193535
0.0312054
2.12783e-005
0.000324877
0.000256649
0.000495759
8.1925e-005
0.00640783
0.000560632
0.00252234
0.00243122
0.000890987
0.0271388
0.000827339
0
0.025048
0.000232479
9.99668e-005
0.00323686
0.00633915
0.00664491
0.00495883
0.00516347
0.00334075
0.00395656
0.00277881
0.00100848
0.0227127
3.85755e-010
0.00560986
0.04936
0.000410369
0.0141316
0.0116119
0.0251115
0.0122316
0.00589468
0.00124088
0.00392568
0.000249105
0.00262615
0.000411693
0.00257653
0.0039757
0.000130105
0
0.00977438
0.00096786
0.0931659
0.00409505
0.0158351
0.00149167
0.0264386
0
0.00319544
0.0115161
0
0.0643044
4.49506e-005
0.00362105
0
0.0057167
0.00367006
0.00760867
0.00319403
0.000110934
0.000783727
0.00399295
0
0.00234014
0
0
0.00282095
0.00150123
0.000780729
6.07914e-007
0.00276662
0.00445864
0.0104225
0.000317508
0.00391592
0.00407466
0.000536006
0.0121609
0.00241422
0.000199137
0.000354324
0.00141182
0.000437129
0.0501605
0.0243834
0.000880488
0.000889488
3.6139e-005
0.00092127
0.000560745
-5.17294e-009
0.00144781
0.00286954
0.0120986
0.0592796
0.00843128
0.00567368
0.0411014
0
0.0509313
0.0010356
0.000588193
0.000532076
0.0010496
0.00167744
0.00898433
0.0138129
0.0049672
0.00156027
0.00272559
0.0059756
0.000105651
0.000421234
0
0.0049946
0.00087384
0.0204855
0.000779756
0.0463752
0.00156704
0.0301869
0.00745617
0.002885
0.0312638
0.00639997
0.00403315
0.00096721
0.00220192
0.00412587
0
0
0.00128731
0.028946
2.50602e-006
0.0216846
0.0011834
0.000481581
0
0.000132529
0.00120459
0.000323307
0.00312169
0.0012188
0.000771833
0.0109488
0.00785867
0.00107754
0.00196802
0.00154948
0.00175065
0.00644707
0.000607133
-1.06116e-008
0.00387407
5.03912e-005
0.00434359
0.00425493
0.0207652
0.00343376
0.000228132
0.000709055
0.000796188
5.17888e-007
0.0021031
0.0161191
0.0021735
0.00208884
0.000437428
0.000448394
0.00263678
0.00593484
0.000869957
0.000419925
1.02896e-005
0.00034087
0.0004141
0.00114797
0.0569713
0.0720055
0.0011525
-2.84809e-010
0.004621
7.07891e-009
0.00318865
0.0420204
0.0139211
0.00089896
0.00235953
0.0022685
0.00184186
1.55955e-005
0.0018812
0.0562872
0.00870412
0.000190121
0.00144911
0.0367861
0.0512331
0.0254488
0
0
0.00217247
0
0.0158766
0.00028543
0.013138
0.0132236
0.00111647
0.000800539
0.0193316
0.0106127
0.00418818
0.000313567
0.00642871
0.00354215
0.00646512
0.00861291
0.00012406
0.00021301
0.00768345
0.00718976
0.000994628
0.0028441
0.000258649
0.00245401
0.0140684
0.000794144
0.0201589
0.0283544
0.0218971
0.00235894
2.91203e-005
0.012364
0.00113195
0.00211214
2.46478e-006
0.00529012
0.00464601
0.00430955
0.0169696
0.00862938
0.00603492
0.00491027
0.00143912
7.66589e-006
0.00125735
0.00539266
9.79371e-005
0.00628095
0.00255645
0.00657591
0.0109067
0.00171555
0.0158041
0.0427041
0.0561085
0.0222567
0.0137025
0.000430468
0.00170369
0
0.000392077
0.0151428
0.0262596
0.0140721
0.000673833
0.0153213
0.00320046
0.00744431
0.00450542
0.00102486
0.00217481
0.0126888
0.00498083
8.38473e-005
0.012569
0.000584051
0.000896915
0
2.57616e-005
0.0370393
0.000213955
7.1327e-005
0.00697262
0.00457335
0.00599753
0.00194445
0.00635286
0.00176232
0.011155
0.020346
0.022954
0.00190735
0.0119591
0.00709621
0.00295875
0.00651485
0.00155761
0.00207294
0.00258029
0.000936635
7.31283e-005
0.000629023
0.00109098
0.00178858
0.00231339
0.00167213
3.38774e-005
0.000274436
0.00368094
0.00686157
0.038031
0
0
1.7311e-007
0.0802592
0.0654126
0.00936325
0.00437484
0.00586305
0.0118261
0.00303873
0.0169315
0.000427545
0.00127177
0.0589667
0.000679132
0.0073397
0.0126894
0.0187027
0.00316732
0.00356281
0.000701173
0.000507579
0
0.104998
0.000495804
0.000272415
0
0
0.00171562
0.00171869
0.0116103
-1.03089e-009
0.000423933
0.00246525
0.00095148
0.00500242
0.0120694
0.00171666
0.00159656
0.0189602
0.00137776
0.00648401
0.00423354
0.00106218
0.015583
0.00791796
0
0.0102529
0.0209695
0.00318893
0.00131337
0.00951109
0.000558522
2.74418e-005
0.0301303
0.0298659
0.0227517
9.52359e-005
0.00023296
0.00219774
0.00231097
0.000787038
0.0172053
0.00128131
0.0109838
0.0041822
0.0268873
0.00256414
0.0115374
0.000443101
0.000108379
0.0141448
0.00293528
0
0.00450178
0.0128528
0.00647495
0.000983539
0.00347201
0.000818327
0.00612091
0.0400408
0.00398502
0.00112808
0.000573333
0.0215524
0.00170969
0.00111092
0.000407895
0.00802091
0.0024726
0
0.0240133
0.0103557
8.40545e-005
0.00105019
0.00108345
0.00117667
0.00011861
0.0200974
0.00179458
0.00412219
1.55984e-006
0.0165182
0.0155444
0.00133752
0.00154357
0.000555444
0.041054
0.00742099
0.00741884
0.00957676
0.00572287
0.00184644
1.0976e-005
0.000731438
0.000883491
0.00444523
0.0100349
0.000731582
0
0
0.0051449
0.000285172
0.00367145
0.00020543
0.00108364
0.000743337
0.00250556
0.016948
0.00020355
0.000825874
0.0148345
2.46215e-005
0.000952228
0.00214625
0.0012305
0
0
0.000365509
0.0182095
0.00156753
0.00211048
0.0680051
8.98383e-009
0.00130962
0.00186016
0.0147503
0.0160068
8.98139e-009
0.00619374
0.0430185
0.000293146
0.000489839
0.000263346
1.22667e-006
0.000279698
0.0327115
0.0206754
0.0153959
0.0037674
0.00165358
0.000693229
0.0151731
0.00305214
0.00266531
0.000915081
0.000722308
0.000411025
0.0283044
0.00635709
0
0.000653604
0.0134221
0.000875244
0.00206714
0.0173868
-8.07927e-009
0.0276518
0.0276254
0.000926838
0.000293829
0.00668957
0
0.0432562
0.0225096
0.00945657
0.00780046
0.00362865
0.0191746
0.00258338
0.00164551
0.00191718
0.0547775
0.0381733
0.0412485
0.0257915
0.0323758
0.00882951
0.0228901
0.000340438
0.00291419
0.000194381
0.000394277
0.00202432
0.000270725
0.0263019
0.0013443
0.00302999
0.00315329
0.00147779
0.00108392
0.0342315
8.8686e-005
0.000249741
0.00379231
0.00117455
0.0302814
0.00119903
0.00159501
0.0217126
0.00207605
0.00260899
0.000954839
0.00218085
0.00329857
0.000931615
0.00170307
0.00647422
0.00899492
0.0214362
0.000649691
0
0.00180075
0.00509445
0.00100753
0.00618902
0.00906591
0
0.000581149
0.00232154
0.0130481
0.0109213
0.000370354
0.0036356
0.00121303
2.55792e-009
0.00693389
0.000354079
0.000793596
0.000977987
0.0929388
0
0.0119174
0.00478338
0.000199194
9.29705e-005
0.0114133
0
0.0172237
0.00644577
0
0.00110301
0
0.0001722
0.00103542
0.00260194
0.00344428
0.00275818
0.00193212
0.0010029
0.00228576
0.00314107
3.31184e-005
0.00997167
0.000896643
0.000782951
0.00235894
0.00177885
0.00589379
0
0.00201229
0.00162942
0.00907714
0.0143427
0.00778339
0.000266686
0
4.94352e-005
1.52807e-005
0.00494065
0.00102116
0.0047917
0.00879357
0.000787859
0.000165233
0.00438718
0.00188796
0.00368868
0.0288692
0.0210229
0.00438416
0.0045838
0
0.00743398
0.00665174
0
0.00264749
0.00176986
0.000531264
0.001746
0.00293696
0.008413
0.0276307
0.000881629
0.00170574
0.000591161
0.00924255
0.00983027
0.00458988
0.0162738
0.00654928
2.6367e-005
0.00107347
0.00286419
0.0237025
0.00177554
0.00218343
0.0129049
0.0520918
0.00435069
0.000791079
0.000655099
0.0693513
0.0511716
0.0377883
0.0011074
0.00112601
0.00995772
0.0190903
0.031276
1.16946e-005
0.002093
0.0597423
0.0528029
0.0405866
0.00247076
0.000316394
0.0104796
0.00341435
0.000106565
0.000965837
0.00136849
0
1.16885e-005
0.00527949
0.00315848
0.000280324
0.0207036
0.038006
0.000205903
0.00334167
0.0819482
0.00570481
0.0142299
0.023537
0.000226898
0.0160912
0.000984604
0.00105096
0.000778383
-6.03338e-009
0.00307696
0.012864
0.00355118
0.00368319
0.000477716
0.0427389
0.0228263
0.0113182
0.0079429
0.023751
0.0251602
0
0.00217141
0.000964678
0.00193201
0
0.0102764
0.0103902
0.0023829
0.0352204
0
0.000789526
0.023059
0.0105565
0.00342198
0.00235051
0.00605582
0.00112186
0.000537748
0.00759574
0.00407141
0.000193273
0.00883485
6.76869e-005
0.0074411
0.0279356
0.0296285
0.025195
0.00665396
-3.88702e-010
0.00106817
0.00965888
0.00118284
0.000307759
3.3854e-005
0.00201123
0.0282566
0.00141245
0.000813368
0.00187533
0.0014749
0.000450519
0.00117446
0.00191804
0.00224933
0.0509413
0.00928782
0.000538163
0.000904055
0.000516511
0.00781169
0.00913712
0.00666542
8.00506e-009
0
0
0.00134851
0.00137192
0.00283148
0.0297253
0.0134028
7.58267e-005
0.00108704
0.00104239
0.00784733
0.00572132
0.0198418
0.00724388
0.0181937
0.0446214
0.0233306
0.00218011
8.07303e-006
0
0.0090198
0.00450935
0
0.00100611
0.0389997
0
0.000512044
0
0.0294517
0.00191179
0.00191585
0.00101531
0.0473014
0.0552185
0
0.0178265
0.0174003
0.00726614
0.0103823
0.000448326
0.000892513
0.00551692
1.53529e-008
0.00373511
0.0252553
0.0281019
0.0087952
0.00886058
0.0212814
0.0263958
0.00315313
0.000679741
0.0365652
0.00323214
0.00264484
0.0274194
0.0242667
0.0237825
0.00493662
0.0269923
0.0256397
0.000768246
0.00764219
0.0463146
0.00764578
0.00873804
0.0198776
0
0.019183
0.00221908
0.0103049
0.000891594
0.0295999
0.000618367
0.000198153
0.00044469
0.000943344
0.00133231
0.00163274
0.0170647
0.013696
1.04627e-007
0.0171508
0.000313757
0.0534567
7.16902e-005
0.000324103
0.0037064
2.51419e-006
0.000294301
0.00552865
8.77957e-005
0
8.37609e-005
0.00112015
0.014259
0.00327135
0.0027551
0.00278664
0.00146867
8.54515e-005
2.17081e-006
9.75204e-005
0.0013846
0.0367963
0.0820631
0.0146757
0.000900502
9.23929e-005
0.000952943
3.78864e-005
0.000552262
0.0513475
0.00364608
0.002003
0.00217926
0.000342156
0.00121141
3.38945e-005
0.00130321
0.0040822
0.00821703
0.000245467
0.00437361
2.59644e-005
0.000440142
0.00188464
0.0049916
0.00214894
0.000865535
0.00982538
0.00145408
0.0209802
0.00223156
0.0244489
0.00336967
0.0170596
0.00276089
0.00162622
3.43399e-005
0.00165716
0.00609793
0.0404848
0.00221526
0
0.00976531
0.0115999
0.0152179
0.000538388
0.0227333
0.00246736
0
0.00016962
0.000543302
0.0230004
0.00173854
0.00225309
0.000841857
0.0434689
0
0.0395296
0.00501816
0.0653631
0.0341059
0.00255577
0.002243
0.000808195
0.00125246
0.0503019
0
0.00229111
0.0471083
0.000881479
0.0014393
0.0166068
0.0166074
0
0.00323061
1.65343e-005
0.00179389
0.00550823
0.0170835
0.0365731
0.0111589
0.00144055
0.00288061
0.000590924
0.00336545
0.00362562
0.000185084
0.015059
0.00780968
0.00274544
0.00150815
0.00173174
0.007581
0.00161573
0.0018212
0.00231848
0.00578313
0.0103679
0.00894268
0.00191913
0.0132095
0.0116368
0.0123202
0.00199321
0.000779279
0.000454277
0.00123331
0.000391244
0.00149444
0.00149723
0.0132769
0.00299916
0.00175714
0.000986533
0.0289145
0.00193136
2.06219e-005
0.00106546
0.00102735
0.0105975
0.000189506
0.000624808
0.0059049
8.05425e-005
0.00309642
0.0116092
0.000814554
0.000104282
0.00153151
8.29073e-009
0.00112266
0.000258005
0.0211061
0.00153706
0.00477474
0.00711735
0.00909377
0.019013
0.00154037
0.0101542
0.0196408
0.00156384
0.000267272
0.00431008
0.00376033
0.000455979
0.0557711
0.00286979
0.00151492
0.00687454
0.043635
0.0183909
0.0357216
0
0.000805206
0.00290724
0
0.00420322
0.00208851
0.00195061
0.00149922
0.000460335
0.000222264
0.00461272
0.00467796
0.0402921
0.0434494
0.00352091
0.0209892
0.0244152
0.01718
0.00189568
0.0158501
0.000548784
0.000191157
0.000847231
0.00434503
0.000595389
0.00138297
0.00323117
0.0071944
0.00126107
2.47862e-005
0.00583757
0.00408097
0.0107867
0.00172595
0.00012436
0.000704016
0.0214764
0
0.000275693
0.000967032
0.0301899
0
0.000171798
0.0334558
1.30706e-009
0
0.00214797
0.000171316
0.0522133
0.00863728
0.00545817
0.00714802
0.00398073
0.00510166
0.00207291
0.0260215
0.00660222
0.000275999
0.0406313
0.000654536
0.00264435
0.00648504
0.00723322
0.000640839
0.00178268
0.00165462
0.00296514
0.000156366
0.00197753
0
0
0.00263833
0.00130351
0.000537434
0.000731509
0.00180143
0.00175835
8.58082e-009
0.00530955
0.0158783
0.000986038
9.55179e-005
0.0108694
0.000710628
0.00191204
0.00199202
0.00109853
0.000144416
0.000736829
3.83256e-006
0.00127701
0.00385936
0.000988558
0.000526803
0.00344269
0.0621617
0.0586653
2.56925e-009
0.00416075
0.000815936
0.00507743
1.13784e-005
0.01402
0.0229991
0.00361332
0.000764866
0.0311015
0.00491167
0.0117286
0.00706311
0.00793171
0.0339425
0.00899213
0.0126198
0.00257628
0.00778533
0.00173384
0.00209727
0.00964971
0.00440998
0.0048416
0.000311893
0.0204533
0.0213275
0.000549993
0.00165314
0.00930592
0.00169898
0.00776288
0
0.00255692
0.00246147
0.0233607
0.0426262
0.0324835
0.000573934
0.0361377
0.00826034
0
2.41685e-005
0.0291505
0.00262991
7.70029e-006
2.21535e-005
0.000996344
0.000173402
0.0040193
0.0352676
0.0456763
0.00272575
0.00540733
0.00265449
0.000388612
0
0.00133782
0.0043797
0.044137
0.0094554
0.00218716
0.00626183
0.000943818
0.0333407
0.00223417
0.00228055
0.00665863
0.00994821
0.00169309
0.031076
0.015812
0.000470369
0.00271362
0.00353697
0.00212245
0.00170706
0.0426141
0.00885841
0.00341028
0.000402084
0.000548128
0.000865206
0.000774444
0.0182925
0.0131628
0.0227943
0.00378059
0.00283103
0.0115268
0.0157318
0.00132244
0.000912668
0.0120654
0.000715716
0.00323652
0.0246889
0.00579588
0.00348512
0.000369357
0.000382174
0.000958511
0.00439016
0.00407604
0.00242501
0.00391278
0.0029619
0.000765341
0.000728211
0.00239851
5.62014e-005
0.00178191
0.00173803
0.0301534
0.00161222
0
0.00121266
0.000375153
0.00165937
0.00735639
0.0030969
0.00221633
0.00121073
0.000784504
0.00130353
0.00148988
0.00100708
0.00268445
0.0198899
0.000212015
0.0218149
0.0225011
0.0231939
0.0143523
0.00854551
0.0127874
0.00207736
0.000630944
0.00785385
0.000816927
0.0118938
0.000767039
0.0104276
0.0333835
0.018638
0.0207281
0.00572927
0.00100264
0.000699725
0
1.56479e-005
0.00150222
0.0033559
6.93298e-005
0.000825922
0.014413
0.00120993
0.0290437
0.000421671
0.000167099
0.0321174
0.0219972
0.003096
0.0012144
0.00574213
0.0003847
0.0201041
0.0146085
0.00710269
0.00906732
0.0158693
0.00558546
3.59135e-006
0.00929122
0.00961349
0.0571888
0.0299701
0.00262642
0.00114099
0.00117361
0.000922316
0.0135323
0.00186846
0.00560841
0.0499833
0.00280899
0.0180919
0.00191093
0.000181059
0
2.8567e-005
0.00031935
0.00131881
0.00788763
0.000260801
0.000885237
7.89997e-005
0.00021079
0.000879402
0.000120978
0.0876422
0.00333154
0.00328995
0.0165644
0.00664496
0.00214693
0.000267353
2.4245e-005
0.0124399
0.000921547
0.022873
0.00288064
0.00069475
0.00717652
0.000482809
0.0407972
0.00169283
0.00114984
0.00229663
0.00271476
0.00257555
0.00191968
0.0249071
5.4483e-005
0.00169337
0.00189738
9.40992e-006
0.00350965
0.00171243
0
0.0145128
0.00215454
0.00365201
0.000272339
0.00372272
0.00303533
0.00101654
0.000221291
0.00121803
0.00134064
0.00113812
0.00487514
0.0276883
2.87785e-005
0.000715494
0.0057878
0.00681449
0.000462136
0.00136538
0.000830136
0.00142043
0.00222539
6.87439e-005
0.00279911
0.000166407
0.00112394
0.000217204
0.012782
0.0608541
8.80041e-005
0.0386794
0.000668306
0.00497411
0.0617849
0.000611498
0.00383791
0.01209
0.000320718
0.000174274
0.000850446
0.00750991
0.0200398
0.00109348
0.0406531
0.0243049
0.0260168
0.00179911
0.00441688
0.00257153
0.00279812
0.0230045
0.0458306
0.00178109
0.0245148
0.00282436
0.000227562
0.0161972
0.000115674
0.0063726
0.0024951
0.00110173
0.0531749
0.0225586
0.00123774
2.1982e-005
0.0540426
0.00447729
0.000960038
0.0182887
0.0386068
0.0245765
0.027781
0.00356209
0.0163625
0.0510584
0.00297356
0.00207125
0.00158425
0.0161909
0.00157826
0.0114942
0.0162256
0.0112156
0.00083293
0.0067764
0.00019665
0.0106699
0
0.00313939
0.00403692
0.0111541
0.000291823
0.00943422
0.000260193
0.0041571
0.00173749
0.0019019
0.031306
0.0262342
0.000603147
0.00111457
0.000720697
0.0618033
0.0385958
0.0293712
0.00666526
1.46936e-005
0.00329105
6.60461e-005
0.00311697
0.00135273
0.000871774
4.42824e-006
0.0182512
0.00175498
3.0822e-009
3.11241e-005
0.0311617
0.102456
0.00435909
0.0359368
0.000232725
0.0619957
0.00815058
0.00350341
0.0338581
0.00270792
0.0657771
0
0.0170763
0.0153486
0.000305713
0.00505189
0.0036056
0.0078817
0.00773596
0.0115176
0.0435612
0.000939991
0
0.0119752
0.00182424
0.00258609
0.00149581
0
0.00101809
0.00152654
0.000651459
0.00663847
0.000907674
0.0185967
0.0106466
0.0269063
4.36383e-005
0.002
0.00035591
0.00548138
0.0183714
0.0014089
0.00426856
0.0112241
0.000300142
0.00203461
0.00516192
0.0197148
0.0563326
0.00329138
0.03678
0.0454798
0.000151388
5.05003e-005
0.00298485
0.00111803
0.00168869
0.00130025
8.19234e-005
0.000573135
0.00338545
0.00031257
3.42001e-006
0.000508016
0.00243798
0.00124539
0.00786041
0.00383059
0.00864753
0
0.00106936
0.0262967
0.00188704
0.00210043
0.0034073
0.020148
0.00109911
0.00038684
0.000635839
0.0186744
0.00121127
0.000499986
0.0384702
0
0.00334735
0.0137035
0.0140684
0.0279598
0.000323656
0.0434041
0.000768011
0.00326844
0.0019167
0
0.00700038
0.0153549
0.0334468
0.00257221
0.00320157
0.0461342
7.66023e-005
0.000276416
0.0259451
0.0257348
0.00591468
0.0166367
0.00731662
0.000129338
0.00139566
0.00197806
0.000793703
0.0107885
0.000871375
0.00174204
0.0104918
0.000900052
0.00302771
8.2105e-005
0.00180303
0.00238392
0.000868639
0.00443769
0.00708224
0.0572563
0.00980575
0
0.0143723
0.0202159
0.00343132
0.00135824
0.000996547
0.0109367
0.0737186
0.000510637
0.000643852
0.00669667
0.00323634
0.0600901
0.00215617
0
0.0257369
0.0135183
0.0386975
0.000819948
0.00243702
0.000824701
0.0275097
0.0303299
0.000350523
0.000237649
0.00575057
0.00426945
0.00497565
0.0220497
0.000798331
0.0055161
0.00108729
0.00816929
0.0192951
0.00406503
0.0235562
0.0009288
0.0015784
0.029127
0.0304128
0.000128274
0.0107821
0.00552736
0.00354541
0.0323403
0.03536
0.00150228
0.00231912
0.0073016
0.00432723
0.00154714
0.00573312
0.000787802
0.00837216
0.000843096
1.56697e-005
0.00509758
0
0.000700872
0.0169291
0.00106117
0.00179716
0.00798114
0.0137789
0.00175588
0.00118946
0.0196861
2.86156e-005
0.00794627
0.00202056
0.00245908
0.00124549
0.00504529
0.000475249
0.000416388
0.00115029
0.0604186
0.0166043
0.00246218
0.00223392
0.000622367
0.0113386
0.00485662
0.000760065
0.00333755
0.00640952
0.000363834
0.000516432
0.0212857
0.00453006
0.00406543
0.00028513
0.00116223
0.00237039
0.000819845
0.00473695
0.00213152
0.00616267
0.0167103
0.000320517
0.000154468
0.000519615
0.000430085
0.0029953
0.00233651
0.00039629
0.0181005
0.000595089
0.00337384
0.00243541
0.000791261
0.00244971
2.5631e-005
0.0289842
0.000147209
0.00545966
0.00102137
0.0295332
0.0033138
0.000770624
0.00836968
0
0
0.00597684
0.0222975
0.0192749
0.00118863
0.00221853
0.00472384
0.00567476
0.00197344
0.0223778
0.00212514
0.000297833
0.000423171
0.000292649
0.00990552
0.0369388
0.000380671
0.012601
1.93531e-005
0.0011486
0.0792976
0.0534305
0.00707392
0.0188639
0.0965426
0.00050773
4.07952e-005
0.0515098
0.000174594
0.0336377
0.000356786
0.00055958
0.000645759
0.00626306
0.00700596
0.000977625
0.011022
0.0782482
0.00103027
0.0115992
0.0199444
0.0231956
0.0165237
0.000661014
0.00141852
0.0101385
0.0110088
0.0124142
0.00138
0.00422269
0.0327576
0.00277602
0.000152406
0.00758976
0.00570772
0.0386755
0.00025527
0.00199492
0.000764538
0.00633369
0.00297194
0.00237608
0.00115802
0.00620546
0
0.005796
0.00450743
0.0018487
0.00777608
0.00299086
0.0805574
1.21506e-005
0.00519635
0.0015756
0.00656318
0.0257164
-6.12121e-009
0.0062043
0.00617565
0.00065709
0.00794705
0.00176402
0.0325522
0.0246342
0.000260801
0.00858452
0.00175828
0.000886647
0.0176171
0.0483262
0.00141998
0.00157445
0.00179063
0.0132463
0.00180524
0.000471515
0.000153586
0.0033676
0.00102584
0.00622254
0.0181866
0.00191674
0.000237033
0.00502912
0.0163052
0.00337681
0.00488588
0.00508501
0.0269562
0.000195509
0.000664603
0.00487383
0
0.0414475
0.000717975
0.000969614
0.00577543
0.0160245
0.0160239
0.0030023
0.00234976
0.0233505
0.00276134
0.0073766
0.00363455
0.0574991
0.0133608
0.0151647
0.000828227
0.00414514
0.0311992
5.70686e-006
0.0427319
0.0181586
0.00900829
0.00208924
0.00392502
0.00272917
0.0216974
0.0101259
0.00120719
0.00208414
0.0128572
0.000472818
0.00536862
0.00791323
0.0206337
0.00505299
0.0062568
0.0049679
0.00745131
0.00232611
8.42437e-005
0.00173604
0.00999658
0.00935224
0.0210561
0.00199868
0.00183558
0.0073752
0.0241284
0.00151951
0.000598045
0.0107056
0.0102541
0.0021819
0
0.0405818
0.0408948
0.00536119
0.0052062
0.0019261
0.00103482
0.00388377
0.00101315
0.00180802
0.0218771
9.89877e-005
0.000936675
0.0141868
0.000424156
0.000455866
0.00074782
0.000661016
0.00144908
0.00257226
0.000214489
0.00476981
0.00177774
0.00264576
0.000567172
0.00339528
0.0230737
0
0.0219249
0.0261709
0.0327557
0.015391
0.0335941
0.0649658
0.0196914
0.000440003
0.00271936
0.000497261
0.000518706
0.00110166
0.00201994
0.000983953
0.000517355
0.0163748
0.011068
0.0169755
0.00468392
0.0158975
0.000478627
1.45388e-005
0.0464429
0.0160127
0.00295461
0.000691447
9.89298e-006
0.000544216
0.00504922
9.29691e-005
0.00865491
0.00423303
3.63302e-005
0.00466632
0.00192383
0.00319043
0
0.0139951
0.00135734
0.00611425
0.0511898
0.00289443
0.0081475
0.00607984
0.00239591
0.00613704
0.000332631
0.000256289
0.0012874
0.00300842
0.00212974
0.001263
0.00226703
0.000373769
0.000554591
0
0.0112134
0.00226606
0.000905161
0.000201859
0.0214735
0.0418449
0.00487383
0.00909531
0.00210857
0.000599847
0.00531908
0.00560256
0.0203081
0.0123992
0.0121819
0.00081789
0.000685531
0.00146371
0.00570438
0.0053667
0.0158259
0.00473866
0.00120241
0.00423359
1.20128e-005
0.000357523
0.0402937
0.0425121
0.00197437
0.00259159
0.00510303
0.0675889
0.0235804
0.0181806
0.000616191
0.00124737
0.00117148
0.0014509
0.00231824
0.0424891
0
0.00109415
0.000796948
0.000182584
0.00637947
0.00140304
0.000516489
0.000271573
0.000373872
0.00472879
0.0672656
0.00527309
0.00220328
0.000133772
3.08805e-005
0.0175391
0.0154485
0.00349754
0.00415045
0.0370299
0.00653191
0.00397112
5.67773e-005
0.000924656
6.13836e-007
0.0176562
0.00640951
0.000905655
0.00303828
0.000222307
8.30699e-005
0.000658663
0.0366738
0.0148405
0.000498264
0.00350399
0.000425765
0.00635152
0.0481547
0.0513106
3.7033e-005
0.00204946
0.00537844
0.00403181
0.000319036
0.00480479
0.00269335
0.00178763
0.00106288
0.0358097
0.00791128
0.00228368
0.00011914
6.40566e-005
0.000347531
0.0230276
0.0155375
0.040432
0.000730316
0.000125296
0.000576714
0.0010635
0.00345992
0.00454502
0.00348943
0.00199567
0.00484506
0.0102876
0.0271081
0.00801542
1.23074e-006
0.000353174
0.00156151
0.00384722
0.00252504
0.00269857
0.000828419
0.015498
0.00127255
0.00610438
0.00201751
0.00718906
6.96405e-005
0.000139489
0.00667928
0.0178807
0.006714
0.00428503
0.00651559
0.0014044
0.00691752
0.0392347
0.0166227
0.00499107
0.0137441
0.00633733
0.0206631
0.00142812
0.074219
0.0726094
0.00192572
0.000175493
0.000520292
0.00143978
0.000426679
0.000491394
0.000509289
0.00037952
5.42393e-006
0.000556848
0.000281452
0.000388823
0.00702457
0.00203855
0.0349982
0.0443994
0.00254428
0.0451562
0.00183594
8.26917e-005
0.00398839
0.00703564
0.00436805
7.16175e-005
0.00321128
0.00236583
0.00266066
0.00502708
9.34989e-006
0.000482823
0.0200933
0.010643
0.0243828
0.0170335
0
0.00171171
0.00253152
0.00401371
0.000150363
0.0343632
0.000932631
0.00160883
0.001389
0.00404234
0.00450141
0.00170392
0.0236774
0.0081597
0.0120294
7.02887e-005
7.94058e-006
0.0163222
0.0195114
0.00253276
0.00349973
0.00459425
0.000547848
0.00110273
-6.51102e-009
0.00169203
0.0253811
0.0224436
0.0022168
0.00252724
0.00488989
0.00647654
0.00418355
0.00790648
0.000694792
0.00564123
0.00150129
0.0107122
0.031755
0.00572509
0.0276169
0.0371637
0.00378296
0.000172392
0.00151918
0.00522502
0.000151561
0.00100747
0.00317776
0.00946685
0.0474834
3.39838e-005
0.0416478
0.00672522
0.00404554
0.000675783
0.000962624
0.00366151
0.00847294
0.00460559
0.0108805
0.000280322
0.0104347
0.00024989
0.00731048
0.00223316
0.00167635
0.00306791
0.00209656
0.0136943
0.0155831
0.0194219
6.47216e-005
0.000398617
0.0109125
0.00108898
0.00292108
0.0768372
0.0154037
0.000927892
0.00148894
0.0085747
0.0502228
0.00408122
0.00787431
0.00658922
0.00818008
0.0132294
0.0215895
0.0464139
0.00992432
0.00541473
1.98619e-005
0.00423069
0.00190953
0.0192588
0.000166378
0.000163635
0.0144033
0.0187565
0.0010906
0.002274
0.00785443
0.00359024
0.00336655
0.0182871
0.0147694
0.0291148
0
0.00323706
0.0424783
0.000173801
0.00494812
0.0164943
0.0158836
0.0155428
0.0152685
0.00425559
0.00397884
0.00221366
0.0251621
0.00100505
0.0053979
0.00908709
0.000214119
0.00434038
7.20511e-005
0.00181666
0.00375914
0.0245525
0.0159794
0.00166118
0.00124342
0.00398982
6.96214e-005
0.00238876
0.00960298
0.00444078
0.00271156
0.00345344
0.000277527
0.00801598
0
0.000599249
0.00693921
0.000731692
0.0252043
0.000440002
0.00175142
0.000354527
0.000116282
0.00731914
0.000741691
0.00110903
0.00295441
0.00412004
0.0183753
0.00107373
0.00148822
0.00271885
0.00742808
0.00544701
0.0038727
0.00186465
0.0176504
0.00203153
0.0575066
0.00195596
0.0156118
0.0128827
0.000546206
0.0134873
0.00410134
0.0015875
0.00165076
0.00380103
0.0005213
0.000673495
1.2446e-006
0.000336445
0.00321273
0.000211723
0.00705097
0.00900288
0.0185238
0.000285088
0.0290857
0.000298982
0
0.00212455
0.00198896
0.0337747
0.000923329
0.00698099
0.000720905
1.20964e-005
0.00251104
0.00194454
0.00864327
7.46517e-006
0.00341264
0.00407161
0.00169564
0.000116989
1.91796e-005
0.00168381
0.0212264
0.000461229
0.00623851
0.00565745
0.00102778
0.0151646
0.000338576
0.00301508
0.00146664
0.000132462
0.000446103
0.128935
0.14392
0.00225252
0.00010904
0.000222331
0.0236795
0.00526401
0.000102642
9.01129e-005
0.000866301
0.0207117
2.95853e-006
0.00206765
0.000390077
0.0405944
0.0278072
0.0105237
0.0036577
0.00178152
0.000500664
0.00360078
0.00506209
0.000836031
0.00508902
0.00314167
0.00750755
0.00691669
0.00670964
0.00482127
0.0012183
0.0336793
0.0141192
0.00482232
0.000155101
0.000671835
0.0011433
0.0400949
0.0146794
0.000341069
0.00105913
0.0157508
0.0321851
0.00178175
0.000542024
0.00559846
0.00136815
0.000141475
0.000741094
0.0158948
0.00247523
0.00570841
0.00586205
0.00795405
0.000727964
0.00622292
0.00986617
0.000768593
0.00215204
0.00658727
0.0172257
0.0846888
0.00168893
0.0380488
0.0178065
0.00438311
0.000408212
0.0335641
0.00219769
0.000569705
0.00179182
0.00126468
0.00623533
0.000268453
0.0223115
0.018398
0.053923
0.0686675
0.0369155
0.00626361
0.0228746
0.000761519
0.00076152
0.0977998
0.000379539
0.0252185
0.00300631
0.00593508
0.000826993
0.0219447
0.0123409
0.000891384
5.98323e-006
0.00264401
0.0157424
0.000607577
0.000998628
0.0202277
0.00194321
0.00960887
0.00679514
0.00731753
0.00109229
0.00093422
0.0391849
0.000255605
0.00304989
0.0341188
0.00693794
0.00265028
0.0152482
0.00856336
0.00502786
0.000782341
3.90406e-005
0.00745934
0.00748648
0.00621905
0.000379574
0.0134171
0.00015607
0.000567921
0.0330107
0.00278086
0.000118993
0.00311533
6.89724e-005
4.47671e-005
0.010517
0.0134435
2.71339e-005
0.000498155
0.000783162
0.0261897
0.000259305
0.000270911
0.0125418
0.000753239
0.00412477
0.00237805
0.00200715
0.000742527
0.00103435
0.0253213
0.0070717
0.00156217
0.0013487
0.108177
0.0549204
1.66526e-005
0.0303552
0.0282471
8.99057e-005
0.00372071
0.00615268
0.00548928
0.000677774
0.0183305
0.0391811
0.000218707
0.0058972
0.000367278
0.0241096
0.00179103
0.000106303
0.0990044
0.0146548
0.0160125
0.086965
0.00278882
0.00130787
0.00854097
0.0282528
0.00772381
0.0149766
0.0159844
0.0181093
0.0042824
0.000497046
5.3881e-007
0.00363634
0.00467802
0.00085401
0.00996045
0.0134413
0.00130607
0.034025
0.000170153
0.00041878
0.0002252
0.00191038
0.0127666
0.0317174
0.00190051
0.0029279
2.20984e-005
0.000639626
0.00314029
0.000519349
0.0534844
3.57504e-006
0.0082573
0.0122307
0.00773281
0.0100497
0.00254261
0.00453281
0.000251193
0.0050398
0.00276106
0.0373042
1.10934e-005
0.000312633
9.93369e-005
0.0789391
0.0392943
0.000136164
1.46495e-005
0.0511844
0.0030274
0.000757005
0.0131765
0.0025444
0.0402123
0.000116629
0.00152881
0.00451539
0.000840194
0.000667918
0.000356683
0.00010851
0.0684744
0.00228784
0.00127574
0.00158927
0.000674529
0.0319801
0.0904013
3.49963e-005
0.00585254
0.00050966
0.00105766
7.1705e-005
0.0142759
0.000928559
0.000211005
0.000187774
9.81076e-005
0.00470648
0.0266648
0.00250704
0.0258923
0.00231067
0.00161781
0.00528455
0.0130062
0.00544845
0.00271066
0.00342198
0.00450949
0.00497252
0.0135614
0.00887256
0.00731144
0.000164573
0.00606521
0.00185562
0.0019792
0.0116423
0.00810092
5.43735e-005
0.0236785
0.00303435
0.0349724
0.000242756
7.33261e-005
0.0595194
0.00148773
0.000293657
0.00161661
0.000511781
0.00312237
0.0260957
0.00155974
0.00337469
0.00397844
0.000830152
0.000636945
0.0210082
0.0266656
0.000214581
0.00538921
0.00657065
0.0145595
0.00926822
0.0115942
0.000199598
0.00388458
0.00603793
0.00311383
0.00597675
0.000636129
0.000103803
0.0141194
0.024309
0.000368919
3.99776e-006
0.019931
0.0647928
0.000293834
0.000742526
0.0139405
0.000366962
0.000217055
0.0087571
0.000353912
0.00474699
0.0282487
0.00192548
0.0047994
0.00034572
0.00342022
0.000187296
0.00391833
0.0752236
0.00170904
0.0157271
0.0126423
0.0113327
0.00304407
0.00991882
0.013248
0.00574763
0.000998252
0.0409223
0.000952858
0.00248891
0.0378516
0.0565116
0.0531713
0.00206443
0.000227334
0.00326706
0.0004714
0.0321246
0.0155009
0.0199327
0.00161659
0.0246422
0.0127658
0.00288284
0.0028738
0.0089542
0.0012064
0.00360628
0.00381704
0.00110673
0.00269547
0.00474686
0.00337429
0.00185343
0.000451516
0.000524551
0.00130188
0.00510325
0.00218114
0.0014695
0.00334242
0.00198861
0.0202567
0.00215996
0.00409613
0.017694
0.00248393
0.00809917
0.064061
0.000532923
9.5079e-005
0.00997435
0.000526041
0.000144535
0.00235559
0.00517416
0.000448947
0.00180614
0.00481292
0.0169586
0.0046054
0.0232213
0.000221595
0.000245076
0.00559044
0.00864552
0.00531751
0.000482346
0.111891
0.0014524
0.000245783
0.0573506
0.00765123
0.00691676
2.87615e-005
0.00621393
0.00906719
0.000535706
0.001572
0.000482335
0.0202532
0.0141268
0.000559148
0.000849973
0.000259452
0.0315461
0.0174858
0.0342123
0.0186906
0.000478858
0.0992514
0.0508401
0.0163216
0.00238043
0.000126078
0.00073158
0.0134714
0.019651
0.0101705
0.0062791
0.0134645
0.017034
0.00731318
0.035141
0.00119367
0.0116492
0.00201468
0.0439749
0.00220138
0.01783
0.0041626
0.00323174
0.00319162
0.00421392
0.00236255
0.00163426
0.000852678
0.0278342
0.03694
0.00357243
0.0294436
0.0150294
0.000205629
0.00419973
0.00703803
0.00134736
0.0416818
0.0196595
0.00377837
0.00598724
0.00470977
0.0117794
0.000310863
0.000923684
0.00705552
0.00214064
0.032187
0.0390673
0.0458964
0.00019234
0.0135727
0.0053534
0.0114564
0.0164725
0.0175064
0.00461988
0.00192296
0.00122734
0.000537951
0.0255498
0.00578778
0.0336575
0.00334504
0.000261759
0.00122497
0.00111762
0.00214421
0.00495911
0.0198299
0.000392735
0.000484802
0.00518597
0.00057835
0.000669273
0.00122322
0.0238225
0.0590211
0.0400136
0.0110748
0.00463063
0.000265356
0.00271797
0.0120743
0.0160589
0.0130316
0.000182012
0.030595
0.0120094
0.000343094
0.00375139
0.0036518
0.0100676
0.0269611
0.00880853
0.0211206
0.000933741
0.0066093
0.000468625
0.0520644
0.0057329
0.0622495
0.00120829
0.0020529
0.000265194
0.012527
0.0273781
0.00222438
0.00368991
0.000306348
0.001087
0.00411563
0.000768321
0.0121659
0.0107515
0.00273965
0.0201895
0.000816016
0.00113538
0.00213887
0.0208904
0.00773194
0.00476989
6.05455e-005
0.000805542
0.000474139
0.000310476
0.00015953
4.71107e-005
0.0224548
0.00528344
0.00435628
0.00101028
0.00357529
0.00826741
0.0032712
0.00471719
0.0272016
0.00200294
0.0450704
0.000735382
0.0188781
0.000690731
0.000708489
0.00114207
0.00237815
0.00140862
0.0360156
0.0278369
0.0645754
0.00168983
8.4782e-005
0.000859748
0.00293464
0.0329703
0.0318505
0.00300403
0.00101336
0.00214288
0.0204583
0.00063877
0.00151105
0.0110434
0.00255215
0.00546114
0.00156878
0.0257672
0.00921664
0.00707471
0.00399525
0.00321466
0.0158403
0.000529936
0.0341888
0.0224542
0.0121456
0.0245119
0.0171992
0.0196471
0.000312633
0.00712241
0.0094524
0.00612629
0.00100602
0.00437882
0.00529937
0.00534387
0.0012207
0.00830905
0.0102698
0.0367833
0.00596025
0.0244897
0.001901
0.00719438
0.00675143
0.00369907
0.00813247
0.0049693
0.00550703
0.00902587
0.00297695
0.00457436
0.000712538
0.0148686
0.0547878
0.0039995
0.00936339
0.00322006
0.0265659
0.000468363
0.0716986
0.0699234
0.000656195
0.0195676
0.0410987
0.000163626
0.000551752
0.0274327
0.0260455
0.00510991
0.00254328
0.000657063
0.00172616
0.0132294
0.0407792
0.00180403
0.00705103
0.0618856
0.00659939
0.00645833
0.0157953
0.0114213
0.00868454
0.0117213
0.00149316
0.0253467
0.00878563
0.000254022
0.000668288
0.00215829
0.00462153
0.0227877
0.00133805
0.00036254
0.00712129
0.0435921
0.00519247
0.00452377
0.00932286
0.126937
0.0107248
0.0152978
0.000457971
0.00048535
0.00589821
0.000393366
0.0363419
0.00214051
0.00209125
0.000248966
0.00721785
0.00510004
0.00350414
0.00451435
0.00752545
0.00697532
0.0160809
0.102501
0.0992405
0.0802619
0.0375784
0.00106209
0.000331142
0.0285537
0.00206501
0.00132911
0.00818064
0.000333859
0.000758775
0.0201545
0.021182
0.000915688
3.49906e-005
0.00817876
0.0019726
0.0270371
0.0013615
0.00205294
0.000267332
0.00569531
0.023563
0.0327132
0.0109106
0.0304053
0.0219692
0.024088
0.00267512
0.00493813
0.0566259
0.027083
0.000892023
0.00371727
0.00571849
0.00704121
0.00567794
0.00836735
0.00675607
0.0290671
0.0036611
0.00420912
0.00351645
0.000398774
0.00891248
0.0307754
0.0249409
0.0311793
0.00505017
0.00235858
0.00601147
0.0380483
0.0230462
0.000519726
0.0228151
0.00180573
0.000995181
0.00976429
0.0099662
0.0431132
0.000201098
0.0010103
0.0197891
0.0228908
0.0175239
0.00143344
0.000958315
0.00356191
0.00120479
0.0100079
0.00101048
0.0015833
0.0033289
0.00127859
0.0102262
0.0164876
0.00389411
0.000113978
0.0498079
0.0204428
0.011068
0.037822
0.000704369
0.0132121
0.000783692
0.00610503
0.00738709
0.00729636
0.0226494
0.000989444
0.000277694
0.00597561
0.00672159
0.00601432
0.0517654
0.00778098
0.00364616
0.00687315
0.12694
0.0366495
0.0260641
0.0163173
0.00811636
0.0059449
0.00058552
0.00190492
0.0111959
0.00251429
0.00174149
0.00184074
0.00195689
0.00214638
0.00290777
0.0107518
0.00850572
0.000820378
0.000822225
0.000362824
0.000398444
0.000974528
0.0261286
0.000629903
0.00273248
0.00197022
0.00913965
0.0115451
0.00307645
0.000997761
0.0101237
0.000584072
0.00390526
0.0176538
0.018039
0.0416531
0.0139053
0.0119344
0.000409514
0.00297919
0.00438271
0.029356
0.00655848
0.0071798
0.00310609
0.0091863
0.00448319
0.0167962
0.00940808
0.022769
0.00561071
0.000214279
0.00709621
5.27855e-005
0.00304529
0.00517472
0.00060062
0.0335141
0.00460601
4.99978e-005
0.000919906
0.041719
0.00324722
0.00290158
0.0162469
0.000793524
0.00485738
0.00860066
0.0191328
0.00902095
0.0132136
7.40042e-005
0.00992975
0.000503035
0.000642214
0.0515381
0.00600474
0.000515992
0.00442797
0.00325792
0.0135885
0.0394814
0.0458154
0.000907211
0.00654052
0.0348283
0.0369726
0.0199382
0.0266952
0
0.0149653
0.0121903
0.00293167
0.000981472
0.00821056
0.00811866
0.009629
0.00965392
0.00845506
0.000947916
0.00093233
0.000963131
0.00170266
0.00329032
0.00285179
0.000852113
0.00207882
0.033764
0.00252594
0.0289387
0.0103985
0.00287266
0.0174922
0.00143995
0.00096728
0.0303481
0.00405266
0.00371814
0.03399
0.138206
0.0634357
0.00729469
0.00465894
0.0129155
0.00664649
0.000331142
0.00790122
0.00607007
0.0515615
0.0278498
0.0179708
0.00192752
0.0059019
0.000118207
0.00511346
0.0293894
0.00111703
0.0134059
0.000106007
0.007385
0.00647938
0.023385
0.00231514
0.000135629
0.0144014
0.0102596
0.00131341
0.00744124
0.00176893
0.00473302
0.0178072
0.0299325
0.0273124
0.0537062
0.0414697
0.0398202
0.0405553
0.00105713
0.000562047
0.000718167
0.000832972
0.00451239
0.0087773
0.00174161
0.00199397
0.000458302
0.0136318
0.00960584
0.00222094
0.00179588
0.00450569
0.000405048
0.00129946
0.0326877
0.00152807
0.0276178
0.00198846
0.0081546
0.0118409
0.00133593
0.000923141
0.02205
0.0182001
0.00589081
0.00164973
1.54512e-011
1.53983e-011
1.53957e-011
0.0059533
0.0528713
0.011934
0.0461445
0.00538932
0.00343783
0.00129345
0.0176802
0.000431448
1.54512e-011
0.00249458
0.00272808
0.0364857
0.0226959
0.00681666
0.046591
0.0423753
0.0528457
0.0169149
0.00446662
0.000926319
0.00254758
0.00608438
0.000948517
0.0110341
0.000596736
0.0255642
0.00227645
0.0179334
0.000178211
0.00120072
0.0219078
0.00607878
0.0125558
0.00419193
0.0120943
0.00881348
0.00885654
0.00386499
0.00279488
0.0197007
0.00798836
0.152128
0.0417882
0.0800486
0.0070662
0.00294193
0.0205913
0.000806928
0.0152382
0.00375541
0.00429171
0.00298742
0.0127753
0
0.00521078
0
0
0
0
0
0
0
4.91289e-009
0.0204458
0.00360327
0.00340456
0
0.000378105
8.18063e-010
1.67489e-005
0.00136702
0.00279929
0.000465914
0.00326824
0.00468753
0.0100644
0.0238601
0.0224919
0.0331993
0.0152177
0.0034559
0.000555273
0.00359735
0.00367443
0.00462261
0.00354699
0.00417625
0.00417625
0.000139623
0.000161899
0.000161724
1.06903e-006
0.00013961
0.000151764
6.20303e-008
0.0226421
0.00278119
0.0232524
0.00457277
0.00451337
