7444
0.00402124
0.00244082
0.000192742
0.000926326
7.35464e-005
0.000476185
0.00216681
0.00095326
0.00199921
0.00277928
0.000266652
0.0124178
0.00163147
0.000428119
0.0001282
0.000221454
0.00226608
0.000994667
5.49761e-005
0.00251407
0.000135551
0
0.00958119
7.92217e-005
0.00806499
0.00315301
0.0274864
6.10336e-005
0.000148407
0.00192283
0.00418014
0.0355334
0.00166291
0.00012499
0.00414283
0.0121746
0.000188235
0.00683617
0.0012397
0.0042751
0.000494737
0.00114326
0
0.0103616
0.00197004
0.000502342
0.0011322
0.000640239
0.00172472
0.000552719
9.81344e-005
0.00123915
3.20679e-005
0.000133401
0.00403025
0.000190644
0.00659304
8.8848e-005
0.00062618
0.000904082
0.00027037
2.39547e-005
0.000776244
0.0010736
0.00018053
0.00448607
0.00218805
0.00282274
0.000628406
0.000543998
0.000930419
8.38182e-009
0.000430167
0.000507113
0.0226105
7.55888e-005
0.000608068
0.0012449
0.00202065
0.000521475
0.000483529
0.00655958
0.000386131
0.000444398
2.71779e-006
0.000634646
0.000411817
0.00116616
0.000190557
0.000172762
0.00100197
3.77296e-005
0.00368892
0.000327437
0
0.00562934
0.00199762
0.00321105
0.00362512
0.00624054
0.00122105
0.0030489
4.41277e-005
0.000276489
0
0.000222569
0.000342791
0.000781361
0.000427867
0.001666
0.00104714
0.000149277
3.42532e-005
0.00458192
0.000198429
4.11418e-005
0.00109637
0.000354532
0.000881341
0.00861906
0.011037
0.0116264
0.0155933
0.00139915
0.000265754
0.0192949
0.000742442
0.000258098
0.00031008
0.00031538
0.00241335
0.00028785
0.00617628
0.000588237
0.000116526
0
8.56598e-006
0.00576081
0.00256077
0.000890503
0.00143197
0.00271902
0.00103356
0
7.22417e-005
0.000844648
6.94924e-005
0.00266507
1.53373e-005
0.00254107
0.00860785
0.000485224
0.000111288
0.00068856
0.00145241
0.000615272
0.000649335
0.00140341
0.0182623
0.00643278
0
0.00131191
0.00197614
0.0106001
0.00456645
0.000448303
0.000628314
0.00777799
0.0109517
0.000480816
0.033095
0.000645726
0.000166258
0.000202315
0.00152507
0.00262086
0.00528628
0.000303584
0.000296964
0.0287996
0.00085007
0.00261191
0.00893061
0.000169964
0.00136101
0.103981
0.0026711
9.12055e-005
0.0107788
0.000410685
0.032166
0.00453195
0.0319614
0.000199285
5.6343e-005
0.000241122
0.00503124
1.06476e-005
0.000125294
0.00375348
0.000185664
-3.19746e-009
0.00671627
0.0108791
0.00107252
0.000834446
0
0.114609
8.56235e-005
4.47119e-005
0.00088982
0.0389339
0.00230552
0.00100474
5.36043e-005
0.000122378
0.00121248
-2.5208e-009
0.00166608
0
0.00096209
6.40128e-007
0.000743403
0.000164552
0.00251422
0.0243352
0.000576695
0.00142726
0
0
0.00176036
0.000476647
9.57546e-006
0.00655408
0.000214748
0.036093
1.05478e-006
0
0.00306667
0
6.85979e-005
0.000257235
0.000258922
0.050661
0
0.00478224
0
0.0252977
0.0020547
0
0.000165515
0.000855782
0.000416855
0
0.00627442
-1.40888e-008
0
0.05496
0.0428645
0
6.61685e-005
0.000111535
0
0.0130197
0.00181749
1.0712e-005
0.00708318
0
0
0.000601479
0.104776
0.00114818
0.000147671
0.00463131
0.0247516
0.0292843
0.0092689
0.00101962
0.000350266
4.28404e-005
4.82724e-005
0.00165966
0.000148095
0
0.00179757
0
0.000644514
0.000716876
0.00112835
0
5.85524e-005
0.000925642
0.000310525
7.63627e-009
0.000515183
0.00361835
1.52767e-008
0
0.000282601
0.000248656
8.70205e-005
0.000139193
0.00624208
0.00269167
0
0.00317807
5.76367e-005
0.000971169
0.00380623
0
0.000218298
0.0501053
0
0.000515765
0.000254263
0.000564132
0.000231465
0
0.000585542
6.01066e-005
0.0222543
0
0.00952501
1.31815e-005
0.00317039
0.0204567
0.00122749
9.88284e-005
0.00729796
0
0
0
0.00258237
7.49432e-005
0.00455048
0
0.0320881
-4.31793e-009
0.00329972
0.00289678
3.35214e-005
0.0442429
0.00421569
0
0.0500333
0.000464756
0
0.019981
0
0.00101139
9.48307e-005
0.000118596
0.00108637
0.00209296
0.00457376
0.00559794
0.000140931
0
2.61935e-005
0.000904967
0.000661674
0.000907578
-9.5837e-009
0.0007203
0.00260026
0.00382385
0.0131124
0.00637115
0
0
0.0156155
0.000105395
0
0.000308774
0
0.00999878
0.00739796
0.00836946
0.00975731
0.00351875
0.020212
0.00157068
0.00300074
0.00267093
0.000730167
0.0262961
0.000115194
0.0445862
0.0134261
0.0194819
0.000493537
0.0161584
0.00766062
0
0.0012677
0.0005012
0.00109147
0.0025806
1.9384e-005
0.000149473
0.000201576
0.0335735
0.0295121
0
0.000147069
0
0
0.00349093
0
0.0011302
0.00395038
0.00512762
0.00261633
-5.31615e-009
0
0.000875353
0.00162964
0.00167506
0
0.00312017
0.01949
0.0152447
1.66194e-005
0
0.00730756
0.000167655
0.000840294
0.00122465
0.00166149
0.0033443
0.00427331
0.00184101
2.48562e-005
3.09118e-007
0.00344354
8.17734e-005
0.000469751
0
0.0150573
0.00210287
0.00077418
0.00102888
0.00222375
0.017969
0.00285691
0.016078
-7.63093e-009
0
0.00280987
0.0359166
0.0135694
2.18271e-005
0.00867025
0.00780729
0.00458674
0
0.00366786
0.00231
0
0.000448247
0
0
7.29004e-009
0.00184975
-8.95889e-009
0.0406472
0.000105486
0.0453024
0.00154116
0.00211679
0.000257357
0.00170233
-3.17838e-009
0.000130067
0
0.0873263
0.0455401
0.00261297
1.42763e-005
1.13861e-008
0.0238522
0.0114567
0.0217252
0.00301077
0.00841267
0
0
0
0
0.0173745
0.000160156
0.000200824
0.0279326
0
0
0.000748737
0.000895108
0
0.00248374
0.0267806
0
0.0121631
0.00981097
0
0.00754132
0.00874893
0.0142838
0.00847181
0.000795156
0
0.015562
0.00237424
0
0.00463916
0
0.00542968
0.000137326
0.0270714
5.82887e-005
0.000240324
0.0958572
0.00407082
0.000491923
0.01194
0
0
5.73004e-005
0.00269323
0.0573138
0.00679194
0.000314147
0
0.00180215
0.00178732
0.00147048
1.9697e-011
0.000136553
0.000226151
9.6476e-005
0
0.00437201
0.00108097
0
0.00113068
0
0
0.000188946
0.000785307
0
0.111644
0
0.00072075
0.000393411
0
0.00176801
0.00011766
0.000852503
0.0130993
0.0160271
0.0123549
0.00269913
0.00046497
0
0
0.0359632
0.017679
0.0045106
0.000321907
0.000656635
0.000139897
0
0.0613308
0.00725502
0.00805625
0.0456725
0.00666637
2.68797e-005
-2.98657e-010
0.000352111
0.080206
0.0417459
0
0.021848
0.000147348
0
0.00049545
0.000287689
0
0.000672819
0.00852396
0
2.58928e-005
0.00545762
0.00488378
0.0216434
0.000735644
0.000346804
0
0.00634206
0.0052681
0.0195754
0
9.35134e-006
0
0.00959346
0
0.0107974
0.0138186
0.00196927
0.0166734
0.00143968
0.00269956
0.0191356
0
0
0.00110844
0
0.00326848
0.00104313
0.00326766
0.000726485
0.00274518
0
0
0.000662443
0.00254833
0.00177679
0
0.0016303
0.0211283
0
2.85712e-006
0.000263508
0.04375
0.00335041
0.00194693
0.000642485
0.0052504
0.000140129
0.00284477
0
1.1765e-008
0.000530124
0.000180748
0
0.00100775
0.00216108
1.60113e-005
2.45611e-006
0.00499146
0.00491167
0.0566456
0.00275811
0.00708302
0.00739308
0.000680404
0
0.000988323
3.84528e-005
0.000859868
0.0013105
-4.34926e-009
1.97377e-005
1.40652e-007
0
7.70653e-005
0.0046958
0.00428003
0.00268799
0.0027843
0
0.00136307
0.0335342
0
0.0296676
1.63139e-006
0.00148943
0
0.0857195
0.00265999
0.00211177
0.00244817
0.000851162
0.00142173
0.00204023
0.00914501
0.014975
0.0497929
5.93991e-006
0
0.0037454
0
1.45845e-005
0.00151944
0.000505373
0.00327739
0
0.00260356
1.19827e-006
0.0557123
0.00499504
3.88578e-006
0
4.38224e-006
0.00717987
0.00554424
0.000165092
2.57775e-007
0.0378118
0.00246222
0.00192023
0.00281605
0.011369
0
0.000523242
0.0144199
0
0.0118436
0.0307974
0.0480776
7.25797e-005
0
0
0.000364088
0
0
0.000596228
0.000742978
0
0.00174592
0
0.00155999
0.00256597
0.0180807
4.73049e-005
0.000679883
1.07315e-005
0.000140636
0.0115218
0.00799241
0.0067619
0.00478798
0.00160824
0
0.00659651
-1.42605e-010
0.00387411
0.000594456
0.0163548
0
0
0.00729439
0.00249403
-9.38535e-009
0.000863212
0.00367226
0.00716229
0.00202239
0.00240845
0
0.0117411
0.0025478
0.00257278
0.0242816
0.00169187
0.0029108
0.00224427
0.00189329
0.00697895
2.02434e-005
0.0222343
-8.65951e-009
0
0.00704225
0.024434
0.0225142
0
0.0017988
0.0450838
0.000523204
0.0022936
0.00200735
0.000353827
0.0054193
1.72186e-005
0
0.00434286
2.4478e-007
0.000159488
0
0.00156429
0.0849302
0.000179938
0.0229035
0.00267823
0.139651
0.000276446
0
0.000104416
0.013207
0.000753179
0.000216073
0.0945178
0.000821931
0.00133326
0.000492881
0.0587972
0.00102345
0
0
0.015965
0
0.000317062
1.00932e-005
0.00446669
0.00187352
0.000133972
0
0.000210443
0
0.00131293
0.002978
0.0033779
0
0.0238418
0.00101274
0.00441402
0
0.00165199
7.12922e-005
0.00267753
0.0197775
0.0179676
0
-1.2134e-008
0
7.58352e-005
0.0137145
0.00221206
0.00343495
0
0.0175353
3.86066e-005
0.00278707
0.00566599
0.00452038
0.000103186
0.000918499
0.00215942
0.00191577
0.000507088
0.00494416
0.00196596
0.0213139
0.00161928
0.000267741
6.12675e-009
0.0191365
6.28178e-006
0.00389651
0.00486089
0
1.73949e-008
0.0602614
0.000174033
0.000870287
0.00509665
0.00177289
0.0205587
0.00557107
0.00431842
0.000672223
3.68576e-005
8.29069e-005
0
0.00221979
0.00197004
0.00867072
0.0049951
0.000923224
3.37706e-005
0.0147994
0.00149743
0.000927636
4.81467e-006
0
0.103924
0.00666729
0.000291855
0.0118937
0.0162043
0.00799983
0.000621393
0.00312706
0
0
0.00634474
0.00905395
0.00050934
0.0040757
0.00739061
0.00235604
9.16029e-009
0.000649282
0
0.00274268
0.000224159
0.00119546
0.000233255
0.0011618
0
0.0228418
0.00211333
0.000669829
6.53996e-005
0.00151069
0.00181269
0.00168006
0.000665399
0.000803222
0.00334538
0
0.00632027
0.00856856
0.00124537
2.95659e-009
0.00114116
0
0.00258505
0
0
0.153734
0.00109102
0.00150578
0
0.00446924
0.0183257
0.0453468
0.00040007
0.00116457
0.0662718
0.00321953
0
0.000229962
0.00132939
0.000750368
0.00270651
4.10005e-006
0.00034688
0.00252753
0.00175112
0.00124382
0.0253502
0.0124047
0.000492012
0.00285948
0.00184137
0
0.00725553
0.0155318
3.9465e-005
0.000486607
8.57452e-012
0.00151682
0.0011904
0.000930728
0
0
0.00414388
0
0
0
0.000988265
0.00633394
0.0441331
0.00342094
0.00983996
0.000355332
0
0.000183488
0.00643048
0.00313206
0.00926563
0.00770346
0
0.00855739
0.00624203
0.000203807
0.0190308
0.000694222
0.000265024
0.00164807
0.00359821
0.0331227
0.0140653
0
0
0.0029414
3.17046e-005
0
0.0031343
0.00651241
0.0470914
0
0.000419659
0.000890765
0.000743496
0.0114506
0.0162615
0.0118937
0.0351721
0.00304117
0.0203939
0.000497896
0.00564597
0.00158449
0.00988252
0
0.00139836
0.0347565
0.000519864
0.0667481
0.0880966
0.00584832
0.000218032
0.00186939
0.000589689
0.000535323
0.00643298
0.0152564
0.00339295
0
0.00252582
0.038608
0.000179281
6.20376e-009
9.94111e-005
0.0338071
0.00773389
0
0.00177929
0.0003531
0.0110388
0.0011571
0.00337396
0.0584312
0.00139971
0.0050344
0
0.0234825
0
0.00286871
0.00183347
0.0239874
0
0
0
0.00241472
0.00352291
0.000369
0.00775447
0.0534484
0.000959528
0.00649409
0.00251632
0
0.00543426
-1.4821e-009
0.00172761
2.7272e-005
0.00115946
0.0316075
0.0768783
0.000879702
0.0132084
0.0230536
0.0599547
0
0.00072556
4.02664e-005
0.0101417
0.00133048
0.00459774
3.96886e-006
5.11598e-005
2.02437e-005
2.039e-005
0
0.00116356
0
0
0.00695789
1.44659e-006
0.0730643
0
0
0.070627
0.000277168
0.00392955
0.00135224
0.0053454
0.00142296
0.00152681
0.000866136
5.57906e-006
0
0.050377
0.00073467
0.000626528
0.000444911
3.18449e-005
1.35444e-008
0.0566732
0.00154082
0.00105936
0.000631154
8.17646e-007
0.0406228
0.00320772
0.00847161
0.000694404
0.00259215
0.00186507
0.00145932
1.35106e-006
0
-9.98998e-009
0.000142134
0
0.020012
0
0.0134886
0
0.00538583
0.00433841
0.0012637
0
0.000622063
0.00149229
0.000313635
0.000600086
0.00335891
0.00233374
0.00242488
0.000297336
0
0.000848386
0.0122963
0.00108291
0.00142115
0.00573793
0.00438488
0.0236245
0.000732413
0.000165051
0
0.00145063
0.00921493
0.00701461
0.00103331
0
0.0201139
0
0.00264799
0
0
2.36827e-006
0.000100654
0.00115994
0.00129257
0.00723157
4.8066e-009
0.000723791
0.00226881
-1.15618e-008
0.00238243
3.77591e-005
0.00527099
0.00535737
0.000811435
0.00197472
0.00601629
0.0409474
0.0507318
0.000507274
0.000181908
0.000519071
0.0269205
0.017716
0.0403357
0.00792074
0.00254889
0.00254889
0.000963262
0.00717751
0.00137058
0.0491207
0.048855
0.0112572
0
0
0.0277015
5.82543e-005
0
0.014128
0.00582161
2.26806e-006
0.000628418
0
0.000663399
0
0.00503676
0.000182988
0.0337182
0.0270412
0.000707422
0.00713484
0.00896301
0.000978397
0.00315773
0.000208279
0.00160423
0.0036531
0.00342258
0.00645982
1.62737e-009
0.00110388
0.0109382
0.018482
0.00816012
0.0023174
0.00308137
0.00164743
0
8.27268e-005
0.0145569
0.00360752
0.00218149
0.00216388
0.00304603
0.00174799
0
0.00478509
0.00479952
6.92112e-008
0.00607498
3.49092e-006
0.000688749
0.0916215
0.000827692
0.00210782
5.93207e-008
0.0110493
0.000902458
0.00379662
0
0
0
0.0300762
0.00306597
0.00222411
0.00449281
0.0100717
0.0035478
0.00271556
0.00242898
0.0280934
0.00260805
0
0.000601595
0.0204614
0.00257157
0.00545474
0.0010717
0.0115882
0.000162169
0
4.91829e-007
0.00142031
0.00201508
0
3.495e-007
-3.99633e-009
0.00209012
0.0443087
0.000835574
0.00161528
6.99727e-005
0.00076722
0.000851227
0.011868
0.00092642
0
0.00677157
0.00209943
0.00267154
0.00529958
0.0292009
0.00146988
0.00665682
0.016736
0.00139184
0.000278463
0.00282755
0.000399852
7.96043e-005
0.00769817
0.0018443
0.111204
0.0198105
0.000971623
0
0.00288455
0.00074154
0.0637903
0.00729332
0.00157012
0.00597198
0.0578464
0.000330119
0.00584587
0.0126449
0.0203811
0.000642015
0.000846678
0.0381081
0.00184712
0.00158883
0.00485887
0.00370064
0
0.00262705
0
0.000158796
0.00170577
0.0072643
0.00310474
0.0203092
0.0233192
0.000574803
0.00322563
0.0364982
0.000177681
0
0.0333694
1.58619e-005
0.0123061
0.000562077
0.000351054
0.0365729
0.0117899
0.0102818
0.000817276
0.000817277
0.0523336
6.91985e-008
0.00756633
0.0124428
0.00142795
0.000112169
0.00353179
0.0148267
0.00199202
0.00114963
0
2.78315e-005
0
0.0162639
0.0278227
0.0104925
0.00258246
3.33997e-007
0.0083238
0.000316391
0.0257194
0.0324021
0.00632381
0
4.95579e-005
0.000637732
0.00892514
0.000815685
0.00112447
0.00533468
0.0021158
0
1.68905e-005
0
0.0019346
2.33627e-006
0.0212372
0
0.0103611
0.0139914
9.33539e-005
0.00409546
0.000475267
0.00300475
0.0420738
0.0570904
0.00125453
7.0347e-009
2.49023e-005
0
0.0393853
0.00408077
0
0.0368734
0.000576075
0.000650193
1.28144e-005
0.00207366
0.000844309
0.00718999
0.00184875
0.00145564
9.23072e-005
0.0301219
0.0310761
-1.67305e-011
0.00555078
0.0139212
0.000163249
0.00307
0.0143956
0.00457617
0
0.00557938
0.000815117
0.00102716
0.019306
0.0228861
0
0.000158944
0.00185883
0.0676523
0.00443917
0.00377464
0.013862
7.85949e-005
0.00112996
0.00205789
0.0262376
0.0014038
0.000444733
0.00104357
0.00132441
0
0.00510485
0.0468106
0.00195143
0.00372514
0.00468802
0.0154735
0.000756519
0.000414584
0.000257773
0.00247422
0.00302739
0.102102
0.0102959
0.000373264
0
0.0728492
0.0312035
0.000386308
3.70289e-005
0.00233402
0.0217833
0.0459909
0.00906047
0.017497
0.0246861
0.00175444
0.000177234
0
0.0222833
0.00173675
0.000868379
0.000599584
0.0129779
0
0.00341847
8.97313e-008
0.000933699
0.000329897
0.00761309
0.000826563
0
0.00059276
0.00435317
2.2837e-005
0.0376816
0.000309864
0.00180406
0.000925006
0.00834944
8.46323e-005
0.00187243
0.00148605
-4.21472e-009
0
0.000305897
0.0872321
0.00224349
0.00245698
0.0724237
0.000463215
0.00553904
0.00330082
0.00991742
0.000666841
0.00222419
0.00305868
0.00077799
0.00119783
0.00114471
0
0.00300948
0.0714263
0.00401593
0.00535149
0.00230593
0.00218736
0.00137138
6.0372e-009
0
0.00502063
0.00142416
7.51686e-005
0.000727478
0.000870651
0.047584
2.80335e-005
0.001443
0.00147742
0
0.000807166
0.00591756
0.027208
0.00813734
7.72105e-005
0.000865533
0.0012005
5.21454e-005
0.000844316
0.000370651
0.00075391
0.00156578
0.00245336
0.000570762
0
1.24463e-005
0.000508768
0
0.00683386
0.0008694
0.00146604
0.000477684
0.00252608
0.0136531
0.0061831
0.00143979
0.00015821
0.000709467
0.00592561
0.0148759
0.000206462
3.64233e-005
0.00248944
0.000814959
0.000364105
0.00119498
0.0826034
0.000223214
0.000617175
0.00107281
0.00209965
0.000515126
0.00127537
1.62825e-009
0
0.00811583
0.00770207
0.000402564
0.000878186
0.00435995
0.00706506
0
0
6.77935e-012
0.00122626
0.00573643
0
0.00110698
0.0971204
0.00158424
0.00239282
0.000655309
0.00227068
0.00224442
0.000584132
0.00208329
0.00398667
0.000106693
0
0.00262919
0.000515917
9.91776e-005
0.00365665
0.000646363
0.0019141
0.000411676
0.00588576
0.00150909
0.00314501
0.0116212
0.00127342
0
0.00146176
0.0064789
0.00222456
0.000722255
0.000815622
0.00128746
0.000231551
0
1.12584e-006
0
0.00125257
1.20526e-005
0.00201301
0.000551385
0.00140724
0.000827873
0.00171133
4.761e-005
0.000931764
0.00329313
0.0058989
0.00500496
0.000773788
0.000563681
0.00449667
0.00149672
0.00312498
0.00320889
0.00564117
0.00217183
0.00550958
5.19054e-005
0.00277278
0.000312636
0.0012653
0.000910645
0.000518698
0.0216352
0
0.000590185
0.0686463
0.000362435
3.81539e-006
0.000156096
0.00254446
0.000766501
0.00146405
0.0345861
0.00156809
0.000425288
0.0265015
0.00043165
0.000516125
0
0.00111637
0.000219873
0.000946649
0.000672043
0.000301151
0.000959547
0.0129038
0
0
0.000141663
0.00185511
2.0337e-011
0.000206289
0.000425472
0.00352045
0.00627169
0.0036549
0
0
0.000397349
0.00165046
0.00473942
0.000827207
0.00459557
0.00082932
0.00159227
0.00159383
0.000612014
0.00150722
0.00115707
9.87152e-005
0.0172396
0.00260678
0.000187723
0.00198794
0.000182073
0.000331944
0.000461122
0.00140637
0.000702851
0.000144073
0.000386485
6.91136e-005
0.0668053
0.0227823
0.0184479
0.000426765
0.0156225
0.00188292
0.00134795
0.0112394
0.00105198
0.0243313
0.00196411
0
0.00279212
0.000126066
0.00259123
0.0100554
0.00016854
0.00094072
0.0012801
0
0.0501719
0.00171343
0.000422515
0.00122164
0.00230885
0.000867966
4.38782e-005
0.00781088
0.00920296
0.00601871
0.00135773
0
0.00180712
4.28764e-005
0.000155606
0.00505161
0.00661572
0.0422653
0.000240069
0.000185986
0.00407364
0.00319041
0.000376203
0.00676608
0.00179311
0.020912
0.00624121
0.000747957
0
0.000120394
0.00205149
0.000627368
0
0.0370051
5.5783e-005
0.000215652
0.00182353
0.0111335
0.00069586
0.0100701
0.000584963
0.000575253
0.046332
0.000282215
2.65343e-006
0.000118421
0.00140582
0
0.00217969
0.00123331
0
0.000831754
0.00170667
0.000137926
0.000133469
0.00129747
0.00140738
0.000870862
5.27285e-006
5.56593e-005
0.00519079
0.000482095
7.61445e-007
0.00136864
0.000270633
0.00990578
0.00164851
0.000769443
0.00232388
0.000872648
0.0341836
0.000138501
5.95547e-005
0.0418881
0
0.000263311
0.013027
0.000288219
0.000520603
1.02128e-005
0.000574069
0.000550395
0.00255344
0.0471911
0.0376557
0.000380009
6.33765e-005
0.00329865
0.00137945
0.000821824
0.000911013
0.0715069
7.10998e-005
0.0101003
0.0027816
0.000932764
0.00121905
0.00156056
0.000478948
0.000201865
0.00569403
0.000199725
0
0.00031991
0.000247615
6.04214e-006
0.000371256
0.00409103
0.000452563
0.000282938
0.000800802
0
0.000108091
6.19508e-005
0.00865153
7.46768e-009
0.000194372
0.00546577
0.000996475
0.016864
0.00772956
0.00202806
0.00300921
0.00281665
0.00244337
0.00148683
1.08034e-005
0.00144826
0.000111285
0.00331356
0.00208231
0.00142777
0.00238554
0.00087659
0.00019194
8.8184e-007
0.00396795
0.00626788
0.000489307
0.00110091
0.00111515
-1.35257e-009
0.00170806
0.0140043
0
0.00110571
0.000635885
-9.75165e-009
0.000241356
0.00077185
0.00446235
0.000485234
0.00344431
0.000396567
0.000233792
0.0622056
0.00561301
0.000285712
0.00471178
0.00516797
0.000590745
0.00586506
0.000927166
0
0.00187213
0.000410709
0.00499979
0.011762
0.00953521
0.000233591
0.00133088
0.00193477
0.00644927
0.00245952
7.84921e-005
0.00037713
0.000338804
0.0372021
0.00171664
0.00299734
0.0138828
0.000423063
0.00152707
0.00287598
0.00214225
0.00271232
0.00620316
0.00595721
0.000168582
2.95954e-006
0.00023848
0.0112268
0.00348123
8.34214e-005
0.0176055
0.00707988
0
0
0
0.00476877
0.00651031
0.00125955
5.22111e-006
0.000812991
0.000295502
0.00908135
-2.97956e-009
0.00152955
0.0161513
0.00138257
0.00017585
0.000382743
0.00336915
0.00966589
0.000775094
0.000194244
0.000138208
0.0111851
0.00237586
0.000757694
0.000478163
0.000556073
0.0103619
0.000638161
0.0387313
0.00153423
0.00203757
0.00555423
0.00070081
0.0180813
0.00972461
1.44638e-005
0.000870605
0.00105481
0.00165819
1.38451e-005
0.000437671
0.0150805
0.0231095
0.0084659
0.00299085
0
0.000431888
0.000422556
0.0217242
0.00214246
0.00169321
1.49093e-005
0.0011504
0
0.00242224
0.000650186
0.000137706
0.00226228
0.00110593
0.00103619
0.0156838
0.00133654
0.0168744
0.00799649
0.00147499
0.000378914
0.00170611
0.00151459
5.60876e-005
0.0010644
0.00511263
0.00233115
0.000926024
0.0188952
5.88225e-005
0.00165041
0.0424288
8.14152e-005
0
0.000128718
0.0109184
0.00128817
7.26879e-005
1.67603e-007
0.014215
0
0.00428982
0.0049463
0.00391119
0.000501764
0.000982326
0.000946645
0.00125469
0.000831342
0
0.00753152
0.0015848
0.0014064
0.000196535
0.0068435
0.00318448
0.0124626
0.00125551
0.0019526
0.0174446
0.000613371
0.000821801
0.00486593
0.000386962
0.00256631
0.0050452
0.0118737
0.002224
0.00462422
0.000338268
0.00289819
0
0.00424495
9.12227e-009
0.00509812
0.00160299
0.0431682
0.00124875
0.000192434
9.49385e-005
0.00151012
0.000439013
0.000246009
0.0641185
0.000273628
0.00145458
0
9.72681e-005
0.000123026
2.5076e-006
0.00087196
0.0297076
0.00659532
0.0246538
0.0148418
0.00108904
0.0153877
4.4376e-005
2.04573e-008
0.00160636
0.0123821
0.000949488
0.000342247
4.65593e-005
6.01608e-005
0.000197196
7.84567e-005
0.000282874
2.8164e-005
0.0040682
0.00153279
1.13025e-008
0.0350365
0.00366444
0.000879198
0.00199026
0.00786663
0.00421499
-1.70003e-009
0.0122224
0.000500859
0.00102675
0.00222846
0.000664072
0.00303103
0.00329344
0.00215635
0.000136592
0.00118748
0.000306717
0.000324275
0.0402658
0.0217628
0.000567988
0.000837087
5.86547e-005
0.000460779
0.00247143
0.0189159
0.00142856
0.00280356
0.00856945
0.00224632
0.000295049
0.00732336
0.00830669
0.000943142
6.77201e-005
0.000369466
0.00425132
0.000977231
0.00461245
0.00542173
0.012151
0.0148694
0.0134577
-1.10487e-008
1.38185e-005
0.00030646
0.00324296
1.86538e-005
0.00138294
0.00569787
0.00460621
0.00214266
0.00145845
7.97168e-006
0.000462734
0.000183452
0
0.00350675
0.0145246
0.0101223
0.000957095
0.0126778
-9.11458e-009
0.0219621
0.00670301
0.00606881
0.00728295
0.00359801
0.00707741
0.00443412
8.13662e-009
0.00106959
0.0190694
0
0.0203775
0.0249145
0.000737554
0.00463364
0.0030449
0.000894468
0.0246787
0.000173568
0.00321924
0.00157498
0.000181266
0.00188866
0.000867693
2.29492e-005
-2.98775e-009
0.000494831
0.00101065
0.00334301
0.0364406
0.0273596
0.00188516
0.02035
0.000334725
0.00142028
0.0138382
0.000547678
0.00751025
0.00755231
0.00446996
0.000454833
0.00488458
4.80809e-007
0.00175313
0.000592154
0.000856216
0.00150618
0.00175229
0.00459728
0.000212957
0.00023547
0.0036859
3.12896e-006
0.00234676
0.00112867
7.23119e-005
0.0141394
0.00238001
1.79071e-005
0.000312059
0.000145047
0.00112694
0.00503105
0.0254921
0.00324439
3.7775e-005
0.00123437
0.00244045
-1.67305e-011
0.00124066
0.000289107
4.51748e-010
9.41308e-005
0.00143517
0.00239355
0.0107275
0.0280753
0.0190464
4.06459e-005
0.0179288
0.000150374
0.00270414
-6.53936e-009
0.0646886
0.000259998
0.017492
0.00119718
0.000869089
2.35246e-005
0.00234039
0.00661413
0.00221759
0.009508
0.000219838
0.0158544
0.00906247
0.00348147
0.0017581
0.000267804
0.000603014
0.000137706
0.0152173
0.00241211
0.0275401
0.00333868
0.000937815
4.69025e-005
0.00128816
0.0138228
0.00785063
0.00483768
0.000399205
0.000865205
0.000384826
0.00196207
0.00571959
2.47304e-005
0
-7.90353e-010
8.00968e-009
0.000175149
0.00082382
0.00116709
5.22057e-005
0.0235478
0.00976764
0.00203803
0.00672871
8.27344e-009
0.00775743
0.0140117
0.0144084
0.0024731
0.00189729
0.00069825
0.000399077
9.1007e-005
0.00488129
0.000439896
0.00133384
0.000925494
0.00144434
0.00615355
0.00241396
0.000293594
0.0309316
5.8593e-005
0.0027634
0.00498896
0
7.42684e-005
3.95513e-005
0.0034535
0.0109053
0.0230663
0.00394372
6.22269e-005
2.52009e-005
0.000879442
0.00187046
0.00600752
0.00383716
0.00636377
0.00110752
0.0136364
0.000323685
0.00183284
0.00308174
0.00894556
0.000844974
0.00182075
3.87206e-005
0.000170047
0.000407375
0.00205089
0.00159162
0.00357854
4.59323e-005
0.00575503
0.00230277
0.000269786
0.000529897
0.000223612
0.00386581
0.00152847
0.00379357
0.00537407
0
0.000120488
0.00411534
0.0148514
0
0.000292193
0
0.00272687
0.00103703
0.00180649
0.0206337
0.000269636
0.00191762
0.00146511
0.00485878
0.00394397
0.0135706
7.13075e-005
0.00828143
0.0041264
0.000318431
0.00128454
0.000579611
0.0254554
0.00437151
0.0010409
0.0124931
0.00049286
0.0113677
0.00146488
0.000623809
0.00189886
0.00237317
1.11569e-005
0.000535236
0.0018933
0.000354989
0.000573018
0.00198903
0.00142406
0.000177751
0.00187365
0.0053625
0.00520353
0.00218026
0.00274542
0.0247453
0.00427324
2.00886e-006
0.000203069
0.000279804
0.0032171
0.000826428
0.000921768
4.86765e-007
0.00033663
0.0465874
0.0858827
0.00112942
0.0067444
0.0113482
0
0.00373203
0.00169512
0.00785537
0.00691309
0.00166117
0.000553515
0.000846587
0.000122752
0.000889221
0.00371007
8.07e-005
0.0117148
0.000588883
0.00342133
0.00111513
0.0021515
0.00184363
0.000254781
0.000314675
0.00333356
8.32838e-005
0.00223084
0
8.28802e-005
0.000554315
0
0.000441424
-2.56086e-009
0.0034908
0.0437782
0.00057839
0.000799921
0.00174758
0.021131
0.000493624
0.0025611
0.000329701
0.0765239
0
0.00865607
0.00280397
0.00179234
0.000340561
0.000732472
0.00391469
0.00082439
0.000329395
0.0272961
0.00133967
0
9.35853e-006
0.00774537
0.00827493
0.00145745
0.00392116
5.20485e-005
0.00516329
0.00368317
0.00334031
0.00266259
0.00704386
1.08171e-005
0.00363009
0.00119274
0.00404697
0.00127825
0.00535025
0.00267622
0.00441505
0.00275752
0.000146734
0.00158067
0.00189298
0.0166531
0.00296902
0.00200545
0
0.00128133
0.00441353
0.0111946
0.0149063
0.00990799
0.00488601
4.68592e-005
0.0210161
0.000962111
0.00494415
0.00148773
0.00977679
0.00341611
0.00230465
0.00273555
0.0396242
4.98164e-006
0.000762105
0.00539941
3.19586e-005
0.00485053
0.0313009
0.00364654
0.00327243
0.0114713
0.00364529
0.00636006
0.000392643
9.98148e-005
0.0109203
0.000802906
0.0523161
0.00341719
0.00112377
0.0122726
0.00189365
3.1344e-005
0.000433855
1.74623e-005
0.000691017
0.000790191
0.00370787
0.0036625
4.21548e-005
0
0.000811342
1.01292e-007
0.000189723
0.0037136
0.00275049
0.0026144
0.00213899
0.00112547
0.00156635
0.000105264
0.00388995
0.00118979
0.000126257
0.00949171
0.0209989
0.0105638
0.00319491
0.0037341
0.00356242
0.0167427
0.00116897
0.00306038
0.0104843
0.00200615
0.000897258
0.000910214
0.014141
0.00125154
0.0235049
0.000127374
0.00522691
0.00200057
0.00209904
0.000841558
0.000476192
0.0189439
0.000761047
0.00639912
0.00341203
0
0.000556375
0.00314479
0.0328455
0.00975771
0.0228893
8.39661e-005
0.00294368
0.0874256
0
0.000815646
0.0223156
0.00174874
0
2.45403e-005
0.0014858
0.00197549
0.00153751
0.020095
0.000880759
0.00584064
0.00683437
0.000654002
0.0287493
0.000644576
0.00499964
0.00925526
0.00254885
6.54409e-006
0.00244438
0.00530184
0
0
0.00830339
0
0.00404071
6.30267e-006
0.050337
0.000333718
9.00458e-005
0.00282216
0.00082909
0.00450166
0.00748412
0.00530535
0.000618338
0
0.00196785
0.00185766
0.0214284
0.0944858
0.000712977
0.00132382
0.00112139
0.00277079
0.0145217
0.000485944
0.000514747
0.000648749
0.000595416
0.00146977
0.000108934
1.93345e-005
0.000136838
0.020418
0.00617689
0.000750222
0.0169306
0.0192661
0.00242704
0.0038648
0.00441343
0.000294799
0.000458399
0.0541899
0.013917
0.00789747
0.00724747
0.00441618
0.00184678
0.000143775
0
2.53707e-006
0.00019597
0.00139802
0.00250588
0.0047298
0.000824238
0.000564489
0.00164618
7.8842e-005
0.00344288
0.000963793
0.000792602
0.0232341
0.0165355
0.00280073
0.00750419
0.00150892
0.00243423
0.000688998
0.00169132
0.0024449
0.000745728
0.00128476
0.00134951
1.93548e-005
0.000451904
0.0121263
0.000710845
0.000605749
0.000426456
-1.08159e-008
0.00163897
0.00227529
0.00165393
0.000103232
0.00488182
0.00821625
0.013755
0.00836408
0.0385638
0.0177003
0.00262652
0.000393708
0.00568615
0.00776195
2.5247e-005
0.00224002
0.000456494
0.0019228
0.00412239
0.0137914
0.000436006
0.00170446
0.000690536
0
0.00112698
1.99728e-005
0.000635605
0.0140206
0.00724083
0.0178615
0
0.00105072
0.000345073
0.0167481
0.00816926
0
0.00165646
0.000143773
0.00105958
0.0011269
0.000798019
0.00537735
0.00104442
0.00268107
0.00146662
0.00719303
0.0257927
0.00149649
7.72591e-006
4.31326e-005
0.0143106
0.00208849
0.0256579
0.000525683
0.00143877
0.00178905
0.000383702
0.00675321
0.000935025
0.0669358
0.0153398
0.000185778
0.00166564
0.00200323
0.00482665
0.00642562
0.000940429
0.00229874
0.00938458
0.00402213
0.0064323
0.0464113
0.00124253
0.00091072
0.000408415
6.85337e-005
0.000541264
0.0128863
0.0261208
4.57471e-010
0.000428056
0.000726491
0.020359
0.0361825
0.000931234
0.00847171
0.00720318
0.00301787
0.000102634
0.0168329
0.00266966
0.0137005
0.0123282
0.000288606
0.00387121
0.00179399
0.000182491
0.0142034
0.000163369
0.0120551
0.00655773
0.000547591
0.00291984
0.00299942
0.00300359
0.000802433
0.00158679
0.0517107
0.00090552
0.00858466
0.00119809
0.0108187
0.000101509
0.0015555
2.72535e-005
0.00298325
0.0160256
0.000954754
0.00103244
0.000468612
0.0001316
0.00155466
0.000399928
0.0112946
0.00030384
0.0117459
0.01326
0.0645696
0.0967066
0.00225082
0.00174412
0.00472865
0.00737414
0.0151871
0.0030806
0.00796591
0.00348678
0.00289915
0.000995088
0.0102102
0.0062932
0.00220461
0.00299605
2.09522e-005
0.00411742
0.000392401
0.00832895
0.0114693
0.0541146
0.00762798
4.48498e-005
0.0119109
0.00156992
0.00189598
0.00254292
0.000649604
0.00477729
0
0.00474467
0.00161269
0
0.000324427
0.0219736
0.000335661
0
0.0196294
0.0035013
0.00163576
0.00483998
0.0147251
0.00135182
0.0173763
0.0104884
0.00344619
0.000204248
0.00155721
0
0.00424169
0.0112917
0.010499
0.0596095
0.0279947
0
0.000157409
0.000984297
0.00241863
0
8.86444e-005
0.0184727
0.0151957
0.000664188
0.00436412
0.000639254
0.000571395
0.00569645
0.000158649
0.00126231
0.00994223
0.0625395
0.00719002
6.66661e-005
1.20123e-005
0.00161574
0.000121967
-5.86781e-009
0
0.00037282
0.000915649
0.00403581
0.00038784
0.000596621
4.59137e-005
0.0034684
0.000129823
0.000718025
0.00195829
0.00518984
0
0.000928232
0.000614698
0
0.00277066
0.0458429
0.00148881
0.00149576
0.0123506
0.00723285
0.012525
0.00195525
0.0030542
0.0159456
0.000793147
0.00251829
-3.48277e-010
5.17758e-005
0.000151061
0.00191479
0.00133312
0.00173516
0.000335879
0.000458443
0.00171162
0.00423732
0.00271359
0.00341478
0.00087983
0.00446446
0.00270833
0.0176694
0
0.00733108
0.00120219
0.0163969
0.0124515
0.0143657
0.000104391
0.000759759
0.000413794
0.0177529
0
0.00122605
0
0.000299208
0.00245058
0
0.000649695
0.00747263
0.00926034
0.000456713
0.0251826
0.00103436
0.00744694
0.010674
0.0436009
0.00109794
0.00138833
0.0151001
0.0217185
0.000266047
0.000783953
0.000594699
0.00104054
0.0024778
0.000121941
0.00955463
0.0693848
0.0233533
0.0170449
0.000288089
0.000223859
0.000202895
0.00157033
0.000671606
9.81153e-005
0.000100241
0.00202135
0.00274983
0.0074637
0.0175671
0.000366567
0.0555082
-4.20235e-009
0.0738068
0.0778303
0
0.00501758
0
0.000121926
0.00130189
0.00614319
9.94652e-005
0.0286328
0.0294394
0.0128723
0.000858979
0.00342989
0.000320551
0
0.0040608
5.42621e-005
0.000227385
0.000114878
0.000611678
0.00239309
0.000868998
0.00536861
0.000144479
0
0.0356088
2.49293e-005
0.015033
0.0316061
0.0278493
0.0198116
0
0.0376263
0.000324776
0.00545204
0.00697567
0.00155494
0.093426
0.0130792
0.032476
0
1.38825e-005
0.0222181
3.73801e-011
0.000100334
0.00529844
0.00039412
0.0167361
0.00864211
0.00108154
0.00761163
0.00505142
1.83293e-005
0.00177747
0.000940297
0.00249306
0.0175836
0.000352191
0.00076324
0.00198736
0.00126015
0.00832015
0.00390488
0.00977601
0.00279889
0.00961158
0.0087422
0.0101144
0.00249542
0.0024653
0.00015711
0.000124223
0.00134114
0.000787592
0.0209863
0.00343762
0.012857
0.00194971
0.000512411
0.000402975
1.71959e-011
0.000369749
0
0.000922997
0
0.0353786
0.000535014
0.0100713
6.98149e-006
0.0346082
0.0351001
0.0257539
0.00209299
0.0564772
0.00722565
0
0.000741929
0.00429898
0.000316188
0.00123587
0.00184769
0.000244924
0.000630325
0.00407014
0.00056951
0.000580616
0.000734319
0.00173933
0
0.00416056
0.000653329
0.0253025
0.000730106
0.00653524
0.00526257
0.00320918
0.000488867
0.0354282
0.0422634
0.000436459
1.73909e-005
0.00768513
0.00330691
0.000122081
0.00825717
0.0562494
0
0.00224971
9.54255e-005
0
0.00519658
0.000968141
0.0256224
0.0270968
0.0128355
0.0353343
0.00312067
0.0194335
0.0135996
0.000174371
0.00253203
6.46789e-005
0.00627737
0.10572
0.0023503
0.00163696
0.00231071
0.000409043
0.0685454
0.00022126
0.00242911
0.000266528
0.0169918
0.0070972
0.00119024
4.23066e-005
0
0.011323
0.00117522
0.000184349
0.000622721
0.000865425
0.00376833
4.17121e-005
0.00386696
0.000453178
0.0290695
0.00280989
0.01936
0.0197242
5.12444e-005
0.0108495
0.0145245
0.000367366
0.00394589
0.000106241
0.00184557
0.000574852
0.000612815
0.00114325
0.00152045
0
0.00157349
0.000173142
0.0191935
0.0438575
0.00118388
0.00585334
0.000413137
0.0359047
0.000104391
0.00603705
0.00158378
0.00178751
0.0261467
0.0125459
0.000771822
3.59492e-009
0
0.0137037
0.00329512
0.00838991
2.02648e-006
0.0179019
0.00411732
0.0131114
0.0026332
0.0154854
0.00172999
0.0144531
7.54793e-005
0.0158073
0.0121652
0.0115199
0.0124317
5.99655e-006
0.00459372
0.0311087
0.00257208
0
0.00577804
0.00219171
0.02914
0.0982236
0.00213023
0.00791216
0.000543243
0.000584516
0.00081766
0.00058919
0.00780458
0.0045486
0.00315251
8.57329e-006
0.00469725
0.0174718
0.000417712
0.000898276
0.000717016
0.0114615
0.0153337
0.000193796
8.779e-005
0.0074096
0.00500989
0.00864875
0.00802839
0.0120932
0.0027633
0.00935241
3.715e-005
0.00128854
0.00466268
0.00356114
0.00330821
0.000106039
0.0162622
0.00010025
0.0123137
0.00125149
1.86335e-005
-2.30867e-010
0.000371133
0.00200981
0.00253495
5.15692e-009
0.0854153
0.00054086
0.0371782
0.000964523
0.000328351
0.00681205
5.69827e-009
0.00716311
0.0439176
0.00129228
0.0200257
0.0228212
0.00035685
0.000168773
-1.08742e-008
0.0115162
0.0120635
0.00431112
0.00104615
0.0439643
0.00794713
0.00492599
0.00108588
0.000139743
0.00126424
0.000574649
0.0080921
0.0478479
0.000424505
0.0082416
0
0
0.00251327
8.39919e-005
0.00402722
0.0018476
0.000481062
0.00242111
0.0625005
0.000500176
0.00341085
0.00846399
0.000113764
0.0020238
2.57931e-011
0.000815362
0.0136894
0.00140096
0.0131324
0.000828485
0.00996011
0.00051881
0.000165868
0.00128023
0.00106099
0.00462859
0.127324
0
0.00296439
0.0021549
0.0109078
0.0145531
0.00695404
0.00363646
0.00161441
0.00714953
0.00458504
0.0173581
0.00036872
0.100751
0.00147427
0
0.0324892
0.0294044
0.000653927
0.000754189
0.00557782
2.80684e-005
0.00267557
0.00401183
0.000982662
0.00398801
0.001191
0.00602105
0.0140189
0.00534798
0.000412202
0.000254318
0.00108651
0.00146242
0.00230138
0.00608656
0.0213655
0.0195153
0.00835644
0.00225602
0.00379626
0.00528972
0.00424062
0.00269749
0.0120054
0.00517512
1.8478e-005
0.0158352
0.0110384
0.00220887
0.00252112
0.000381991
0.000102282
0.00128352
3.59418e-009
0.00189552
0.000770189
6.68522e-006
0.000330449
0.00905171
0.00301836
0.00163295
0.0014091
0.00215956
0.0264911
0.0116383
0.0280927
0.00125249
0.00145123
0.035735
0.000475019
0.000212795
1.92649e-005
0.000265825
0.0121809
0.000856025
0.0324864
0.0438336
0.000127007
0.00617873
0.000850908
0.00460351
0.000746046
9.12263e-005
0.00661286
0.0138635
0.0011942
0.00315554
0.00545357
0.00207044
0.00271193
0.00247929
2.26604e-005
0.00565302
0.0221493
0.000395522
0.0152591
0.00888901
0.00244258
0.00303088
0.00576618
0.00224679
0.00657335
0.00586247
0
0.0109137
0
1.49895e-007
0.00827555
0.000216054
0.0164247
0.0033081
0.00373896
0
0.0082848
0.0183593
0.00020254
0.000358295
0.00302506
4.05202e-005
0.00063021
0.000916775
0
0.00206702
0.000581448
0.000638703
0.00299916
0.0438762
0.00116841
0.00155444
0.00628496
0.00300112
0
0.000516563
0.0107342
7.3859e-009
0.00259083
0.00161942
0.0067258
0.0119599
0.00351757
0.00574114
0.000996565
0.00594939
0.00113143
5.59973e-006
0.0019695
0.0454838
0.0300171
4.21378e-005
0.00432116
-5.88244e-009
0.00120357
0.00277753
0.00496973
0.0191718
7.29741e-005
0
0.00618198
0.00167634
7.86434e-006
0.000773911
0.0107115
0.00825484
1.9157e-006
0.00551307
0.000112428
0.0280816
0.0126254
0.00965266
0.0169454
0.00991352
0.000289844
0.00259082
0.00493522
0.010581
0.00251795
0.000207849
0.00134572
0.000272584
0.000737284
0.00116264
0
8.71626e-005
0.00018623
0.0480495
0.000413603
0.0169285
0.00280518
0.0121987
0.000681748
0.0172488
0.0148829
0.00616716
0
0.00388096
0.00122346
0.00654186
0.00650371
0.00574085
0.00577105
7.28153e-005
-1.88585e-009
0
0.0171265
0.00160623
0.0112352
0.0159184
0.0492218
2.02652e-006
0.00152089
0.00353905
0.000828784
0.00210253
0.000586806
0.00058032
0
0.00281222
2.17792e-006
0.00504558
0.000824681
0.00185509
0.00581887
0.0113486
0.000338942
0.00137164
0.00308706
0.00297844
0.000227659
0.00636351
0.00289799
6.80026e-005
0.00563427
0.000860898
0.026749
0.0170386
0.00247471
0
0.00994894
0.0101386
0.027162
0.0011826
6.81565e-005
0.00145892
0.00347379
0.0140304
0
0.000515154
7.5759e-005
0.00625353
0.000442879
0.000455188
0.00530038
9.06794e-005
3.91963e-005
0.00937437
0.00944373
0.0260293
0.00143491
0
0.000259156
0.00072784
0.000966674
0.00147344
0.00187718
0.029862
0.0081444
0.00332596
0.000150469
0.00308363
0.00180994
0.0180346
0.0153593
0.00994372
0.0076095
0.00295461
0.000512208
0.0033104
0.000252031
0
0.00154843
0.000430357
4.45428e-005
0.000523886
0.000950674
0.000714432
0.0132919
0.0111688
0.0109267
0.00174286
0.00994822
0.000401093
0.00750194
0.000201288
0.0065503
0.000373865
0.00506447
0.0604371
0.000461057
0.00340294
0.0134403
0.0298977
0.000150904
0.00261074
0.000990517
0.00208053
0.00341392
0.000299605
4.42512e-005
0.00769798
0.0161388
0.0152362
0.0126859
0.00983694
0.0190293
0.0132119
0.0323363
0.012013
0.00260222
0.000598973
0.00119657
0.00658638
0.000768643
0
0.00498668
0.00525691
0.0670028
0.034544
0.0200878
0.00707988
0.00992358
0.00761507
0.00117815
0.00134692
0.00620354
0.0195317
0.000602385
0.00317813
0.0740841
0.000146525
0.00184813
0.00188332
0.0130651
0.000506787
0.00210251
0.000364529
0.00539985
0.0181539
0.00531125
0.000143931
0.0638961
8.37347e-006
0.000167329
0
0.000940635
0
0.000691541
0.002678
0.00687402
0.00440273
0.000142024
0
0.00652568
-8.93162e-009
0.00106063
0.00165558
0.000246242
0.00144071
0.00352164
0.0230989
9.76566e-005
0.000522301
0.00303189
0.00596773
0
0.00313617
0.000456937
0
0.00192699
0.00914047
0.00879129
0.0025836
0.00832003
0.00343082
0.00352394
0.00026721
1.80396e-005
0.0382309
0.000329075
1.02099e-008
0.0513975
0.0032297
0
0.00023747
0.0145136
0.0196511
0.00385287
0.00101433
0.00432853
0.00358627
0.0278064
0.00621561
0.00230073
0.000643582
0.000215849
0.000860784
0.00464276
0.00115754
0.00195606
0.00200181
0.00297416
0.00967054
0.00367682
0.00161696
0.0353071
0.0271035
0.00313888
0.00293366
0.000814175
0.0105376
5.09704e-005
0.000136127
0.000929381
0.0115722
0.000896294
8.20438e-005
7.36461e-005
0.0277655
0.000709474
0.000117764
1.32242e-006
0.00351458
7.05018e-005
0.00801386
0.00224419
0.000558991
0.0255888
0.00190179
0.00104453
0.0219675
0.00841103
0.0289792
0
0.000465144
0
0
0.000836744
0.0227078
0.00315488
0.00226237
0.000756765
0.00234895
0.00279782
0
0.045392
0.000103779
0.000404462
0.000979408
0.00341759
0.00137661
0
0.00156058
0.000315134
0.000551843
0.000572129
0.00142147
0.00017902
0.00198367
0.00468798
0.000583481
0.000535485
0.000283052
0.0165844
0.00379805
0.000270888
0.00347835
0.00436623
0.037146
0.000475823
0.0179076
0.00308831
0.000121592
0.0237258
0.0110734
0.00239913
0.040384
0.00286118
0.0066849
0.00206533
0.00458528
0.000867815
0.000538982
3.78786e-005
0.0148039
0.0243563
0.01173
0.00746856
0.00768369
0.00148844
0.0150036
0.000152393
0.00553604
0.00133673
0.0297375
0.000732433
0.000517659
0
0
0.0105255
0.0291246
0.0256933
0.0162869
0.0244098
0.016215
0.000243917
0.000405999
0.00385638
0.00155917
0.00886679
0.0106522
0.0117277
0.000313273
0.0535473
0.000884611
0.0159323
0.000121844
0.0103317
0.00652045
0.00616812
0.00176016
0.0253429
0.000625431
0.00242291
0.00802753
-1.36871e-011
0.000935532
0.000106454
0.0121483
7.75158e-005
0.00266208
0.000238024
0.00834261
0.000467817
0.000903759
0.00500712
0.0494231
0.0596785
0
0.00157662
0.000766154
0.0034841
0.00243107
0.0484734
0.00137825
0.0137256
0
0
0.00407961
0.000430795
0.00967468
0.000220092
0.00174657
0.0189928
0.0578819
0.00660864
0.0127589
9.78359e-006
0.000239053
0.00147676
0.00678371
0.000201412
0.000716004
0.00199336
0.00117574
5.61509e-005
0.00369326
0.00968444
0
0.00265684
0.0637322
0.00629387
0.00296852
0.00424424
0.00558539
0.00338457
0.000342941
0.00573822
0.00340103
0.00188052
0
0.00452719
0
0.00696956
0.0290946
8.16342e-005
0.00152785
0.00159847
0.0022669
0.014269
0.00409907
0.000250121
0.00197683
0.0640282
0.00975376
0.0128969
0.0014173
0.0412374
0.00895471
0.00205147
0.000101223
0.000746021
0.00743045
0.0137722
0.0160585
0.0138076
0.00193232
0.00628442
0.00807489
0.0183093
0.0145321
0.00401603
0.00527456
0.000669022
1.73324e-006
0.0898774
0.087403
0.000946085
0.00316447
0.00664773
0.00893173
0.000446989
0.000383216
0.0091162
0.0010059
0.00343529
0.0103747
0.033304
0.0035459
0.00647268
0
0
0.000264553
0.00807621
0.00134962
0.000387978
0.0310811
0.000782356
0.0123526
0.0130291
0.00564189
0.00805804
0.0248751
0.00486309
0.00835611
0.00823668
0.00981594
0
0.000690959
0.00237924
0.000944465
0.00278016
0.000274268
0.000151027
0.00231142
0.00600271
0.00344566
0.0120241
0.0508866
0.000852024
0.00124441
0.00113732
0.000865592
0.00738532
0.0106901
0.00216886
0.00412998
2.90851e-005
0.0114187
0.000870977
4.20724e-007
0.0148492
0.00141262
0.00424345
0.0480834
0.00141054
0.000927912
0.000126018
0
0.00362103
0.0100326
0.00060051
0.000804105
0.00626909
0.00767438
0.046645
0.0542751
9.61693e-005
0.00226585
0.00103608
0.00165305
0.0337115
0.0203573
0.00800312
0.000674219
0.0138931
0.0160546
0.0201617
0.0215784
0.00295995
0.000137366
0.00100915
0.000238841
0.0101126
0.0247623
0.0171862
0.0400734
0.0132703
0.000351307
0.000651756
0.00249219
0.000251875
0.00270961
0.0227264
6.53063e-005
0.000417043
0.0314918
0.00154964
0.00142766
0.00392631
0
0.013596
0.00173664
0.00186567
2.18162e-006
0.0382591
0.00990636
0.00337675
0.00212172
0.00482883
0.00337477
0.0576282
0.0091327
0.00154249
0.00420116
0.00862755
0.00176102
0.000721058
0.000662102
0.00287519
2.64094e-005
0.0354968
0.00409265
0.00883587
0.00122574
0.00148047
0.000108147
0.012273
0.0495427
0.0455096
1.40427e-010
0.000303637
0.00188165
0.000133206
0.0617957
0.000944401
0.00210275
0.000266464
0.00577974
0.000615677
0.0184611
0
0.00603271
0.0259553
0
0.0030285
0.00594345
0.00594345
0.00598017
0.0111574
0.00618337
0.00144274
0.00705666
0.00391886
0.00835223
0.00382391
0.00232588
0.000223053
-8.7688e-009
0.000309563
3.54226e-005
0.000617842
0.00161893
0.0153025
0.00578954
0.000888239
0.00120866
0.0375775
0.00137107
0.000151741
0.0103886
0.000311019
0.0180459
0.00100326
0
0.00177865
0.0136566
0.0130301
0.0109062
0
0.0105199
0.0010944
0.00280259
0.000413847
0.0110931
0.00145026
0.00108598
0
0.00164612
0.00369904
3.96249e-005
0.000418649
0
0.00101184
0.0544004
0.000351059
1.65882e-005
0.00903603
0.000610697
0.00475782
0.00570029
0.000743316
-8.02702e-009
0.00123359
0.00367168
0.00333205
0.00193979
0.001229
0.0814563
0.00235697
0.0161732
4.7695e-009
0.0188971
0.00782583
0.00196665
0.00235591
0.00352902
0
0.000983132
0.0010169
9.48496e-005
0
0.0158033
0.000103917
0.000159903
0.00021859
0.0139306
0.00509632
0.00019219
0.00120206
0.00111611
0.00231644
0.00563136
0.00221553
0.000351108
0
0.0113489
7.489e-011
0
0.00207628
0.00796472
0
0.00639899
0.001022
0.0537589
0.0497594
0.00211914
0.00197994
0.023555
0.0125149
0.0147617
0.000581944
0.00422997
5.3859e-006
9.31042e-005
0.00152252
0.00452034
0.00136116
0.00178846
0.00178202
0.00763118
0.000796438
1.29604e-005
0.00138509
0.000809412
0.0131239
0.0587706
0.0003145
8.71e-005
0.017955
0.00225245
0.000369613
0.00419913
0.00672828
0.00346499
0.00411581
0.00330867
0.103465
0.00237594
0
0.01805
0.021019
0.00163576
0.00214627
0.00475117
0.00552887
0.00542569
0.0286868
0.000101012
0
0.00579692
0.00342553
0.00660372
0
0.000146796
3.22666e-010
8.39263e-005
0.0360756
0.00211526
0.00763476
0.000128378
0.00985755
0.000237905
0.0059437
0.0148413
0.0119912
0.0298438
0.0102122
0.000191925
0.00104801
0.00048489
0.0017902
0.00170706
0.00380234
0.000447221
0.0342117
0
0.00014179
0.000447826
3.44537e-005
0.000738288
0.000576968
0.00159471
0.00118185
0.0147125
0.0286392
0.000249616
0.00289904
3.9786e-005
0.000684312
0.000213621
0.00296493
0.00134746
0.000840482
0.00108628
0.00535929
0.000851607
0.00197138
0.00168031
0.00900557
0.000131783
0.00144474
0.000978494
0.0033397
0.0104353
0.00030363
0.00133391
0.00120435
0.0272014
0.0111845
0.0282514
0.0128137
0.013344
0.0023147
0.00603785
0.0138343
0.0231092
3.48575e-005
0.00945095
0.00692407
0.000319708
0.00613005
0.00734019
0.000221699
2.34103e-013
7.1271e-006
0.0675751
0.00296339
0.000233211
0.00183346
0.00125415
0.000966516
0.000869887
0.00176325
0.00131294
0.000267479
0.0309809
0.0259417
4.46572e-006
0.000566203
1.65329e-011
0.00208238
0.00729771
0.0071705
0.000278799
0.00149941
0.000115936
0.00634193
0.00299072
0.00194685
0.00197556
0.0834611
0.00410114
0.00634886
0
0.0120802
0.000719327
0.00024575
0.00221111
0.0402907
0.0282515
0.0017081
0.00782085
0.000809188
0.000110695
0.0246385
0.0424252
0.00161356
0.00925129
0.00500111
0.00433448
0.00834745
8.88437e-005
2.95182e-005
0.0415231
0.000844244
0.00237785
0
0.00235723
0.0607815
0.0261076
0.0247421
0.000659612
0.00242129
1.85273e-005
0.0230339
0.0253488
0.0102636
0.0076951
0.00091493
0.00218826
0.0118066
0
0.0028552
0.00236834
0.0236183
1.65329e-011
0.00292595
0.00347189
0.0260963
0.0360343
0.0123558
0.0089611
0.0784216
0.000385436
0
8.32416e-005
0.00728172
0.00143693
0.000142769
0.000865538
0.00935765
0.00859478
0.00147484
0.00416666
0.0117117
0.000177073
0
0.00855663
0.0166293
0.0155835
0.000115378
0.100418
0.00213213
0.00238859
0.0141315
1.76886e-006
0.000915909
0.00046144
0.0057978
0.010345
0.0385041
0.000561356
0.0139358
0.000644818
0.00102183
0.001047
0.000514059
0.00381057
0.0129588
0.00171619
0.00354668
0.00206042
0
0.0285777
0.000583012
0.00112197
0.00133172
0.000291977
0.0119328
0.0106141
0.00276762
0.039328
0.00127815
0.00250813
0.0354682
0.0356546
0
0.00274652
4.5451e-007
0.000984309
0.0230835
0.000325539
0.0271998
0.00205548
0.00391438
0.00244745
0.00237063
0.00316153
0
0.063351
0.000502519
0.00489664
0.00207039
0.0277837
0.0029283
0.000115844
0.000193057
0.00482753
0.020816
0.0834541
0.000390053
0.00889332
0.0318395
0.0223422
0.0107342
0.00221425
0.00579705
4.75186e-009
0.00581744
0.0121255
0.00261526
0.000499009
0.00557314
0
0.000851222
0.000555804
0.000118598
5.40001e-005
0.0073126
0.00142548
0.000285042
0.00199658
0.00713266
0.00482635
0.00364872
0.00921907
0.0422531
3.69938e-005
5.87941e-005
0.00158582
0.0013437
0.0220607
0.0470913
0.000995448
0.00103058
9.10975e-005
0.0144652
0.00247468
0.00509713
9.47007e-005
0.0259003
0.0002682
0.00497819
0.000210062
0.000201568
0.000591721
0.102731
0.0393736
0.0204962
0.012126
0.000447162
0.000359403
0.0082631
0.00047113
0.000445863
0.00418834
0.000560238
0.00144789
0.00379193
0.00284037
1.04656e-005
0.00075408
0.0456915
0.0670913
0.0101464
0.000522386
0.000107747
0.000406253
0.0109323
0.00819622
0.000184396
0.00264953
0.0132917
0.00365367
0.0192698
0.0991898
0.000450569
0.00144731
0.00425032
0.0016088
0.0285674
0.000843114
0.0122074
0.0022582
0.000250434
0.00182319
0.00172394
0.00321292
0.00328914
0.00305107
0.00777261
0.00408277
0.0206996
0.0278468
0.0251073
0.00580702
0.00128687
0.00176736
0.00160809
0.0130574
0.00240754
0.00222737
0.00997801
0.00941028
0.000262077
0.00108299
0.000232421
0.00129788
0.00172011
0.00155724
0.00491118
0.0189141
0.00281699
0.000734148
0.00195245
0.000710889
0.00104694
0.000479294
0.00598499
0.000987876
0.00163851
0.000901476
0.0231316
0.00896915
0.000686889
0.00510834
0.00132629
0.00124041
0
0.0127761
0.000613005
0.00173271
0.0176062
0.0152291
0.00104329
0.00684712
6.00958e-005
0.00860373
0.00212688
0.00207058
0.00935536
0.025985
0.00106578
0.0651064
0.00342405
0.00121152
0.00619193
3.79837e-006
0.020123
0.0580078
0.0261173
0.0322978
0.0309172
0.0414727
0
0.0018822
0.000729969
0.000960801
0.0526518
0.000763264
0.000399656
0.00235597
0.00222096
0.00780517
0.0526784
0.00155975
0.00781431
0.000237283
0.0138615
0.00338014
0.00638655
0.000177429
0.00263743
0.0445031
0.000250112
0.000538583
0.00179588
0.00336804
0.00997402
0.0445383
0.00118066
0.0479499
0.000144207
0.00260165
0.000153337
0.000246131
0.000827226
0.00598852
0.00266548
0.000154632
0.00771897
0.00988741
0.132724
0.0302734
0.000276181
0.00409044
0.00682096
0.00487258
0.00658197
0
0.00178525
0.00346404
0.000313571
0.000291773
0.00617622
0.0113732
0.0139297
0.0216913
0.0238622
0.00183183
0.00149629
2.72764e-005
0
0.00111838
0.0609356
0.0148911
0.000793944
0.0048682
0.00608103
0.012627
0.0187893
0.000745322
0.0252306
0
0.0375242
0
0.000699414
0.0032461
0.0411014
0.00157368
0.000381923
0.00056814
0.00168614
0.00738953
0.00162536
0.0152748
0.00173666
0.000634072
0.0458478
0.0240955
0.000246866
0.0009661
0.000869889
0.00902928
0.00317695
0
7.46855e-005
0.0106591
0.075884
0.00411128
0.00132957
0.00655383
0.00463384
0.000289446
0.000619535
0.00119123
0.0400817
0.000801602
0.00654444
0.000267832
0.00104162
0.0036668
0.00271391
0.000279082
0.00148849
0.0029246
0.0138566
0.00837894
0.0216638
3.02601e-005
0.0021466
0.00331502
0.0255889
3.07237e-005
0.000318624
0.000424736
5.14275e-005
0.0031703
0.00217853
0.000235028
0.00413856
0.00113848
0.00191185
0.0185191
8.65631e-009
0.0148181
0.00324296
0.00275184
0.000561792
0.000983467
0.000286412
0.0245982
0.000199017
0.000863796
0.000482373
0.0104456
0.00986478
0.00252384
0.0144843
0.000447666
0.00150263
1.45431e-005
0.00939836
0.000286173
0.00169824
3.87172e-005
0.000529441
0.0867679
0.00437775
0.0114233
4.72725e-005
0.0104462
0.00185729
0.00265474
0.00467583
0.00787973
0.00268534
0.00403075
0.000640461
0.000175703
0.00108192
0.000171651
0.000903028
0.0170032
0.0102066
0.0112662
0.00133327
0.0035466
0.000591853
-7.20155e-009
8.39604e-005
0.000674438
0.000567403
0.0037347
0.00847535
0.00223945
0.00105148
0.00168322
0.000109391
0.00103342
0.000186083
0.000696939
0.0220236
0.0018726
0.00396401
0.00565745
0.0030756
0.0142566
0.0117306
0.000222434
0.000484042
0.0088586
8.6923e-005
0.00111313
0.00109035
0.00526893
0.00011267
0.0104582
0.00575258
0.00234056
0.000267757
0.00177033
8.98255e-005
0.000312931
0.000694971
0.0452692
0.00102284
0.00127295
0.0402186
0.0133978
0.00394859
0.000143356
0
7.79826e-005
0
0.00452712
0.023984
0.0147054
0.0234503
0.0020927
0.00583944
0.00400867
0.00160284
0.00320659
0.000277308
0.00236942
0.000149763
0.00219527
0.0335804
0.00914062
0.0145852
0.0167723
0.000524713
0.00282253
0.00665202
9.10677e-005
0.0341761
0.00202607
0.0105206
0.0091879
0.0004584
0.00823197
0.00211257
0.000492861
0.00174111
0.0019174
0.00678165
0.0692061
0.0495435
0.000305776
0.002785
0.000104511
0
0.00279968
0.00271416
0.0107671
0.00364306
5.60494e-005
0.0395676
0.000377164
0
0.00602743
4.30463e-005
0.0086065
0.00199989
0.0214515
0.00217378
0.000691596
0.00104248
0.00370387
0.00108357
0.0185333
0.000283778
0
0.00183815
0.000133915
0.00075728
0.00887813
0.00462796
0.00222068
0.00839529
0.0168779
0.0136377
0.000702484
0.00300527
0.00150325
0
0.000369419
0.00441647
0.00219689
0.0194524
0.00017576
0.00326583
4.23901e-005
0.00178604
0
0.00150545
0.0218486
0.0195265
0.00221431
0.0264063
0.0124331
0.000424613
0.000551265
0.0012948
0.000390039
0.0155813
0.000840186
0.000109012
0.0447006
0.0170348
0.00556516
0.000295634
0.00407588
0.0101514
0.0131604
0.000823778
0.00118
0.00557233
0.000230876
0.000273028
0.000493135
0.00144733
0.00357244
0.000387404
0.000730988
0.000112722
0
0.000590132
0.00154008
0
0.0135241
3.07259e-005
0.000537248
0.00421897
9.03081e-005
0.00583277
0.00112415
0.000712786
0.0311053
0.0376962
0.00316201
0.00020288
0.00398527
0.00848562
0.00353078
0.000351846
0.00364742
0.0205517
0.0530714
8.01056e-005
0.0242052
0.00338731
0.00166091
0.0205765
0
0.0128222
0.067276
0.00317459
0.00917262
0
7.69566e-005
0.000993995
0.000149101
0.00183183
0.00119394
0.000472192
0.00450957
0.000339821
0.0670666
0.0767508
0.000134648
0.0695358
8.39621e-005
0.0166041
0.0187224
0.00141558
0.00190828
0.0905744
0.0245717
0.000799017
0.0117945
0.00192199
0.00200265
0.0444207
0.0144337
0.000221525
0.000215076
0.000271665
0.0475416
0.0160239
0.00101575
4.40518e-005
6.57521e-006
0.000908867
8.65552e-005
0.0510464
0.000460143
0.00692892
0.000525281
0.00945637
0.0473108
0.0426128
0.000858517
0.00105756
0.0117527
0.00213755
0.00166949
0.00141411
4.25154e-005
0.0215461
0.0202812
7.4891e-011
0.00013752
1.53241e-005
0.00607877
0.000930573
7.97697e-005
0.000855217
0.000855217
0.124854
0.00950743
0.0228612
0.00601224
0.00514384
0.000137881
0.0108717
0.000181876
0.00494691
0.00589087
0.0455504
0.00611729
0.018762
0.00180266
0.0168256
0.00201639
0.00244472
0.00508814
0.0311603
0.000543957
0.0311311
0.0190608
0.000427398
0.0485943
0.00236857
0.00122514
0.0199274
0.00880143
0.000896488
0.00567746
0.0128736
0.0223625
0.0682947
7.06744e-005
0.00302355
0.0248039
0.000819823
0.00129104
0.066011
0.00125259
0.00497177
0.000847262
0.00708339
0.00371613
0.009201
0.0001255
2.81868e-005
0.000184
0.00769234
0.000600924
0.0165224
0.0230109
4.5322e-009
0.0141387
0.00171983
0.0150828
0.00229588
0.002644
0.00170931
0.0156411
0.0220468
0.0569204
0.00023706
0.00931467
0.00528093
0.00042899
0.00161464
0.000450436
8.03131e-005
0.00118202
0.0119802
0.000786902
0.0577947
0.0466929
0.00185153
0.0125735
0.0126858
0.0265257
0.000486156
0.000845391
0.000169189
0.000779768
6.50436e-005
0.000883896
0
0.00563288
0.000961113
0.00119354
0.000717149
0.00257128
0.000416445
0.00157026
0.0598225
0.00014215
0.0116486
0.0105214
0.0101944
0.0137033
0
0.00022619
0.0300575
0.0117735
0.00480162
0.0447088
0.0025844
0.000996453
0.0637654
0.0358796
0.0321267
0.00277318
0.0176283
0.00356942
0.0341352
6.58415e-006
0.00286702
4.94975e-005
0.00062212
0.0617656
0.0118768
0.000461085
0.0545741
0.030931
0.00274878
0.048596
0.00832621
0.000329787
0.0125341
0.00330004
0
0.000117911
0.00372939
0.00157286
0.0252068
0.000303696
0.0435549
0.000106853
0.000163076
0.00857489
0.0138017
0.0304426
0.0190897
1.08734e-008
0.000933948
0.000576943
0.00380456
0.000699362
0.000559318
0
0.00130988
0.000899382
0.00100031
0.00160823
0.00076058
0.00306861
0.0174427
0.0454674
0.0099493
0.0184244
0.000209335
0.00297709
0.00200472
0.0022045
0.00385659
0.0107251
0.000577123
0.00182294
0.00256089
0.000713719
0.00367816
0.00194337
0.0161715
0.000351278
0.0196888
0.0374016
9.88966e-005
0.0151984
0.0104272
0.0100733
0.00160792
0.0207745
0.0127735
0.000235384
0.000209166
0.0119456
0.000261881
0.00102673
0.000571094
0.0214263
0.00321833
9.42764e-006
0.00627157
0.0615152
0.00942934
0.0256002
0.0281954
0.0001031
0.00209838
0.0722119
0.0540483
0.000914934
0.00252164
0.00939143
0.00731823
0.0559046
0.00032728
0.0167943
0.013219
0.00122149
0.00460288
0.00903476
0.0001924
0.0981368
0.00119495
0.000714515
0.0102213
0.00632504
0.00039424
0.0243388
0.00209034
0.0601078
0.0567935
0.0464919
0.00707074
0.000491657
0.000537788
0.0102717
0.0403141
0.000594617
0.034468
0.0230181
0.00339613
0.000529161
0.00972481
0.0184257
0.0022044
0.00250205
0.0101613
0.0114818
0.000390582
0.00346362
0.00213744
0.0177182
0.0474206
0.0555342
0.0256074
0.00116092
0.0010293
1.33181e-006
0.000469012
0.000728179
0.00180453
0.0276799
0.00546724
0.061809
0.0595383
0.000207069
0.000602763
0.0276258
0.0367511
0.0155907
0.0241536
0.0299155
0.00224471
0.00232623
0.00136844
0.00545815
0.00548058
0
0.000136068
0.000745095
0.00420747
0.00197518
0.00915281
0.0119142
0.000131007
9.81803e-005
0.0110069
4.72717e-005
0.0619169
0.0254292
0.000826907
0.00127085
0.00402578
0.00463714
0
0.000114419
0.000266581
0.0113422
0.00189352
0.00185483
0.0140354
0.00877739
0.000218725
0.000682517
3.58252e-005
0.105279
0.0010026
0.00760891
0.00407049
0.00155621
0.079393
0.0506764
0.0438972
0.00476435
0.0658847
0.0235306
0.00286734
0.0113414
0.000313808
0.0215278
0.00661727
0.00111343
0.0114708
0.00509524
0.000284444
0.00107609
0.00138204
0.00286336
0.0322842
0.000956763
3.52095e-005
7.36855e-005
0.0244759
0.000528478
0.00995927
0.00218481
9.58352e-005
0.00118472
0.000440208
0.00989429
0.00157062
0.00136839
0.00072341
0.00527888
0.00215975
8.54427e-005
0.00757599
0.00600504
0.00216955
0.000308204
0.00749206
0.00231625
0.0277145
0.0361265
0.00597284
0.0103291
0.000115101
0.000354759
0.0002981
2.67273e-005
0.00660963
0.0033672
0.0401502
0.00115705
0.0242831
0.000121294
0.00764295
5.91146e-005
6.57183e-006
4.42037e-005
0.000391485
0.0125607
0.00221791
0.00172639
0.00121326
0.00346254
0.000899946
0.00253859
0.000397882
0.0037894
0.000488877
0.00121826
0.000165428
0.00997761
0.00992318
0.0236638
0.00139941
0.0117442
0.00137798
0.0129689
0.0479934
0.0439051
0.000308675
0.000348334
0.0171249
0.0779613
0.00013364
0.00226895
0.00289402
0.00270953
0.000873958
9.73745e-005
0.00223172
0.00179867
0.000236331
0.03948
0.0213191
0.0123812
0.00940899
0.0570693
0.0298192
0.000323668
0.0215492
0.00381671
0.000714059
0.00218603
0.000282497
0.00395921
0.000830531
0.00136315
0.0410894
0.00036273
0.0146287
0.018766
0.00543784
0.011625
0.00919004
0.00206837
0.00470391
5.69904e-009
0.0559429
0.00534546
0.0307191
0
0.000233248
0.00163486
0.00213196
8.8001e-005
0.00244647
0.0028301
0.000268683
0.00178572
0.0238604
0.000526475
0.0279617
0.000844242
0.0301151
0.0291586
0.00173496
0.00287434
0.0540748
0
0.0133866
0.000858672
0.0134256
0.00893058
0.0093285
0.00598415
0.00678239
0.00199096
0.0113636
0.0189976
0.000209725
0.0288932
0.0128798
0.00637531
0.00425516
0.00445588
0.00509779
0.00153761
0.000111741
0.00486374
0.00138054
0.0182777
0.00218674
4.9715e-005
0.0107921
1.35391e-006
0.0286573
0.00125445
0.000284444
0.000121244
0.000293157
0.00472405
0.0137643
0.0187973
0.0183297
0.0005045
0.000264271
0.0230325
0.012429
0.0155039
0.00360661
0.0652608
0.00734343
0.00068094
0.00020622
0.025656
0.0161472
0.0121865
0.00998192
0.00558151
0.00689765
0.0413413
0.00174155
0.00434111
0.0193687
0.00110121
0.00386387
0.0010825
0.00211233
0.00851118
0.0522772
0.0059346
0.00120508
0.00146172
0.00298312
0.0152559
0.029424
0.00342346
0.0146365
9.38604e-005
0.0338791
0.0917533
0.020152
0.0111654
0.00181478
0.000805674
-2.70769e-010
0.0396889
0.00103114
0.0215229
0.00355801
9.69852e-005
0.00194793
0.000290016
0.0042219
0.00433715
0.0104513
0.00266072
1.50488e-005
0.000467059
0.0652254
0.000217953
0.000491658
0.00143108
0.0015633
0.0320676
0.0130081
0.0176034
0.000324329
0.0153224
0.00215298
0.000309207
0.0148554
0.0032622
0.00157928
0.00139538
0.000852691
0.00011933
0.000274668
0.018233
0.0200416
0.000428427
0.010956
0.0129575
0.0116626
0.0322131
0.0639744
0.0225607
0.00878022
0.00480569
0.00563649
0.000395481
0.00998665
0.000173751
0.0262024
0.0317781
0.00194612
-6.43246e-009
0.00865845
0.000438542
0.0447136
5.72671e-005
0.0165479
0.0123734
0.000169728
5.39052e-005
0.0211155
0.000537216
0.000221928
0.000180757
0.00243543
0.00148412
0.00339973
0.0013066
0.00410884
0.000903207
2.43872e-007
0.00331444
0.0155814
0.000695359
0.00222961
0.00137622
0.0116213
0.0127915
0.00108393
0.00117575
-1.16389e-009
0.0613723
0.0414797
0.00377299
0.00324695
0.00340414
0.00172246
0.000633965
0.000383751
0.000185982
0.110647
0.0162762
0.0108543
0.0124242
0.0109825
0.000576957
0.00231359
0.0145926
0.0380951
0.0023495
0.000561094
0.0360268
0.000401487
0.00157959
0.00716774
0.0156693
0.000899954
0.000878564
0.00765799
0.00500318
0.0117371
0.00829576
0.00792512
0.00159468
0.000170455
0.00384439
5.94106e-005
0.00113003
0.0081678
0.0293167
0.000251678
0.000290691
0.0405595
0.00169823
0.00129539
0.000759625
0.0245473
0.00424347
0.000453385
0.000531741
0.0176742
0.0280914
0.00084001
1.92687e-005
4.0559e-005
0.00249987
0.0596196
0.000968144
0.0128258
0.00017307
0.000661928
0.000515298
0.00895108
0.0055415
0.000623779
0.00990941
0.00048107
0.0364994
0.00203613
0.00772294
0.00808899
0.0792862
0.00280772
0.0274785
0.00308568
0.00118922
8.25606e-005
0.000428042
0.000855278
0.0268645
0.00550511
0.000629946
0.000500608
0.00415396
0.00742778
0.0327034
0.00297661
0.0105378
0.00320999
0.000537717
0.00387526
0.00638887
0.00343976
0.000253712
0.000228741
0.0352302
0.0196898
7.78762e-006
0.00255824
0.000401147
0.00622125
0.000497651
0.0248371
0.00450416
0.00112894
0.00244707
0.000296869
0.00139918
0.0176704
0.000969887
0.000704173
0.0207225
0.00183291
0.000101073
0.000445618
0.0435017
0.0606444
0.0105836
0.0144661
0.0045433
0.00138558
0.00093412
0.0524218
0.00987035
0.00490379
0.00350013
0.0027742
0.00517111
0.002421
0.000226025
5.85205e-005
0.00514604
0.0431348
0.000280972
0.00292745
0.000123578
0.00427892
0.00625172
0.168755
0.000614127
4.47588e-005
0.00902359
2.62529e-005
0.00107472
0.000140974
0.00136131
0.0469125
0.0183361
0.000913874
0.0246465
0.00415867
0.00145502
0.00188954
0.0579062
0.000449526
0.0010382
0.00317476
0.000565543
0.000417652
0.00371594
0.0013217
0.0119904
0.00789232
0.00111535
0.00664612
0.00822276
0.0118607
0.000255117
0.000369133
0.00129117
0.00388036
0.0138075
0.00528286
0.0193179
0.0307698
0.0021225
0.0295911
0.00043174
0.0021756
0.0173628
0.00145382
0
0.00428291
0.00206905
0.00365777
0.0156598
0.0446259
0.00287535
0.0125061
0.0156941
0.00621537
0.00534519
0.00506529
0.00767936
0.0062929
0.00110473
7.89261e-005
0.000463071
6.64235e-005
0.00196468
0.00974416
0.0104245
0.0138677
0.00016665
0.00152404
0.00706094
0.0142619
0.00403131
0.0020878
0.00104815
0.00507491
0.00149273
0.000103722
7.44496e-005
0.00266516
0.0124544
0.000611069
0.0266511
0.00776138
0.000736316
6.0774e-005
0.0596876
0.0187528
0.000452662
0.000432244
0.00025585
0.0450874
0.000353826
7.99418e-005
0.0173293
0.00142278
0.00196658
0.00616202
0.00185338
0.00336204
0.0244836
0.0303474
0.00515562
0.000307534
0.00234689
0.00206228
0.00433076
0.00263098
0.00100034
0.000294151
0.0310672
0.00043626
0.0498121
4.6986e-005
0.0016562
0.000389504
0.000484443
0.0105359
0.0390287
0.00414924
0.00553134
0.000192701
0.00150482
0.00414643
0.000699093
0.000627169
0.00171629
0.00786089
0.0545132
0.000606981
0.0603638
0.000510866
0.00107546
0.00254533
0.000929103
0.00157106
0
0.00871051
0.00153271
0.0847551
0.00146256
0.000501494
2.89376e-007
0.0352151
0.0214375
0.00539465
0.00381308
0.0313047
0.00181913
0.0113153
0.0233769
0.00351938
0.00602974
0.00430094
0.000540449
0.000391775
0.0489802
0.0134765
0.00824406
0.0129635
0.000301161
0.00341088
0.0277388
0.00129241
0.000820992
0.0030843
0.00202602
0.0191216
0.00420428
0.0018116
0.0345665
0.00294475
0.0435547
0.00165973
0.00167252
0.000295893
0.0177939
0.024718
0.0341013
0.00616636
0.00173602
0.00420038
1.12204e-006
0.0175189
0.00108377
0.00301069
0.00387753
0.00243956
0.00100096
0.0192916
0.0207496
0.00487505
0.026558
0.00117665
0.0139079
0.0102898
0.0015698
0.0573717
0.00159161
1.2337e-005
0.00418671
0.00220014
0.0042242
0.0325246
0.000401155
0.00150952
0.00837948
0.00107374
6.48643e-009
0.042449
0.0235735
0.000916708
0.000779399
0.00160731
0.000406906
0.0116638
0.0435718
0.000564284
0.00700864
0.0273839
0.0219973
0.018766
0.000327941
0.000223444
0.0129371
0.00412618
0.00368309
0.0066897
0.0060652
0.00217109
0.00117157
0.000322522
0.00107817
0.00235194
0.00153689
0.0230953
0.000751361
0.0232231
0.000161353
0.010205
0.00759055
0.0200973
0.0114457
0.000228655
0.00177823
0.0265513
0.000199811
0.000925606
0.00427092
0.000859485
0.0300542
0.000154965
0.0631897
0.0016025
0.00666313
0.00338545
0.00413909
0.0101424
0.00267808
0.00211774
0.000103422
0.00263174
0.00526099
0.0115961
0.00596638
0.000186324
0.0146755
0.00013343
0.00708748
0.00707414
0.00321825
0.000573508
0.0199101
0.00308878
0.00307993
0.000113589
0.00950979
0.0338706
0.0152293
0.0615119
0.000765764
0.000509168
0.00054798
0.0043851
0.00102066
5.12536e-005
0.0447917
0.0051846
0.00121742
0.00287951
0.000461773
0.00224523
0.0102002
0.00112968
0.00474202
0.0240431
0.0239964
6.71438e-005
0.000192585
0.00845965
0.0021619
0.0249102
0.0497616
0.00615783
0.000469539
0.00324634
0
0.00764169
0.00155708
0.00135724
0.00286458
0.0154825
0.00236989
0.000112682
0.00329034
0.0163817
0.000842173
0.0452201
0.00419339
0.000925723
0.00207317
0.00676947
0.000232323
0.0092785
0.0647883
0.00227599
0.0016905
0.000523315
0.00892596
0.000428298
1.12204e-006
0
0.00372533
0.0117763
0.0130132
0.00150741
-9.81579e-009
0.000379335
1.38437e-005
0.00112719
0.00137719
0.0210935
0.0260689
0.00428633
0.00112865
0.00155082
0.00958437
0.0887274
0.0182218
0.00389911
4.54147e-005
0.000196135
0.000101477
0.0191311
0.000797791
0.00192162
0.00168344
0.00213757
0.0487462
0.000380078
0.00424761
0.000326582
0.00615796
0.00930385
0.0172702
0.0137074
0.00738243
0.00101182
4.7614e-005
0.0452078
0.0502874
9.39633e-005
0.00573192
0.0439862
0.0470372
0.0395582
4.0394e-005
0.000367336
0.0150665
0.000226478
0.000388697
0.0070844
0.000615923
0.0049278
0.0155233
0.000145164
0.000338964
0.000500608
0.00261096
0.0288339
3.83404e-005
0.0361589
0.0141655
7.70227e-005
0.00154561
0.00149162
3.47454e-005
0.00331607
0.00239862
0.00166832
0.00533281
0.00655885
0.000123778
0.0105014
0.0478223
0.00173399
0.00277297
0.00188837
0.00807657
0.00722077
0.000827624
0.00339883
0.0201847
0.00638762
0.00111129
0.00149049
0.0162365
0.000512894
0.0372667
0.0420182
0.000635231
0.00149264
0.0142975
0.0304017
0.000306427
0.0116123
0.000729325
0.0041213
0.000704061
0.0173175
0.0112405
0.0139487
0.0132416
0.0472557
0.00768395
0.0542592
0.0314235
0.000798834
0.00241043
0.000116429
0.0356926
0.0751076
0.00705132
0.0287209
0.00769297
0.00522122
0.00693186
0.00152058
0.00352932
0.0349876
0.00599616
0.0077392
0.00281689
0.00889936
0.0194139
0.0261545
0.0696732
0.00438732
0.00116396
0.0418223
0.000415348
0.00696721
0.00348657
0.011935
0.0775345
0.00082959
0.00116366
0.00932675
0.0374741
0.000645282
0.00826331
0.0002588
0.00184469
0.000188127
0.0773227
9.89491e-005
9.4533e-006
0.00113878
0.00411119
0.00208274
0.00749213
0.000667663
0.00223503
0.00178883
0.00105518
0.00928485
0.000446735
2.08093e-005
0.0214319
0.0270061
0.00651675
0.000277729
0.00591675
0.0168739
0.00149735
0.00249377
0.093687
0.00459718
0.00484192
0.000757082
0.000539875
0.000970497
0.00113421
0.0260505
0.0195636
0.0483164
0.00719503
0.000956311
0.0246357
0.00515883
0.0258475
0.00121098
0.0130166
9.03776e-005
0.0043239
0.00457315
0.0002617
0.0173483
0.000128021
0.00151187
0.00677081
0.0093314
0.0130988
0.0159133
0.00548606
0.0244138
0.000353085
0.000425255
0.00285388
0.0793764
0.000756445
0.000893654
0.0161565
0.0244995
0.00251821
0.00358398
0.0160425
0.0075648
0.00924693
0.00404269
0.0345727
0.00290829
0.000402517
0.00248482
0.00322872
0.0261697
0.0402461
0.00264392
0.0127693
0
0.000741553
0.0230529
0.01176
0.0136677
0.030061
0.00136067
0.00403971
0.000563506
0.000355057
0.0010147
0.000488773
0.0118622
0.047597
0.00364843
0.00185512
0.00111255
0.0119632
0.000787015
0.0104676
7.38146e-005
0.000884347
0.00756771
0.0104086
0.0679253
0.053028
0.0176196
0.0026091
0
0.00390117
0.00535911
0.0229009
0.0438572
0.00619602
0.0342147
0.000960852
0.0312153
0.00240929
0.000573005
5.09867e-005
3.23814e-005
0.00213049
0.00155895
0.00950035
0.000660536
0.000362522
0.00164282
0.00254515
0.000372191
0.00325923
0.00561891
0
0.00103043
0.00145869
0.00158235
0.00223613
0.000286067
0.00561704
0.000514529
0.00123513
0.000391333
0.00246746
0.00192835
0.00255915
0.0368335
1.07847e-005
0.0670913
0.00999155
0.0289013
0.0253803
0.000436654
0.037848
0.00862865
0.00840057
0.0138271
0.012921
0.000455946
0.0101961
0.00819319
0.0125902
0.005148
0.0166743
0.00119491
0.0379602
0.00113983
0.00296008
0.00039887
0.0056877
0.01475
0.000359756
0.000131242
0.0190263
0.1328
0.00294572
0.00230581
0.00190387
0.00854359
0.00769246
0.00163646
0.00637022
0.000119048
0.0983176
0.000443197
0.0275587
0.0216589
0.000323916
0.000212211
3.2808e-007
0.0114328
0.0531359
0.00145301
0.00341655
0.00398283
0.00226917
0.0131816
0.00349645
0.0105491
0.0629212
7.6669e-005
0.0128228
0.0406903
0.0203563
0.000389947
0.00065711
0.00129663
0.00116932
0.000214558
0.0011778
0.0116013
0.000213444
0.00678649
0.00150804
0.00677731
0.0025482
0.00289741
0.0012378
0.000993617
0.000471136
0.00131377
0.000399944
0.00994568
0.00586721
0.0465522
0.00192901
0.00580436
0.00137349
0.0375901
0.0308193
0.0230699
0.0289949
0.0128106
0.0234783
0.0168556
0.0136232
0.0103511
8.29216e-005
0.00660419
0.00462494
0.0162282
0.00290743
0.0028488
0.000819902
0.0284891
0.0057359
0.00403487
0.000157444
0.00026086
0.000347189
0.00508588
0.00189739
5.5688e-005
0.00156546
0.00111065
0.000174829
0.00993499
0.000807328
0.000740555
0.00102785
0.00120432
0.0311198
0.00139851
0.00142854
0.00032973
0.00645196
0.0122152
0.0227146
0.00869334
0.0293256
0.018841
0.000688572
0.000319603
0.000140682
0.00526209
0.00208406
0.00208408
0.000427976
0.0016608
0.00177585
0.000846748
0.00123996
0.0902174
0.0426017
0.00145308
0.00540187
0.0319172
0.0140524
0.000359717
0.00021996
0.00586526
0.000568785
0.0829105
0.000700979
0
0.000278457
0.0163696
0.0077806
0.00818174
0.00204718
0.00336628
0.0234179
0.0538647
0.00956766
0.0255229
0.0767218
0.0543041
0.00126651
0.0167966
0.0144696
0.0257591
0.037305
0.0378413
0.0430027
0.000542774
0.00180883
0.0286532
0.0204133
0.000258787
0.0113191
0.000111004
0.00183406
0.000383624
0.00296619
0.0364724
0.0288686
0.00102498
0.0872773
0.0364289
0.000365549
0.00595942
0.000701788
0.146922
0.00096873
0.00808534
0.00862766
0.0162819
0.000891852
0.00117904
0.004041
0.0293419
0.000929282
0
0.0253248
0.000180824
0.00445619
0.0072398
0.0273483
0.0152313
0.0106379
0.00029461
0.00295878
0.00275789
0.000186896
0.036643
0.0254453
0.00118464
0.0204575
0.0484501
0.038839
0.0801274
0.00233471
0.00217829
0.0468856
0.00023429
0.00127897
9.24484e-005
0.000128424
0.00286456
0.00210098
0.00178809
0.00590717
0.0216039
0.00200838
0.0191549
0.00608096
0.00600751
0.000308354
0.0133435
0.0290174
0.0209926
0.00530377
0.0192182
0.0001536
0.00373944
9.69652e-005
0.0084963
0.000272288
0.00137527
0.000577159
0.0310505
0.00981375
0.0861152
0.0253174
0.000229429
0.00159452
0.000288909
0.009127
0.0247157
0.033436
0.0299866
0.025534
0.0240892
0.0154262
0.011084
0.0131556
0.00454661
0.0084514
0.0257118
0.0254533
0.0228824
0.000899732
0.00131621
0.00351812
0.00360749
0.0397158
0.0156757
0.0467329
0.0928928
0.00105854
0.000472594
0.00102229
0.0181946
0.00062309
0.00300192
0.00115208
0.000246749
0.0155176
0.00296068
0.00194491
0.00636825
0.00618345
0.0197226
0.00932661
0.0025536
0.015192
0.00714182
0.00562244
0.0079001
0.0344354
0.0301996
0.0131232
6.60094e-005
0.00175055
0.000817179
0.00386495
0.0275833
0.0105298
0.000575897
0.00266569
0.0112882
5.82557e-005
0.063771
0.00513519
0.0149388
0.000641945
0.00188977
0.00123071
0.00260791
0.000834372
0.0341306
0.000180837
0.00783149
0.000554025
0.0125104
0.00265399
0.0219447
0.00544651
0.0150298
0.00118054
0.144145
0.0303461
0.0351111
0.00501861
0.000180534
0.0180181
0.00146764
0.00433505
0.000734881
0.0019978
0.0160266
0.0590743
0.0241702
0.00190456
0.0401366
0.0223248
0.0479801
0.0122132
0.000305884
0.0139315
0.00643066
0.000304944
0.00204445
0.0384172
0.00313479
0.019646
0.00223064
0.00943556
0.0249455
3.18868e-005
0.00123135
0.0116865
0.0167985
0.00392025
0.00360139
0.000299933
0.000762875
0.000655696
0.00892514
0.000965073
0.000315005
9.96877e-005
0.00209784
0.00347327
0.0011269
0.000886364
0.0475239
0.0553259
0.00398805
0.0490612
0.0379432
0.0176243
0.013615
0.000479626
0.0459389
0.00113795
0.0117158
0.000237974
0.00664219
0.00313089
0.00755571
0.00322749
0.0162294
0.0014417
0.00277979
0.00519289
0.000544499
0.000618155
0.0170106
0.0175258
0.00474644
0.00110392
0.000213849
0.0560191
0.000941142
5.44102e-005
0.000389645
0.000541561
0.000689828
0.000475385
0.0470756
0.0095033
1.76981e-005
0.0318679
0.000210208
0.000482988
0.0147519
0.0128677
0.000261102
0.00260426
0.0133093
0.00944378
0.00588193
0.000600321
0.00379325
0.001046
0.000178925
0.0710282
0.0295855
0.000595883
0.00445725
0.012067
0.0147568
0.000529828
0.0201391
0.00102329
0.00165648
0.00071264
0.0398909
0.00045053
0.0574913
0.00141072
0.00013258
0.00973039
0.0895091
0.00115264
0.00735012
0.0439926
0.000128256
0.000527115
0.00749225
7.07209e-005
0.0144148
0.000237811
0.0191533
0.00796276
0.0125453
0.00109657
0.00830617
0.00340996
0.000531736
0.00363666
0.000132597
0.0110709
0.00373693
0.0013451
0.00148229
0.0104606
0.0239987
0.000210363
0.00891005
0.00229854
0.00125629
0.0366613
0.00103016
0.00794307
0.00788488
0.000254988
0.00371469
0.00693556
0.0134155
0.000600893
0.00328742
0.00280258
0.008968
0.0084421
0.00447555
0.00447645
0.000519153
0.00798574
0.00374846
0.0216248
0.043877
0.00360971
0.00497471
0.0113874
0.00606405
0.0151673
0.025528
0.00405706
0.00441315
0.00138674
0.0175835
0.00621779
0.0242151
0.00276859
0.0341931
0.00797122
0.000928256
0.028463
0.0352348
0.000102547
0.00148365
0.000194063
0.00205987
0.0010398
0.00178024
0.0107103
0.000526106
0.00579866
0.00313161
0.000113748
0.0531917
0.0386183
0.0192192
0.0192176
0.000939978
0.0539188
0.000133232
0.0115385
0.000224075
0.0211153
0.037238
0.000118875
0.0020025
0.0337692
0.0436405
0.0975951
0.0287537
0.000190822
0.00177125
0.00158557
0.0013939
9.68596e-005
0.0339128
0.00011172
0.014386
0.0870304
0.000297212
0.00237426
2.34357e-005
0.000440973
0.00369099
0.00518969
0.000689016
0.0374269
0.000671647
0.00723954
0.00167258
7.07491e-005
0.0319028
0.0682703
0.0230481
0.00188287
0.0080526
0.000144009
0.00050362
0.012423
0.00344583
0.0017317
3.59863e-005
0.00360642
0.00126335
0.0124948
0.0104924
0.0346963
0.00413936
0.000378354
0.00192714
0.0134575
0.0210106
0.0156294
0.0127979
0.00956064
0.00354585
0.0088412
0.0259905
0.0460149
0.000718569
0.00036388
0.0099583
0.0134724
0.000117781
0.00503431
0.00139174
0.000298449
0.0128456
0.00115009
0.000166073
0.00357532
0.00853459
0.0888455
0.0583884
0.148676
0.0184985
0.0167816
0.0222522
0.0077163
0.00241113
0.00634023
0.00616805
0.00288965
0.00177772
0.0455364
0.000481956
0.000391069
0.000974165
0.0463997
0.000491853
0.00786804
0.00651715
0.000197977
0.00536349
0.0138991
0.00028594
0.00327733
0.0107636
0.0124084
0.0143945
0.0408449
0.0011974
0.00354006
0.00381395
0.00496249
0.0129852
0.0148495
0.0622982
0.000494201
0.00100033
0.0225543
0.000224761
0.000871153
0.00227114
0.00116064
0.000173683
0.00177139
0.00177695
0.00286455
2.45285e-005
0.0132426
0.0188653
0.0017646
0.0012596
0.0478004
0.00113639
0.00215995
0.000358064
0.0174926
9.74146e-005
0.000215482
0.0024407
0.0513062
0.00416308
0.0435942
0.000415235
4.59379e-005
0.00390906
0.00242431
0.000515869
0.00518809
0.000533129
0.00238506
0.00767974
0.0205895
0.000532825
0.00344046
0.0129716
0.000971417
0.0400189
0.000843263
0.000244105
3.05512e-005
0.00493174
0.0783352
0.0583906
0.000621892
0.0216395
0.0183863
0.0169114
0.000821453
0.0162753
0.000644281
0.00262669
0.00102762
0.117996
0.00873141
0.000833998
0.00162867
0.000243866
0.00216329
0.0673288
0.000209615
0.02122
0.0320393
-8.20734e-009
0.0263329
0.00294145
0.00602968
0.0105943
0.0130937
0.0218402
0.0020352
0.00893763
0.01029
0.0100015
0.00013966
0.0204945
0.0290429
0.00209549
0.00108438
0.00238986
0.00486876
0.000459447
0.00050601
0.00167641
0.000555977
0.0114498
0.0650643
0.0496579
0.0576147
0.0155119
0.00594444
0.011195
8.18798e-005
0.0034666
0.00013254
0.000539655
0.0203257
-8.45776e-009
0.000881164
0.00118385
0.0012886
0.117052
0.0244807
0.0133371
0.0103835
0.00265242
0.000517402
0.00209883
0.00134241
0.00543407
0.00918024
0.0541418
0.000160314
0.000147903
0.0117063
0.000109048
0.020143
0.00737259
0.0154783
0.0155903
0.000519632
0.000256991
0.000431595
0.00163068
0.000833707
0.00357887
0.00497727
0.00142845
0.00776525
0.00104861
0.00651971
0.0116947
0.00174793
0.0862576
0.000623983
0.065682
0.000178722
0.0201337
0.015863
0.0315936
0.000416867
0.00431441
0.0191069
0.0163002
0.000234834
0.000301823
0.000142764
0.00724175
0.00296289
0.00237724
0.0258657
0.00287207
0.000185694
0.0464
0.00518447
0.0247506
0.00388565
0.00101388
0.00135515
0.000227887
0.00122436
0.0153613
0.000153196
0.0010358
0.000256097
0.0088503
0.0101274
0.00209626
0.000313568
4.88179e-005
0.00223857
8.51696e-005
0.00104575
0.00057395
0.000263059
0.00100173
0.00359924
0.000585469
0.00148745
0.00577989
0.00247942
0.00964022
0.00167215
0.00151237
0.0441171
0.000901386
0.000693983
0.0035265
0.0464223
0.023427
0.0143114
0.0138665
0.0211597
0.000938127
0.00154218
0.00815335
0.0135702
0.000386336
0.000392723
0.0271402
0.0165747
0.000310393
0.00118645
0.0182186
0.000660939
0.00504501
0.0456294
0.0240334
0.0202912
6.59109e-005
0.0202032
0.000251503
0.019922
0.000826963
0.0198077
7.45854e-005
0.00371185
0.000153536
0.0074358
0.00427745
0.00237393
0.000522272
0.00858164
0.00285629
0.00728303
0.002498
0.000667834
0.000546482
0.000387652
0.000586903
0.000544154
0.0117809
0.00803
0.000487355
0.00099506
0.00524324
7.15231e-005
0.0767726
0.00016616
0.000449344
0.000887818
0.0625123
0.00249179
0.0323178
0.000128013
0.00029808
6.72085e-005
0.000477695
0.0120834
0.000960106
0.000162857
0.00129148
0.0272589
0.0340599
0.00122171
0.00678372
0.00463104
0.00261638
0.000171849
1.5987e-005
0.00118737
8.96106e-005
0.000224517
0.0596268
1.70007e-005
0.0200306
0.0229756
0.000741194
0.00448134
0.0620362
0.000286648
0.0140614
0.00944146
0.00352847
0.00116654
0.00801868
0.00037522
0.00022359
0.0176631
0.000368888
0.00383484
0.0109731
0.00511495
0.0204532
0.015377
0.0192525
0.00217093
0.000243485
0.000193008
0.0157262
0.000219764
0.0990242
0.0354659
0.000122476
0.0531518
0.000404611
0.0036793
0.00504783
0.0113643
0.00969278
0.00336926
0.00204867
0.000101837
0.00257634
0.00102505
0.039228
0.00222146
0.00422085
0.000882696
0.00385188
0.00280677
0.00681231
0.121796
0.00541267
0.00231683
0.0581637
0.0386155
0.0191778
0.0318508
0.00478702
0.000427697
0.0902686
0.0012206
0.0218826
0.000469472
0.0144906
0.00134984
0.00175583
0.00134697
0.0623603
4.66201e-005
0.000364822
0.000932655
0.0212923
0.0340327
0.0165516
0.0174417
0.0062687
0.0258372
0.0197298
0.0496408
0.0127183
0.0131083
0.00205378
0.0126806
0.00215125
0.00199069
0.000367272
0.000509205
0.00184976
0.0131144
0.00208501
0.000985469
0.0141902
0.00815063
0.0159654
0.00111736
0.000353714
0.003208
0.00969278
0.0181793
0.0107365
0.016588
0.00105889
0.00847602
0.0263998
0.0970377
0.00646375
0.0366986
0.0347377
0.00836942
0.0407332
0.0394493
0.00023274
0
0.000689028
0.000773627
0.0100874
0.0340966
0.0325651
0
0.00134841
0.00818788
0.0140297
0.0107741
0.0122366
0.00434106
0.0104531
0.00318314
0.00426391
0.00319817
0.000181806
0.0021798
0.00250179
5.5961e-005
0.000149827
1.43533e-005
0
0.0174425
0
0
0
0
0.00104135
0.00175671
0.00265311
0.0012619
3.19483e-005
0
5.0761e-005
0.00545869
0.000899967
0.00244146
0.000810994
0.000417554
0.00188621
0.000862524
0.000117249
0.00010821
3.59325e-006
0.00018315
0.000232713
-2.70769e-010
4.27507e-005
3.4889e-005
0.000774275
0.00067216
0.000861365
0.000689038
0.00231982
0.000300909
0.00210148
