7400
0.0281902
0.000912356
0.00355805
0.0158773
0.0242643
0.0216461
0
0.0346087
0.0080243
0.00369778
0.0293076
0.0157828
0.00472762
0.0170468
0.100104
0.216673
0.00844643
0.000120928
0.00390463
0.0161503
0.0208667
0.0158094
0.00641268
0.00828249
0.049403
0.0781035
0.0269296
0.0043469
0.0120763
0
0.0177676
0.0587029
0.00016981
0.0118983
0.119352
0.00191092
0.0118976
0.0576572
0
0.0274609
0.0030026
0.0791459
0
0
0.0163772
0.0134582
0.00787634
0.00264317
0
0
1.51241e-005
0.00793451
5.91738e-005
0.0140966
0.100253
0.222311
0.00484618
0.00174242
0.010509
0.00159549
0.0001914
0.0229661
0.117475
0.114385
0.0153799
0.0154401
0.00159904
0.0454224
0.0243485
0.0233017
0
0.0433278
0.0037167
0.0005553
0.010509
0.00919016
0.00612495
0.120316
0.00891713
0
0
0.000362575
0.00226046
0.00458117
0.0180167
0
0.00597791
0.00105984
0.083585
0.0170468
0.00142815
0.00974278
0.111236
0.00162461
0.086507
0.00110545
0.0959806
0.0457688
0.000222737
0.00261287
0.00260587
0.00106329
0.00148628
0.0137738
0.0238729
0.114586
0.0226161
0
0.00483901
0.12404
0.000322775
0.00606675
0.000515302
0.00350253
0.000967183
0.000115674
0.0956605
0.0162306
0.00351902
0.00399307
0.00469011
0.0929421
0.00787634
0.00167624
0
0.168354
0
0
0.00779447
0.0197096
0.0143416
0.00392915
0.00192236
0.0362279
0
0.0071753
0.00415915
0.124716
0.117785
0.00295245
0.108049
0.00870352
0.00993301
0.0033746
0.0240026
0.0987678
0.12338
0.022896
0.0486664
0.071898
0.0161613
0.00452271
0.012603
0.000905369
0.00547079
0.0201769
0.0139741
0
0.00886472
0.0082968
0.0779344
0.0158397
0.00528424
0.00260843
0.00760685
0.00597107
0.0221946
0.00888361
0.00475897
0.00868991
0.00441107
0.117978
0.00139562
0.108586
0.00482975
0
0
0.0155805
0
0.00379131
0
0.00658644
0.00723364
0
0.00435699
0.0278141
0.0272171
0.0942294
0.0054565
0.00357404
0.000687858
0.0369729
0.00671924
0.0152255
0
0.00857224
0.0987668
0.104442
0
0.00561667
0.0768247
0.0181708
0.108564
0.000246861
0.0140027
0
0.0157657
0.00450243
0.0126081
0.00312445
0.0202497
0.00525525
0.00496418
0.0357651
0.0139423
0.0152528
0.000441425
0.00279907
0.0162759
0.0881266
0.121837
0.004684
0.00769955
0.000655533
0
0.0737319
0.0778749
0.003797
0.0779273
0.00890217
0.00720052
0.00536579
0.00561667
0.00122047
0.0182256
0.000246862
0.0161376
0.00164984
0.00159208
0.0180167
0.0108531
0.0228571
0.00864495
0.0283533
0.00185553
0.000323592
0.102705
0.0824048
0.105986
0.000156166
0.0116008
0.00453488
0.0105145
0.0250546
0.0231857
0.0189669
0.013378
0.00746804
0.112546
0.00844008
0.0600294
0.00434415
0.00221749
0
0.114397
0.00967196
0.0791117
0.00560363
0.0291099
0.00882486
0.000882946
0.0131645
0.00294605
0.00036848
0.000966871
0.0237941
0.00630221
0.000482595
0.00674157
0.00974051
0.00125581
0.00729022
0.00308529
0.00142134
0.0101185
0.0265819
0.00462405
0.0670942
0.0221146
0.0090613
0.00199218
0.070733
0.0182822
0.00902838
0.119804
0.0548157
1.22236e-005
0
0
0.0127183
0
0.00447719
0.00207584
0.0171395
0.00423173
0.00873755
0.116322
0.0211776
0.00243938
0.0182773
0.00576487
0.0193329
0.100209
0.00158171
0.0814167
0.125
0.012377
0.00878134
0.0863472
0
0.0121391
0.0202052
0.00139193
0.00155724
0.0782785
0.00845461
0.015167
0.0090757
0.0237405
0.0275785
0.0122892
0.0165656
0.0150017
7.66368e-005
0.00835525
0.00677844
0.011204
0.00465539
0.00343906
0.00950816
0.26748
0.0037559
0.00191266
0.00611388
0
0.091985
0.0194416
0
0.00379322
0.108032
0.000418521
0.00338722
0.00171796
0.011469
0.00830939
0.0728596
0.0126552
0.0239152
7.66368e-005
0.0257358
0.0091658
0
0.00219482
0.000156166
0.00169491
0.0458201
0.0570198
0.00356202
0.0802944
0.00479906
0.00721048
0.0018884
0.00305371
0.022328
0
0.000492325
0.0123672
0.00163784
0.105298
0.00175205
0.0486664
0.013829
0.00489855
0.00442676
0.0194993
0.00441606
0.0457324
0.00706586
0.245976
0.104113
0.00937474
0.00518966
0.0452538
0.0047697
0.0122715
0.0104555
0.00696887
0.145222
0.00426779
0.00155586
0.00547689
0.094017
0.0154462
0
0.106906
0.0974859
0.00431793
0.0182932
0.000655533
0.0106506
0.004573
0.0115528
0.0165318
0.00211559
0.0236761
0.0430574
0.00337868
0.100619
0.00375888
0.0052446
0.00897929
0.0116759
0.00374712
0.00820561
0.0174382
0.00386692
0
0.124723
0.0447796
0.00364681
0.00336873
0.00471303
0.00164164
0.00210985
0
0.00161975
0.0318872
0.105491
0.0353581
0.0144817
0
0.000910022
1.25548e-005
0.0260731
0.00222396
0.00328612
0.00580476
0.010244
0.00908333
0.0319096
0.0333674
0.0885936
0.00226181
0.00405121
0.00862518
0.0300929
0.00248426
0.00333368
0.00790616
0.110015
0.00430964
0.00938788
0.0462143
0.105042
0.00228381
0.000559181
0.00184609
0.00552029
0.0105288
0.0331518
0.0862489
0.000969292
0.0982977
0.0152687
0.00217106
0.0159375
0.0157617
0.0195041
0.000267941
0.0312547
0.00447559
0.0232907
0.0755567
0
0.0636152
0.0636127
0.119994
0.00127491
0.00774875
0.0157848
0.00397183
0.0191009
0.00956763
0.0037006
0.00555796
0.00123708
0.00698963
0.00285082
7.25445e-007
0.0108754
0.252329
0.0680111
0.034803
0.0200677
0.00382988
0
0.00585428
0.01419
0.0369325
0.00336483
0.00704403
0.123145
0.0190017
0.0939876
0.00141417
0.00230797
0.0113536
0.118749
0.00439659
0.0237192
0.00901524
0.0817498
0.00327556
0.000667933
0.123909
0.00993175
0.069126
0.0760573
0.000671004
0.0152597
0.0413679
0.162042
0.104119
0.035841
0.00108825
0.00524154
0.00946626
0.00489078
0.00547473
0.0158232
0.00174834
0
0.00900271
0.000411609
0.000545547
0.00357037
0.00500598
0.00708587
0.00353015
0.158902
0.124909
0.0314991
0.0277414
0
0.0016613
0.00621714
0.00361248
0.092271
0.0418348
0.0106589
0.0115491
0.0261408
0.0200748
0.00327347
0.138053
0
0.00911307
0.0143754
0.00483487
0.00841243
0.0044742
0.00229319
0.00675768
0.000626192
0.0186106
0.0060497
0.0161578
0.00799692
0.00963667
0.00218402
0
0.0100647
0.000554115
0.101387
0.00429816
0.099223
0.115201
0.00122036
0.00739129
0.0929421
0.00303684
0.00331926
0.00395645
0.0207836
0.00998873
1.22236e-005
0.00336514
0.00184263
0.0685137
0.00457162
0.0075191
0.00275696
0.00533924
0.0176162
0.00347184
0.1202
0.122504
0
0.00654957
0.0330904
0.123199
0.00127941
0.013737
0.247542
0.123156
0.00861673
0.00114434
0
0.0124586
0.0229283
0.10003
0.111188
0.123534
0.00684069
0.114499
0.00459975
0.00382374
0.00297904
0.0371219
0.00898295
0.0318199
0.00274808
0.00214016
0.000370644
0.00918122
0
0.0388905
0.0400075
0.0405611
0
0
0.00827981
0.0244894
0.0364429
0.0348733
0.00338974
0.00651127
0.124504
0.00142846
0.116527
0.0138029
0.00209127
0.0265239
0.00297292
0.00373396
0.00305159
0.00299878
0.0172708
0.00728964
0.0380955
0.000103086
0.0308773
0.0183422
0.00197879
0.0859514
0.00467459
0.000708907
0.000169032
0.00483619
0.0367759
0.0443863
0.00183627
0.021722
0.0182261
0.00694493
0.00222253
0
0.00304438
0.00416076
0.00565361
0.0129113
0.118619
0.00262533
0.00180998
0.00272858
0.0216085
0.0139233
0.00602305
0.00105024
0.00489412
0.0354314
0.0178992
0.00521426
0.00423327
0.00341814
0.0128173
0.00547783
0.00798718
0.00525466
0.0124067
0.0034886
0.0080352
0.00456828
0.00616285
0.0649727
0.124892
0.00595186
0.021654
0.0120452
0.0192551
0.00509652
0.0184568
0.013473
0.00723481
0.0122258
0.00717293
0.00972322
0.00724286
0.00897441
0.00312632
0.00660915
0.021181
0.00466666
0.00533544
3.91759e-005
0.0148441
0.00733713
0.0099422
0.00884318
0.00226257
0.0773641
0.00424861
0.02303
0.0212959
0.00619406
0.00966608
0.107841
0.0170447
0.00328541
0.124787
0.113011
0.0492274
0.0491607
0.00197381
0.0192165
0.00622823
0.14157
0.00621961
0.0671542
0.00848479
0.00339363
0.00365807
0.00503594
0.0467129
0.123813
0.114271
0.00581194
0.0170295
0.000705639
0.00387424
0.00461199
0.208637
0.00166092
0.154616
0.00325554
0.0075875
0.00906275
0.00388253
0.124659
0.00652047
0.0954972
0
0.00116332
0.00235618
0
0.00661289
0
0.119034
0.00221753
0.00271128
0.00728033
0.00305113
0.0374519
0.0816091
0.00165416
0
0
0
0.00428788
0.00770126
0.00825189
0.0620218
0.00480213
0.0481552
0.00109438
0.002486
0.0455546
0.00101153
0.0119449
0.00569121
0.00374162
0.0168493
0.0960585
0.00367551
0.0287481
0.000473997
0.00231588
0.0291948
0.00820222
0.0776849
0.00253262
0.000157357
0.0019897
0.00671889
0.010691
0.000933577
0.0195173
0.0131742
0.00205603
0.00770119
0.0319082
0.000821561
0.0092563
0.000927987
0.0901436
0.00552873
0.0111481
0.016987
0.00299666
0.000565837
0.00216522
0.0925102
0
0.0158085
0.0855162
0.00655288
0.0589818
0.00513299
0.0172319
0.00993206
0.00252518
0.00999926
0.0101586
0.00636582
0.00309864
0.00310682
0.00063587
0.0283671
0.117257
0
0.0069803
0.013188
0.0425358
0.00540831
0.00865814
0.0103816
0.031376
0
0.0182764
0.00331287
0.0115013
0
0.140422
0.00159589
0.124677
0.00457161
0.157927
0.172989
0.0144472
0.0130076
0.00707424
0.00555501
0.0163172
0.00731033
0.0139205
0.0053148
0.0111403
0.00237876
0.0247349
0.00364029
0.00436347
0.101766
0
0.064884
0.00599597
0.059739
0.0206495
0.0279727
0
5.63022e-005
0.0176187
0.0178261
0.0803381
0.0794635
0.00613518
0.107068
0.0516698
0.217659
0.0052071
0.0643515
0.0829313
0.00412717
0.00259507
0.00119044
0.00956361
0.00165195
0.000722859
0.0032414
0.00258571
0.0116674
0.15832
0.00174349
0.00292981
0.00153148
0.0016915
0.0144144
0.0216843
0.0287759
0.0023616
0.0243952
0.0581852
0.00724718
0.00861577
0.011108
0
7.25446e-007
0.0175416
0.000243639
0.00322227
0.0169092
0.0204443
0.124613
0.0253375
0.00971358
0.000819412
0.0201617
0.00214368
0.00864028
0.0183008
0
0.00548916
0.0178679
0.00323694
0.00095067
0.00849096
0.0158135
0.0336938
0.00282965
0
0.00256152
0.00165416
0.00600306
0.00238056
0.00534187
0.010172
0.0139653
0.0654454
0.0017717
0.0050888
0.0136228
0.030968
0
0
0.00447712
0.00372377
0.00535779
0.00485985
0.00444953
0.00430599
0.0121938
0.0280576
0.0141398
0.0338044
0.119625
0.00330512
0.0278502
0.0248645
0.0032609
0.027251
0.00472015
0.00109384
0.0561325
0.013023
0.00356361
0.00834421
0.105128
0.0331518
0.107107
0.0234656
0.00571509
0.00544384
0.00858683
0.123449
0.00326477
0.112697
0.0392844
0.0136958
0.00331908
0.00647837
0.00685701
0.0160506
0.0373973
0.0797933
0.00448224
0.0140332
0.102777
0.111486
0.00843702
0.0566586
0.00173322
0.00414636
0.000503707
0.0183961
0.0102176
0.0154681
0.00878869
0.121012
0.0381766
0
0.100866
0.00339028
0.050968
0.00382672
0.00285927
0.0271978
0.116811
0.0280529
0.00471454
0.00260154
0.150975
0.00861385
0.0028377
0.0477969
0.0261646
0.00138887
0.0489566
0.107742
0.0138194
0.0164457
0.011434
0.0157674
0
0.00941904
0.0275128
0.0185297
0.0207139
0.0116276
0.0167539
0.0831737
0.00699439
0.0702078
0
0.0156111
0.00197965
0.11903
0.00355923
0
0.124729
0.00581194
0.00881788
0.12444
0.0033483
0.0163864
0.00031199
0.0132785
0.00623893
0.0034577
0.0892264
0.00278337
0.0646627
0.0369089
0.0056574
0.0123062
0.112493
0.0575303
0.00515479
0.0142766
0.00821082
0.114809
0.000579057
0.00657604
0.0604473
0.00331569
0.00710897
0
0.00519393
0.0142082
0.0178964
0.029005
0.00152444
0.00466261
0.00903841
0.00400303
0.122622
0.134859
0.00562609
0.128763
0.00335307
0.00564868
0.0274208
0.00758757
0.0148166
0.132746
0.000532168
0.0768817
0.0361792
0.00120885
0.0309998
0.0102115
0.00514323
0.00531859
0.0016777
0.00833655
0.0057134
0.0069152
0.0121678
0.113421
0.0267178
0.0865379
0.0163516
0.0140958
0.0157574
0.00456146
0.00369472
0.0114694
0.00830676
3.36409e-005
0.00591704
0.00723463
0.00646268
0
0.191
0.0097884
0.072923
0.0187912
0.00889551
0.000228292
0.000933576
0.0135212
0.0192233
0.0280933
0.00728856
0.00243696
0.000770302
0.0108558
0.0291554
0.000110674
0.000532168
0
0.0548805
0.0657464
0.0466891
0.00628067
0.0261084
0.0801743
0.000582046
0.00159807
0.005737
0
0.00795359
0.110361
0.148308
0.00598184
0.0116605
0.0346869
0.0309679
0.119628
0.144266
0.026355
0.00245143
0.00484278
0.026079
0.00518656
0.0157649
0.00444091
0.0936873
0.00882826
0.00106827
0.0122867
0.129478
0.00380095
0.0614468
0.000821561
0
0.000758925
0.00354236
0
0
0.0163966
0.0618745
0.000382439
0.0631071
0.0755445
0.0771088
0.0738456
0.029705
0.0203259
0.0287759
0.0200786
0.014012
0.119777
0.017629
0.00978181
0.0922005
0.0367361
0.0532736
0.00885829
0.0330703
0.00443708
0.0742753
0
0.00507615
0.00697858
0.114632
0.00817315
0.000250096
0.0697282
0.0914938
0.028777
0.00174575
0.000772096
0.00016241
0.110938
0.0477546
0.09927
0.00982025
0.103192
0.0975986
0.00645193
0.00945042
0.00783526
0.119244
0.0106586
0.0175754
0.00347351
0.00268428
0.00197866
0.0253102
0.0346086
0.00239801
0.007867
0.0115943
0.00202078
0.0292748
0.113154
0.0289859
0.003603
0.0268677
0.0441875
0.000635866
0.0207508
0.0112538
0.00578459
0.0078969
0.00322888
0.00189554
0.0061627
5.37997e-005
0.024818
0.0376655
0.0122218
0.0161565
0.000943328
0.225859
0.00374154
0.0487167
0.0863206
0.094523
0.0483632
0.00728033
0.00255688
0.00783346
0.0028867
0.0942145
0
0.00771811
0.00372273
0.00941462
0.00724718
0.0160701
0.0276036
0.0558694
0.0753524
0
0.0140006
0.0771108
0.112038
0.00786915
5.63022e-005
0.0035301
0.00533992
0.00198982
0.0134918
0.00668131
0.124352
0.101777
0.0167676
0.103247
0.0210943
0.0253343
0.00868051
0.019399
0.0172068
0.00980016
0.0775242
0.00929739
0.029705
0.0475277
0.0107227
0.0971303
0.035529
0.0326399
0.132556
0.00143217
0
0.000899303
0.0107129
0.00537089
0.00447515
0.0318236
0.00855373
0
0.00604142
0.0110379
0.0276148
0.0533017
0
0.000236009
0.00362408
0
0.00589659
0.136953
0.0052542
0.00685399
0
0.00969713
0.122398
0.0211925
0.0119842
0.00810702
0.00614773
0.00293894
0.0135808
0.00764713
0.029193
0.00270145
0.0160726
0.00146309
0.0219259
0.00287044
0.0874403
0.0620321
0.0529771
0.00195672
0.0158155
0.00729957
0.0034259
0.00532976
0.0029405
0.0318272
0.0035545
0.00219694
0.0717433
0.0931988
0.0148414
0.0619768
0.00812965
0.00715254
0.000643378
0.0127229
0.0510006
0.000629457
0
0.017781
0.0149928
0.0260113
0.000267476
0.0256183
0.113591
0.0075548
0.00630882
0
0.111061
0.00532858
0.0197191
0.012141
0.00480501
0.222796
0.116835
0.0301761
0.0691956
0.0110059
0.0119749
0.0634028
0.0076402
0.0166879
0.0148419
0.112875
0.0167515
0.0127062
0.102094
0.0149838
0.031478
0.00281404
0.0356459
0.0649495
0.036079
0.0255172
0.0251408
0
0.018514
0.00368947
0.0283848
0.00168175
0.0047827
0.00397997
0.050554
0.010538
0.0263778
0.120733
0.029028
0.00058503
0.00681189
0.00639414
0.00267845
0.0708878
0.0254561
0.10449
0.000940164
0.0840604
0.00192938
0.00277988
0.0428334
0.000653189
0.0200428
0.00448851
0.00472217
0.0109959
0.00282719
0
0.0478314
0.0149386
0.00496763
0.025341
0.00186041
0.11663
0.120297
0.0146151
0.00348699
0.0378509
0.00882311
0.026373
0.0182649
0.0217792
0.00358918
0.0128919
0.00138264
0.0226471
0.010635
0.00519699
0.00136495
0.0182958
0.0267867
0.00957525
0.107008
0.0423353
0.00586004
0.0122835
0.0842565
0.00981951
0.0337214
0.000338297
0.0196634
0.101747
0.0120142
0.108734
0.00779535
0.00913558
0.0110373
0.000450928
0.0453428
0.0125659
0.00849777
0.00179307
0.00666978
0.0109913
0.0168305
0.0146614
0
0.000375281
0.00584616
0.00571675
0.0243298
0.000842376
0.0461948
0.0162398
0.00287739
0.0155555
0.00700453
0.00867858
0.00191883
0.0209387
0.0124439
0.00547843
0.0829951
0
0.0832727
0.0231961
0.0381942
0.00429214
0.0157376
0.0302049
0.00431198
0.0367936
0.00690744
0.104969
0.0110102
0.0128372
0.00642597
0.00748432
0.00277661
0.0292476
0.033454
0.0160333
0.00290119
0.0501993
0.0112796
0.0100216
0.00885078
0.00488027
0.0249791
0.0630114
0.0203265
0.0316759
0.0390263
0.0311062
0.0106631
0.0017594
0.00176189
0.0250425
0.000449724
0.0699041
0.0167676
0.00598267
0.0120718
0.0017918
0.00164382
0.108723
0.000945521
0.005954
0.00541059
0.0198136
0.0381449
0.0232025
0.0980329
0.00130459
0.000363923
0.00526426
0.00177114
0.0175368
0.00663138
0.0309903
0.0130274
0.130827
0.0067084
0.00086219
0.0559065
3.87271e-005
0.00229682
0.0201786
0.0282375
0.00715271
0.129759
0.0314918
0.00868864
0.00246137
0.020391
0.00333134
0.0549569
0.0347718
0.0151209
0.00123275
0.012655
0.0959808
0.0189178
0.00165017
0.00160018
0.0167916
0.0018641
0.00603807
0.0123605
0.0940551
0.0113532
0.000391383
0.000262242
0.00233852
0.00962783
0.0511341
0.0292255
0.116981
0.00987998
0.00339397
0.109927
0.0120981
0.0165258
4.78493e-005
0.00133393
0.00234912
0.0844476
0.00500057
0.0282429
0.00777984
0.0663886
0.0580894
0.0481908
0.00182901
0.00714547
0.005072
0.0766027
0.00894747
0.00293558
0.000300988
0.00240482
0.00252618
0.0635891
0.072333
0.000696025
0.106932
0
0.1103
0.0917848
0.0261508
0.0502421
0.037386
0.0530362
0.0656252
0.0157046
0.00777079
0.0173321
0.0481272
0.000653422
0.0028804
0.00122562
0.00114608
0.00189233
0.00758326
0.00508561
0.00653042
0.017785
0.00132587
0.037798
0.0134085
0
0.0158274
0.00462751
0.00153772
0
0.110873
0.123262
0.00145694
0.0184798
0.000874938
0.0663426
0.00263317
0.00936391
0.00859952
0.00498244
0.0247674
0.108265
0.00452555
0.15869
0.00370609
0.0264513
0.00356106
0.0033404
0.0422908
0.0373861
0.00485575
0.0459841
0.026451
0.00222425
0.0035101
0.0133516
0.00383042
0.000949708
0.00107883
0.00129656
0.0752981
0.00481135
0.119422
0.0290572
0.00813629
0.0528553
0.028953
4.78493e-005
0.0146671
0.0619859
0.00681205
0.124936
0.00697756
0.00257415
0.0986218
0.00145322
0.00430881
0.00988851
0.000839675
0.000782612
0.0012052
0.105699
0.00617973
0.000932408
0
0.00139797
0.00119887
0.0161396
0.00872448
3.87271e-005
0.0252972
0.0136004
0.00389402
0.0372109
0.0283018
0.000404761
0.000804812
0.00157606
0.0798923
0.00923076
0.0789797
0.0487103
0.0692523
0.000977636
1.50318e-005
0.00468955
0.0100058
0.00232511
0.0123313
0.119804
0.0555801
0.0834541
0.115118
0.00261497
0.0652583
0.123741
0.0100422
0.00720221
0.00664187
0.0727895
0.00359529
0.0111065
0.0168178
0.00423588
0.0159875
0.0337265
0.0349505
0.10338
0.00333513
0.0580797
0.00271692
0.0192218
0.122004
0.00176066
0.0957407
0.0677126
0.000560275
0.0032171
0
0.00998114
0.00689692
0.0229126
0.000593986
0.0265241
0.0503923
0.00213167
0.113913
0.00133249
0.0165589
4.79235e-005
0.00247546
0.124427
0.199845
0.0570836
0.0118417
0.00561864
0.0177888
0.0026299
0
0.0028858
0.00378314
0.00104377
0.0101435
0.0265528
0.103858
0.0685536
0.0161079
0.0150598
0.00216344
0.00490377
0.0125961
0.0204704
0.00466981
0.0428419
0.00399907
0.00983111
0
0.0108164
0.0714971
0.00543378
0.103585
0
0.00400629
0.00256457
0
0.0127689
0.000162408
0.00596325
0.0119363
0.00147759
0.00373486
0.00173237
0.124373
0
0.195095
0.00986597
0.00165446
0.00315466
0.00376301
0.0767867
0
0.00635762
0.00715476
0.0126101
0.221173
0.0331928
0.0175744
0.000654304
0.000581752
0.0184341
0.00102095
0.00154423
0.00388826
0.00617515
0.0145826
0.00548113
0.0300867
0.00113727
0.0254154
0.00474855
0.0540731
0.0384864
0.0347675
0.134949
0.0921259
0.00203981
0.0614047
0.0786845
0.00210194
0.0158653
0.0180668
0.00221987
0.0103252
0.000614172
0.000780781
0.00217616
0.00739127
0.00646664
0.00791832
0.144487
0.00222391
0.00836026
0.000672885
0.0170939
0.0241357
0.00752431
0.0169452
0.00473833
0.00144224
0.00642935
0.000796841
0
0.0109147
0.0293175
0.072962
0
0.0918421
0.00566208
0.0629427
0.0810417
0.0231733
0.00195104
0.00229288
0.0772011
0.0350531
0.054722
0.0124779
0.00150354
0.124806
0.00686703
0.00771857
0.00797866
0.000935159
0.00472035
0.00129982
0.0556189
0.013631
0.0413376
0.000108116
0.00633817
0.000108117
0.00293524
0.013129
0.00642104
0.0016435
0.000136224
0.000547525
0.00252852
0.01282
0.00137495
0.0517722
0.00706465
0.00613545
0.077742
0.0293474
0.038034
0
0.0156344
0.144585
0.0852331
0.00345989
0.00116635
0.000851526
0.00351312
0.000856493
0.110832
0.0048576
0.00795449
0.00193548
0.0123794
0.0442298
0.00870838
0.000119577
0.118829
0.056217
0.00215472
0.00387409
0.0955972
0.00240698
0.0177042
0.0362268
0
0.00633487
0.0154496
0.00775137
0.00192969
0.0778614
0.00917861
0.0563793
0.000154616
0.0137982
0.00376971
0.0100969
0.141791
0.00432559
0.00344718
0.0430833
0.0273061
0.0491594
0.000905498
0
0.118979
0
0.0142581
0.00556121
0.0016999
0.0692638
0
0.00456797
0.136488
0.0129336
0.00930369
0.00325728
0.0176868
0.0157633
0.00734218
0.00582181
0.0868362
0.112427
0.00042182
0.00277754
0.0242435
0.00376279
0.00238647
0.00169441
0.0045164
0.00898857
0
0.0153498
0.00273135
0.00836335
0.0155974
0.0237888
0.00296106
0.00081412
0.00601686
0.0696682
0.00373573
0.00764629
0.0043819
0
0.00360918
0.0610469
0.0314348
0.0190262
0.00456849
0.0213034
0.0823667
0.0290235
0.0201557
0.00173238
0.00953104
0.123028
0.0117697
0.021286
0.00318241
0.0159536
0.0120454
0.0538251
0.00115436
0.00468378
0.0655959
0.0143384
0.0162158
0.00198773
0.0352371
0.018984
0.00346514
0.108359
0.136166
0.0066274
0.0259284
0.00948152
0.000141385
0.00692202
6.89272e-005
0.0201976
0.0774364
0.00482084
0.136379
0.00714141
0.00736196
0.00557319
0.00485298
0.0172798
0.0011834
0.00332
0.0391318
0.0896713
0.00164462
0.0213982
0.00984628
0.00590518
0.0069387
0.00112233
0.0863658
0.0157978
0.0210556
0.0888696
0.00174912
0.0309564
0.0282789
0.00155081
0.0297882
0.00340254
0.00601638
0.0141455
0.112287
0.0236951
0.0839908
0
0.0177281
0.0109594
0.109087
0.00432487
0
0.00406947
0.011643
0.00313738
0.0957016
0.014828
0.00817547
0.0989302
0.00210714
0.111402
0.100417
0.00524465
0.00472544
0.00620236
0.00359768
0.00185831
0.00349847
0.00333235
0.000617565
0.0232489
0.00101065
0.107879
0.0693422
0.00336507
0.000934283
0.0789699
0.00114673
0.0549344
0.00157879
0.00629196
0.00552709
0.00460591
0.0268838
0.0143541
0.00421004
0.0124944
0.00390828
0.0420021
0.0262477
0.0689283
0.015581
0.00993544
0.00236507
0.124654
0.011691
0.00659867
0.0126033
0.113578
0.0100983
0.0180452
0.00483399
0.00770241
0.0115829
0.000507459
0.0660067
0.00287694
0.0503964
0.0471658
0.0116365
0.0228142
0.000980568
0.0146539
0.0470931
0.128926
0.125868
0.00327915
0.000954419
0.00570688
0.00303268
0.0360843
0.0187121
0.000348261
0
0.0319497
0.019196
0.00151831
0.0139024
0.0997533
0.0083811
0.0120114
0.000192154
0.00794631
0.0176505
0.00150055
0.114288
0.00520205
0.00865084
0.0224221
0.0030077
0.000547524
0.00496555
0.0134583
0.002864
0.0194196
0.0110037
0.063981
0.0118746
0.107935
0.0372769
0.019126
0.00108416
0.000448514
0.0316679
0.00815665
0.00530251
5.37997e-005
0.0187424
0.0157644
0.00347844
0.110926
0.00978451
0.00501722
0.120802
0.0743479
0.0045747
0.00890178
0.00205525
5.50721e-005
0.000183861
0.000235189
0.024463
0.00718741
0
0.00154423
0.0822429
0.00392803
0.00184088
0.00402673
0.0590002
0.100965
0.0900831
0.00337589
0.0939308
0.0240946
0.0278945
0.181527
0.0185374
0.000251076
0.0268662
0.0135851
0.0153924
0
0.0672855
0.0251677
0.117889
0.0090511
0.00511679
0.0286469
0.000912734
0.0130496
0.00186719
0.00327761
0.00119674
0.00606781
0.000960309
0.00389312
0.0606331
0.0311152
0.000999871
0.00697569
0.000773643
0.0873222
0.000377699
0.10088
0.0103221
0.000743727
0.109561
0.0405013
4.18692e-007
0.0151093
0.110828
0.00142226
0.115114
0.035446
0.00490623
0
0.00110403
0.0865836
0.0311109
0.00770762
0.00204863
0.0223423
0.0621456
0.00539348
0.000408364
0.0201062
0.0815513
0.0077125
0.0343458
0.117578
0.00501979
0.018763
0.0618383
0
0.00226717
0.0996909
0.0905458
0.0053325
0.00774549
0.128769
0.000840251
0.104306
0.00746285
0.118341
0.00401774
0.00985723
0.00148629
0.0197176
0.00214854
0.00189637
0.0125106
0.0173919
0.0342443
0.121711
0.0209374
0.0150293
0.000256673
0.0384452
0.00170105
0.0310412
0.0270481
0.00245868
0.00199425
0.113085
0.00119802
0.00315239
0.0110142
0.0031392
0.0126014
0.00927584
0.0296738
0.00980029
0.0130887
0.0172022
0.000743641
0.0149523
0
0.0127186
0.0575158
0.0981822
0
0.0248056
0.00220937
0.0115181
0.00290627
0.00196672
0.0411027
0
0.00329499
0.0261991
0.00160042
0
0.0236387
0.0230169
0.0646652
0.0120017
0.00207249
0.00717456
0.00152606
0.0857463
0.094814
0.0199486
0.00383476
0.0624176
0.00482374
0.00104711
0.00153013
0.00598552
0.00439636
0.00603976
0.0734983
0.0629422
0.00437548
0.0105307
0.00801373
0.0867195
0.0142673
0.0638882
0.0411489
0.0950014
0.105229
0.000195267
0.00491242
0.0748287
0.00259857
0.00229025
0.00313207
0.00926554
0.00604955
0.121689
0.0269947
0.000478118
0.0110586
0.00347295
0.104424
0.0585211
0.0316292
0.0127205
0.00107028
0.0417602
0.0891771
0.0049241
0.177723
0.062373
0.00470793
0.0198997
0.0777618
0.00814222
0
0.0734926
0.00557018
0.000869563
0.00959337
0.0304213
0.0573484
0.00451148
0.00273772
0.104119
0.00853325
0.0871943
0.0878952
0.0005245
0.0577957
0.0261432
0.0659555
0.00701472
0.00367563
0.0227612
0.0687077
0.0829852
0.114772
0.000711251
0.00853377
0.0861881
0.00983473
0.0496781
0.00353068
0.00291214
0.0619272
0.0680239
0.00539361
0.0202809
0.00217115
0.00234074
0.0725523
0
0.106439
0.000603211
0.013281
0.0955782
0.000453591
0.0504508
0.0186071
0.00758179
0.0285579
0.0111601
0.00304397
0.0213839
0.0128433
0.00157849
0.0980441
0.011862
0.0133781
0.00591929
0.0156147
0.000292255
0.0196837
0.009293
0.000115386
0.0118544
0.00460047
0.109288
0.0045049
0.0764169
0.00373107
0.00235503
0.00706053
0.0239369
0.00825842
0.0282919
0.00127648
0.00692848
0.0061848
0
0.115646
0.00783071
0
0.00738068
0.00102544
0.000481948
0.123433
0.00397906
0.112251
0
0.0175928
0.0250282
0.122957
0.0607238
0.0025819
0.0014678
0.0260327
0.0850124
0.00668614
0.00145988
0.00212684
0.0129525
0.0069539
0.00612499
0.0344708
0.0163559
0.00245358
0.00362447
0.00132384
0.0360435
0.00252204
0.0387774
0.00719777
0.00164903
0.00673366
0
4.5519e-005
0.00634227
0.00949602
0.0125945
0.00358941
0.00728812
0.00215086
0.0166842
0.00395245
0.00305767
0.0679144
0.115466
0.0746486
0.0116591
0.0282789
0.0132014
0.0141188
0.0276453
0.06939
0.00694073
0
0.0014776
0.0186027
0.00835981
0.0211727
0.00704103
0.00532189
0.0471265
0.125
0.0119409
0.00766364
0.0687173
0.000682727
0.00490539
0.119675
0.010548
0.00688875
0.0140145
0.105404
0.0110749
1.45507e-005
0.00710378
0.00390747
0.111131
0.0254649
0.0283432
0.00722884
0.107836
0.00324241
0.0154196
0.00200211
0.0022875
0.00195644
0.122934
0
0.105157
0.0219832
0.00905914
0.0132931
0.0713703
0.00445465
0.00338593
0.0713399
0.0448609
0.0212212
0.0137968
0.0389874
0.00254142
0.00246383
0.0156523
0.0187926
0.0974871
0.0264289
0.0836861
0.0118706
0.0633272
0.00703253
0.0852581
0.00597302
0.00351268
0.0103615
0.00701204
0.0475193
0.120167
0.0283179
0.0250761
0.00251227
0.0333652
0.00297617
0.0285752
0.00352869
0.0112898
0.00181024
0.135594
0.0281532
0.00439432
0.0950028
0.0125807
0.00570083
0.022793
0.0461642
0.001739
0.00373359
0.00197128
0.0162181
0.0693355
0.0174793
0.00359651
0.00916045
0.00176123
0.0255947
0.0475397
0.100529
0.00967917
0.00180434
0.00811312
0.0348653
0.0117676
0.00924893
0.0375954
0.00618361
0.0113143
0.0387034
0.00512454
0.00247724
0.0284771
0.0978227
0.0102762
0.109126
0.00176062
0.00101353
4.55189e-005
0.00648624
0.0310996
0.0619969
0.0599472
0.00194515
0
0.00104135
0.0542556
0
0.00254602
0.0375795
0.108879
0.0997871
0.00474701
0.0167532
0.022796
0.0270295
0.00358416
0.095009
0.0269259
0.00582432
0.00132575
0.0212751
0.119805
0.078348
0.0499454
2.11993e-005
0.000412398
0.00130739
0.00650487
0.0351359
0.00332025
0.0431687
0.0849985
0.00542028
0.0663647
0.000545222
0.0475625
0
0.0111835
0.00299806
0.0106987
0.00161923
2.11993e-005
4.18694e-007
0.0627153
0.00512677
0.0576541
0.0760399
0.0155622
0.0219514
0.0295764
0.00334543
0.0022367
0.00262433
0.00118463
0.00138775
0
0.0587595
0.0135488
0.0136041
0
0.0134315
0.0958291
0.0183046
0.0248356
0.00987406
0.00527837
0.00106011
0.000370192
0.0058178
0.00311657
0.0617581
0.0693008
0.00496028
0.00175574
0.135048
0.0147087
0.000302386
0.00646838
0.0421854
0.0449111
0.0189256
0.0672416
0.0190913
0.000737527
0
0.0103057
0.053867
0.00227164
0.0203368
0.00129876
0.0447187
0.0279679
0.00172923
0.116426
0.00375301
0.00108941
0.00794212
0
0.00309817
0.0486162
0.00108023
0.0269491
0.00387825
0.00661736
0.00333188
0.0041315
0.118716
0.000311655
0.000843618
0.10833
0.00168636
0.00249262
0.00872431
0.0335087
0.00270842
0.00218003
0.0134146
0.0530725
0.000420935
0.00186067
0.000399836
0.0823383
0.0487786
0.119078
0.0365941
0.00685362
0.000556489
0.00894383
0.0146234
0.0178826
0.0102176
0.0854229
0.0019925
0.025311
0.00572691
0.000962136
0.041855
0.0205783
0.122483
0
0.00494276
0.000405896
0.0111207
0.061849
0.0768396
0.0214216
0.000349388
0.00122326
0.00285168
0.00623687
0.00502595
0.00690169
0.00920977
0.0341028
0.00937172
0.0226286
0.0585345
0.00428348
0.0673602
0.0618755
0.040324
0.0234062
0.0379183
0.0171933
0
0.0334465
0.0283512
0.124185
0
0.0298749
0.00609143
0.0151343
0.00583592
0.00076639
0.00796737
0.116571
0.082425
0.00449211
0.00310239
0.0369463
0.0127008
0.00373056
0.0133498
0.0197121
0.109588
0.0324303
0.0281553
0.0147845
0.0152366
0.00148635
0.00411908
0.00337064
0.00199519
0.124345
0.00805213
0.122267
0
0.0580197
0.113345
0.00580305
0.0204938
0.0836792
0.0124797
0.0866335
0.0971409
0.00033152
0.0539268
0.00426503
0.0534297
0.00127515
0.00471116
0.000522113
0.0927179
0.00122174
0.000759023
0.116779
0.0564433
0.00769859
0.00253722
0.0224367
0.0307852
0.0019466
0.0744664
0.0649552
0.0120264
0.00753885
0.00733105
0.00337883
0.0612004
0.00165339
0
0.0528836
0.100287
0.0380789
0.0132085
0.0301354
0.00803884
0.0581642
0.00154147
0.0262146
0.0123708
0.000230792
0.064829
0.000412395
0.0989208
0.00551465
0.00417501
0.0851349
0.00772593
0.0931728
0.0230372
0.0411234
0.00813012
0.0938874
0.0456315
0.0109181
0.00971957
0.0126363
0.102842
0.0410973
0.0149523
0.0224133
0.00603531
0.0280471
0.13601
0.0529322
0.00855501
0.00991982
0.00371682
0.00199363
0.0140242
0.0225577
0.011993
0.0058997
0.124051
0.00424304
2.86909e-008
0.0403175
0.0361965
0.000422165
0.00016935
0.0229254
0.0641639
0.0583047
0.000676094
0.0014796
0.0153851
0.0103192
0.00555171
0.0579459
0.0492674
0.00383726
0.163781
0.0479338
0.0207702
0.00927973
0.000102938
0.0116743
0.000489545
0.00219131
0.0106868
0.102552
0.00524968
0.00987413
0.0024886
0.107045
0.0225958
0.0313575
0
0.000422716
0.0054172
0.0164193
0.0472991
0.0029599
0.0263541
0.0193051
0.094978
0.0278654
0.000964011
0.0165583
0
0.0022322
0.00436848
0.0463544
0.00735343
0.0655529
0
0.00492373
0.0314509
0.0725522
0.0192659
0.00493051
0.0686956
0.000825788
0.00112233
0.108304
0.0841874
0.0793157
0.0463159
0.0187649
0.000849966
0.0183295
0
0.0147387
0.0180005
0.00273861
0.0201852
0.0190593
0.00804815
0.00505051
0.0371869
0.00173161
0.0836006
0.0774692
0.0637067
0.0106818
0.0784039
0.113983
0.0438724
0.018382
0.0300612
0.00996226
0.099272
0.0179056
0.00421896
0.00953204
0.112388
0.000807438
0.0202111
0.00933877
0.014907
0.00304268
0.0452395
0.0712159
0.123401
0.0245527
0.0107602
0.0281354
0.0106829
0.00338606
0.0625202
0.00866723
0.0399535
0.0615925
0.0431687
0.002809
0.0694672
0.00610303
0.00313498
0.00245197
0.00245848
0.0281195
0.0111761
0.074165
0.0872442
0.118473
0.0122482
0.00141938
0.0142743
0.00135106
0.00183812
0.00150483
0.0115629
0.00587613
0.0117805
0.00652902
0.0019885
0.0229512
0.0255236
0.00604205
0.00269918
0.124516
0
0.0121443
0.0026853
0.0234251
0.00469018
0.0183837
0.0023847
0.00795554
0.000504532
0.023345
0.0719322
0.0802176
0.00815993
0.00241369
0.00173185
0.0168857
0.000730791
0.00554024
0.0386893
0.0219514
0.00055427
0.00314228
0.00318548
0.000169349
0.00489325
0.0423421
0.0606476
0.0217508
0.00234173
0.0780359
0.00267069
0.0681424
0.00206139
0.0192413
0.00304598
0.0135045
0.0112437
0.000715646
0.000663621
0.00207184
0.00558126
0.0111977
0.00676886
0.0851275
0.0419174
0.00632602
0.0335458
0.00373861
0.000909318
0.100465
0.0101512
0.0850613
0.0374461
0
0.00457301
0.00856731
0.0560055
0.0278132
0.0666251
0.121131
0.00207573
0.02106
0.182391
0.00284247
0
0.0131729
0.013565
0.00158155
0.026709
0.00630549
0.0105461
0.0700415
0.0683323
0.0702151
0.00175924
0.0346288
0.0584967
0.028914
0.00251345
0.000250254
0.0554904
0.0110486
0.0520377
0.0063373
0.119319
0.129273
0.0035684
0
0.0520468
0.0303578
0.116895
0.000560077
0.0262506
0.00900503
0.00253832
0.0174803
0.00991061
0.00271773
0.0061065
0.00277004
0.0533206
0.0967022
0.0013071
0.0152994
0.0460055
0.00155373
0.00337451
0.000157817
0.060293
0.00257908
0.00109254
0.00773355
0.00966952
0.0241107
0.0198182
0.00818246
0.0119506
0.0029715
0.0126684
0.000349388
0.00580129
0.00201586
0.0136037
0.00192506
0.0155407
0.00120277
0.0499198
0.185229
0.0394126
0.0667654
0.0193845
0.00878857
0.00401584
0
0
0.0410794
0.0789447
0.00487049
0.00631169
0.0123401
0.00338042
0.0555015
0.0670483
0.018986
0.00847972
0
0.00358575
0.00160178
0.185367
0.0282028
0.0256639
0.0022189
0.00140581
0.173504
0.0836778
0.00369145
0.0186074
0.108737
0.0198785
0.0023048
0
0.0999787
0.00251757
0.00793084
0.0505074
0.114953
0.0743146
0.00907803
0.00993699
0.000846645
0.00721308
0.00372236
0.0585122
0.209715
0.00133344
0.00935991
0.0055777
0.000761488
0.0230639
0.105965
0.00287712
0.0528653
0.00255855
0.0232449
0.00060338
0.0287284
0.071203
0.0583763
0.00211531
0.0134542
0.000674518
0
0.00836183
0.0359993
0.00347823
0.00521982
0.0101216
0.00111275
0.149819
0.0460866
0.00373138
0.0133852
0.110204
0.00108023
0.00421021
0.0171434
0.0333976
0.034966
0.0838052
0.0656037
0.0232211
0.00278908
0.00699147
0.00570359
0.0208044
0.00740337
0.0237145
0.00151722
0.113955
0.000103253
0.05492
0.0138671
0.0119097
0.00534021
0.019755
0.00438918
0.00109746
0.00753319
0.0267485
0.00471719
0.0152005
0.12352
0.0520403
0.00718648
0.0179104
0.0147029
0.00044521
0.0852773
0.025939
0.0653204
0.0049121
0.0111961
0.0889228
0.091852
0.0864496
0.108772
0.00317175
0.0526259
0.000189105
0.0230994
0.121362
0.00971607
0.00867547
0.00162259
0.0137994
0.00860577
0.0012775
0.00257871
0.0361817
0.0130497
0.000444924
0.00267216
0.00235477
0.000781946
0.072989
0.00513954
0.00696134
0.0342461
0.00493122
0.0152042
0.00794522
0.0106029
0.0379918
0.0112972
0.00277851
0.00621772
0.0495936
0.00190099
0.0555284
0.00659797
0
0.0154428
0.0182837
0.000643216
0.0398963
0.0112972
0.124803
0.00289135
0.0168732
0.000962807
0.0086658
0.00340885
0.0116697
0.0120996
0.00113622
0.000454252
0.000497651
0.0439516
0.00098418
0.00208081
0.0106768
0.00764464
0.00227889
0.0971891
0.0735945
0.0220423
0.0246913
0.0334708
0.00564801
0.0129508
0.0392957
0.06719
0.0370343
0.0920229
0.00644843
0.0178682
0.0853073
0.0130281
0.0127866
0
0
0.0385374
0.000308782
0.0690202
0.0203791
0.229656
0.034667
0.000669607
0.0118708
0.112245
0.00735489
0.0118505
0.114194
0.0156219
0.00270785
0.00324639
0
0.118746
0.0136045
0.00950143
0.0013632
0.00425759
0.0234936
0.00284754
0.00913684
0.0653696
0.00424842
0.00203389
0.0151475
0.0465449
0.0218068
0.0632128
0
0.0573665
0.0325908
0.0607308
0.0738712
0.00483752
0.00361917
0.00762068
0.0425466
0.0101981
0.0137014
0.0477134
0.0123504
0.00913926
0.0160534
0.0291326
0.0188178
0.000304672
0.0452209
0.0118679
0.00759985
0.0175567
0.0284941
0.00623562
0.124998
0.004545
0.0970754
0.000372177
0.00571133
0.0318807
0.00649407
0.00338992
0.00429315
0.0636165
0
0.00800133
0.00960916
0.0336241
0.0119748
0.00792705
0.0484262
0.00308603
0.0640431
0.0105616
0.000300018
0.00129518
0.00379042
0.0072717
0.0270559
0.0106527
0.000801833
0.00678922
0.039649
0.016774
0.00725546
0.0123331
0.0619674
0.00746137
0.0107929
0.00145169
0.00221786
0.0131897
4.23868e-005
0.00702367
0.00970787
0.0261299
0.116508
0.00106168
0.017537
0.0313811
0.126114
0.0525088
0.00081053
0.0268298
0.0358199
0.0275928
0.0111516
0.0835338
0.016269
0.000761396
0.00644467
0.0100652
0.02183
0.0159609
0.0925481
0.041525
0.0113319
0.00518169
0.0193386
0.155635
0.0632113
0.00538883
0.000779108
0.000209639
0.0201568
0.0451572
0.00118422
0.0163636
0.00508648
0.101138
0.0694987
0.0046568
0.0930503
0.0148399
0.000529182
0.126723
0.00616668
0.00187494
0.0202111
0.00538023
0.0075152
0.012514
0.0141561
0.0132735
0.0425603
0.0695812
0.0153499
0.000865993
0.0151965
0.0209761
0.112413
0.00391777
0.00722282
0.0371252
0.0293152
0.0784896
0.00158767
0.013457
0.0244696
0.00753393
0.0336826
0.0245924
0.0170214
0.00126786
0.0572433
0.0452421
0.00490073
0.00367712
0.0398132
0.0784082
0.000842177
0.0342569
0.00289555
0.0030697
0.00098458
0.10165
0.0829397
0.0296707
0.0538463
0.0283165
0.000766516
0.130132
0.00887196
0.020354
0.0193485
0.0768028
0.0936047
0.0573076
0.000888385
0.0361657
0.0655772
0.0152883
0.0221178
0.0708624
0.10303
0.123459
0.0164899
0.00195979
0.0284841
0.102879
0.0093246
0.0201965
0.00960073
0.0915433
0.00141165
0.00197865
0.0164605
0.0100301
0.00190712
0.0314509
0.0304521
0.076946
0.110884
0.00211928
0.000761396
0.000641407
0.0179234
0.00923985
0
0.0117066
0.0133941
0.018973
0.0192075
0.00651324
0
0.0141065
0.051724
0.0176242
0.0328388
0.0105542
0.0414654
0.000685363
0.0904604
0.047919
0.0106968
0.0103289
0.109588
0.0011485
0.0709078
0.11405
0.00210959
0.0255484
0.039218
0.00811042
0.00981368
0.00206377
0.0421109
0.0142185
0.00205872
0.00573184
0.0636042
0.0847428
0.011927
0.00486094
0.037248
0.0172326
0.0420103
0.0254068
0.187394
0
0.0188811
0.16243
0.00429436
0.0603972
0.0130713
0.0127575
0.000363239
0.0377836
0.0685292
0.00432123
0.0096131
0
0.0108737
0.00461246
0.00594856
0.000975957
0.0268317
0.0243381
0.00121028
0.0100057
0.00577541
0.00113797
0.00157319
0.0331753
0.00116693
0.0879696
0.00328607
0.00649127
0.0797968
0.0640673
0.000231139
0.0706043
0.00117081
0.00435478
0.00656971
0.0202814
0.00907297
0.00258453
0.108331
0.000457418
0.141591
0.00730525
0.00191862
0.000312776
0.0267987
4.23869e-005
0.0294336
0.0772973
0.0216867
0.00155582
0.000566522
0.00331134
0.0211983
0.000427193
0.00729687
0.00113251
0.00122911
0.0986999
0.00250862
0.0479592
0.0664205
0.00167464
0.0339002
0.00960125
0.000949708
0.00893632
0.0199959
0.0069327
0.00583992
0.0322074
0.00945274
0.0487607
0.00747281
0.0311105
0.0303212
0.0918603
0.0777433
0.0648279
0.00719469
0.00924173
0.00108298
0
0.00799421
0.00293031
0.010471
0.0188002
0.0909109
0.00325142
0.0127134
0.0176002
0.00736158
0.0165966
0.113505
0.00859767
0.0111177
0.0152152
0.0117833
0.00693637
0.0338312
0.00307776
0.0366546
0.093735
0.00187915
0.00125164
0.0164983
0.124937
0.0612117
0.119224
0.124762
0.0164587
0.00285059
0.0394035
0
0.00435825
0.0110412
0.00440533
0.00909529
0.124629
0.00775318
0.118062
0.108165
0.0042804
0.124938
0.121264
0.0194418
0.0189441
0.0181969
0.0064003
0.108868
0.151199
0.0316476
0.000148868
0.00151756
0.0658881
0.0283015
0.00939075
0.042674
0.00978329
0.0182837
0.00846524
0.0209051
0.0897674
0.0812384
0.0612339
0.0270183
0.0262967
0.0229238
0.00442082
0.107882
0.00505244
0.00214584
0.011974
0.0225763
0.120607
0.000631891
0.0309299
0.0124423
0.0562828
0.127746
0.0983272
0.0291828
0.00709073
0.00229369
0.0198171
0.0548262
0.0686046
0.034233
0.0505074
0.00292958
0.148224
0.0186002
0.0424245
0.00588537
0.0249407
0.0136349
0.0090877
0.00531404
0.00359581
0.011204
0.0156539
0.118413
0.116632
0.00394167
0.0439566
0.00781864
0.101048
0.0419494
0.000967911
0.0738544
0.00298062
0.016965
0.0199686
0.0326649
0.0949692
0.143174
0.00431603
0.0760283
0.00159913
0.00187673
0.00482512
0.00262212
0.00028338
0.0455757
0.0017893
0.0358404
0.0309706
0.0311767
0.0224506
0.0179481
0.00652465
0.000295037
0.0282035
0.069129
0.117267
0.00747112
0.0389351
0.0336505
0.0323809
0.00430042
0.00150933
0.000468519
0.00413589
0.0161799
0.0967622
0.0659134
0
0.020617
0.000765428
0.00144968
0.0146557
0.026553
0.0246992
0.0247418
0.000750913
0.0386645
0.076879
0
0.0302466
0.0077098
0.0590856
0.136078
0.0199003
0.00376729
0.00130375
0.018255
0.00352801
0.0284901
1.45507e-005
0.00399952
0.069376
0.0133875
0.00113805
0.0064383
0.0860176
0.0207535
0.000629059
0.0613105
0.0489433
0.0193775
0.0113519
0.0599048
0.0598547
0.00218797
0.01037
0.0423183
0.0376343
0.124991
0.0527593
0.00138101
0.0374349
0.124122
0.00384504
0.00488014
0.00905315
0.0024358
0.0511655
0.0322219
0.00390205
0.0201742
0.0591629
0.0697841
0.065525
0.0123617
0.0203485
0.00859689
0.00384773
0.0719394
0.00457697
0.0265432
0.0336772
0.0407288
0.00144849
0.00936739
0.00767094
0.0920383
0.00307048
0.112491
0.0786182
0.00318158
0.10862
0.00177662
0.0130136
0.00294147
0.0822306
0.00100581
0.120477
0.0207226
0.00275529
0.00358073
0.000238539
0.0923389
0.0069404
0.00656971
0.0334952
0.0024612
0.0381133
0.000679291
0.00349499
0.00272835
0.000837622
0.0239525
0.00191407
0.00715047
0.0125288
0.000784719
0.0111421
0
0.000909958
0.00407779
0.069092
0.0591536
0.00241333
0.0671516
0.117391
0.0127103
0.0122359
0.0054391
0.000514063
0.0687255
0.0876798
0.00186652
0.000589582
0.000920773
0.0463272
0.0300956
0.00812819
0.0135403
0.0377721
0.0145864
0.00670536
0.000479557
0.0151684
0.00794352
0.0992145
0.0399403
0.0467213
0.000848596
0.282917
0.106785
0.0294087
0.0934809
0.0176314
0.000193872
0.0655122
0.0280755
0.104225
0.108191
0.0218734
0.0135016
0.00465902
0.00412948
0.00551065
0.0658562
0.0266415
0.00671469
0.00520704
0.0250138
0.0207674
0.000916891
0.0248656
0.0179546
0.00867269
0.0193186
0.0717799
0.0120583
0.00346567
0.0831052
0.0670838
0.0214697
0.0065238
0.0280528
0.0503179
0.00151371
0.00454818
0.00232975
0.00712066
0.00752747
0.0520348
0.00397507
0.00236422
0
0.000820898
0.0569601
0.0356584
0.000704933
0.0077416
0.0118575
0.0203431
0.0188059
0.0121271
0.00142189
0.00195572
0.0148848
0.00767537
0.0289321
0.000652708
0.0571987
0.00799439
0.161304
0.0206075
0.020918
0.000279545
0.00465108
0.0473627
0.0665813
0.0612913
0.0499007
0.010374
0.020612
0.019746
0.0133452
0.000516031
0.0787099
0.0621888
0.00940436
0.12414
0.0620034
0.0345059
0.00125255
0.00136621
0.044134
0.0441757
0.122877
0.00219318
2.86939e-008
0.0195766
0.000560652
0.00117269
0.120067
0.119326
0.00783734
0.0207262
0.0347794
0.00229986
0.124186
0.0184568
0.0443615
0.000177352
0
0.00427852
0.0452515
0.0211939
0.00416862
0.100285
0.0186601
0.0498784
0.00108198
0.00241312
0.000106478
0.0133627
0.0137608
0.00101984
0
0.0159593
0.00346293
0.00794755
0.0952601
0.109645
0.00851285
0.0105829
0.0165501
0.0427469
0.077055
0.124138
0.000687757
0.0255516
0.07053
0.121138
0.00130751
0.00281344
0.0054383
0.0645121
0.0169931
0.00978484
0.00134838
0.00582687
0.00901693
0.0132412
0.0739489
0.0871265
0.00142396
0.0194285
0.00609014
0.118268
0.00260899
0.00894668
0.0238627
0.0217221
0.000532403
0.0155936
0.016808
0.0207289
0.0140189
0.0553904
0.0382263
0.00442475
0.00950376
0.00184495
0.0118738
0.010852
0.00295838
0.0238063
0.00788248
0.00939283
0.00709353
0.000757938
0.0163621
0.0333728
0
0.000496363
0.0304959
0.00427852
0
0.0805651
0.00713857
0.0348615
0.0607383
0.0228082
0.0261183
0.0338012
0.0214905
0.00189439
0.00224352
0.0093355
0.0153067
0.0365691
0.041424
0.00246311
0.000769718
0.0908706
0.0485894
0.0195512
0.0143715
0.00191274
0.011794
0.0199738
0.0131719
0.0228621
0.0640488
0.0347737
0.0446029
0.0570081
0.00366689
0.000456029
0.0330229
0.0100827
0.00254765
0.0143205
0.0195688
0.00978116
0.00843887
0
0.00231968
0.0623433
0.00733526
0.038035
0.0280178
0.0194301
0.0123419
0.00160469
0.0118115
0.00104724
0.0323123
0.00610441
0.00252118
0.00448775
0.000724983
0.0185122
0.019432
0.00641961
3.97984e-005
4.95195e-005
0.000564147
0.104462
0.0343122
0.0541006
0.0462932
0.00792012
0.00185167
0.10988
0.00412247
0.167247
0.00192506
0.00696915
0.113346
0.148856
0.0163145
0.0329637
0.0496918
0.145966
0.00407326
0.00520002
0.0299617
0.0165012
0.0134361
0.0107458
0.000517347
0.00254412
0.00976644
0.050021
0.0636025
0.0511806
0.105786
0.0997528
0
0.0161752
0.0420137
0.0274739
0.0248936
0.00188909
0.00241776
0.00287241
0.0133252
0.0405645
0.0420496
0.00960617
0.0023988
0.00534621
0.036671
0.0186211
0.0568175
0.00149791
0.00746115
0.00765906
0.00880522
0.0253943
0.00281701
0.00306576
0.143476
0.00457893
0.00321201
0.0317252
0.114345
0.0167163
0.00172204
0.00877693
0.00442884
0.130049
0.0272576
0.0102556
0.0261389
0.0252355
0.0758361
0.0293366
0.0323796
0.0170329
0.0245359
0.00109642
0.00163574
0.00200506
0.012386
0.015607
0.0486557
0.0496029
0.0483071
0.0560853
0.0980153
0.0597054
0.00186728
0.0369709
0.00509689
0.000943079
0.0182861
0.0197784
0.0464883
0.0351574
0.101632
0.0155163
0.00200182
0.00446595
0.0591065
0.00796345
0.155682
0.0340206
0.00610866
0.00142055
0.00363502
0.0174074
0.095677
0.0140658
0.107393
0.00616592
0.0058102
0.00489947
0.00262691
0.188111
0.00681286
0.02127
0.0189302
0.0561884
0.153042
0.177463
0.098555
0.0868475
0.0210591
0.105403
0.00611669
0.0140466
0.0178595
0.000720396
0.00517455
0.00329218
0.0249575
0.00161565
0.02086
0.0833309
0.050698
0.0543555
0.160872
0.164632
0.00479977
0.104947
0.1213
0.00454021
0.0541094
0.00319071
0.0272052
0.0227965
0.00727771
0.0250416
0.164765
0.0516105
0.00153973
0.0222969
0.0198335
0.00860922
0.0475183
0.0134856
0.0717267
0.0186355
0.00911006
0.0357279
0.00815539
0.0307924
0.0328531
0.123494
0.0106396
0.0114518
0.00107028
0.00501305
0.038203
0.00805538
0.0166762
0.0113128
0.00106969
0.000494556
0.189891
0.0449227
0.000128972
0.00359137
0.0667641
0.00382812
0.00214445
0.0090834
0.0450973
0.0102052
0.019064
0.0614046
0.0663813
0.0500111
0.0513418
0.00211252
0.00113385
0.0499856
0.0395659
0.00253442
0.0154595
0.0577355
0.0683867
0.0012569
0.0384626
0.052116
0.00139643
0.00652912
0.0162039
0.000478384
0.0101473
0.0174464
0.0922336
0.0556544
0.013108
0.00667968
0.00232975
0.0364511
0.0205437
0.00557085
0.00346794
0.0511917
0.0237031
0.178222
0.0297211
0.00116735
0.00986179
0.0944341
0.0266798
0.00128918
0.0159478
0.0731406
0.0898845
0.0491101
0.00183136
0.0084857
0.0087843
0.100319
0.0182568
0.101105
0.000576304
0.00111193
0.0120042
0.0725486
0.0302506
0.00122851
0.109825
0.015766
0.0394229
0.00421789
0.0665576
0.0211785
0.0171954
0.00415817
0.0260887
0.0159513
0.0117549
0.0231195
0.0223272
0.0185745
0.053273
0.0239656
0.00107591
0.00856625
0.0149588
0.0487786
0.00925501
0.0144394
0.0922045
0.0124445
0.157791
0.0292248
0.0345496
0.0413829
0.0014661
0.11727
0.119518
0.00252024
0.00787324
0.011429
0.00500365
0.0455191
0.0155873
0.0460743
0.00572002
0.0137917
0.0456654
0.0760291
0.0410232
0.0338405
0.00167957
0.00607647
0.0302987
0.000796323
0.0158968
0.010926
0.0073939
0.0687727
0.0150285
0.0612926
0.0136201
0.0726471
0.00531215
0.00200186
0.196665
0.049512
0.0202344
0.000399624
0.0027787
0.0655557
0.0288666
0.0143854
0.00281623
0.0019391
0
0.054212
0.00356314
0.0246196
0.0197137
0.0516993
0.0023543
0.00206973
0.0028658
0.0432586
0.0157661
0.0116003
0.0129971
0.0124902
0.0311164
0
0.00357013
0.00372684
0.0100595
0.135769
0.021604
0.0137181
0.0206754
0.0326969
0.0107324
0.00292518
0.000523847
0.00543803
0.0392375
0.0075284
0.00843672
0.0847913
0.0165269
0.0287211
0.0872466
0.102006
0.0222435
0.00403308
0.00177419
0.0358059
0.0495542
0.00132874
0.00292332
0.0101728
0.00439958
0.0832567
0.0322866
0.0953062
0.00587107
0.0163996
0.00697755
0.0918537
0.0663888
0.109204
0.00433028
0.0589786
0.00812494
0.108361
0.12481
0.0494425
0.00829804
0.0712497
0.0467835
0.0152536
0.118453
0.167171
0.00292514
0.0821928
0.0068242
0.0718134
0.00472511
0.0014657
0.00519415
0.00137691
0.00703151
0.0218889
0.0014061
0.112918
0.11306
0.0575256
0.0024519
0.107298
0.0825672
0.00111811
0.00228382
0.0744831
0.026999
0.120379
0.00320055
0.0515399
0.0128422
0.00200188
0.00255278
0.122198
0.0299448
0.0240765
0.0672294
0.122742
0.0443906
0.0759385
0.0121217
0.0692295
0.00308658
0.00637389
0.030858
0.00400493
0.102696
0.00655954
0.00105347
0.039786
0.0432351
0.00187027
0.10292
0.0280402
0.0496965
0.0547413
0.086202
0.0101472
0.0591538
0.0377625
0.00624311
0.00542048
0.00502805
0.0124842
0.0412088
0.00958959
0.0133651
0.0245259
0.00280395
0.00747819
0.0307597
0.0498297
0.10212
0.0435423
0.000361553
0.00177127
0.00355487
0.028793
0.0113703
0.0588462
0.0481871
0.000830493
0.0268869
0.00239189
0.0459155
0.180396
0.0350214
0.0045286
0.0116547
0.0477699
0.00161124
0.0313995
0.0573281
0.00898575
0.00827543
0.001472
0.0730002
0.0488748
0.140287
0.00555241
0.0221324
0.020787
0.0229198
0.205226
0.103628
0.00632322
0.120607
0.123239
0.00992438
0.0533925
0.00154532
0.0048053
0.00285147
0.108735
0.0419739
0.077955
0.0243747
0.0920221
0.0580438
3.3688e-005
0.0418176
0.00217733
0.0202262
0.0113319
0.00494977
0.00141217
0
0.0027352
0.0150679
0.022655
0.0356551
0.00313439
0.00197163
0.00813016
0.00924164
0.00550704
0.176797
0.00594032
0.00431617
0.129441
0.00108282
0.0168018
0.0622077
0.00032329
0.00592206
0.0766238
0.0305041
0.00132103
0.00503018
0.00359786
0.0335136
0.00601883
0.12492
0.119441
0.0500962
0.123804
0.000177352
0.0141283
0.00058205
0.115333
0.00145249
0.0218263
0.000234096
0.00846973
0.0202338
0.00343054
0.00091832
0.00772831
0.0456558
0.0486786
0.0800029
0.0276571
0.0190361
0.095678
0.00530902
0.0436137
0.00201067
0.00303391
0.122464
0.0317103
0.00449568
0.00083007
0.0248551
0.00215909
0.00299482
0.156284
0.00923471
0.115975
0.0593359
0.00612574
0.0804511
0.0250641
0.00117844
0.00475092
0.0114256
0.0489572
0.00108149
0.0352783
0.0888399
0.147212
0.0101253
0.00253288
0.0348261
0.00395071
0.00123865
0.00376502
0.0628773
0.0202443
0.0127313
0.106483
0.0359716
0.000234097
0.00857603
0.0325987
0.000314246
0.0650492
0.00736173
0.003075
0.0224863
0.0557602
0.00607376
0
0.0177258
0.0569654
0.187259
0.0603803
0.0997686
0.114369
0.0724315
0.00180319
0.119628
0.0881631
0.0089111
0.0200408
0.0108666
0.0596316
0.00254255
0.00327663
0.0104365
0.00257326
0.00597872
0.0243453
0.059043
0.108468
0.0143035
0.0365015
0.0187178
0.123427
0.0603841
0.111389
0.000906792
0.0142694
0.00546611
0.000640123
0.00326461
0.000880125
0.179503
0.0306021
0.147998
0.0153713
0.022729
0.010377
0.00316647
0.00176813
0.0202035
0.0372372
0.00164554
0.0279026
0.00146083
0.0349682
0.030957
0.00161653
0.00425353
0.0282626
0.0133226
0.00416986
0.00311903
0.118244
0.00591797
0.0786475
0.0293051
0.0065925
0.00042587
0.0271228
0.0382537
0.0396002
0.0147092
0.0246896
0.00716603
0.114479
0.00204867
0.00971391
0.0121309
0.00551866
0.0820946
0.0126992
0.0173576
0.00798914
0.103238
0.00446997
0.0027943
0.00669282
0.0177297
0.016009
0.0320533
0.0618696
0.0423796
0.0094283
0.0399707
0.00517436
0.0231046
0.00446932
0.097059
0.00450316
0.0141777
0.0529589
0.0118932
0.014263
0.0447488
0.0382269
0.00456323
0.00927592
0.00359149
0.103945
0.00197078
0.00683058
0.145959
0.014812
0.00196485
0.00863765
0.0116593
0.000465474
0.03217
0.00100217
0.079047
0.00526894
0.00361364
0.0797837
0.00262016
0.00136382
0.0316776
0.00883604
0.00558227
0.052827
0.0308947
0.0150361
0.0296327
0.00536393
0.00263931
0.00750744
0.00134089
0.00113908
0.0401649
0.15382
0.0368572
0.0995319
0.0423308
0.0380032
0.0202146
0.00843106
0.00852016
0.00340046
0.0534396
0.00682632
0.00392793
0.0075962
0.0359848
0.0281046
0.00276572
0.0628181
0.0790184
0.0548785
0.0692985
0.00247022
0.0619507
0.00078863
0.107393
0.00136959
0.00629947
0.00939384
0.0150761
0.0541479
0.00323708
0.00163565
0.00389216
0.00340952
0.0123896
0.142037
0.0874785
0.00694441
0.0391347
0.00152029
0.06357
0.171356
0.0333506
0.0818166
0.033481
0.0123203
0.00038208
0.00348441
0.0662239
0.123927
0.00502242
0.0135479
0
0.164784
0.03291
0.00622897
0.0122654
0.0299124
0.00149567
0.00727962
0.00454106
0.00275666
0.00211494
0.0413471
0.0407552
0.00722443
0.00109412
0.00754928
0.00479965
0.005525
0.0946443
0.00377607
0.0155856
0.00456864
0.00327051
0.0464893
0.016074
0.0426007
0.000852442
0.00879944
0.0096576
0.0131367
0.0299022
0.00753199
0.0191166
0.0802788
0.0122925
0.00455649
0.00602153
0.0282443
0.00127827
0.0161879
0.0332855
0.0323716
0.00160713
0.0249322
0.0189907
0.000494297
0.146554
0.0398081
0.0448906
0.000887183
0.00275682
0.00275674
0.0037654
0.0202064
0.0120776
0.0157266
0.00699309
0.00259574
0.00083902
0.161051
0.0417566
0.00483388
0.032137
0.0364009
0.00391524
0.00505085
0.0255896
0.0353931
0.0876421
0.00118334
0.0401566
0.0525043
0.0468795
0.0412891
0.0429693
0.00441694
0.0302588
0.00896065
0.0313865
0.100236
0.0276697
0.00263159
0.00670591
0.00245076
0.00639476
0.0637243
0.00750169
0.00247825
0.107814
0
0.00707469
0.00677573
0.0077948
0
0.0202311
0.00207874
0.0996035
0.0522717
0.059458
0.0111421
0.0274451
0.0278105
0.00337361
0.00278886
0.0120244
0.00403974
0.0601823
0.0316076
0.0544901
0.0180105
0.00518137
0.0163889
0.0446934
0.0622253
0.000531251
0.0530115
0.00632539
0
0.0448627
0.00153158
0.000454941
0.000513091
0
0.0236326
0.0151809
0.120491
0.00613808
0.103538
0.0284194
0.0249529
0.0461262
0.00737496
0.00421281
0.0851019
0.0123654
0.0238113
0.0442835
0.0548303
0.0173254
0.0115106
0.0178521
0.00579195
0.225546
0.00488921
0.024246
0.014842
0.00158428
0.106722
0.00413904
0.00814096
0.105768
0.093603
0.111605
0.0498458
0.0318067
0.0417069
0.026707
0.0805123
0.0791219
0.0670383
0.0121562
0.0252271
0.0096134
0.0578075
0.0199439
0.020972
0.00993301
0.0147145
0.0142833
0.0520752
0.0200399
0.0393698
0.0648865
0.0577722
0.0159259
0.126912
0.00182018
0.0481349
0.0359296
0.0601675
0.0467371
0.0622915
0.0268385
0.0874793
0.0838753
0.0968209
0.0350964
0.0204653
0.000346473
0.00240962
0.00678554
0.0309885
0.00593082
0.00488209
0.042953
0.0239906
0.0382071
0.0867501
0.0359573
0.030518
0.0204369
0.0290239
0.0672108
0.0887506
0.0100472
0.0118197
0.00853763
0.00908471
0.00161576
0.00995004
0.000654968
0.00148476
0.0175429
0.0513794
0.024918
0.0139786
0.00622528
0.0529728
0.116739
0.00145503
0.0294046
0.0546459
0.0730635
0.0941722
0.000229723
0.0572049
0.0154868
0.07909
0.00261182
0.0964912
0.111917
0.020266
0.00880568
0.000314246
0.250847
0.0678027
0.0128515
0.103286
0.0549528
0.00684504
0.0642001
0.0112283
0.0111877
0.078055
0.000128972
0.00631351
0.0276194
0.00802951
0.00463107
0.00486045
0.00351393
0.0016674
0.0536236
0.00401417
0.00408158
0.0101645
0.0506309
0.00180899
0.0272615
0.00223186
0.00182643
0.00399146
0.03654
0.00592678
0.101862
0.023579
0.0343564
0.00384243
0.0413847
0.00838923
0.0267003
0.00079869
0.00287422
0.0287005
0.0514618
0.043381
0.0902356
0.0196293
0.106558
0.0643701
0.146505
0.0130992
0.00602854
0.045
0.00510704
0.105318
0.0475908
0.000513852
0.00106744
0.021641
0.00120198
0.000908417
0.0564084
0.0513504
0.0117245
0.0571643
0.0724465
0.0203485
0.00571069
0.0235352
0.0095234
0.00925741
0.014375
0.0689656
0.0414037
0.0394243
0.0373073
0.0047478
0.013121
0.125938
0.0105466
0.0574571
0.0053312
0.0941796
0.00242328
0
0.169275
0.1105
0.0192073
0.00496193
0.00796319
0.00514929
0.00145504
0.0158557
0.0372876
0.0193148
0.0431473
0.00658435
0.0225766
0.000512207
0.0130386
0.00252081
0.0022971
0.0347776
0.0525349
0.0319464
0.0587726
0.0262024
0.079113
0.0484005
0.0178689
0.00149128
0.0474576
0.00509493
0.05527
2.93838e-008
0.0709115
0.0196823
0.0208003
0.01358
0.0786307
0.0797464
0.00233024
0.0167449
2.93839e-008
0.00300709
0.00224504
0.00256353
0.0266197
0.0164189
0.0450231
0.0829891
0.0597898
0.0309155
0.00139189
0.00174057
0.0222449
0.0342711
0.0667465
0.00150989
0.00241118
0.0156751
0.0804592
0.0243244
0.00135345
0.0233349
0.162319
0.00310527
0.0190009
0.00211602
0.00318036
0.00149866
0.0120182
0.0510233
0.0139729
0.0912713
0.0010782
0.100674
0.0575134
0.0108596
0.0154986
0.00801858
0.0133526
0.073624
0.0448043
0.0242299
0.0966739
0.0619788
0.0271425
0.0822295
0.0193812
0.00272871
0.00186597
0.0434826
0.0231657
0.119874
0.0679247
0.0608929
0.0733124
0.00758438
0.085792
0.0166929
0.0171371
0.0152189
0.0133994
0.104777
0.00372486
0.0429463
0.00205321
0.0347021
0.135842
0.122756
0.0547811
0.0082522
0.00259227
0.0100995
0.00761812
0.0690452
0.00943475
0.0245916
0.0049649
0.0102947
0.101467
0.115984
0.0458993
0.0081909
0.0121891
0.00142867
0.0490213
0.010689
0
0.00134131
0.00899829
0.00461144
0.0523113
0.0597165
0.0892953
0.00508197
0.00935719
0.10397
0.03209
0.0358922
0.0530038
0.0325546
0.00674649
0.172767
0.0339665
0.0036188
0.0293098
0.0330718
0.113733
0.137615
0.0152335
0.0136709
0.00803466
0.0886098
0.0367961
0.0514391
0.00231939
0.000549829
0.0113825
0.0115921
0.0121122
0.0120912
0.00495203
0.111402
0.00645546
0.0241351
0.0105551
0.0176106
0.150576
0.00590834
0.0940749
0.0400714
0.00171565
0.0369845
0.043951
0.0309572
0.00708377
0.00504901
0.0112675
0.0180704
0.0271434
0.000934462
0.0111992
0.011433
0.00244498
0.0225096
0.158471
0.012448
0.116023
0.126317
0.00727295
0.0838357
0.0111549
0.0256689
0.00355131
0.0286285
0.026244
0.0629
0.0736095
0.0153744
0.0621464
0.0643941
0.0193824
0.0503055
0.00625643
0.00757889
0.00623379
0.0463894
0.0078706
0.024212
0.0729696
0.0239358
0.0198362
0.0227948
0.0218995
0.0596758
0.00833343
0.0456389
0.0439666
0.102762
0.00767454
0.00255728
0.027015
0.00109931
0.00113483
0.110256
0.0141805
0.0516641
0.0454422
0.00556583
0.0815744
0.00677456
0.00996868
0.0685801
0.00198618
0.00421153
0.0484082
0.0673007
0.0129845
0.00790035
0
0.208683
0.0976474
0.0645374
0.00144017
0.00140892
0.056037
0.0398886
0.00167452
0.00314219
0.0361492
0.0635599
0.00514662
0.0151565
0.0106455
0.0226794
0.0261361
0.00138333
0.117851
0.0033504
0.0396567
0.0243871
0.0963745
0.00399548
0.0195409
0.0284852
0.0343843
0.00313544
0.0790283
0.00627977
0.0668813
0.0173741
0.010122
0.014809
0.0145826
0.0145397
0.0922222
0.000126216
0.0478451
0.0155577
0.000691806
0.00446878
0.00767938
0.0408798
0.086508
0.0329028
0.00229364
0.0119179
0.00118436
0.00131103
0.0323836
0.0313559
0.006736
0.00225842
0.0016164
0.00275562
0.00659434
0.0277085
0.000861304
0.16533
0.0274652
0.00107408
0.0683087
0.0422264
0.00979121
0.00339178
0.041167
0.108494
0.0468204
0.0135916
0.000655532
0.0080015
0.02921
0.0125258
0.0089384
0.027093
0.00409108
0.00385524
0.0124991
0.0959248
0.0200088
0.00654541
0.0145931
0.00231405
0.00834351
0.00497538
0.00954681
0.0224723
0.0181581
0.00439853
0.0877207
0.00133972
0.134473
0.058464
0.16929
0.0303434
0.138447
0.00912249
0.0449914
0.00773891
0.0117361
0.105927
0.0680611
0.0130713
0.00209595
0.00201849
0.00404645
0.112107
0.0303072
0.00891947
0.0183137
0.000273602
0.0299021
0.000833075
0.0184093
0.00218346
0.00926434
0.0151039
0.0179532
0.181254
0.00492268
0.0243741
0.0382041
0.0292674
0.0163746
0.00989484
0.0064762
0.00893249
0.00929207
0.000804288
0.0561209
0.0270239
0.00346076
0.0038033
0.00328428
0.0150763
0.000367203
0.0095092
0.0129322
0.00029062
0.0482843
0.0364795
0.0247449
0.00234978
0.0485907
0.0370783
0.0359555
0.0437293
0.0023523
0.0146829
0.0259385
0.00637687
0.0459239
0.00482957
0.0323122
0.0404278
0.000933978
0.00094961
0.0168137
0.0232409
0.0166365
0.0061983
0.0661962
0.0249654
0.00136797
0.00117373
0.0499296
0.00102083
0.000922032
0.0144604
0.00140426
0.00341094
0.00243759
0.00559464
0.00596149
0.00253859
0.113481
0.120299
0.00245431
0.0213759
0.00369984
0.00457183
0.00229438
0.112095
0.00258616
0.185642
0.00347696
0.000987687
0.00109119
0.038914
0.0245647
0.0555669
0.000650817
0.0658259
0.0255236
0.0369948
0.0183874
0.00132516
0.017641
0.0826587
0.000989026
0.00211785
0.000594975
0.0249198
0.0251244
0.147508
0.00208622
0.00896089
0.117168
0.0870548
0.00125041
0.0133784
0.0390583
0.00348499
0.053862
0.00106946
0.102904
0.00272075
0.0122251
0.061433
0.000939852
0.0842929
0.0033256
0.00582284
0.0013251
0.0127704
0.0217536
0.00290137
0.0922249
0.0214168
0.0218066
0.0367003
0.00722099
0.00719605
0.06651
0.191787
0.00358922
0.00772804
0.0279947
0.00162064
0.00837166
0.0045952
0.0900408
0.0504028
0.00773557
0.0149501
0.0260959
0.000657827
6.41002e-005
0.157607
0.0316447
0.0606909
6.5467e-005
0.10891
0.0290808
0.0620564
0.0905038
0.00414179
0.00250944
0.02005
0.0688971
0.0942345
0.179274
0.0063969
0.00464868
0.0284389
0.0018144
0.0124999
0.0436613
0.0244164
0.00386954
0.00139389
0.000951589
0.0219618
0.0241614
0.0471623
0.00786921
0.0214534
0.00408687
0.00104265
0.00140928
0.0423889
0.152695
0.124441
0.118936
0.0096055
0.00922421
0.059494
0.000106478
0.000670089
0.0475975
0.0330293
0.00329557
0.00964947
0.00182016
0.0290896
0.0292785
0.10661
0.0392021
0.000826737
0.0285403
0.0484516
0.0211265
0.0816542
0.00584152
0.133232
0.0982307
0.00208481
0.0127265
0.0163101
0.00226965
0.0174275
0.00352396
0.00536829
0.0599122
0.000771241
0.00343271
0.00492168
0.034959
0.000380949
0.0064133
0.0683242
0.0513856
0.0688716
0.087541
0.0508829
0.0151124
0.0397093
0.0585748
0.0941141
0.0760322
0.0255337
0.025523
0.0281365
0.0466596
0.00183675
0.02981
0.0262107
0.068729
0.0246453
0.0563344
0.033048
0.0105887
0.0876918
0.00437884
0.028134
0.0215856
0.0779935
0.0389333
0.0799374
0.0158375
0.0110552
0.0198372
0.002203
0.00104336
0.0962653
0.0615269
0.0161809
0.000882945
0.0264592
0.0117615
0.0238337
0.0372727
0.00046983
0.118843
0.0259711
0.0507557
0.066728
0.00384219
0.0481366
0.0306694
0.000263836
0.000707863
0.225337
0.00866154
0.00161653
0.00121295
0.038179
0.112566
0.00532604
0.00355553
0.0175812
0.0175388
0.00345473
0.156622
0.0544852
0.00170371
0.00292007
0.00867245
0.0302636
0.0289735
0.123999
0.0405506
0.0112653
0.00272658
0.00540311
0.000739187
0.0518281
0.00530884
0.0400008
0.0643531
0.0402726
0.0333319
0.0361459
0.124981
0.0044349
0.0139387
0.00263709
0.000273602
0.00232868
0.00829406
0.0146407
0.0608961
0.00133712
0.0033111
0.00177806
0.038631
0.0158847
0.0629598
0.0340967
0.176694
0.00836666
0.0406882
0.00547026
0.00109728
0.0596484
0.0898862
0.0179812
0.0147812
0.0117316
0.0113293
0.0421783
0.00894824
0.0433206
0.00120425
0.00341771
0.00785028
0.00784877
0.0152577
0.0129528
0.00513025
0.0333898
0.0068325
0.0032221
0.0580406
0.0029915
0.00117431
0.103347
0.0786465
0.0342683
0.0166526
0.00372053
0.00556988
0.0822572
0.00879238
0.00221089
0.0329958
0.0498268
0.203267
0.00568469
0.175161
0.00608609
0.00203386
0.0231322
0.0526707
0.0105524
0.00719333
0.0222495
0.115332
0.0313615
0.00676515
0.00247937
0.0513227
0.0687037
0.0172758
0.018931
0.0225407
0.0256331
0.104914
0.0267169
0.0174919
0.00677169
0.0130156
0.00784366
0.00339914
0.00700409
0.0179016
0.0240819
0.0165557
0.00308409
0.0231707
0.00916053
0.010401
0.07076
0.000124862
0.00320357
0.0103467
0.0025105
0.00434711
0.00871408
0.0300409
0.117747
0.000789004
0.00180183
0.0278735
0.0297865
0.00801454
0.000735532
0.00757558
0.0024159
0.0116409
0.0099593
0.000733294
0.00568789
0.085459
0.0376543
0.00430424
0.039105
0.126554
0.0552645
0.00523362
0.0112029
0.00111045
0.00659207
0.0122787
0.00925813
0.0248232
0.0225952
0.00202228
0.00488309
0.164497
0.0453902
0.0602808
0.000908011
0.00473467
0.0510138
0.00335716
0.0139557
0.0113462
0.106437
0.00263128
0.00602121
0.00120485
0.0485821
0.00374954
0.0112274
0.0168327
0.0674067
0.00607292
0.0202154
0.0106966
0.0751899
0.00112053
0.00187061
0.000508692
0.0704754
0.0655233
0.045401
0.0148989
0.00172567
0.0438423
0.124833
0.00137423
0.000138295
0.0140224
0.00853758
0.0362055
0.025026
0.00489977
0.124886
0.00762676
0.122006
0.0208835
0.0326677
0.0320777
0.00481255
0.00686127
0.0225194
0.00366415
0.00270152
0.121948
0.06573
0.0301592
0.0117144
0.0978854
0.00103636
0.0973567
0.00748729
0.0145448
0.00863767
0.0291616
0.0297924
0.00769108
0.00671034
0.0826714
0.106096
0.0253577
0.01537
0.00955384
0.00290137
0.000395797
0.00286294
0.00454105
0.01629
0.00105383
0.00157093
0.00918403
0.00358116
0.166209
0.182615
0.000819882
0.170944
0.0375539
0.00304191
0.0174383
0.115613
0.00176692
0.0247837
0.00313544
0.00961691
0.0605314
0.00503409
0.00650914
0.00191225
0.0517065
0.00524097
0.035017
0.0373421
0.00766575
0.178096
0.0174529
0.0345268
0.0134732
0.00364955
0.00505057
7.75416e-005
0.0181691
0.0145502
0.0204068
0.0460359
0.0222217
0.0700629
0.0676129
0.0588591
0.00451244
0.0187683
0.00278291
0.01347
0.000443935
0.00449892
0.0189265
0.0911626
0.00570406
0.00271541
0.00275982
0.00130203
0.00552288
0.00241088
0.010247
0.0118193
0.00727919
0.00685202
0.00419208
0.000375743
0.190074
0.0366549
0.0209205
0.031862
0.0441641
0.146147
0.0980141
0.0658125
0.0467169
0.0595753
0.156436
0.0130509
0.153466
0.0180464
0.0418653
0.0224186
0.00130136
0.00788105
0.00513025
0.00426613
0.00681407
0.00126949
0.052318
0.00405808
0.0195788
0.000960104
0.00138111
0.0185191
0.0870346
0.033275
0.0122162
0.0427934
0.0417754
0.00190776
0.0259374
0.000710448
0.00313523
0.00146578
0.0984732
0.017765
0.00378151
0.000749946
0.0090459
0.121938
0.154627
0.000493895
0.0392068
0.0108729
0.0560022
0.149749
0.00122206
0.00170886
0.00582187
0.00806266
0.0381913
0.0283556
0.000514892
0.000735691
0.00165727
0.0166133
0.00208898
0.14346
0.0476422
0.040286
0.00206161
0.00161758
0.000858717
0.000820246
0.0106753
0.00548352
0.0130861
0.0362135
0.142031
0.000335446
0.159168
0.00422923
0.000432794
0.0123015
0.0215097
0.000346805
0.162037
0.0329627
0.00170319
0.00365786
0.0310252
0.0163143
0.0366036
0.029682
0.0692655
0.0299003
0.0522722
0.0410919
0.0322015
0.0109699
0.0144552
0.000608371
0.00108745
0.00169918
0.171361
0.00374225
0.0192346
0.0247729
0.00364922
0.0859428
0.00440734
0.00731568
0.0105728
0.0170163
0.000291218
0.00142935
0.00323885
0.00257786
0.0468993
0.0637041
0.13546
0.0428425
0.0129781
0.0179895
0.0113705
0.0273538
0.0308286
0.0175293
0.0544336
0.00532646
0.0539578
0.0812021
0.0010041
0.0153562
0.0150922
0.015047
0.00196375
0.0622948
0.00496174
0.00272409
0.00189497
0.00102299
0.0360181
0.00573749
7.36692e-005
0.0715479
0.00296068
0.0443025
0.162183
0.02966
0.00306542
0.0281334
0.014479
0.000323724
0.021749
0.0031947
0.000486107
0.0159778
0.00267347
0.00486721
0.00626131
0.0354915
0.00611349
0.0200242
0.00178111
0.0189244
0.0103207
0.0580789
0.00383648
0.000968093
0.0207284
0.0231238
0.024443
0.00565883
0.03481
0.040237
0.0761717
0.0249707
0.0269396
0.00786443
0.00666594
0.0678759
0.0342086
0.0019822
0.184395
0.159424
0.00513115
0.0267256
0.0359284
0.0272019
0.000824793
0.0118804
0.0126978
0.00933609
0.0118817
0.00191828
0.00292917
0.00826745
0.0022568
0.000932816
0.0440957
0.162872
0.00624917
0.00514673
0.0289979
0.00481217
0.170394
0.164292
0.0249198
0.00114978
0.0228237
0.0234636
0.0360183
0.0273344
0.0179678
0.0190752
0.0200257
0.0180704
0.000698687
0.00417458
0.00593119
0.0173846
0.0182318
0.031692
0.0154306
0.079263
0.00239479
0.0678536
0.000631097
0.0103105
0.00119015
0.00733087
0.00495545
0.000335446
0.0114619
0.00937237
0.0386392
0.203113
0.115497
0.0369455
0.0175273
0.00062924
0.000865389
0.00255959
0.000921966
0.000423129
0.00318324
0.0302698
0.0256405
0.00217217
0.0100646
0.0017926
0.011403
0.00260976
0.00113743
0.119601
0.00763481
0.152614
0.00662332
0.0327147
0.151077
0.0014767
0.0102279
0.000461703
0.00875887
0.0688447
0.0042166
0.10563
0.0204928
0.0192707
0.00105313
0.00255548
0.10249
0.0934597
0.0834751
0.00239992
0.0191879
0.00177913
0.0254986
0.0488431
0.00557594
0.223784
0.0116541
0.0308531
0.0296407
0.00743017
0.00781976
0.0136926
0.00379898
0.00188536
0.0429918
0.00751197
0.00302212
0.00439617
0.0158951
0.0261159
0.0127954
0.0262082
0.0588589
0.00319471
0.00761911
0.03981
0.0232193
0.00754097
0.0038949
0.0045852
0.00412519
0.00392954
0.0189191
0.0466567
0.0474849
0.132766
0.0396962
0.0610692
0.0738206
0.00351118
0.0024964
0.00625679
0.0060589
0.0325046
0.00942396
0.00103384
0.00966728
0.00488167
0.0127204
0.00143894
0.00720561
0.0161958
0.0118158
0.0603052
0.00102462
0.00441768
0.00210831
0.00374736
0.000546134
0.0030963
0.0313241
0.0282539
0.00652679
0.0420037
0.00837102
0.0529351
0.0537361
0.0650657
0.0827064
0.000805184
0.0019208
0.00563411
0.0501623
0.0397535
0.0605332
0.0682551
0.0943285
0.0202906
0.0107539
0.0210711
0.0201088
0.0157424
0.0521889
0.0143436
0.00278691
0.0042115
0.0800331
0.112719
0.00639008
0.00213848
0.0412274
0.00634067
0.00749991
0.0526668
0.000244179
0.0422863
0.143093
0.0764017
0.0552664
0.00147608
0.0404836
0.0199711
0.0777654
0.0697762
0.00590221
0.00221736
0.0183362
0.0217052
0.0105789
0.0952895
0.0210226
0.00105904
0.0149402
0.00719271
0.00406803
0.00511946
0.000418965
0.0626589
0.0656384
0.00954412
0.00229232
0.00955597
0.000787133
0.00143006
0.00945893
0.00531613
0.0433228
0.0110973
0.0377689
0.0386178
0.0645905
0.00603081
0.00480699
0.0108844
0.0102893
0.0102892
0.0114202
0.00541734
0.036427
0.0755161
0.00458118
0.0382689
0.00303391
0.156867
0.082384
0.00539247
0.00908918
0.00861391
0.000601963
0.00684065
0.0306378
0.0598942
0.0538018
0.0387876
0.0110097
0.00803416
0.0049558
0.0513762
0.0212036
0.042628
0.0462056
0.00318603
0.00290659
0.00138098
0.0591427
0.00464215
0.0145411
0.00223662
0.038753
0.093836
0.00997834
0.0427034
0.00232401
0.0395855
0.00984324
0.0102772
0.00305863
0.00238965
0.000944712
0.0312853
0.123758
0.174792
0.0735419
0.0912549
0.0924004
0.0190451
0.0985365
0.00402545
0.139685
0.00179795
0.0308708
0.00160435
0.0365136
0.0543961
0.000714734
0.00666644
0.0024534
0.0438019
0.0149685
0.056926
0.000428639
0.00102883
0.0329619
0.00291843
0.00382816
0.0242779
0.00508887
0.0270233
0.019956
0.00386764
0.0028811
0.0312208
0.0273834
0.0353317
0.076404
0.0675294
0.0251379
0.0268283
0.0351303
0.0377297
0.0286284
0.0225522
0.00703604
0.0560137
0.0041904
0.00501363
0.0272956
0.000757524
0.0256853
0.0365749
0.00230425
0.0345865
0.0245461
0.0275265
0.133262
0.000435441
0.002633
0.00180787
0.00288333
0.00349498
0.12894
0.0356439
0.00549041
0.00262088
0.0421223
0.0425633
0.0323187
0.0333315
0.00220071
0.000242369
0.0950369
0.00029596
0.00260092
0.0327904
0.0330546
0.00627543
0.0547451
0.00790221
0.0814505
0.109939
0.147787
0.140269
0.00383411
0.225096
0.236604
0.00232692
0.135676
0.0405477
0.162984
0.0275302
0.0132817
0.00914835
0.0089451
0.0296786
0.0373055
0.0413627
0.0537204
0.00122887
0.00216026
0.0106643
0.00204836
0.00161674
0.0331457
0.0713073
0.00495038
0.000735691
0.103329
0.00831383
0.0250581
0.0196669
0.0114552
0.0518727
0.00127657
0.0175777
0.0400971
0.037926
0.00757963
0.00630022
0.0075752
0.0249125
0.00495588
0.00504478
0.00374432
0.000842602
0.10059
0.000948776
0.0176821
0.0498898
0.00309356
0.0234731
0.00561663
0.00251501
0.0107938
0.00307667
0.00211617
0.00876535
0.0231815
0.0166798
0.00309965
0.00332685
0.00262391
0.0604574
0.0222079
0.00379475
0.00561002
0.00357134
0.00563718
0.0125438
0.087078
0.0580038
0.0364303
0.0233007
0.0214262
0.0394929
0.0364123
0.00741015
0.102656
0.089725
0.035757
0.0368801
0.00938952
0.0026705
0.00752437
0.00652224
0.0213452
0.00469542
0.00161463
0.000533572
0.0189153
0.00341069
0.00397486
0.00229335
0.00276997
0.0585361
0.0204364
0.110935
0.0186296
0.0231646
0.0179036
0.0744082
0.0141017
0.0343443
0.0548494
0.0506424
0.00129048
0.00173192
0.000886774
0.00317043
0.00960331
0.00249481
0.00503387
0.0244432
0.0221396
0.00136205
0.0229042
0.0129029
0.0465925
0.00344265
0.0204986
0.00209916
0.111495
0.0720701
0.0987401
0.0116795
0.0128096
0.185158
0.0903242
0.00458438
0.0693355
0.0293686
0.00120798
0.0164398
0.0157157
0.00273187
0.00757573
0.0099286
0.0103374
0.061612
0.106153
0.0704256
0.0431517
0.0141336
0.0053403
0.00912767
0.0126128
0.0217602
0.114173
0.0115797
0.00357686
0.00235689
0.00108827
0.0398283
0.144969
0.000186909
0.00282865
0.0628378
0.0524274
0.100257
0.00118285
0.0014494
0.00234712
0.000579277
0.164108
0.136831
0.0155965
0.00227111
0.126714
0.000982251
0.000268422
0.164745
0.003067
0.001047
0.00155328
0.0023755
0.000822221
0.0566865
0.01856
0.184896
0.00243705
0.117959
0.0547927
0.0039574
0.0655904
0.0127457
0.0687171
0.144055
0.0869708
0.0363673
0.0853535
0.0425821
0.0340018
0.0124481
0.0802487
0.0427738
0.00904648
0.00720756
0.00193013
0.2664
0.0186548
0.0034395
0.0329363
0.0348683
0.0426141
0.235082
0.00781537
0.0681709
0.0307981
0.0202624
0.0944135
0.0726033
0.00149365
0.00800924
0.00215887
0.00184824
0.00320018
0.00252492
0.0139742
0.00174131
0.0107394
0.0129711
0.0338538
0.036146
0.0202837
0.0224889
0.00622469
0.00124285
0.0040828
0.0045543
0.01367
0.00170315
0.0171182
0.031509
0.00711035
0.0673893
0.0199663
0.00175672
0.139075
0.0138975
0.0418986
0.00178303
0.00304928
0.125541
0.203728
0.0194832
0.00563803
0.0604786
0.0130369
0.00125849
0.0244696
0.0277587
0.0382623
0.0454977
0.0410875
0.00221235
0.0266466
0.104541
0.0392155
0.0574912
0.0125872
0.0270442
0.0248718
0.018573
0.000779071
0.0458943
0.121766
0.0232962
0.0134688
0.00925176
0.0128001
0.0979232
0.00727677
0.0012455
0.0188728
0.000503063
0.0100447
0.00743209
0.0108656
0.0410911
0.0157024
0.0633338
0.0192992
0.0187972
0.0817352
0.00625318
0.00998388
0.0168198
0.0128119
0.0745901
0.00764153
0.029584
0.0356776
0.0403597
0.0578951
0.0652134
0.0391394
0.0113271
0.0117209
0.102648
0.0264869
0.105844
0.0742725
0.00226421
0.0347219
0.177569
0.0475183
0.0470237
0.0417395
0.0760513
0.0220225
0.002626
0.00193218
0.00634077
0.104862
0.00775035
0.0357806
0.0045036
0.00281631
0.00538185
0.000502448
0.00736958
0.00213476
0.000360505
0.00887176
0.0409187
0.0507168
0.0902069
0.00837079
0.025313
0.00397036
0.0486278
0.00249546
0.00316953
0.00611262
0.00413747
0.00232656
0.00224287
0.00109426
0.0203715
0.0313909
0.00313483
0.0179593
0.011749
0.0636377
0.0605961
0.122784
0.0279402
0.00827375
0.00323305
0.00274454
0.0403485
0.00817842
0.0330088
0.105786
0.104405
0.0294265
0.10002
0.10321
0.154429
0.0996394
0.0122504
0.0713236
0.0240541
0.00853856
0.0349778
0.0852897
0.079745
0.0747144
0.051546
0.00859913
0.19273
0.00242679
0.217154
0.152004
0.15778
0.00173881
0.0400962
0.0816001
0.0728265
0.0200682
0.0037844
0.010553
0.0161268
0.0011738
0.0387585
0.0319147
0.0145414
0.00753645
0.113814
0.00188665
0.060965
0.0293645
0.0337182
0.0021108
0.0021896
0.0026307
0.00164653
0.00198041
0.011093
0.023806
0.0169467
0.0131208
0.0490354
0.0288023
0.00126482
0.0407824
0.00206158
0.10372
0.00186847
0.000424494
0.000556333
0.00595784
0.00161463
0.00268141
0.0336471
0.0931993
0.00109936
0.0188041
0.0132712
0.00164286
0.0179283
0.162276
0.00135264
0.0219207
0.0048321
0.178125
0.0561831
0.0161627
0.0357126
0.0437077
0.0732947
0.0686322
0.0814046
0.0130623
0.0233332
0.0346482
0.0226129
0.00217084
0.0133768
0.0137497
0.194106
0.0156205
0.217097
0.0717896
0.209188
0.0287283
0.00473904
0.00100359
0.0074645
0.000639639
0.00121776
0.00244875
0.00198687
0.00308366
0.0720904
0.0028228
0.00171652
0.00188825
0.00212967
0.0121012
0.00256484
0.0167276
0.00583557
0.0340134
0.0153362
0.0043495
0.0116962
0.0107517
0.0668561
0.00917582
0.0087937
0.0455294
0.00970622
0.013288
0.0179205
0.0584488
0.113737
0.0127681
0.0429886
0.232815
0.00406651
0.0082217
0.038942
0.121851
0.0798111
0.00616941
0.00705833
0.0224753
0.00506936
0.0605536
0.0581893
0.0444824
0.0108187
0.000459879
0.0769207
0.00995962
0.0026247
0.00599701
0.0121477
0.00189024
0.0160276
0.0103884
0.00956834
0.151535
0.0673366
0.00313426
0.0368487
0.00665238
0.00806943
0.0311987
0.04493
0.00353886
0.105685
0.101383
0.0398882
0.0322615
0.111845
0.0996331
0.0219998
0.00101806
0.00919187
0.0635327
0.0336165
0.00208331
0.0874642
0.0379569
0.0115063
0.00137267
0.0136345
0.108653
0.025356
0.0248665
0.0387849
0.0124789
0.0104358
0.0562852
0.0250305
0.00985492
0.119588
0.0185347
0.0141403
0.026558
0.0280848
0.00692372
0.0775373
0.082159
0.154572
0.0557
0.00107943
0.223872
0.0110161
0.00779294
0.0481835
0.00833479
0.0294488
0.0141403
0.0254532
0.0774275
0.222254
0.0235739
0.00766115
0.00190679
0.00373176
0.00197515
0.00664513
0.0484521
0.0433272
0.0317375
0.00809531
0.0118818
0.180517
0.037462
0.196634
0.048284
0.189251
0.00503722
0.0566083
0.0214683
0.0579449
0.126148
0.0235436
0.00763458
0.0156747
0.00511103
0.0523979
0.0617383
0.0114425
0.0334338
0.0181975
0.0163247
0.0347142
0.00200834
0.009784
0.0903079
0.124991
0
0
0.109416
0
0.101172
0.00508421
0
0.037101
0
0.161365
0
0
0
0.0990106
0
0
0.0554894
0.0413361
0.00773562
0.0199057
0.00486432
0.0194012
0.0192549
0.116466
0.0172011
0.000900103
0.00987007
0.0542513
0.00211493
0.0935802
0.0488787
0.00862627
0.00851337
0.00143393
0.0409502
0.0199949
0.00788856
0.0232539
0.0238271
0.0130941
0.0025566
0.0335039
0.0463165
0.0409289
0.0185384
0.00255662
0.0297197
0.0286303
0.0191695
0.0440909
0.00650529
0.0832397
0.0321577
0.021653
0.0335344
0.0132391
0.0113651
0.0109766
0.132926
0.122961
0.076862
0.0768618
0.13433
0.318488
0.0202461
0.0206488
