7444
0.0050054
0.00398518
0.00422829
0.0076758
0.00140678
0.00167193
0.0156942
0.00328851
0.00949217
0.00578102
0.00478345
0.0278896
0.00284466
0.00703769
0.00184844
0.00332008
0.0023043
0.00301604
0.000264794
0.0105607
0.000249215
0.0758649
0.0142367
0.00150421
0.0137583
0.00994882
0.0506807
0.000129976
0.00181389
0.00608742
0.0134476
0.0983877
0.0038058
0.00247129
0.010704
0.0157183
0.000674632
0.0125578
0.00592364
0.0452501
0.00243959
0.00165162
4.3688e-008
0.0242575
0.00973904
0.00291598
0.00165951
0.00119162
0.00845778
0.0561478
0.000260653
0.0025883
0.00272558
0.00269142
0.00612879
0.00417466
0.0135664
0.000831211
0.00199839
0.00430457
0.0013397
0.00131263
0.00176939
0.00178362
0.000706082
0.108838
0.0022781
0.01413
0.0708226
0.00225764
0.00250643
0.000389796
0.00938506
0.069186
0.0351783
0.000898096
0.00109808
0.00475418
0.00705812
0.00229295
0.0128822
0.00999568
0.00405578
0.000718077
0.000118838
0.00100355
0.000533544
0.00570566
0.00420447
0.00339211
0.00228526
0.00158438
0.0118772
0.000890724
0.114523
0.014245
0.00397977
0.00448079
0.018177
0.00683959
0.00232797
0.012928
0.000499422
0.000442645
0.1249
0.00055963
0.000609376
0.00154567
0.00109338
0.00289236
0.00131557
0.000575508
0.00108175
0.00883835
0.00212399
0.00157013
0.00133597
0.00192362
0.00259274
0.0121472
0.0322357
0.0245539
0.0515699
0.00180838
0.00177288
0.0329913
0.00130709
0.00111112
0.00187837
0.000477809
0.00444535
0.00177246
0.00852119
0.00783107
0.00292484
0.120817
0.0771639
0.00714334
0.00433215
0.0110912
0.0851723
0.0178127
0.0620607
0.014894
0.000847715
0.00266092
0.000634799
0.00494317
0.0844559
0.00522788
0.0134345
0.0015549
0.000213573
0.00121592
0.00384565
0.00273597
0.0495194
0.0470942
0.147477
0.0134875
0.0824704
0.00262458
0.00811597
0.0113686
0.0107679
0.00103764
0.00213486
0.0115543
0.0207705
0.00163186
0.263224
0.00124476
0.000998436
0.000578865
0.00783437
0.0162656
0.0307676
0.00129213
0.00122643
0.0355106
0.00327833
0.00477445
0.0137674
0.000357484
0.00236677
0.185377
0.00442302
0.00131935
0.0113043
0.0023012
0.156499
0.0107389
0.136569
0.00113575
0.000458842
0.000601153
0.00749429
0.00567057
0.0999914
0.00878763
0.00667874
0.0493128
0.0221523
0.0271854
0.00591183
0.00140327
0.122807
0.204968
0.0197232
0.000417561
0.000947287
0.15015
0.00466985
0.0047989
0.0004847
0.000362279
0.0639922
0.0404854
0.00350786
0.119727
0.00411435
0.000184738
0.000778891
0.00119748
0.0164464
0.0798432
0.000852675
0.00356626
0.120921
0.0796013
0.0607903
0.000907297
0.0152085
0.0210324
0.100059
0.101566
0.112601
0.0233033
0.0131138
0
0.00101098
0.0011106
0.000887088
0.11921
0.115337
0.0132467
4.36876e-008
0.0544144
0.00409854
0.0920279
0.00193687
0.0707721
0.113619
0
0.00989285
0.120579
0.119045
0.095503
0.104928
0.0502784
0.000750531
0.000724464
0
0.0979335
0.00200631
0.00119123
0.0145558
0.104483
0.12429
0.0607612
0.137226
0.00286678
0.000645904
0.0165265
0.232441
0.0544936
0.157469
0.00108277
0.00420638
0.00114859
0.00233356
0.00598369
0.000419642
0
0.00309903
0.118929
0.0903465
0.00178066
0.00222955
0.00451135
0.000993793
0.0034895
0.00302662
0.124898
0.00064553
0.011991
0.00064254
0
0.000472522
0.000668372
0.0811463
0.000270428
0.0125211
0.00442157
0.00284824
0.00807129
0.000129012
0.0120295
0.0129358
0.0601634
0.0912526
0.231832
0.0945586
0.00117654
0.000824699
0.00137062
0.000604481
0.103539
0.00144208
0.000152667
0.203956
1.77801e-005
0.0160465
0.000554802
0.0208409
0.0705871
0.00226084
0.000819723
0.0120923
0
0.0394812
0.00431597
0.0234607
0.000406876
0.0073202
0
0.215002
0.0578203
0.0104082
0.00929784
0.000280389
0.115978
0.00499315
0.00284824
0.0690746
0.000505992
0.116847
0.181006
0
0.00177425
0.00166462
0.0446605
0.00219435
0.00594633
0.0160512
0.00645861
0.000289805
0.0624189
5.38749e-005
0.00198872
0.108607
0.00446359
0.114469
0.000810242
0.0194498
0.00585844
0.0240599
0.00755269
0.0965324
0.000866985
0.0757872
0.0388736
0
0.031763
0.117989
0.0171549
0.0164287
0.00955359
0.0209806
0.00620821
0.188776
0.00800837
0.0059712
0.0099564
0.00182875
0.0682681
0.00200508
0.0591969
0.0210102
0.127977
0.00235547
0.0689505
0.0110287
0
0.00287754
0.00263106
0.00302783
0.0396518
0.00241529
0.0890153
0.0432633
0.231706
0.137806
0.000197374
0.00136433
0
0.100332
0.00905307
0.122189
0.0125705
0.00528428
0.0150876
0.00434944
0.0800013
0.000197374
0.00443089
0.002937
0.00344788
0.0552656
0.0137294
0.20788
0.195042
0.000759223
0
0.125404
0.104602
0.00832422
0.00994032
0.00238643
0.00756844
0.00809687
0.00257013
0.00158651
0.000230067
0.00412024
9.30164e-005
0.00144311
0
0.098773
0.0576827
0.000851092
0.00638138
0.00329093
0.2402
0.00634885
0.0217581
0.105954
0
0.00875074
0.161
0.0319813
0.000186437
0.0468975
0.0160889
0.011684
1.34935e-005
0.00497468
0.00412124
0.0683681
0.00581448
0
0.0714467
0.105171
0.00329436
0.0809779
0.0612411
0.00029009
0.143926
0.00450986
0.0483956
0.000884012
0.0170329
0.0404854
0.000178914
0
0.142132
0.127349
0.00869846
0.000637995
0.118261
0.0753615
0.0542985
0.159249
0.0107186
0.0137393
0.124506
1.77801e-005
0.107697
0
0.0545334
0.0013498
0.00107732
0.143489
0.11842
0.00431597
0.00220402
0.0065722
0.00772551
0.00520779
0.0509556
0
0.0167242
0.0277134
0.0589508
0.112213
0.0123726
0.0225408
0.0171808
0.00432513
0.0604248
0.0175052
0.00520417
0.119271
0.00578409
0.0689757
0.0385288
0.102682
0.160144
0.00224324
0.000319512
0.195933
0.023764
0.00181773
0.039602
0.124687
0.000216951
0.00182422
0.0276967
0.206971
0.0128125
0.000671223
0.0421911
0.0853748
0.00236961
0.0056289
0.000216951
0.00209643
0.00099727
0.0333323
0.026414
0.0975749
0.110814
0.114469
0.00237916
0.124976
0.00357897
0.000421862
0.00374882
0.000443744
0.13142
0
0.00781049
0.00275144
8.23509e-005
0.00628031
0.00168854
0.00312497
0.196031
0.024605
0.0404294
0.00554223
0.00299383
0
0.121422
0.248068
0.184603
0.00629402
0.00431201
0.00474693
0.00110808
0.109756
0.0777145
0.0364793
0.015724
0.0728205
0.0301384
0.000394464
0.00371183
0.00294049
0.150643
0.0831879
0
0.033732
0.00059946
0.0197423
0.00122493
0.00890655
0.0238058
0.0891776
0.0093915
0
0.000949793
0.0233412
0.0117872
0.0574376
0.00865189
0.00199814
0
0.00885641
0.0122129
0.0752034
0
4.06706e-005
0
0.150875
0
0.0272272
0.0292116
0.00908618
0.211137
0.0913015
0.00303512
0.203825
1.92286e-008
0
0.00143495
0.122396
0.00425141
0.00918878
0.0110333
0.00102866
0.00610286
0.120003
0.124875
0.00358923
0.0069572
0.00899418
0
0.0769311
0.15585
0.000147786
0.00172542
0.00156548
0.151925
0.0161485
0.00576343
0.00735628
0.0339142
0.000682244
0.012189
0
0.124999
0.128621
0.00105161
0.026757
0.00519099
0.00339458
0.110296
0.000764518
0.0108352
0.017878
0.273437
0.0106018
0.0111764
0.200916
0.00239812
0
0.00304887
0.000630947
0.0880022
0.0074538
0.070739
0.00056829
0.0011926
0.124839
0.00160203
0.00677218
0.0103748
0.0148678
0.0154523
0
0.00256378
0.043527
0.116933
0.0530554
1.93066e-005
0.0100902
0.0842376
0.132636
0.00547045
0.00586607
0.00453605
0.00687338
0.00360705
0.00475035
0.0261432
0.155052
0.108089
0.000726703
0.12167
0.0329988
0.00371183
0.00039244
0.0059841
0.00076918
0.00621124
0
0.00391804
8.83857e-005
0.0863547
0.0152262
0.00108509
0.0899725
0.00182542
0.0147365
0.00778493
0.125135
9.66638e-005
0.0836409
0.00741024
0.00273872
0.00366836
0.0262236
0.0271985
0.0060359
0.0175636
0
0.0410008
0.052858
0.0765247
0.00195385
0
0.0414336
0.0916545
0.0382121
0.122767
0.00310086
0.0021617
0
0.00511839
0.122704
0.00220311
0.00490615
0.0198348
0.00246591
0.00795447
1.90605e-005
0.10803
0.0475648
0.0330625
0.00891422
0.0126431
0.00971156
1.92286e-008
0.17405
0.00237126
0.0093179
0.00137097
0.0174622
0
1.92303e-008
0.0109237
0.0213813
0.103975
0.0142441
0.0157494
0.00923212
0.0239391
0.0551444
0
0.0448594
0.00629014
0.00331718
0.0728953
0.0161728
0.0161142
0.0115948
0.0121984
0.0237931
0.000175242
0.0538385
0.122205
0.0077255
0.0126826
0.0430098
0.220464
0.0039465
0.00968933
0.198234
0.0828265
0.0055753
0.00656822
0.000946319
0.00906261
0.000963391
0
0.00890116
0.00329585
0.00567468
0
0.00952446
0.103264
0.123995
0.0339552
0.0471084
0.182983
0.000560035
0.000474649
0.00088523
0.0175807
0.00264555
0.00195948
0.11915
0.0577084
0.00409313
0.00223436
0.14468
0.00403343
0
0
0.0510416
0.000474649
0.00119997
0.00072685
0.0116728
0.00268471
0.109583
0.105116
0.00033014
0
0.0921668
0.00879169
0.0100584
0.0743073
0.189942
0.0042153
0.00586128
3.06197e-008
0.00280494
0.00017867
0.0040653
0.0235368
0.0313849
0.124893
0.124112
0
0.00098288
0.0338545
0.00461494
0.0099088
3.06197e-008
0.0437237
0.00322253
0.00419367
0.010664
0.0047404
0.00223929
0.0021602
0.00441901
0.00439788
0.00311199
0.0163621
0.00813711
0.0236544
0.00308591
0.00336418
0.0695406
0.0470283
0.00305023
0.0299974
0.00736054
0.000443744
3.48448e-007
0.0722666
0.000783977
0.270072
0.00778267
0.00695002
0.0283315
0.00843052
0.0109473
0.00741074
0.00117072
0.00187452
0
0.0586916
0.00377833
0.0132463
0.0152265
0.00903427
0.000377459
0.192621
0.00233118
0.00618712
0.00285996
0
0.126162
0.0117758
0.00248332
0.0161362
0.154799
0.0582224
0.00238199
0.00467324
0.0398491
0
0.0114659
0.0308515
0.00164791
0.0148997
0.0249424
0.00357114
0.118797
0.00650852
0.00726145
0.00576601
0.000504955
0.00590389
0.000984703
0.00517746
0.0428625
0.0777483
0.00461736
0.00504709
0.000897627
0.0100321
0.00388814
0.00560124
0.00143476
0.00229326
0.0130643
0.00960895
0.0252637
0.0358176
0.00725534
0.0405326
0.00821378
0
0.00974802
0.0459525
0.000179906
0.212196
0.00913619
0.00355042
0.0382121
0.00632591
0.190269
0.0526295
0.010576
0.00548012
0.084269
0.0323527
0.117228
0.115984
0.00234465
0.00240634
0.021697
0.000126309
0.00618404
0.00584736
0.0868829
0.0208701
0.149087
0.0461327
0.00380706
0.0176051
0.00294078
0
0.0113296
0.227559
0.000885863
0.10647
8.23516e-005
0.00201313
0.00192022
0.00427822
0.118413
0.107081
0.00803571
0
0.00237126
0
0.00595184
0.00976093
0.085733
0.0939205
0.0855587
0.00238172
0.0744874
0.0009144
0.0117892
0.00534588
0.0441374
0.0101525
0
0.0179811
0.0177216
0.000342965
0.0209966
0.0583741
0.00215739
0.00762658
0.011833
0.0949533
0.156153
0.0448817
0.00960895
0.003821
0.00112219
0.00180148
0.0195909
0.0124178
0.0671994
0.11922
0.0302353
0.0530727
0.00261203
0.0134526
0.184442
0.0244442
0.11705
0.00570219
0.0223603
0.00208026
0.0229768
0.00306258
0.0141488
0
0.0344635
0.0789611
0.0125058
0.144864
0.12955
0.0207475
0.00130952
0.00524605
0.00354368
0.00380714
0.0284896
0.0226666
0.00809124
0
0.0046696
0.0710118
0.00238073
0.0900939
0.00653962
0.0726907
0.0471022
0
0.0895866
0.00263763
0.0278468
0.0015585
0.0109435
0.0812982
0.00403173
0.0180383
0.124963
0.0867307
0
0.0131826
0.00554772
0.175658
0.122669
0.120449
0.000662833
0.00876746
0.0163186
0.00134528
0.0124019
0.0834974
0.00246623
0.00931728
0.00850098
1.34935e-005
0.0164235
0.0238058
0.00322819
0.00117414
0.00127629
0.164033
0.183124
0.00125272
0.0266646
0.170476
0.0922608
0.108934
0.0680283
0.0503467
0.0157985
0.0125126
0.00858178
0.000782507
0.000335246
0.000175242
0.000706222
0
0.00637448
0
0
0.0115795
0.0552273
0.135191
0.05064
0
0.140866
0.0842268
0.0164973
0.00302594
0.0483544
0.00160795
0.00463839
0.00810069
0.00588753
0.124359
0.192815
0.00193957
0.0768251
0.0821436
0.00403506
0.00105399
0.0690328
0.00453899
0.00441641
0.00756448
0.000577887
0.128516
0.00581405
0.0183006
0.00308972
0.0076235
0.0111824
0.054519
0.0013212
0.0514739
0.123602
0.0023389
0
0.164244
0.000662833
0.0857465
0.122829
0.0121096
0.0121042
0.00696125
0.0940262
0.0240333
0.00187698
0.000580452
0.00407532
0.00594322
0.0171699
0.0038324
0.000670761
0.110276
0.0422225
0.0369758
0.00173805
0.0047383
0.0223229
0.0316485
0.0998075
0.00731373
0.000391158
0.123324
0.00853098
0.0318806
0.013838
0.00220709
0.119019
0.0483527
0
0.00387446
0.00357897
0.104451
0.000183914
0.000743274
0.00511651
0.00913861
0.00997202
0.0698471
0.0014622
0.00880745
0.115502
0.0136895
0.000835848
0.0113487
0.0117861
0.0932741
0.00893772
0.010858
0.0990457
0.117336
0.000977532
0.00156783
0.00201793
0.041623
0.0468028
0.170311
0.0225359
0.0226375
0.0226375
0.0511151
0.0401119
0.00236486
0.0846397
0.0874205
0.0254539
0.0646768
0
0.239016
0.000310882
0
0.0208529
0.0323166
0.000284289
0.0119621
0.124999
0.0338821
0
0.00627427
0.00508393
0.0903937
0.114727
0.0031874
0.0105266
0.0354503
0.00122983
0.00732238
0.00109733
0.0254317
0.00486703
0.00812536
0.00891901
0.000191017
0.00607843
0.169899
0.0505134
0.0187462
0.00505927
0.00729219
0.00944747
0.0515016
0.000732814
0.0618921
0.01006
0.00372589
0.00505453
0.00753443
0.00331562
0.0720135
0.0104569
0.0092705
0.00060252
0.0292333
0.00743192
0.00504531
0.12021
0.00365743
0.00779557
0.000142888
0.0264097
0.00221798
0.00458936
0.000179906
0.0892437
0.0874598
0.126927
0.0114821
0.00907211
0.0861271
0.0502988
0.00651771
0.116681
0.00639254
0.0706915
0.00399646
0.0909504
0.00264008
0.221248
0.00485106
0.0316902
0.11468
0.0198062
0.00299293
0.120512
0.000741387
0.00569448
0.00624555
0.119256
0.000401499
0.0507693
0.00790264
0.24972
0.00799873
0.00370965
0.0571511
0.0186456
0.00241581
0.0275232
0.00133207
0.05064
0.0155672
0.0127281
0.00485955
0.0104961
0.236791
0.0219617
0.0115468
0.0264515
0.00282263
0.0585719
0.00884193
0.00578028
0.0265545
0.0130893
0.012166
0.179299
0.112794
0.101671
0
0.00870024
0.00838879
0.195861
0.00992096
0.00758659
0.00734905
0.0767924
0.00154599
0.00760491
0.0239234
0.0911684
0.00583882
0.00117403
0.0692544
0.00331728
0.0038648
0.0154659
0.028093
0
0.00357393
0.00464348
0.00139794
0.00655008
0.00806479
0.00667588
0.125875
0.137778
0.0790391
0.0358574
0.258925
0.00324547
0.120994
0.249121
0.00214151
0.0348296
0.00280731
0.00347008
0.0735733
0.0248036
0.0519127
0.00348053
0.00348053
0.112602
0.00060251
0.0164692
0.0164428
0.00356644
0.00117512
0.0118162
0.0252021
0.00632337
0.0118764
0.0721783
0.00103508
0
0.0181832
0.0857024
0.031279
0.00412102
0.000135051
0.197474
0.00270415
0.0499293
0.0828744
0.0564579
0.000111144
0.00258399
0.00365269
0.00966194
0.00598021
0.00391418
0.00756768
0.00419945
0.101037
0.00475199
0.113211
0.00400268
0.0019315
0.12799
0.070517
0.0869774
0.218658
0.00782619
0.0205807
0.0570883
0.00382914
0.114855
0.102304
0.00172413
0.000363334
0.000530151
0
0.0640022
0.00761872
0.0434123
0.117574
0.000923516
0.00341477
0.000845363
0.00256376
0.00855471
0.00936343
0.00659362
0.00831703
0.000787228
0.0724238
0.0825246
0.00026347
0.0116149
0.157891
0.0115553
0.0169358
0.0571814
0.00662253
0
0.0165332
0.00406786
0.00198263
0.0312165
0.129231
0
0.00188722
0.00403736
0.18964
0.00523375
0.0067516
0.0328245
0.00175952
0.00211779
0.00443981
0.0797701
0.00985977
0.00621885
0.00775506
0.0274448
0.117007
0.0248239
0.12428
0.00558477
0.00541918
0.00566608
0.142667
0.00185929
0.00362012
0.00746643
0.00344973
0.00435625
0.11602
0.0323351
0.00757705
0.0143001
0.132654
0.0763933
0.0582738
0.00236332
0.0317701
0.0473129
0.122234
0.0323687
0.134011
0.0415415
0.0952051
0.0898175
0.0204396
0.220929
0.00791666
0.00245516
0.0028674
0.0235647
0
0.00486207
0.00188355
0.0902174
0.0012283
0.0110851
0.00121139
0.0437231
0.0944303
0.00578398
0.000641559
0.082052
0.00256838
0.00380299
0.00188244
0.016486
0.00101278
0.0125092
0.0202232
0.0517054
0.0607707
0.00208075
0.146071
0.0074731
0.0109924
0.170087
0.00140469
0.0148576
0.00523308
0.202375
0.00519884
0.00501089
0.00467774
0.00168793
0.00137274
0.0013846
0
0.00609867
0.124292
0.0161042
0.108882
0.00273382
0.00651272
0.00220386
0.0885422
0
0.0104897
0.00201797
0.00185986
0.00140251
0.00233605
0.0733805
0.000205528
0.00689965
0.0322661
0.0815842
0.00348899
0.027346
0.0363182
0.0541658
0.0016648
0.00246707
0.00754416
0.001341
0.00401711
0.00298286
0.000917254
0.00272179
0.0100381
0.00153336
0.00764443
0.000546131
0.00237585
0.121769
0.0121224
0.00214684
0.00464014
0.000649803
0.00582996
0.0666934
0.0122271
0.00415278
0.000929798
0.00127641
0.0112557
0.179148
0.00722385
0.000613363
0.00544348
0.0955092
0.00215345
0.00394793
0.211982
0.0064195
0.00340509
0.00372909
0.0111064
0.00618956
0.00217564
0.000191012
0.106337
0.0129054
0.00990462
0.000786579
0.0016206
0.00947392
0.0181644
0
0.0253858
9.12342e-005
0.00290754
0.190499
0.000111144
0.00211091
0.132892
0.00702087
0.00407742
0.00130522
0.00472148
0.0136527
0.00412008
0.00610043
0.00878499
0.00485809
0.0130966
0.0111952
0.0932011
0.0010826
0.100278
0.00397308
0.00463005
0.00128147
0.0136764
0.0124551
0.00406637
0.0208309
0.00217552
0
0.00351523
0.0226413
0.0321786
0.112254
0.00382941
0.00237799
0.000667595
0.124077
0.110541
0.0900938
0.00668289
7.5355e-005
0.00300267
0.0230037
0.00201057
0.114441
0.00544617
0.000729482
0.0044417
0.00398239
0.0153221
0.0742387
0.00247912
0.00440132
0.00468429
0.00477385
0.00522696
0.00529362
0.0106713
0.00326764
0.0145093
0.0347753
0.00567041
0.000785951
0.00233724
0.0154203
0.0028922
0.219933
0.0748223
0.00340799
0.0871755
0.00300118
0.000829585
0.00118194
0.0027082
0.00393818
0.00279316
0.167241
0.0043153
0.00517734
0.0994421
0.000908372
0.00359593
0
0.00163674
0.00192697
0.0479963
0.0022035
0.00308094
0.00943596
0.0288736
0
0.0744352
0.00110539
0.00620267
9.12342e-005
0.00902582
0.00519656
0.00615624
0.0115091
0.00437312
0
0.0384864
0.00351398
0.0206547
0.00649081
0.00342686
0.00865562
0.00253825
0.0549997
0.00229949
0.0013793
0.00414565
0.00155847
0.00241539
0.0570684
0.0293053
0.00557927
0.00589754
0.00142418
0.00504999
0.000759682
0.00392225
0.00198925
0.00121622
0.00212247
0.000241906
0.123897
0.032181
0.0304222
0.00348716
0.0494132
0.00334729
0.00493134
0.0208018
0.0574359
0.171959
0.00997272
0.0809081
0.0442957
0.00231218
0.00292304
0.0286987
0.000297136
0.00411756
0.00325161
0
0.0701751
0.00805265
0.000996177
0.00319233
0.00467247
0.00347085
0.000902923
0.0103125
0.0190259
0.0270103
0.00469552
0.0867545
0.00466921
0.10374
0.0125897
0.0127477
0.134678
0.138556
0.00125406
0.00342381
0.0139301
0.0113261
0.00421482
0.0122662
0.0139811
0.051944
0.0177212
0.00466975
0.0924912
0.000348987
0.00831554
0.00257813
0
0.125661
0.000818633
0.00173963
0.00603469
0.0468823
0.00383816
0.0709088
0.00137083
0.00164341
0.0515874
0.00167881
0.00165001
0.000442435
0.00607595
0.0278446
0.00249842
0.00202009
0.111835
0.00333498
0.00870293
0.000374285
0.000381602
0.0197216
0.00511305
0.00279307
0.00197563
0.00123367
0.0258658
0.0025805
0.0942483
0.0016266
0.0113943
0.021964
0.00290548
0.0023729
0.00299724
0.00359329
0.150411
0.0738763
0.000344109
0.123669
0.0905747
0.0018146
0.0947563
0.00350956
0.00372406
0.00490579
0.00282016
0.00220083
0.00280804
0.151952
0.225397
0.00235511
0.000309476
0.0426769
0.00183937
0.00407753
0.00164284
0.132975
0.00117486
0.0726301
0.0181844
0.00174248
0.00170208
0.0096235
0.00325179
0.00183008
0.0140034
0.000336395
0.12339
0.00569586
0.00323517
0.0195149
0.00276498
0.0138279
0.000919945
0.000861697
0.00229787
0.0700293
0.000889479
0.00180097
0.0336487
0.122333
0.000552317
0.0383607
0.0823369
0.0451419
0.00882048
0.00341182
0.00708219
0.0163225
0.0137134
0.0504605
0.000681601
0.00393621
0.0465554
0.0148578
0.0241144
0.0824532
0.0029155
0.00367146
0.00281721
0.000343396
0.00756376
0.00889411
0.00759758
0.00463386
0.0052953
0.0143001
0.00913346
0.0361907
0
0.0119672
0.00294984
0.113859
0.00100223
0.00728955
0.010779
0.000783543
0.0942139
0.0010852
0.00102911
0.12798
0.0286599
0.00327845
0.074837
0.0726329
0.00113533
0.00668791
0.0105616
0.0926831
0.129004
0.000864667
0.00820257
0.0201884
0.0127685
0.000769978
0.00175079
0.00214296
0.0176498
0.00675413
0.00579084
0.000817608
0.00260156
0.0617716
0.00386068
0.00720617
0.177427
0.00116786
0.0128625
0.0071374
0.0176184
0.00539329
0.00659372
0.0302674
0.000740552
0.000225985
0.00116033
0.0302113
0.00540674
0.000309799
0.133897
0.0181959
0.0256307
0
0.0494602
0.032203
0.0122339
0.0136496
0.000999499
0.00113782
0.0156726
0.023728
0.0253858
0.0020403
0.0245763
0.0156565
0.000785819
0.00436919
0.00664339
0.0121907
0.00364316
0.00299335
0.000687103
0.0518707
0.00746512
0.0185378
0.00454441
0.00477339
0.0193159
0.00492287
0.0549073
0.0420282
0.0687498
0.058957
0.00354606
0.0290547
0.0213753
0.00169658
0.0502345
0.0592301
0.0108696
7.03477e-005
0.0140879
0.0739653
0.0445361
0.0322624
0.0117578
0.077787
0.0013098
0.000980915
0.210139
0.00923486
0.00606994
0.0320689
0.120513
0.102334
0.00910031
0.00328824
0.000336538
0.0242959
0.00311679
0.00470661
0.0257025
0.00654805
0.0280949
0.00990058
0.0112914
0.0134962
0.0128046
0.00285678
0.000217258
0.00165197
0.0131206
0.00966472
0.00425716
0.0465986
0.000244106
0.00266637
0.0590952
0.0024056
0.081392
0.000708851
0.012496
0.0200343
0.00128759
8.67773e-005
0.075901
0
0.0168806
0.0180896
0.0168171
0.00077913
0.00199066
0.00300991
0.00345995
0.00296811
0.0975933
0.0164197
0.0018327
0.00472283
0.00238706
0.0202682
0.0855345
0.0886857
0.0103032
0.0383761
0.0395277
0.000819206
0.00524449
0.0251615
0.00170318
0.00525524
0.00582766
0.0155703
0.00434934
0.0137373
0.00440446
0.00743265
0.0147498
0.0169276
0.124118
0.0117277
0.0030521
0.0785754
0.00329854
0.000720053
0.00114327
0.0234644
0.00314613
0.00391456
0.0674977
0.00613073
0.00841178
0.100977
0.00047089
0.00134834
0.00031631
0.00122729
0.112721
0.040512
0.0829345
0.080431
0.00184176
0.0409801
0.000305689
0.000728615
0.00286388
0.0269439
0.1311
0.00194485
0.000162665
0.00120833
0.00205643
0.000352171
0.00297957
0.000327423
0.0116789
0.00770455
9.7047e-005
0.11072
0.0148624
0.00245468
0.0249606
0.0145087
0.0072788
0.0268617
0.0226129
0.0216449
0.0674597
0.00413918
0.00189494
0.0726403
0.00590443
0.00237412
0.00336425
0.00360671
0.0015709
0.00269188
0.0680963
0.0631986
0.0492362
0.017425
0.00141059
0.000887675
0.0397107
0.0202429
0.00387036
0.0196544
0.0358193
0.00762292
0.00398235
0.0587952
0.0324711
0.00257684
0.0164146
0.00496569
0.047584
0.00197554
0.0190461
0.00990741
0.0373708
0.0672914
0.0673916
0.106363
0.00726045
0.0007649
0.00781849
0.00170521
0.00568947
0.0108832
0.0498809
0.00506729
0.0213772
0.00148195
0.071165
0.00439148
0.000542144
0.00802681
0.0655301
0.0213771
0.00186621
0.0148474
0.0985144
0.0240635
0.0288815
0.0173333
0.070016
0.00426815
0.0167471
0.00617121
0.124858
0.0031051
0.134537
0.114944
0.0501664
0.0550203
0.0127729
0.00935461
0.00660498
0.00274521
0.0259783
0.0138275
0.00909883
0.00403369
0.00180048
0.00405826
0.00398308
0.000266494
0.0434123
0.0144446
0.00135981
0.00798425
0.0619902
0.0346714
0.0157556
0.0950956
0.00328354
0.00240285
0.0181387
0.180772
0.025402
0.00974637
0.0123719
0.00145277
0.0107417
0.000463283
0.0032044
0.00128985
0.00156453
0.00184726
0.00434769
0.00907606
0.011635
0.00121811
0.0726011
0.00188817
0.00282228
0.00655511
0.000929687
0.0655875
0.0771253
0.00025454
0.00114097
0.00112732
0.0029054
0.00901979
0.0315902
0.0137072
0.000837532
0.00393691
0.00547403
0.00026347
0.00135883
0.00512659
9.34399e-005
0.00459671
0.00309569
0.00359022
0.11059
0.243649
0.223618
0.00020738
0.0231714
0.000305472
0.0171064
0.0887873
0.0937332
0.00375928
0.159794
0.0018021
0.0238728
0.000482994
0.0134698
0.0128891
0.0124485
0.0198249
0.000603719
0.0507131
0.0635378
0.016574
0.02421
0.020339
0.0125204
0.000336537
0.01561
0.0588717
0.060204
0.0344489
0.00207087
0.000197612
0.00872839
0.0593102
0.073204
0.00894435
0.00894727
0.00492866
0.00493575
0.0102119
0.0196633
0.000952306
0
0.00925001
0.124482
0.020437
0.00243261
0.00323627
0.000353322
0.0398095
0.0871298
0.0325313
0.0255864
0.108564
0.0182518
0.0270845
0.0282762
0.00989831
0.0031869
0.00200228
0.00603397
0.00160006
0.114805
0.00578123
0.00325123
0.0054887
0.00701978
0.0436361
0.0194161
0.0150547
0.0544627
0.000272518
0.0136067
0.00775938
0
0.000838308
0.00202675
0.0138232
0.0239524
0.0381712
0.0101537
0.000756198
0.00280252
0.00256904
0.00466296
0.0166266
0.0823059
0.0120809
0.0023173
0.0244128
0.0205568
0.0722347
0.00702322
0.0103319
0.00479206
0.00588878
0.000435616
0.00325207
0.000635254
0.0073097
0.00653257
0.00681861
0.0026468
0.0526815
0.00301789
0.00262636
0.114978
0.00119866
0.00827756
0.00206124
0.0202583
0.00698385
0.120194
0.000963979
0.0073615
0.028725
0.0781069
0.000639751
0.124659
0.00538876
0.00453603
0.0124429
0.025815
0.00966564
0.0102748
0.00676162
0.00650722
0.0167242
0.035842
0.000385166
0.0190953
0.0068507
0.00148486
0.00747827
0.0472487
0.0319093
0.00925574
0.00163185
0.0246676
0.00338745
0.0265193
0.110492
0.00203173
0.00578713
0.00427999
0.000263763
0.00574016
0.00406154
0.0593496
0.00247419
0.0327546
0.0194579
0.0102578
0.00848928
0.0467638
0.0128677
0.009058
0.00450607
0.095372
0.00724724
3.38112e-006
0.000598125
0.0234372
0.00513077
0.00287696
0.00287778
0.00656976
0.000443786
0.0893801
0.0998834
0.00383538
0.00972924
0.0253
0.124994
0.0124548
0.00645904
0.00836062
0.00934224
0.00610145
0.0101213
0.00615258
0.000451426
0.00404621
0.0280671
0.00028588
0.0424532
0.00226642
0.00862218
0.00571915
0.0422201
0.00398744
0.104094
0.00251154
0.00842588
0.0502485
0.00339521
0.0886559
0.000656093
0.00601752
0
0.00167021
0.0415199
0.00402382
0.0528092
0.0686388
0.0311939
0.0268805
0.0466693
0.086162
0.00415019
0.00803175
0.193098
0.0268617
0.0503305
0.00566254
0.0125123
0.0220747
0.00174282
0.0075071
0.00546196
0.00665883
0.0720441
0.00341549
0.114468
8.05699e-005
0.012951
0.0377167
0.00760902
0.0109799
0.000178532
0.039509
0.00699032
0.0440019
0.0138432
0.0152426
0.000123205
0.0155471
0.00859346
0.0095933
0.00466774
0.024435
0.00669389
0.0484401
0.090455
0.0012021
0.00978755
0.00273419
0.0480853
0.0120172
0.00818183
0.000302038
0.00299755
0.00471617
0.0144133
0.0235071
0.0524604
0.0255081
0.00124888
0.0791411
0.0148134
0.0152937
0.00257871
0.0126987
0.0208623
0.0201918
0.0109988
0.0813174
0.000658352
0.0255962
0.0067812
0.000777888
0.0133394
0.0423242
0.0933045
0.0314931
0.21043
0.0419709
0.00845344
0.00205605
0.000769698
0.0646993
0.0258062
0.0724055
0.0482924
0.00352669
0.0187132
0.0026737
0.0894767
0.00103934
0.11422
0.00245196
0.00308896
0.00928778
0.0600703
0.0453742
0.0811145
0.0176395
2.20466e-005
0.000518132
0.00709888
0.00552716
0.00540761
0.0130454
0.0804815
0.00651974
0.00149275
0.0307189
0.0188634
0.00125146
0.174662
0.029169
0.0229772
0.0144209
0.00486325
0.00810718
0.0820355
0.0158079
0.0037893
0.102779
0.0033057
0.0105183
0.012827
0.0188078
0.00689498
0.0369024
0.000695278
0.0067615
0.00259155
0.0101289
0.00124827
0.00624096
0.0218098
0.00150847
0.0106535
0.00388089
0.032927
0.00574856
0.0248193
0.0918647
0.0300124
0.0647261
0.062804
0.00539419
0.209995
0.12297
0.0631412
0.0260522
0.00212174
0.110226
6.85325e-005
0.0128493
0.0236195
0.00320396
0.0937094
0.00259843
0.0280711
0.0336723
0.00375079
0.110418
0.00312508
0.0120211
0.012176
0.0186738
0.00204152
0.0172884
0.0153907
0.0330624
0.100845
0.0678506
0.0132853
0.0262573
0.0022269
0.0742125
0.107815
0.00170495
0.029377
0.00234871
0.0379193
0.0242615
0.0147815
0.0111462
0.096123
0.00311223
0.0287353
0.0550958
0.112667
0.0100086
0.00579874
0.00607442
0.00415494
0.0356738
0.0032193
0.00289758
0.0124323
0.0011565
0.0138419
0.0505456
0.000303653
0.00145205
0.232803
0.023793
0.00225351
0.0384868
0.0360362
0.0173491
0.00548947
0.0137758
0.000445909
0.0532751
0.0775164
0.0458663
0.0715759
0.026338
0.0209573
0.00523945
0.0025804
0.124607
0.000429859
0.00305702
0.00172499
0.00696702
0.0245324
0.00186211
0.00258915
0.00448597
0.00139461
0.0102773
0.0146476
0.014768
0.0462521
0.0564644
0.00703963
0.016772
0.00244108
0.0101469
0.00923472
0.0255875
0.0193864
0.00472111
0.0167411
0.00772229
0.0619967
0.00377422
0.0842469
0.0379472
0.00707254
0.00153674
0.116726
0.0309208
0.0362656
0.0183848
0.000183118
0.00925091
0.0762255
0.0443573
0.10163
0.0749961
0.0296507
0.00933417
0.00145135
0.0154217
0.0124189
0.00371163
0.0114441
0.00119344
0.0379035
0.00962465
0.0384245
0.00049897
0.00395037
0.00123166
0.0697265
0.0602389
0.0015
0.0031591
0.029091
0.0271288
0.0471362
0.120107
0.0080941
0.0105958
0.0676437
0.019106
0.0678865
0.00359634
0.0025804
0.00260614
0.0282054
0.0167782
0.010451
0.00277623
0.00927635
0.00280749
0.0205603
0.0458914
0.0175888
0.00016339
0.000117733
0.0293127
0.00455451
0.0938054
0.0201604
0.00623491
0.00510146
0.0110101
0.0155699
0.00528667
0.0776905
0.049262
0.00357089
0.00379597
0.0114442
0.0119533
0.0681826
0.0160257
0.0355475
0.0153371
0.00514172
0.0105515
0.0528387
0.00448392
0.00267267
0.00305203
0.000550998
0.00562682
0.137064
0.058035
9.344e-005
0.0222964
0.00170132
0.0474265
0.218717
0.00119903
0.0265751
0.0236732
0.0393841
0.0027846
0.103601
0.00684287
0.042038
0.0420247
0.00996065
0.0082321
0.00553593
0.00402726
0.04325
0.00146535
0.0208512
0.0123375
0.00143548
0.00989968
0.00822618
0.00311472
0.00112372
0.00284937
0.0545021
0.00167897
0.0597254
0.00139169
0.0671759
0.000434581
0.00882341
5.7708e-005
0.0447099
0.0492584
0.00141302
0.112637
0.000710658
0.000560038
0.0123346
0.00184591
0.0319338
0.00539445
0.0393379
0.0270519
0.229927
0.22178
0.0169211
0.00298207
0.0252003
0.0204415
0.085845
0.0171378
0.0149078
0.0117119
0.013015
0.00417058
0.0151688
0.0239188
0.00817623
0.00494357
0.000364614
0.00888418
0.00085232
0.0805331
0.0149457
0.107399
0.0154283
0.000281322
0.0545911
0.00222771
0.00515182
0.0264198
0.00145253
0.0782358
0.0762837
0.013731
0.0267946
0.0696866
0.00923314
0.0982179
0.00428761
0.124185
0.0865502
0.0126466
0.0126523
0.0240583
0.033463
0.0246549
0.120829
0.0174619
0.00592201
0.00155807
0.0632304
0
0.0128675
0.0260789
0.024062
0.0843938
0.0683534
0.0415199
0.0369367
0.00587697
0.00255791
0
0.000587735
0.0626921
0.0255064
0.00224605
0.016135
0.00183687
0.0054542
0.074074
0.0121972
0.0103231
0.0125742
0.107503
0.0153696
0.000365113
0.000413849
0.00431137
0.000645885
0.0606231
0.0121407
0.00122998
0.0290135
0.0607563
0.042574
0.00125154
0.000601846
0.0128098
0.0032563
0.0118497
0.0166629
0.0108371
0.113752
0.010178
0.00313227
0.115488
0.00692449
0.0827479
0.00519923
0.0185314
0.0202741
0.0152545
0.0147644
0.0243303
0.0597907
0.0204884
0.00126739
0.0319629
0.00362541
0.000237962
0.00104518
0.00955892
0.0133771
0.00266528
0.0725241
0.00163607
0.00466067
0.00716918
0.012556
0.0110155
0.0559994
0.00494293
0.0102733
0.0226038
1.89974e-008
0.025225
0.0242752
0.0669967
0.062417
0.0153551
0.000378616
0.00160245
0.000792291
0.0487692
0
0.00377985
0
0.000674623
0.0104227
0.09259
0.00099322
0.0224891
0.0768641
0.00454415
0.0520337
0.00564477
0.0434583
0.0531131
0.0634778
0.00835703
0.00387669
0.0480309
0.038796
0.00499846
0.016417
0.0123422
0.00974053
0.00768949
0.00118971
0.0188471
0.0973573
0.0300656
0.0261581
0.00140094
0.00722672
0.00152274
0.0200224
0.00343827
0.00381029
0.000961075
0.00296123
0.0386768
0.0154798
0.0306506
0.00556361
0.227194
0.0651666
0.143157
0.131694
0
0.0159458
0.0510006
0.000616572
0.00263001
0.0190542
0.0011563
0.125855
0.0487892
0.0471654
0.00444264
0.00882511
0.0010973
0.0118441
0.0183156
9.90282e-005
0.000679852
0.0765058
0.00500245
0.0126636
0.00590146
0.0133701
0.0107091
0.0859619
0.0668996
0.000260066
0.0532961
0.0769463
0.0408315
0.0465012
0.0254269
0.0531763
0.00196219
0.0158802
0.0215934
0.0134709
0.110826
0.0249762
0.0371876
0.101751
0.000631339
0.0497557
0.000542144
0.000569815
0.0422181
0.00331941
0.0256929
0.0371096
0.00192046
0.0248176
0.0763073
0.0782805
0.00329765
0.00108944
0.00718873
0.113561
0.010562
0.00259943
0.0170859
0.0316751
0.0137441
0.00592641
0.0153991
0.00853957
0.0142873
0.0141155
0.0274864
0.00694436
0.00910079
0.000263519
0.00568656
0.00372003
0.00116775
0.127063
0.00695495
0.054429
0.00860098
0.00527169
0.000680179
0.000118237
0.0283414
0.0625595
0.00149832
0
0.0944237
0.0192233
0.0157059
0.000129
0.0870497
0.0487763
0.0431747
0.0140728
0.0699653
0.020802
1.89974e-008
0.00144676
0.0125338
0.00156855
0.00455391
0.0386566
0.00128742
0.00800258
0.00440593
0.0024844
0.000977859
0.00260968
0.00499076
0.0517054
0.0170557
0.000908239
0.0608784
0.00626495
0.0132236
0.0145577
0.00720167
0.00417754
0.175199
0.133767
0.00119281
0.000613935
0.0291619
0.00691408
0.00540925
0.0155094
0.0584851
2.21248e-006
0.00630968
0.000578705
0.082783
0.0589145
0.0098829
0.0823193
0.0583503
0.0229171
0.0605904
0.013001
0.0536465
0.0261505
0.000962063
0.0125327
0.00450805
0.0308071
0.158746
0.0110138
0.00405236
0.00553588
0.00478751
0.221174
0.00120989
0.00741172
0.00286114
0.0235904
0.0359456
0.00379518
0.00114756
0.117794
0.0275319
0.053802
0.000535836
0.00189196
0.00127961
0.00865148
0.00053397
0.00813521
0.0361963
0.0864335
0.00406461
0.0531808
0.0327349
0.000373836
0.0462973
0.0640025
0.00715822
0.019557
0.00266887
0.028997
0.00557624
0.00227066
0.00801946
0.00421783
0.124762
0.00182838
0.000573787
0.039133
0.0642386
0.0452781
0.00777034
0.060065
0.0957357
0.000378616
0.0207814
0.00475381
0.00389572
0.0412702
0.0321262
0.0286437
0.0006195
0.104555
0.0168035
0.00604739
0.0265746
0.000472278
0.0353619
0.00979303
0.0391842
0.0250565
0.0854711
0.0351395
0.0198871
0.0117239
0.0737751
0.132377
0.0352585
0.0688814
0.000687423
0.0448539
0.0366884
0.0121296
0
0.0992139
0.00689684
0.136494
0.133361
0.00318872
0.0120252
0.00515395
0.0682976
0.0012529
0.000964783
0.022829
0.0332999
0.018497
0.0187615
0.00743579
0.0895818
0.00303476
0.0105339
0.00140264
0.0301054
0.022577
0.000483202
0.00102944
0.0132444
0.00960231
0.0331185
0.0235773
0.0294626
0.0136067
0.16276
0.000248703
0.0029969
0.00673938
0.0120733
0.0278087
0.00108563
0.0643718
0.00172506
0.0693113
0.0317198
0.000923864
0.00347808
0.107364
0.0160315
0.015922
0.0684094
0.107441
0.00204247
0.0559953
0.00889272
0.0433693
0.0172515
0.00184796
0.0106033
0.226415
0.00674834
0.078076
0.069729
0.00276086
0.000474695
0.124856
0.0208271
0.0129203
0.0202369
0.00331829
0.0639312
0.0340639
0.0380029
0.00436768
0.00349417
0.00789394
0.00281028
0.0230565
0.0849976
0.00514447
0.0162545
0.0262517
0.0975427
0.0178019
0.000635334
0.0195119
0.00220202
0.00523273
0.00751511
0.0682799
0.000638058
0.0598053
0.0141631
0.00027295
0.0191981
0.000118237
0.00283972
0.0458662
0.320733
0.0373718
0.00456605
0.0172339
0.00278702
0.000185556
0.0561134
0.00214562
0.0106631
0.147478
0.116651
0.0114845
0.022007
0.0824586
0.124148
0.0455004
0.051683
0.00669314
0.0147283
0.0274762
0.0472354
0.019554
0.146337
0.0105549
0.105275
0.0615942
0.0567405
0.00207761
0.00229172
0.0300995
0.000215294
0.0207496
0.0241477
0.00103107
0.0521909
0.00886723
0.0126775
0.0190923
0.0151239
0.000664587
0.000622009
0.0111487
0.00346316
0.00565478
0.0187167
0.0226146
0.0672533
0.0318904
0.00577748
0.0132386
0.0137458
0.0122433
0.00652304
0.0220746
0.0108963
0.00335403
0.0656493
0.0155973
0.00273661
0.00776251
0.000744871
0.000854796
0.00308571
0.000619527
0.0148314
0.00124789
0.000125388
0.00178691
0.0225343
0.0309098
0.00458789
0.00739963
0.0148632
0.0788948
0.0197739
0.0721851
0.00391605
0.00312202
0.080981
0.00182578
0.000813946
0.0932161
0.00181641
0.0507188
0.00530843
0.0443652
0.0497534
0.000533931
0.0428431
0.0172327
0.0400351
0.0264114
0.00118965
0.0200611
0.0565839
0.00246256
0.00743493
0.0139706
0.00758026
0.0808072
0.0029124
0.000134631
0.0112629
0.0800312
0.0765184
0.106564
0.202869
0.073678
0.00421909
0.0355931
0.00933678
0.0146138
0.00803884
0.100889
0.152356
0.104994
0.000109128
0.0134294
0.0761104
0.0335115
0.0304716
0.0600194
0
0.0244084
0.021837
0.000551182
0.084295
0.00784978
0.000422411
0.00226838
0.00381454
0.0986125
0.00322298
0.0036981
0.106649
0.0284821
0.0709071
0.00385685
0.00651594
0.0160075
0.0531431
0
0.00262241
0.0239699
0.0668094
0.00898382
0.00557208
0.0197159
0.0356579
0.00644417
0.0145831
0.00158317
0.240477
0.0217238
0.000249958
0.020546
0.0517317
0.0741912
0.000411063
0.0981623
0.0810278
0.01754
0.00637892
0.038811
0.071037
0.000459435
0.0634699
0.0197143
0.0440563
0.00072794
0.0025099
0.0110958
0.0342192
0.00031787
0.0100328
0.0961675
0.0512638
0.0362305
0.0317771
0.0237801
0.0166318
0.00416198
0.0160731
0.0412368
0.040937
0.0322025
0.0759679
0.0283465
0.000565104
0.0123011
0.00493989
0.120278
0.00152215
0.0018092
0.0762051
0.00152131
0.0444412
0.0402862
0.058919
0.00174676
0.0251687
0.0227444
0.00658788
0.0670989
0.00804439
0.010686
0.0170119
0.0289405
0.0324169
0.025928
0.000231533
0.0262517
0.0768287
0.0249847
0.0317138
0.0411958
0.0341727
0.0751614
0.000472278
0.00445084
0.0261766
0.00418175
0.00816763
0.00347801
0.00599375
0
0.0046927
0.00131274
0.0145388
0.00122148
0.0411975
0.0466545
0.0193911
0.00497618
0.00223818
0.00849396
0.00399811
0.00142447
0.0131783
0.0879349
0.00173811
0.0710691
0.00154231
0.192812
0.0760716
0.010192
0.106263
0.0122149
0.01761
0.112093
0.00727272
0.00117918
0.00698877
0.015331
0.0246632
0.121308
0.0198474
0.00490303
0.00838762
0.00387868
0.00310328
0.0200539
0.0625071
0.00119502
0.0148144
0.0256798
0.0602279
0.0524688
0
0.0803238
0.111886
0.00212499
0.00400742
0.0309658
0.153082
0.0436674
0.0110983
0.00662348
0.0556363
0.0024504
0.0438575
0.0388815
0.0227876
0.0094864
0.0037289
0.000560945
0.0391107
0.000690583
0.0925746
0.00504698
0.002356
0.000184253
0.00143129
0.00512213
0.0017455
0.0477294
0.019695
0.0321638
0.00424017
0.0218186
0.00253218
0.0148202
0.00479095
0.00907257
0.00634814
0.00593135
0.0847065
0.00113971
0.0124108
0.044665
0.052564
0.000969927
0.00303886
0.00770212
0.00488381
0.0327292
0.00135047
0.000333199
0.0362054
0.0730147
0.0192734
0.0356014
0.0135757
0.0332757
0.0444625
0.124817
0.0389605
0.00764138
0.0308161
0.0560623
0.0342488
0.0132509
0.0992345
0.00828962
0.00539255
0.112983
0.0866858
0.0381531
0.018196
0.0188496
0.0109862
0.011136
0.00684113
0.0883117
0.0382367
0.000876826
0.00540827
0.117636
0.00151276
0.0113172
0.00343211
0.0245206
0.0171613
0.0168192
0.00117511
0.0113695
0.0319074
0.00743969
0.00101555
0.0952557
0.00136066
0.000805956
0.0117743
0.0798301
0
0.00262118
0.0487855
0.050199
0.0495449
0.000381025
0.00803113
0.00893787
0.117308
0.002552
0.0124213
0.000553094
0.00615599
0.00819009
0.0709112
0.000362774
0.00219463
0.0497842
0.0144726
0.00100889
0.0519358
0.0106441
0.0906248
0.00602213
0.0815325
0.135035
0.0228542
0.00872821
0.0138562
0.0199175
0.000597064
0.000300814
0.0661863
0.00117524
0.113932
0.08936
0.00813781
0.00354643
0.000613947
0.0193252
0.0577361
0.0130886
0.00191038
0.00770259
0.0563619
0.0461605
0.0341414
0.00482555
0.0742961
0.00109448
0.00945634
0.0250642
0.0228543
0.00315176
0.00558564
0.0037918
0.0182568
0.00644766
0.00756881
0.0852957
0.0473922
0.0168281
0.00641801
0.00146928
0.0374287
0.0268193
0.000983057
0.00152669
0.0375318
0.00148298
0.000222599
0.000574478
0.0980687
0.0113478
0.00033192
0.0733168
0.0108288
0.0037748
0.0382653
0.0111352
0.000832842
0.0468256
0.00654217
0.00133617
0.023521
0.04186
0.0501803
0.0194257
0.0011806
0.119798
0
0.0137589
0.0279073
0.00773335
0.0288417
0.00173269
0.0028649
0.0133818
0.00016293
0.118533
0.00130277
0.000741628
0.00218779
0.005697
0.0226341
0.079874
0.00959149
0.00352369
0.00318099
0.000772414
0.0331641
0.00096187
0.0041888
0.00518201
0.00111296
0.00179381
0.00209393
0.0652741
0.0134929
0.00636906
0.0282336
0.00813029
0.0545455
0.000935868
0.0636188
0.0104975
0.000483719
0.0470999
0.0464282
0.00271587
0.103812
0.00509959
0.01318
0.00960314
0.0217151
0.00103025
0.00498774
0.000103839
0.0632044
0.0380234
0.0715391
0.0738116
0.0182961
0.0130437
0.0248174
0.000697204
0.0119911
0.00150929
0.045771
0.00309171
0.00190583
2.2125e-006
0.0402743
0.0534878
0.0359392
0.0657952
0.0735815
0.107403
0.0218899
0.00279465
0.00196332
0.00579799
0.0107845
0.0217733
0.0946158
0.0222339
0.00101692
0.0582549
0.00115378
0.0278667
0.00113734
0.0170785
0.0363626
0.0338267
0.0414127
0.0797247
0.00185626
0.0682028
0.0120684
0.000221484
0.00276322
0.000238654
0.0262406
0.000205592
0.00844915
0.000970558
0.00909914
0.00331819
0.00653787
0.0170416
0.0751089
0.0824007
0
0.00767111
0.00232581
0.00498381
0.0150108
0.091171
0.009658
0.0773118
0
0.122418
0.0380051
0.00133938
0.0186331
0.00231654
0.0124625
0.0418472
0.120671
0.0150671
0.0182987
0.0840231
0.0908061
0.010361
0.0252745
0.000986991
0.0129647
0.00742953
0.00644261
0.00124592
0.0090618
0.16799
0.0725821
0.0147187
0.102462
0.0111783
0.00507074
0.0196374
0.0103061
0.0214012
0.00849889
0.00761959
0.00728702
0.00566886
0.12441
0.0143259
0.116963
0.0218104
0.0359063
0.00267447
0.0916128
0.00348083
0.0245077
0.0265213
0.00643055
0.00159886
0.00243609
0.134582
0.0126293
0.0480443
0.0144321
0.0960284
0.0371934
0.00466259
0.00657238
0.000976594
0.0163506
0.0276722
0.0324271
0.0210189
0.00328025
0.0230637
0.0168421
0.0262129
0.0264787
0.0275164
0.0352063
0.000878693
0.000123218
0.178139
0.172469
0.00209888
0.00637688
0.0183018
0.0151183
0.00431177
0.00654477
0.0102734
0.00295251
0.0588065
0.0180136
0.0479157
0.00769237
0.0341469
0.0280017
0.105279
0.0010104
0.0105965
0.0044821
0.00209962
0.0438232
0.0153934
0.0315473
0.0493169
0.0372264
0.0350085
0.0585591
0.0251976
0.0271885
0.0416243
0.0317761
0.0762837
0.00657355
0.00645381
0.0149168
0.0362443
0.000860528
0.00209902
0.00479627
0.0111194
0.0106909
0.14861
0.15492
0.0173708
0.0173589
0.00154478
0.00175436
0.0261821
0.0178306
0.129797
0.00861899
0.000174138
0.0195619
0.00256491
0.000770767
0.0289024
0.00331697
0.010547
0.0872678
0.00329321
0.00136253
0.000653564
0.0277567
0.0102179
0.0408248
0.00513832
0.00170803
0.0216159
0.0396508
0.0732942
0.150068
0.0011654
0.00387522
0.00823047
0.0113012
0.0638519
0.0496646
0.0111411
0.00148411
0.0717343
0.0618467
0.0270395
0.260192
0.00612126
0.00393083
0.1145
0.000871998
0.0182327
0.0522657
0.0271691
0.0584456
0.0268574
0.00393036
0.00307165
0.00531103
0.00263135
0.0119068
0.07272
0.000604619
0.00787769
0.0388579
0.00268272
0.00394753
0.00616051
0
0.0224132
0.018329
0.0677492
0.00602689
0.0519751
0.0163481
0.0276712
0.00849174
0.0276629
0.00703032
0.104507
0.0202513
0.015019
0.0488577
0.0355533
0.00488513
0.00167585
0.00510465
0.00542971
0.000431973
0.0691254
0.0332175
0.0368309
0.0067621
0.00502998
0.000616217
0.0299596
0.0940997
0.131702
0.00167357
0.0132351
0.015318
0.00215141
0.269169
0.00571986
0.0718822
0.000545565
0.0133948
0.0023688
0.0838887
0.00974193
0.0391793
0.0346786
0.124244
0.00532405
0.0310734
0.0310734
0.0444493
0.0243102
0.0091902
0.0144666
0.0269348
0.0047244
0.0126103
0.00695524
0.00697475
0.00297873
0.105693
0.0076264
0.000683727
0.00230587
0.00376269
0.0182455
0.0260492
0.00152738
0.00321991
0.0931046
0.00765609
0.00225597
0.0124942
0.00262084
0.0412559
0.0178354
0.0328281
0.00702195
0.0342207
0.0190603
0.0276995
0.0198187
0.0211591
0.0191207
0.0103486
0.00317447
0.0151937
0.00696684
0.00813455
0.0811745
0.0148239
0.00681376
0.0281358
0.00238946
0.0782788
0.00566258
0.0752351
0.00501731
0.000358371
0.069468
0.0171521
0.00574637
0.00861748
0.011466
0.109452
0.00284828
0.0101332
0.0315335
0.00525999
0.0117964
0.0855241
0.00620261
0.0481386
0.0514188
0.048293
0.0574585
0.00323691
0.00412041
0.00621746
0.114603
0.00416697
0.00247041
0.0847519
0
0.0177337
0.00136402
0.00316493
0.000851197
0.0163503
0.00921151
0.00327606
0.0183315
0.00336679
0.00713665
0.0108331
0.00422441
0.0032982
0.000929077
0.0480299
9.37662e-005
0.000929077
0.00980067
0.0167286
0.0295127
0.0576078
0.0021759
0.080887
0.0812848
0.0953848
0.00389218
0.0709402
0.0187175
0.0271774
0.00858533
0.0121412
0.000652208
0.00178069
0.00258165
0.00614611
0.00586085
0.00751443
0.0312422
0.0118649
0.00161686
0.000387308
0.00555723
0.00329927
0.0320303
0.0645177
0.101525
0.000374923
0.0643193
0.00430637
0.00176901
0.00531352
0.0165574
0.00889168
0.0084816
0.0667104
0.136583
0.00330023
0.124739
0.0417462
0.0786475
0.00665508
0.0318634
0.0204034
0.060499
0.00752071
0.0589244
0.000549592
0.115054
0.00888932
0.00641269
0.0191066
0.0170826
0.00294385
0.00469857
0.000374559
0.0698472
0.00786769
0.0146535
0.000822571
0.0355994
0.0010787
0.0113751
0.0241696
0.0208548
0.0707489
0.0700272
0.00136959
0.00199298
0.0765719
0.00629123
0.0165582
0.00451102
0.00111181
0.0506682
0.0315489
0.0017641
0.00139076
0.003974
0.0648002
0.00213023
0.0101641
0.0050323
0.0663483
0.182026
0.00181235
0.00346348
0.000455915
0.00209885
0.000699762
0.0127076
0.00875702
0.00159927
0.0179918
0.00711438
0.0129774
0.0100814
0.00961993
0.0587513
0.00240154
0.00222299
0.00718607
0.0049375
0.0170628
0.00121787
0.0469059
0.0223376
0.0405544
0.0138186
0.0722918
0.0168497
0.0167564
0.00772369
0.00960532
0.0228445
0.0309051
0.000205787
0.0516473
0.0212113
0.000684968
0.131692
0.155563
0.000654943
3.00347e-006
2.32639e-005
0.0921465
0.00479105
0.00102898
0.00969586
0.00263502
0.00545588
0.00553528
0.00473481
0.00297631
0.000828447
0.166292
0.0601406
0.00172892
0.00150184
0.000107127
0.00292887
0.00869147
0.0122106
0.00148082
0.00575044
0.0019022
0.00795215
0.0148279
0.00529846
0.00349427
0.160502
0.00648347
0.0886402
0.0881756
0.0271319
0.0034134
0.0064631
0.00720851
0.0588088
0.0550554
0.0725577
0.0237374
0.00432912
0.00105395
0.125211
0.0774506
0.0121155
0.0254646
0.0160206
0.00706395
0.0149674
0.0011749
0.0877186
0.0996685
0.0498676
0.02675
0
0.0042705
0.130394
0.122386
0.088078
0.000936815
0.00992164
0.0017008
0.0341301
0.032248
0.0158723
0.0237405
0.00227881
0.00436984
0.0232949
0.00430157
0.00305159
0.0435752
0.0987606
0.000107127
0.0502296
0.0730392
0.0333981
0.046673
0.0145353
0.0202721
0.122076
0.00149206
0.103317
0.007523
0.0299966
0.00248004
0.00203265
0.00236175
0.0347186
0.0155029
0.00159747
0.00662845
0.0172015
0.00276502
0.00616129
0.0265572
0.0219566
0.0235135
0.000157975
0.136524
0.00894835
0.00544997
0.034057
0.000320749
0.00921175
0.00249097
0.0233072
0.0136385
0.0760617
0.00117474
0.0188034
0.0126659
0.00458064
0.00169032
0.00341754
0.0060671
0.0207953
0.00725461
0.0367835
0.00446731
0
0.0563062
0.00215879
0.00213367
0.0122516
0.00124572
0.0357718
0.0579744
0.00429962
0.108496
0.0107249
0.00724568
0.0495582
0.0828596
0.00550826
0.00388222
0.000142191
0.00135539
0.0269333
0.00163731
0.111436
0.00292535
0.0611063
0.00593826
0.0104927
0.00787239
0.109209
0.166568
0.00106882
0.0201833
0.00920329
0.0706002
0.0244725
0.00149916
0.0292967
0.0084392
0.0762019
0.11052
0.00106108
0.0620746
0.0426612
0.0385718
0.0990843
0.0265165
0.0578993
0.0751289
0.0214841
0.0166674
0.00948193
0.00101595
0.0113482
0.100184
0.0024158
0.00692999
0.000651366
0.000749875
0.0132312
0.00509191
0.0011606
0.00811539
0.0999613
0.119978
0.0119707
0.0176432
0.0937525
0.00410003
0.00139659
0.0114321
0.0207217
0.0298594
0.0579382
0.00485376
0.00295858
0.00161952
0.0533573
0.00273958
0.0737587
0.00406222
0.050611
0.0014255
0.0212937
0.000447655
0.00481322
0.0113784
0.148393
0.0626712
0.0360585
0.0193072
0.00570079
0.00778064
0.0200492
0.00127676
0.0180761
0.0100202
0.000916591
0.00194438
0.0111786
0.0122408
0.00109257
0.00101139
0.0555604
0.0875625
0.0282763
0.00988825
0.0781026
0.0104566
0.0205645
0.0137472
0.00686924
0.0110795
0.0506822
0.0230672
0.0282232
0.154346
0.00155039
0.00171982
0.00758517
0.0100579
0.0488323
0.0016497
0.0192752
0.00368159
0.00749303
0.00931244
0.0101408
0.0205794
0.0163095
0.00928563
0.0156963
0.00628891
0.069972
0.0846155
0.0565951
0.00950193
0.00900634
0.00848434
0.0134865
0.0380426
0.00277648
0.0157311
0.033785
0.0177355
0.00118755
0.00219604
0.00128755
0.0534021
0.0243659
0.0183289
0.0106709
0.0578157
0.0113751
0.00191429
0.0159204
0.0112561
0.00856658
0.00219675
0.0218731
0.00408183
0.0451018
0.00132551
0.0572581
0.0210527
0.00568908
0.0301471
0.00392338
0.00836281
0.0569868
0.0291185
0.00258484
0.0120158
0.0198029
0.136294
0.0048899
0.0215282
0.00570256
0.0520151
0.00262206
0.0030926
0.0439806
0.050144
0.00769007
0.192161
0.00879664
0.00548042
0.00887739
0.00410686
0.0456931
0.134669
0.226648
0.0927273
0.0906729
0.102828
0.000758913
0.00247229
0.00082842
0.00152926
0.12564
0.00281685
0.00217226
0.00283652
0.00322817
0.0551
0.222415
0.00458527
0.0119013
0.00179557
0.0413976
0.012485
0.0625349
0.00241346
0.0057173
0.0878561
0.00121331
0.0039928
0.00469671
0.00946282
0.0199567
0.0646769
0.0018874
0.11994
0.0215441
0.00944486
0.00151288
0.000933139
0.00184377
0.0263311
0.00925688
0.00373678
0.0212192
0.0176617
0.167233
0.0434248
0.00569703
0.01468
0.00832462
0.00558704
0.0139901
0.0456906
0.00233292
0.0100922
0.00085945
0.00184158
0.0109147
0.194254
0.0225797
0.0866288
0.0539621
0.0061434
0.00366149
0.000896925
3.00349e-006
0.00425055
0.0725324
0.0376083
0.00576761
0.0254282
0.0102002
0.0299109
0.0510431
0.00646596
0.0615167
0.0319839
0.0753426
0
0.00152943
0.0202509
0.0529424
0.0173613
0.0012454
0.00206892
0.00884485
0.0424357
0.00654623
0.0456802
0.0956268
0.0460523
0.0747272
0.0750867
0.00629761
0.00627403
0.00378999
0.0483842
0.064166
0.00567286
0.000145548
0.0212513
0.131665
0.00749841
0.00281434
0.0487872
0.113594
0.00392044
0.00095721
0.00191521
0.0915103
0.00163633
0.0106428
0.000808645
0.00420109
0.0139843
0.014511
0.00251693
0.0027352
0.00375553
0.0529807
0.0132436
0.103487
0.000498386
0.0175821
0.00768492
0.0468257
0.0350682
0.00128148
0.00782321
0.00111181
0.0244592
0.0168532
0.00229409
0.0407054
0.00360542
0.00689549
0.0600136
0.11671
0.0700566
0.00983712
0.0320648
0.00184452
0.00368058
0.00930182
0.0413562
0.000978845
0.00132294
0.000941396
0.0524857
0.03619
0.0153751
0.101004
0.00342658
0.00698543
0.000587812
0.0568112
0.0147461
0.00192466
0.00505287
0.00164289
0.140889
0.00666336
0.0487703
0.00344532
0.0164313
0.00515994
0.00342283
0.0147928
0.0153668
0.0690406
0.00948279
0.00186498
0.000950808
0.0017733
0.000692307
0.00179781
0.0501114
0.0693083
0.0713645
0.00684403
0.00585883
0.0019434
0.113423
0.000477462
0.00314713
0.00298583
0.0094318
0.0228633
0.0224221
0.0144227
0.00566413
0.000143036
0.0107087
0.000414685
0.0131331
0.0950155
0.00251775
0.00724875
0.0128048
0.00737479
0.0174578
0.0243792
0.0185204
0.00143041
0.016952
0.00168422
0.00249755
0.00276785
0.00783382
0.000252399
0.0238964
0.0384136
0.013157
0.00263757
0.00390977
0.00481784
0.00260751
0.0015225
0.205885
0.0127071
0.00419127
0.15804
0.0321216
0.0617207
0.00109074
0.110409
0.00134326
0.0874834
0.0117823
0.0745903
0.0841058
0.0259598
0.00311203
0.011925
0.0161405
0.00591644
0.0659901
0.0482332
0.0105793
0.00220204
0.00444436
0.130998
0.0307268
0.0450221
0.0505009
0.00237935
0.0172079
0.0417675
0.000536909
0.124609
0.0136602
0.0278408
0.0268081
0.00106744
0.0372226
0.0132979
0.00343234
0.019589
0.0182853
0.0910773
0.113898
0.09438
0.00108788
0.0346874
0.0366496
0.0610355
0.00433751
0.00784686
0.0216071
0.00981445
0.000400785
0.0453794
0.077057
0.11809
0.0136698
0.0025875
0.0713908
0.00444121
0.127315
0.0023522
0.00104989
0.00276723
0.0261509
0.00232123
0.0268544
0.000531807
0
0.00957286
0.000758152
0.00117643
0.0246749
0.0179223
0.0104964
0.0218603
0.0871152
0.110369
0.0392302
0.0630534
0.0120258
0
0.0013985
0.017544
0.0087674
0.100951
0.000485554
0.0486711
0.000589236
0.0235747
0.117427
0.00547813
0.0438967
0.0587108
0.00774335
0.113877
0.0267095
0.00912323
0.00331724
0.00209354
0.00104259
0.0172014
0.00380922
0.000485535
0.0660478
0.0490156
0.00655233
0.00117936
0.011841
0.0670834
0.0579757
0.00154461
0.00318617
0.017601
0.00268243
0.0837928
0.00159643
0.00640835
0.00555452
0.00105861
0.00315086
0.00116203
0.0569868
0.00590256
0.0114219
0
0.0831246
0.101884
0.00165922
0.00774705
0.000589177
0.00867992
0.00226522
0.00119388
0.0700452
0.0744495
0.00637505
0.00204262
0.0295369
0.0615562
0.00489437
0.0033741
0.021302
0.0784467
0.0690029
0.00209032
0.14532
0.0194558
0.00347098
0.149449
0
0.0271571
0.103384
0.0251651
0.0283204
0.115659
0.00373249
0.00543061
0.089018
0.0403226
0.0014184
0.00195565
0.0157753
0.00366287
0.177347
0.21327
0.000722745
0.0822888
0.000477463
0.0379319
0.0442793
0.0878231
0.0242637
0.0968249
0.0717076
0.00386017
0.0318645
0.0176753
0.00224426
0.0843561
0.113071
0.00106785
0.00146185
0.00109525
0.103749
0.0656211
0.0033674
0.000467851
0.00280769
0.00239555
0.000817667
0.125546
0.00109609
0.00775979
0.00254181
0.0201727
0.0693545
0.059318
0.00696754
0.00317581
0.0409747
0.00241284
0.0157362
0.00294746
0.000872361
0.0293377
0.0416007
9.37664e-005
0.000842794
0.00383938
0.0114043
0.00147306
0.00104698
0.00355163
0.00355163
0.155047
0.0232586
0.0509648
0.0108995
0.0182968
0.00213097
0.022114
0.00123629
0.00628616
0.0203568
0.111856
0.0358768
0.0325192
0.00456126
0.10504
0.00848527
0.0142974
0.018966
0.0878882
0.00259351
0.0431951
0.0577527
0.00144696
0.086382
0.0111338
0.00386807
0.0409759
0.0144523
0.00414127
0.0246234
0.0262649
0.0471405
0.104678
0.00134325
0.00501377
0.0356014
0.00105169
0.00511707
0.0838685
0.00873798
0.0562178
0.00184334
0.11579
0.0611389
0.0153044
0.00157972
0.00594673
0.000394301
0.0160407
0.000806422
0.0334757
0.0367117
0.0682086
0.0909514
0.00902561
0.0469609
0.00326687
0.0281844
0.0147697
0.0328689
0.03367
0.117704
0.00223009
0.015588
0.00826147
0.0219398
0.0095882
0.00195367
0.000356833
0.00629685
0.0682608
0.00340207
0.210152
0.134432
0.0150879
0.0604233
0.0870051
0.0367139
0.00186726
0.0199672
0.00069527
0.00305549
0.000894724
0.00569887
0.0346881
0.0352583
0.00221769
0.00388059
0.00369048
0.00390233
0.00186757
0.00258832
0.0640456
0.00637785
0.027532
0.0453998
0.0254956
0.0209247
0.0390871
0.00103097
0.0466543
0.0302082
0.00618237
0.0971558
0.00362422
0.00688588
0.111262
0.111994
0.0674575
0.00294064
0.0260449
0.004024
0.153148
0.00217475
0.0084999
0.000343534
0.0015108
0.0740436
0.028212
0.00107389
0.133778
0.111579
0.00791619
0.0777388
0.0281654
0.000892075
0.0446707
0.0068477
0
0.000571024
0.00662927
0.0027231
0.0298784
0.00177516
0.0702699
0.00295697
0.000412709
0.020125
0.0214506
0.101112
0.116728
0.124548
0.0147392
0.00239605
0.00620878
0.00515471
0.00308038
0.124898
0.00221938
0.00472582
0.00316848
0.00429022
0.00220883
0.00438332
0.0185114
0.094061
0.0312122
0.0323883
0.000452499
0.0312358
0.00290302
0.0458326
0.0456762
0.0669017
0.00282007
0.018413
0.00436585
0.0081296
0.00679978
0.00373897
0.0250206
0.00397508
0.0407563
0.080939
0.00100102
0.0204432
0.0167927
0.0191917
0.00302384
0.0780606
0.067295
0.000743009
0.000423395
0.0596009
0.00228445
0.00376619
0.00299287
0.0334566
0.00549499
0.00110462
0.0125768
0.125421
0.0671443
0.176431
0.157607
0.00107422
0.0064169
0.114143
0.0647568
0.0146409
0.00566441
0.0200239
0.0194193
0.148953
0.00287011
0.0294704
0.0362076
0.0290175
0.00881918
0.0114814
0.000301879
0.105559
0.00517375
0.00169831
0.0140914
0.00854372
0.000682558
0.0980092
0.00930556
0.0791151
0.152822
0.248723
0.0346297
0.00106622
0.00463724
0.0314018
0.0962296
0.00275187
0.120123
0.10846
0.0584762
0.000765083
0.017088
0.0228632
0.045829
0.00684176
0.0164541
0.0313866
0.00275606
0.0039334
0.00281003
0.0481909
0.244425
0.175245
0.0897155
0.00393739
0.00228899
0.000389458
0.00257954
0.00326626
0.00290846
0.069866
0.0109041
0.111153
0.0636989
0.00870424
0.0106633
0.101771
0.123141
0.0237175
0.0510509
0.0573973
0.0108149
0.0342981
0.00730927
0.0107614
0.00798075
0
0.0943655
0.00427836
0.00656614
0.00307078
0.0165203
0.15362
0.0381104
0.00018651
0.0128431
0.000878475
0.082184
0.0390119
0.00935835
0.0123398
0.053935
0.0159261
0
0.0011785
0.00218371
0.134045
0.0454522
0.0121164
0.0485729
0.0899005
0.00108023
0.0010136
0.00470758
0.111822
0.00282416
0.0433651
0.0258774
0.0112233
0.183158
0.0726092
0.103517
0.0115471
0.122602
0.0778619
0.0155898
0.0228873
0.0147783
0.0441135
0.0242844
0.0263173
0.0191754
0.0430943
0.00293435
0.00587945
0.0151915
0.0154552
0.0533581
0.0233062
0.000132282
0.000400536
0.0311216
0.0116987
0.0137112
0.00545785
0.00292929
0.0110524
0.0188009
0.0491245
0.00371314
0.00756075
0.00114612
0.0105474
0.00241877
0.000480828
0.0208727
0.0360477
0.00949467
0.00786209
0.0288158
0.0101148
0.055526
0.0937107
0.0284919
0.0245889
0.000754628
0.00545734
0.000391872
0.0017024
0.0263979
0.00781029
0.121704
0.0020588
0.113138
0.000288035
0.08408
0.000429949
0.00497938
0.00173848
0.0030379
0.0493447
0.0222358
0.00262167
0.064024
0.00449125
0.00173942
0.00372795
0.00617401
0.0466746
0.00159956
0.00210213
0.000272029
0.0418303
0.0938831
0.0579696
0.0105952
0.0162725
0.00353348
0.0633492
0.144391
0.101263
0.0035497
0.00118494
0.0238685
0.174926
0.00226534
0.0111333
0.00983916
0.0119063
0.0034628
0.000125219
0.00360276
0.0162283
0.000384017
0.0694927
0.0327419
0.0177798
0.0434547
0.0767764
0.0837885
0.00694042
0.0439896
0.0120257
0.00437407
0.0125918
0.00130326
0.00834854
0.00105729
0.0136567
0.0617431
0.00337597
0.0321508
0.0228926
0.00999468
0.0138777
0.0447355
0.00358779
0.0372408
0.00184791
0.158093
0.0528049
0.117371
0.115605
0.000958163
0.00394585
0.00866136
0.00054636
0.00418943
0.0158162
0.00233219
0.0695564
0.076712
0.0108616
0.0346796
0.00430424
0.0414619
0.20312
0.00901937
0.0168417
0.303011
0.0171313
0.0255192
0.00419537
0.0453865
0.0389634
0.01335
0.00936651
0.0109709
0.0227458
0.0270704
0.0927823
0.000904913
0.0584881
0.047228
0.0104455
0.0482243
0.0619579
0.0103088
0.00294124
0.00425307
0.00795862
0.0112576
0.0273883
0.0101318
0.00172657
0.115906
0.000404612
0.137043
0.00223541
0.00293435
0.000891556
0.00113561
0.032144
0.0241809
0.0527669
0.0670684
0.00998814
0.00306277
0.026286
0.0304597
0.0270548
0.0273666
0.117395
0.0259611
0.00271667
0.00138611
0.12649
0.0277595
0.0272815
0.0192893
0.0114309
0.0209177
0.0705736
0.00984131
0.0331274
0.0355313
0.00862342
0.0233199
0.0100789
0.00784881
0.0102438
0.0661633
0.0265762
0.00306623
0.00295538
0.0583844
0.0235216
0.133011
0.0173627
0.0973866
0.00386716
0.0681606
0.149252
0.0262536
0.0162457
0.00702236
0.00279694
0.00179679
0.108187
0.00543786
0.0376939
0.00810438
0.00232822
0.00837299
0.0197864
0.00642984
0.0105789
0.0164546
0.00316815
0.00119822
0.00393109
0.0893106
0.00300898
0.00106622
0.0348077
0.00294741
0.175471
0.0310167
0.0333147
0.00317946
0.034136
0.00407112
0.0566285
0.114361
0.00506272
0.00517976
0.0399093
0.0030386
0.00573225
0.00450706
0.0476107
0.0951235
0.00350478
0.0259999
0.0360832
0.0306728
0.232346
0.128438
0.0961675
0.0149991
0.0101884
0.00996383
0.000652309
0.0361424
0.000869758
0.113171
0.11553
0.00361874
0.103026
0.0773527
0.00248084
0.0981374
0.000138438
0.0373498
0.0376312
0.000883428
0.00384027
0.0934819
0.00392427
0.00547015
0.00105196
0.00376362
0.0127483
0.0106473
0.00301296
0.00652945
0.00121489
0.0095497
0.0169358
0.05977
0.00450408
0.0208146
0.0288607
0.0208311
0.0305725
0.00141087
0.0695994
0.0152776
0.0860646
0.0723455
0.0435252
0.0462254
0.0103557
0.00638454
0.00586691
0.00403664
0.00385217
0.21554
0.0215618
0.0199689
0.0348072
0.0284219
0.00169848
0.00416407
0.0745169
0.0790992
0.072235
0.00317449
0.0956294
0.00089993
0.00350199
0.110376
0.0394916
0.00258576
0.00465299
0.00801852
0.00888227
0.106489
0.0336211
0.0209532
0.0042741
0.0012655
0.0675744
0.00401073
0.0214143
0.0193676
0.0504744
0.00192493
0.00187949
0.120753
0.00747407
0.0396273
0.00379257
0.0892677
0.00876543
0.00258882
0.00204022
0.0196702
0.0703997
0.00651172
0.00161246
7.63813e-005
0.0247485
0.146479
0.0098829
0.0790995
0.00103779
0.00202562
0.00275033
0.0166277
0.110495
0.0016347
0.0213007
0.00247792
0.0985411
0.00699792
0.0491796
0.0100929
0.101138
0.00304661
0.0353925
0.0221888
0.0110263
0.00464295
0.00686783
0.00276343
0.0537699
0.0100948
0.00168931
0.00106489
0.00578891
0.161358
0.118843
0.0247391
0.0131711
0.039015
0.00207
0.0102791
0.0132546
0.00654257
0.0663617
0.0211282
0.0765584
0.0468874
0.000511744
0.00696854
0.00682721
0.0102395
0.00149001
0.0928973
0.0249641
0.0125921
0.0065978
0.00100282
0.00201066
0.0386194
0.00347165
0.00375555
0.0803475
0.01296
0.00074782
0.00160973
0.123152
0.106936
0.025162
0.0432026
0.0283871
0.00545768
0.00440042
0.0824958
0.0427984
0.0141954
0.00788971
0.0211715
0.0178342
0.00648601
0.00159225
0.00321321
0.00686383
0.111869
0.00115995
0.053316
0.00140897
0.0084118
0.0108741
0.199976
0.00122589
0.00067897
0.119749
0.00211819
0.00225573
0.0011042
0.00387482
0.0653355
0.0918414
0.00470759
0.0451557
0.103073
0.00268838
0.0129455
0.17361
0.00164334
0.00843245
0.00773286
0.00212802
0.00258824
0.0480445
0.00347648
0.0349366
0.0210586
0.00528521
0.0127924
0.0558431
0.0961639
0.000860349
0.00486605
0.00162436
0.00426102
0.052292
0.0323017
0.0293148
0.0705453
0.0069279
0.107668
0.00165926
0.00737747
0.0771988
0.00325814
0.0968796
0.00484731
0.00264408
0.0288426
0.0860867
0.0642622
0.00691231
0.0373514
0.0937315
0.0167869
0.0115764
0.0139455
0.0208003
0.0176343
0.00155445
0.000999835
0.00245974
0.073995
0.00597334
0.0171231
0.0181149
0.0297435
0.00104444
0.0053227
0.010965
0.0452838
0.00948292
0.00566092
0.00231068
0.0130114
0.00761466
0.00241353
0.000299268
0.0046336
0.0207652
0.0149614
0.120643
0.0532085
0.00334933
0.00048637
0.102096
0.0855184
0.00140649
0.00176212
0.00541076
0.0696071
0.0157189
0.000245499
0.0324418
0.0165438
0.00536916
0.0419998
0.00383174
0.053321
0.0812154
0.0679082
0.0394648
0.00178602
0.00453724
0.00764788
0.0283563
0.00703825
0.00300205
0.00741383
0.0861602
0.00235008
0.079917
0.00346538
0.00527317
0.00152049
0.0162233
0.0130116
0.0794298
0.0281538
0.0173205
0.0014175
0.00446324
0.00669105
0.00255058
0.0012108
0.00293539
0.0181495
0.073696
0.00425777
0.0935811
0.00113056
0.00533921
0.00873065
0.0165289
0.0235405
0.117067
0.0205867
0.0228959
0.0906174
0.00606405
0.00520237
0.00132653
0.0701382
0.0438624
0.00721163
0.00742886
0.0862153
0.00610288
0.0350226
0.0543684
0.00626868
0.00929113
0.00995355
0.000672552
0.000445649
0.16825
0.0201302
0.065685
0.0633189
0.00111869
0.0045136
0.0894061
0.0533759
0.00146044
0.00460128
0.0135981
0.0416196
0.00671666
0.0181083
0.0667861
0.0164208
0.061331
0.00537481
0.00293923
0.000938067
0.0407054
0.0849629
0.194461
0.0118522
0.00234244
0.0117644
0.00115022
0.0231406
0.0065947
0.0112547
0.0123078
0.0270319
0.00417362
0.0981621
0.0732657
0.00690645
0.0732149
0.00207484
0.0418735
0.0484435
0.003615
0.142601
0.00318364
0.000522437
0.00757948
0.00600311
0.0139439
0.0975483
0.00682719
0.0104091
0.0170038
0.00194051
0.0918278
0.0458338
0.0353045
0.0291929
0.0160023
0.00311949
0.0156693
0.0251586
0.134102
0.00240602
0.0242809
0.132804
0.0244661
0.0228932
0.000970447
0.00106082
0.0279522
0.0120821
0.0138682
0.0100153
0.0111262
0.00434637
0.0034565
0.00179793
0.00324955
0.00346204
0.0154367
0.085388
0.00334333
0.191498
0.000641113
0.072854
0.0152829
0.0479953
0.025624
0.000828252
0.00718572
0.0550389
0.00115417
0.00368623
0.00507275
0.00130655
0.0651553
0.00187049
0.130284
0.00498961
0.059223
0.00461042
0.00873097
0.0789386
0.00784902
0.0120659
0.000895637
0.0057586
0.0123315
0.0678109
0.0189239
0.00684782
0.0212595
0.00322102
0.0185512
0.0270656
0.00658013
0.00109415
0.0722596
0.0127892
0.00889919
0.000132601
0.048954
0.0529351
0.0667269
0.0928282
0.00179325
0.000721546
0.000658462
0.0103063
0.00696733
0.000120129
0.0811593
0.0149071
0.00183378
0.0223266
0.00191126
0.00496615
0.0197663
0.00248949
0.00821303
0.170011
0.129361
0.001868
0.00228899
0.0502162
0.00289092
0.0844762
0.0975112
0.0501245
0.00206933
0.00910448
0.124046
0.013251
0.0016849
0.0121677
0.00301845
0.0713772
0.00365015
0.000999755
0.0129216
0.0332965
0.00400329
0.139117
0.011991
0.00208143
0.067346
0.0238029
0.000454954
0.0282642
0.126977
0.00730528
0.00583514
0.00129517
0.0342053
0.0183713
0.00115022
0
0.101781
0.0386318
0.0364578
0.00925591
0.108045
0.00288078
0.000493882
0.0144716
0.0904618
0.0450857
0.093707
0.0151162
0.00507159
0.00941531
0.0306279
0.136262
0.0755595
0.0102709
0.000444144
0.00146091
0.00117782
0.0208132
0.00226821
0.0215715
0.0227648
0.00668247
0.100272
0.00182424
0.00816294
0.0103229
0.0142727
0.0180213
0.0414758
0.0253627
0.00929373
0.0204618
0.00614233
0.19665
0.0826188
0.00030492
0.180284
0.108843
0.051889
0.0657035
0.000164266
0.00201391
0.0396828
0.00149387
0.0839291
0.0150644
0.00363879
0.00783209
0.0676673
0.0005472
0.00120247
0.00106491
0.00948303
0.0649563
0.000622199
0.0694363
0.0199563
0.00221776
0.00185886
0.00236665
0.000803098
0.00437104
0.00873281
0.0190455
0.0249522
0.0241042
0.00168421
0.0292771
0.207612
0.00914781
0.0123162
0.0105347
0.0131398
0.216805
0.0017072
0.00917241
0.164063
0.0379829
0.00517974
0.0057892
0.0471635
0.00217391
0.102011
0.0972168
0.0018302
0.0108799
0.0878251
0.0490914
0.00145969
0.166513
0.00126987
0.00884206
0.00179635
0.0383788
0.0234228
0.0833998
0.110451
0.207866
0.0525256
0.100381
0.0514755
0.000883739
0.00693991
0.000206296
0.0806131
0.108935
0.0193945
0.093967
0.167922
0.0075921
0.0135959
0.00401443
0.00676691
0.0449454
0.0150258
0.0314703
0.0165526
0.0253893
0.0456628
0.137774
0.142569
0.00575522
0.00405629
0.124092
0.00269083
0.026687
0.0163226
0.0167221
0.104658
0.00224242
0.0022376
0.042733
0.0738971
0.00776062
0.144324
0.00320796
0.00354843
0.00216602
0.105821
0.00436218
0.000580811
0.0117629
0.0358766
0.00649422
0.0183743
0.0135357
0.0261404
0.00274158
0.015083
0.0711078
0.00116516
3.58437e-005
0.0423302
0.0678647
0.0186401
0.000878343
0.0102549
0.119418
0.00766648
0.0113
0.116726
0.0125067
0.0115052
0.00181378
0.0159331
0.0067148
0.00315058
0.0453509
0.032248
0.0671966
0.0205289
0.00166415
0.0421995
0.00782205
0.0802769
0.00147935
0.0398531
0.00169882
0.00710509
0.0074326
0.000809226
0.0245754
0.000509419
0.00635006
0.0214031
0.0145372
0.0270165
0.0683965
0.071922
0.151407
0.000714958
0.00381929
0.00488842
0.098149
0.00272143
0.00145617
0.0460791
0.0525941
0.031963
0.0225268
0.082483
0.0657074
0.0139259
0.0232088
0.100523
0.00996003
0.000708765
0.0120763
0.0125295
0.0488079
0.0434684
0.0246022
0.0517392
0.123817
0.00159637
0.0431377
0.0481889
0.0364976
0.0628402
0.00337891
0.00528699
0.00124018
0.00240657
0.00226186
0.000855843
0.0130995
0.0688161
0.00782364
0.00241413
0.00214228
0.0470373
0.00356529
0.0266396
0.00134429
0.00379447
0.0566586
0.0382123
0.145133
0.137874
0.0470396
0.073788
0.00482741
0.0722649
0.0558541
0.0428864
0.0659314
0.0105605
0.0545814
0.0178259
0.0330863
0.0142792
0.000941591
0.000414245
9.05079e-005
0.0112068
0.0136656
0.0227163
0.00520417
0.00231565
0.00823614
0.00433816
0.0013367
0.00524234
0.0100364
0.124998
0.00217515
0.00438359
0.0121843
0.0143242
0.00110846
0.0636299
0.00174369
0.00523916
0.00137069
0.0111027
0.0177304
0.0183686
0.0729831
0.00155904
0.0904427
0.0227307
0.203122
0.152385
0.00203307
0.100355
0.0322191
0.0229421
0.046884
0.0212248
0.00109324
0.0126292
0.013247
0.0193695
0.00641002
0.0856844
0.0154548
0.179243
0.00500233
0.0321058
0.00524749
0.0188355
0.0579597
0.00226308
0.00201299
0.129396
0.178499
0.0114722
0.0141102
0.00262901
0.031541
0.0313914
0.00192315
0.014607
0.000700359
0.174873
0.00124247
0.0406462
0.0445593
0.00151035
0.00155362
0.00112273
0.0250977
0.0602091
0.0164564
0.0588525
0.023729
0.00287469
0.0166016
0.0112608
0.0238502
0.166763
0.00175187
0.0972758
0.130561
0.073034
0.00473217
0.00150776
0.00398271
0.0150543
0.00085004
0.00276745
0.0222152
0.00128023
0.0344866
0.00419955
0.00990331
0.00613294
0.0151319
0.00458093
0.00202802
0.00070652
0.00317649
0.00139264
0.0162498
0.0106332
0.0687053
0.0186363
0.0316837
0.00396011
0.104938
0.0957053
0.0401931
0.148777
0.0234384
0.0979316
0.0285231
0.0249871
0.0170058
0.0222195
0.109031
0.0365751
0.0943992
0.0101708
0.00992381
0.00170281
0.143373
0.0182914
0.0123826
0.000941995
0.00238382
0.00283286
0.0104511
0.0149833
0.000954766
0.00271576
0.00185762
0.00167103
0.0158416
0.00167598
0.00285177
0.00269024
0.094455
0.0622485
0.00312942
0.00324625
0.00164436
0.0321411
0.0668718
0.0350463
0.0263033
0.0606617
0.137865
0.00254213
0.000707446
0.00542348
0.0395224
0.0174059
0.0174058
0.000991825
0.00219641
0.00365243
0.00107057
0.00257176
0.126583
0.04934
0.00342963
0.00706606
0.0747023
0.0486777
0.00240417
0.00355305
0.0134144
0.00444852
0.174718
0.00186189
0.124324
0.0010245
0.232945
0.0302423
0.0111119
0.00562959
0.0146645
0.0608888
0.117971
0.0280947
0.0726649
0.0917263
0.0737069
0.00423617
0.0498197
0.0431506
0.110837
0.0700949
0.055859
0.223886
0.00112066
0.0116547
0.0701799
0.0573005
0.000673928
0.194473
0.00314008
0.00379871
0.00410175
0.00330183
0.141329
0.049379
0.00190999
0.154523
0.0790568
0.00133988
0.0645035
0.000947147
0.159661
0.0182469
0.0744831
0.0222007
0.100931
0.00413502
0.00369631
0.0182943
0.0304405
0.00153466
0.0848119
0.0852339
0.00128193
0.00500616
0.0166974
0.128683
0.0318561
0.0419507
0.000793622
0.0181771
0.0134452
0.0020061
0.0881726
0.082604
0.00286295
0.0270563
0.0756462
0.0630205
0.0924385
0.00286504
0.0035636
0.068149
0.00140733
0.00724925
0.000388441
0.000501704
0.00301844
0.00354363
0.00288529
0.0488565
0.0762337
0.00269301
0.150698
0.00805635
0.00708144
0.00104678
0.0173474
0.0722032
0.0520467
0.0904039
0.165624
0.00130319
0.0517219
0.000728976
0.0185877
0.00451565
0.00541867
0.00326924
0.0478249
0.0455688
0.0959828
0.031186
0.00224255
0.00257963
0.0013825
0.0168351
0.238242
0.0415067
0.0481809
0.0412137
0.0490621
0.0479357
0.0258867
0.053525
0.00739439
0.0326436
0.12228
0.0606475
0.125668
0.00307595
0.0558224
0.00937831
0.00581402
0.190379
0.0389987
0.0483595
0.149126
0.00840134
0.00258479
0.00181559
0.055204
0.00313243
0.00332887
0.00321869
0.00142591
0.027981
0.035565
0.0154493
0.0339636
0.0308841
0.0265056
0.145458
0.0081791
0.0357151
0.0217175
0.0127916
0.0266848
0.0533959
0.114949
0.137233
8.48501e-005
0.0496931
0.0025535
0.0061994
0.0314766
0.0426996
0.00485835
0.00326711
0.021115
0.000228634
0.102892
0.00626665
0.0787862
0.00477759
0.0056543
0.00478206
0.0045712
0.0133229
0.0853233
0.00138347
0.0357424
0.0014903
0.166674
0.00905213
0.0818118
0.0269218
0.0334555
0.00484033
0.193022
0.0679199
0.0563663
0.0173991
0.00312256
0.0378847
0.00247622
0.0236866
0.00258047
0.00469864
0.0274988
0.0703837
0.0430064
0.00290208
0.124017
0.0528572
0.0949031
0.0276791
0.00425998
0.0609693
0.0295975
0.00155947
0.00386763
0.0469527
0.00572265
0.0437203
0.00560885
0.0495254
0.0736148
0.00342291
0.00194088
0.0658362
0.0611648
0.00763761
0.00772593
0.0011699
0.00239064
0.00264279
0.0121904
0.00727173
0.00127206
0.00404752
0.00848764
0.0444118
0.0106546
0.00141252
0.074866
0.0594045
0.00671784
0.0821647
0.0525806
0.0644203
0.0757758
0.00109667
0.129079
0.00147442
0.0510517
0.00221313
0.0179281
0.00433651
0.0432535
0.019262
0.034591
0.0120791
0.00495639
0.0128698
0.00200776
0.00218274
0.0305022
0.0323206
0.0477983
0.0167955
0.000954463
0.0701009
0.00256353
0.000549365
0.00113649
0.00465818
0.00209088
0.000778064
0.176478
0.0946363
9.88972e-005
0.0751128
0.000880004
0.00132698
0.153064
0.065254
0.00566798
0.00433891
0.0328808
0.0256798
0.00882307
0.0060703
0.0297731
0.00492938
0.00129433
0.187107
0.0527402
0.00179863
0.00740368
0.177933
0.126241
0.00271516
0.0511209
0.00229049
0.00331582
0.0048738
0.106184
0.00101684
0.0741259
0.0016743
0.000462277
0.0795409
0.15994
0.00144797
0.0111183
0.132713
0.000337479
0.00245907
0.00803023
0.00173646
0.0870945
0.00125543
0.0508371
0.0123491
0.123354
0.00588854
0.0902723
0.00535233
0.00176014
0.00822234
0.000973686
0.09423
0.00525134
0.00772276
0.0077008
0.01199
0.0417037
0.00181466
0.0777095
0.0063341
0.00158857
0.0802368
0.0515009
0.0469569
0.124617
0.00150873
0.00976949
0.0339294
0.0423268
0.00112147
0.0159791
0.0083778
0.0159806
0.0151281
0.00723039
0.00581316
0.00298112
0.0340252
0.00461541
0.0847183
0.0936611
0.00488209
0.00645037
0.081656
0.0074291
0.0374553
0.0964285
0.00722895
0.0196857
0.00971473
0.0324488
0.0823095
0.0814638
0.00597722
0.0886899
0.0111427
0.00183959
0.137175
0.0765708
0.00154434
0.0022438
0.000867261
0.0021274
0.00795953
0.0109813
0.05263
0.00382443
0.0100172
0.0470736
0.000669498
0.135524
0.0796817
0.0573432
0.0573333
0.00231624
0.155382
0.00160418
0.0165589
0.00344126
0.0958073
0.177002
0.000650218
0.00907086
0.0617108
0.0705798
0.102579
0.0995134
0.000750774
0.00398943
0.00393706
0.00313085
0.00064206
0.0525151
0.00135042
0.038133
0.0934507
0.000584649
0.00678294
0.000342091
0.000551575
0.00599283
0.00822906
0.00251251
0.0926275
0.00140467
0.0101646
0.00449795
0.000552266
0.0491948
0.147181
0.076133
0.0120664
0.0332758
0.000708402
0.000846197
0.188798
0.0340451
0.00568788
0.00285717
0.00445679
0.00313407
0.0219479
0.0174807
0.0717094
0.028972
0.00125144
0.0246413
0.0244438
0.0338777
0.0228402
0.0252379
0.0147814
0.00615452
0.0348568
0.0356672
0.15521
0.00194746
0.0048813
0.0200381
0.0245816
0.000313561
0.00620878
0.00490621
0.000524082
0.0333492
0.0025475
0.00157114
0.016798
0.0370365
0.270146
0.1723
0.203082
0.0644558
0.0641645
0.232782
0.01102
0.00651565
0.00996216
0.0146728
0.00792187
0.00631741
0.104691
0.00280602
0.00160053
0.00225931
0.133364
0.00178119
0.0744285
0.0327994
0.000725427
0.0144655
0.0427789
0.000515628
0.023347
0.0165274
0.0192641
0.0154961
0.105859
0.00417387
0.00569371
0.0076389
0.0149431
0.0350978
0.030935
0.0830498
0.000928663
0.00285086
0.0597387
0.00191363
0.00213066
0.00346178
0.00503898
0.00112791
0.00950834
0.00301977
0.00301843
0.00122958
0.0277826
0.0842759
0.00285226
0.105935
0.223674
0.00696527
0.00462144
0.00278292
0.0710753
0.000411025
0.00123275
0.00524836
0.0876622
0.0145869
0.0728234
0.00806628
0.000521099
0.00716713
0.0279496
0.00214506
0.00540913
0.0028162
0.00851066
0.0270669
0.0403244
0.00699784
0.00745482
0.0273931
0.0023451
0.0602146
0.00241276
0.00140665
0.000571276
0.0182352
0.164101
0.120601
0.00571464
0.123446
0.296406
0.0569336
0.00335504
0.0500218
0.00190558
0.00593679
0.00190598
0.151858
0.0243519
0.00167795
0.00222676
0.00151328
0.00770281
0.103371
0.00452781
0.152573
0.133918
0.117148
0.0744177
0.00392329
0.00626647
0.093012
0.0140795
0.0344836
0.00626325
0.012596
0.0153178
0.0609137
0.000312719
0.037665
0.0767405
0.00851754
0.00230076
0.0668217
0.00576751
0.00189161
0.0018738
0.00596176
0.00230115
0.0445744
0.139155
0.0875611
0.103239
0.0464715
0.0138077
0.0173602
0.000179754
0.00351753
0.000312615
0.00057692
0.0449821
0.123775
0.00213323
0.00634729
0.00529683
0.156036
0.034212
0.0441123
0.105004
0.0047684
0.0129695
0.012818
0.0041339
0.0923005
0.0584426
0.071055
0.000417551
0.000364068
0.0609585
0.00291195
0.0375421
0.0100745
0.116831
0.0666437
0.00167736
0.00117058
0.00142628
0.00184636
0.00121049
0.00618016
0.0615753
0.00184199
0.065649
0.00334086
0.0235801
0.0582019
0.00385698
0.209266
0.00195748
0.103769
0.0253552
0.0362884
0.0439209
0.0404297
0.00346961
0.111439
0.034478
0.0853151
0.00159384
0.000774544
0.0109693
0.0176665
0.00473446
0.0169309
0.0582622
0.0138007
0.00106145
0.133368
0.00907457
0.047667
0.00683599
0.00163221
0.0113987
0.00123655
0.00214663
0.0359085
0.00146315
0.00140133
0.0132256
0.020571
0.024702
0.0049955
0.00085945
0.000775488
0.0110129
0.000300659
0.00844428
0.00256098
0.00129079
0.00199891
0.00739316
0.00163958
0.00461144
0.0170808
0.00360122
0.0232829
0.00384808
0.00162694
0.108769
0.0174391
0.00795649
0.00664271
0.331864
0.03367
0.0155018
0.0146993
0.0711151
0.00146708
0.00242022
0.00954012
0.0142082
0.000969726
0.00146415
0.170215
0.153949
0.000452121
0.00221493
0.022231
0.00240806
0.0226443
0.0652073
0.0305553
0.0317304
0.00015136
0.0569478
0.00107017
0.066921
0.00420613
0.060063
0.000452047
0.00756491
0.00149511
0.0541975
0.0607419
0.00308696
0.01246
0.0425047
0.00499426
0.0148886
0.00367277
0.00108786
0.00172451
0.00113773
0.00115263
0.00221242
0.027105
0.047355
0.000816867
0.00302136
0.0251133
0.00047349
0.170026
0.000985941
0.00132925
0.00256118
0.0779132
0.00600208
0.128553
0.00120631
0.0129311
0.00034451
0.000898378
0.0289624
0.00259364
0.00070671
0.00580037
0.161225
0.0934858
0.00258105
0.0252744
0.00870516
0.0209935
0.000473991
0.000915656
0.0151767
0.000389737
0.00522695
0.142219
0.000925715
0.109359
0.0437304
0.0092612
0.0103784
0.144488
0.00166746
0.103833
0.0137319
0.00392702
0.00191687
0.0197681
0.00203668
0.000376731
0.0365828
0.00836242
0.104633
0.0399293
0.0467339
0.128814
0.0519544
0.0253992
0.00232734
0.00146393
0.000538996
0.038448
0.00136196
0.298201
0.174016
0.00142471
0.119741
0.00529872
0.00421155
0.0398204
0.0349056
0.0268276
0.00988708
0.00443799
0.00987891
0.00849076
0.0107605
0.056273
0.0026997
0.0299513
0.00162604
0.0153139
0.093555
0.0423606
0.168974
0.0127915
0.015717
0.073862
0.0928184
0.0249311
0.0748761
0.0427318
0.00284426
0.109455
0.00477759
0.03126
0.0030417
0.0795523
0.00269675
0.00356701
0.00205394
0.118777
0.00102174
0.00127322
0.0394756
0.0696655
0.0433677
0.0927839
0.0325301
0.0336173
0.0368007
0.0744775
0.123972
0.0921211
0.0275106
0.00645063
0.0557631
0.0399745
0.00966927
0.0106047
0.00323084
0.0029583
0.0381135
0.0247801
0.0031159
0.111564
0.0205183
0.0509836
0.00476821
0.00140707
0.00541062
0.0268276
0.0335926
0.0191512
0.0362644
0.00409277
0.0117105
0.278582
0.170033
0.0423384
0.127252
0.0726702
0.0546151
0.173975
0.0553384
0.000469754
0.0901994
0.00228168
0.0102927
0.0899498
0.19343
0.037676
0.0990769
0.0121725
0.0640522
0.0213617
0.0162094
0.01331
0.0198941
0.0228475
0.0109181
0.00627403
0.00916053
0.0022772
0.0148515
0.00747347
0.0053186
0.00251433
3.31269e-005
0.124998
0.0714266
0
0
0
0
0.00253529
0.0071499
0.00641549
0.00227123
0.000758872
0.119477
0.0016303
0.0067497
0.00173945
0.0034017
0.00233133
0.000953825
0.00537881
0.00132742
0.000754814
0.00211666
0.00393073
0.000436407
0.0051818
0.00179679
0.00395693
0.00600256
0.00516108
0.00516986
0.00181372
0.00228172
0.00267927
0.00285833
0.00268654
