7400
0.0042324
0.000676481
0.00130843
1.02381e-006
0.00354767
0.00132787
0
0
0.00332203
0.00109903
0.00775223
0.00651289
0.00024951
0
4.71814e-005
0.00468557
0.00658299
5.93363e-006
0.000283369
0.00151217
0.0012417
0.00395349
0.000729088
0.00265337
0
0
0.00334143
0.00248293
0.00141153
0
0.00306408
1.30628e-005
0
0.00624467
0
0.000926079
0.00588147
0.00145548
0
0.00534674
0.0022664
0
0
0
0.000360421
0.00444741
0
0.00225329
0
0
5.3149e-006
0.00367364
2.94339e-005
0.00158913
7.6594e-009
0.0296087
0.00295959
0.000130896
0
0.000328383
6.08844e-005
0.00552778
8.24574e-009
0
0.00375334
0.00507221
0.000834384
0.00802984
0.00272699
0.00430944
0
0.00030166
0.00156521
0.000211977
8.33007e-010
0.00442238
0.00134338
0
0.00491565
0
0
3.86874e-005
0.000265107
0.00324999
-1.86844e-009
0
0.00197732
0.000513583
0.000183033
1.03139e-009
0.000214615
0.00185794
0.000252916
0.000100867
0.00277364
0.000641646
0.000541754
0.000608938
9.85075e-005
0.000844504
0.00122022
0.000294696
0.00124816
0.00231089
0.00196545
0
0.00368932
0
0.00319707
0
4.0926e-005
0.00352575
7.79258e-005
0.00312953
0.000489598
0
0.00282059
0.00250128
0.00137351
0.000699923
0.00136122
6.12207e-009
0
0.000963363
0
0.13893
0
0
0.00668804
0.0026528
0.00266775
0.002989
7.15501e-005
0.000405154
0
0.00382879
0.00218122
0
0.00280354
0.00166797
0.00124336
0.00107581
0.00218002
0.00236508
0.00208482
0.024802
3.28493e-005
0.00162534
0
0.00229667
0.00436851
0.00120805
0.0041537
5.00946e-005
0.00145912
0.00585389
0.00291241
0
0.0064913
0.00801897
0.000221173
0.0062206
0.0015241
0.000484024
0.00098274
0.000619635
0.00888548
0.00530821
0.00102126
0.00120281
0.00134452
0
0.000621968
-1.07604e-008
0.00127568
0
0
0.00128338
0
0.00173533
0
0.00443849
0.00297269
0
0.00226459
0.00221259
-1.63004e-009
0.0243323
0.00145072
0.00268587
5.65483e-005
0.00107021
0.00207606
0.0142372
0
0.0012317
0
0
0
-3.88633e-010
1.77949e-005
0.000305539
0
7.37175e-005
0.00439746
0
0.000934273
0.00173458
0.00329009
0.000395948
0.00171437
0.00231451
0.00310027
0.011179
0.00100643
0.00162346
5.49339e-005
0.00176173
0.00306383
0.000142732
0
0.00214167
0.00455242
1.32961e-006
0
0.00895702
0
0.000231124
0.000279782
0.000915618
0.00205984
0.00336036
0
0.000934416
0.000916298
7.37173e-005
0.000886615
0.0012329
0.00116649
0
0.00325181
0.00601353
0.00176412
0.0152666
0.00026538
1.30137e-005
0.00289561
0.00820073
0.0285914
1.23049e-010
0.00597975
0.00170897
0.00515159
0.00281769
0.00271991
0.00360967
0.000810483
0.00534309
0.000361977
0.00617753
0.0195026
0.00207581
0.00102467
0
0
0.00569551
0
0.00224893
0.00456685
0.00199604
0.000477465
0.000844251
0.00155533
4.64198e-005
0.000710378
0.000289211
0.00527211
2.42229e-005
0.00103818
0.00113949
0.000699687
0.00239042
0.000970082
0.000924943
0.00289564
0.0092229
0.00333457
0
0.00223907
0.00764815
0.00117725
0.00507424
0.00289578
0.00164219
-8.58502e-009
0.00427049
0
0
0
0.00285627
0
0.00302372
0.00112724
0.0056091
0.00160923
0.0030101
-9.50369e-009
0.00199728
0.00181196
0.00157652
0.0034565
0.00116611
0.000170644
0.00102939
0
0
0.00187112
0.00225699
0.000299907
0
0.00194682
0.0045876
0.000434815
0.00132148
-7.02735e-009
0.00137863
0.00155341
0.00107986
0.0146009
0.0203333
0.00180613
0.00111099
0.00777902
0
0.00279527
0.000766902
0.00911592
0.00202535
0.000558836
4.3817e-006
0.00149085
0.00320028
0.000752756
0.0019556
0
0
0.00158593
0
0.000519546
0.0237846
6.41435e-005
0.00130254
0.0012564
0.00272033
0.000690098
0.00190353
0.00484958
0.00820188
0
0.00128422
0.00674801
0
0.000406143
1.09371e-010
0.00113852
0.0054943
0.00492685
0.000944775
0
0.000795484
0.0011675
0.00109905
0.00156331
0.00464162
0
6.68539e-005
0.00146894
0.000375968
0
0.00109201
0
0.00121643
0.00217495
0.00169675
0.00389412
0.00342568
0.00185927
0.0012566
0.0435626
0.0013727
0.000371987
0.00452334
0.00596008
0.0019909
0.0014309
0.00104738
0.00207502
0.0126253
0.00179542
0.000407558
0.00289674
0.000144159
0.00153682
0
0
0.0538742
0.00154555
0.00627425
1.32933e-006
0.0021661
0.00202796
0.00199033
0.000928316
0.000512457
0.00279589
0.00416035
0.00233764
0
0.00216625
0.00151703
0.00255757
0.00300937
0.00163616
0.00262513
0.00395522
0.00179458
0
0
0.00382159
0.000853465
0.0013901
0.00166833
0.000739987
0.00137523
0
0.000697336
0.00391696
0
0
0.00101491
0
0.000174346
6.11384e-006
0.00430566
0.00151016
0.000830795
0.00338371
0.00137754
0.00180467
0.00125891
0.00112859
0
0.00185633
4.84992e-005
0.00321963
0.00493612
0.000465083
5.62464e-005
0.00444036
0
0.00303864
0.00148163
0
0.00636597
0.00118966
0.000234438
0.000916925
0.00187143
0.00162094
0
7.09467e-009
3.20094e-005
0.00284913
0.00909144
0.00140508
0.0010731
0.00110449
0.00199391
3.54555e-005
0.00404345
0.00205997
0.00332749
0.00603502
0
0.00351456
0.00351488
0
7.82324e-005
0.00149915
0.00414642
0.00305356
0.00930474
0.00125423
0.00241494
0.00266712
6.67897e-008
0.00225071
0.000548125
0
0.00452923
0.0203308
0.000774626
0.00807329
0.00739449
0.000651847
0
0.00160666
0.011356
0.00257573
0.00315747
0.00335802
0
0.000764582
0.000327404
0.00120739
2.48175e-005
0.00171821
0.0244149
0.000557064
0.00448908
0.00204628
0
0.00228719
1.56382e-005
0
0.00196117
0.00377635
0.00591368
3.054e-005
0.00431035
0.00520836
0.0534893
0.0278065
0.00469221
7.5969e-005
0.00241127
0.00621001
0.00115533
0.00084765
0.00057463
0.000539752
0
0.00291578
6.19893e-005
2.92679e-007
0.00099921
0.00310065
0.00509683
0.00129755
0.0341112
0
0.00277638
0.00217255
0
0.001302
0.00157019
0.0007285
0.000266138
0.0019559
0.00704607
0.0039696
0.00422569
5.02219e-005
0.000953207
0.0391017
0
0.00302968
0.000394154
0.00237092
0.00490312
0.00150149
0.000995257
0.000982847
0.00019668
0.00366435
0.000122229
0.00211179
0.000817915
0.00090775
6.49669e-005
0
0.00116873
7.34744e-006
0.000326837
0.000719142
0
0.0118312
0.000463968
0.00306003
-7.36529e-009
0.00225023
0.000707192
0.000134401
0.00553775
0.00259963
0
0.000993277
0.000811977
-4.22338e-009
0
0.00234101
0.00111143
0.000983486
0.00109383
0.00271778
0
0
0
0.00173805
0.000950493
0
0.000615047
0.00278263
0.0577934
-7.38855e-009
0.00224161
0.00060383
0
0.00352068
0.000849768
0
0.036801
0.0416763
0.00129146
0.000675701
0.0027321
0.00146827
0.00201639
0.00175062
0.00768521
0.00435121
0.00202426
0.00112248
6.27604e-008
0.00157708
0
0.00446946
0.00137092
0.00176731
0
0
0.000168826
0.00378121
0.00299116
0.00479309
0.00249954
0.00568983
7.78155e-009
0.000188591
0
0.0019133
0.00013086
0.00416007
0.000325262
0.000749399
0.000995448
0.00219054
0.00171334
0.00182518
0.00372994
0
0.00426723
0.00295701
0.000292902
0.00136293
0.00136194
9.0551e-006
1.19993e-005
0.00266899
0.00415935
0.00248315
0.00138131
0.00107919
0.000916297
0.00225737
0.00145379
0
0.000786507
0.00298718
0.00148132
0.0026472
0.000303927
0.0014875
0.000315195
5.56047e-005
0.00314538
0.000916896
0.00228032
1.24148e-005
0.00274828
0.00409697
0.0132658
0.00176553
0.00127615
0.000453808
0.00340381
0.00112364
0.00374136
0.000908007
0.0008101
0.0021022
0.00422659
0.00131127
0.00232397
0.0137032
0
0.00104013
0.0093666
0.0015079
0.00822622
0.00138489
0.00526353
0.00674222
0.00186452
0.00552012
0.00343971
0.00374273
0.00250548
0.000836107
0.000644963
0.00437487
0.00470474
0.00402192
0.000168592
4.69373e-006
0.00237454
0.0042969
0.00631629
0.0030643
0.000889844
0.00961822
0.00241852
0.00811148
0.000704236
0.00433213
0.00214208
0.0404438
0.00275034
0.00162061
0
0
0.019124
0.00537866
0.000670176
0.00108689
0.00229351
0.0818721
0.000794136
0.00551204
0.0063772
0.000864299
0.00174581
0.00153791
0.00753782
0
0
0
0.00220391
0.000289423
0.00157427
0.000595763
0.0516334
0.000645468
0.111119
0.00161618
0.0054453
0.00136505
0.00180874
0
0
0.0026472
0
0.000643313
0.000402866
0
0.00122785
0
0.00909925
0.000101605
0.000343851
0
0.00197311
0.00488292
0.0003342
0.000673886
0
0
0
0.00155827
0.00120159
0.00138728
0
0.00296708
0.0141148
0.000118743
0.00049777
0.00206597
3.34964e-005
0.00193972
0.00153151
0.000896553
0.00255527
0
0.0006247
0.00134764
0.000270004
0.000538382
0.00507109
0.00166682
0.0066994
0.00237373
2.10658e-006
0.000549628
0.00514412
0.00307022
0
0.00295024
0.00199283
0.00123748
0.00314031
0.000730748
0.000516945
0.00591183
0.000408644
0
0.00188988
0.000706506
0.00176996
0.00115281
5.88985e-005
0.00148106
0.00326702
0
0.00120268
0.00327125
0.00279303
0.000337597
0.00118831
0.00167208
0.00275298
0.00140467
0.00713407
0.00749782
0.00584682
0.000818613
0.000995056
2.12584e-005
0
0
0
0.00255782
0.00475318
0.00292128
0.002601
0.00434952
0.00141567
0.00543103
0
0.00335131
0.000599373
0.0024327
0
0.00955871
0.000966786
0
0
0.0588311
0.0487645
0.00511444
0.00202941
0.00111619
0.00194623
0.00170654
0.00199078
0.00152052
0.0003394
0.00855802
0.00051722
0.00360036
0.000835187
0.00125005
0.01148
0
0.00197434
0.00439308
0.00138912
0.00626948
0.00837517
0
0
0.00331573
0.00122457
6.16812e-009
6.86963e-009
0.000581676
0
0.00576545
0.025512
0.00174912
0.00250846
0.0261217
0.000541913
0.00166571
0.000581098
0.000381301
0.00135213
7.89113e-005
0.00129682
0.00124263
0.000845964
0.114237
0.000871536
0.00132856
0.000147794
0.00105798
0.00211567
0.00435182
0
0.000446111
0.00593362
0.0008995
-6.04307e-010
0.00308811
0.00148566
0
0
0.000819522
0.000184382
0.00131348
0.000567248
0
0
0.00350223
0.000627981
4.47528e-005
0.00211789
0.00190468
0.00133306
0
0
0.00244419
0.0035206
0.00121162
1.42454e-006
0.0028913
0.001204
0.00323539
0.00102657
0
0.00220375
0.000673886
0.00262203
0.000523703
0.00174898
0.00431579
0.0040757
0.00376679
0.000232455
0.00249857
0.00337411
0.00138493
0
0
0.0022273
0.00130597
0.00122821
0.00103107
0.000689149
0.00175499
0.00196384
0.00233561
0.0120248
0.00663885
0
0.000176501
0.00292493
0.00831156
0.00145392
0.00476502
0.00383342
0.000362135
0.00566992
0.00141878
0.00298725
0.00457764
-1.14683e-008
0
8.63905e-009
0.00234566
0.00284583
0.00281547
0.00129471
0.0116475
0.00133497
9.35929e-009
0.00930114
0.0108733
0.000710769
0.000932179
0.00244581
0.00403401
0.00562753
2.99037e-005
0.000417442
0.00330325
0.000899686
0.0010112
0.00125392
0.00358866
0.000832381
0.00175625
9.24614e-005
0.00200584
0.00339126
0.00108406
0.00517706
7.10123e-006
0.00511549
0
0
0.000799014
0.00891528
0.00351956
0.00196847
0.0138706
0
0.0171463
0.000492212
0.000588534
0.0290519
0.000870682
0.00116257
3.03861e-009
0.0049431
0.000828193
0.0172207
0.0207348
0.00395635
0.00394821
0.00330003
0.000101418
0
0.00448828
0.00329284
0.00680171
0.00286515
0.00096417
0.00259307
0.029592
0.000637676
0.00470273
0
0.00233208
0.000137907
-8.18408e-009
0.0013107
0
7.93769e-009
0
0.00657018
0
0.00111921
0.00168224
0.000245963
0.00194801
0.0018069
0.00271865
0.00698145
0.00226713
0.0025246
0.0222598
0.00350323
0.00554472
0.0132099
0.0121904
0.00186075
0.0011213
0.00192297
0.0349635
6.8268e-006
0.00200244
0.0017553
0.000301531
0.00518776
0
0.00284561
0.00350476
0.00566592
0.00442618
5.38029e-006
0.00290399
0.000920974
0.000702186
0
0.00155345
0.00231051
0.01309
0.00112578
0.00146493
0
0.00544538
0.00107108
0.00306149
0
0.00326168
0.0192593
7.77079e-005
0.00414662
0.00309252
0.00175558
0.00122062
0.000308514
0.00205298
0.00190479
0.00198835
0.00639853
0
0.00695578
4.04738e-005
0.00334345
0.00183735
0.00107102
0.000970834
0.00122397
0.00484591
0.00109713
2.82543e-006
0.00171834
0.00124643
0.00310238
0
0.0379819
0.00185701
0.0133796
0.00492872
0.00205994
1.81688e-005
0
0.000945529
0.00112346
0.00548837
0.0022581
0.000268184
0.000187139
0.000940588
0.00233153
2.62107e-005
0
0
0.00468949
0.00240802
0.00423122
0.0045724
0.000965978
0.00181542
1.39539e-006
6.45651e-005
0.00530178
0
0.00335095
0.0533852
0.0574656
0.000822149
0.00488728
0.0143803
0.00398254
0.0179671
0.0109782
0.00685311
0.000442353
0.000834519
0.00122215
0.00180534
0.00200547
0.0029207
0.000685161
0.00476686
0.00054047
0.00624215
0.00066912
0.00106525
0.0220557
0.000516945
0
0
0.00167752
0
0
0.00159279
0.00024415
7.57676e-009
0.00737308
0.0516277
0.0490565
0
0
0.00119506
0
0.00393393
0.00409747
0
0.00564472
0.00420855
6.69072e-006
0.0082009
0.00815195
0.00128789
0.0106966
0.00221704
0.0126984
0
0.00126096
0.00170453
0.00349146
0.00252749
2.30642e-005
0.00421935
0.0118144
0.0050766
0.00109781
0.000390563
1.57384e-010
3.20978e-005
0.00174196
0.00952069
0.00340905
0.0284559
0.0205016
0.00358534
0.00754357
0.00311844
0
0.00555801
0.0137709
0.00276895
0.000605872
0.000483081
0.0046175
-2.86163e-009
0
0.000951667
0.00182626
2.24193e-005
0.00150382
0
0
0.00102199
0.0128587
0.0354977
2.12546e-005
0.00416233
0.00775345
0
0.00306109
0.00105507
0.000865574
0.00132637
1.15872e-009
0.00352124
0.00461951
0.00464616
0.000452906
0.000491921
0.0475236
0.00116481
0.0121097
0.0264231
0.000100407
0
0
7.77481e-005
0.00508947
0.00143869
0.0119529
0
0.00393446
0.00103137
0.00333334
0
0.00219864
0.0081323
0.00626083
0.0145536
0
0.00284766
0.0363055
0.00918376
0.0012566
0
0.000537056
0.00144685
0.000613833
0.00279034
0.00418925
0
0
0
0.0116097
0.00686238
0.00594893
0.00165647
0.000655249
0.000670465
0.00232121
0.0242866
0.00479349
0
0.00608986
-9.17561e-010
0.000196009
0.00680129
0.00652435
0.0564997
0.000359269
0
0.000698935
0.00390418
0.00236826
0.0011818
0.00260067
0.00579771
0
0.00209831
0.00754442
0.00694137
0
0
4.76248e-005
0.000396313
0
0.00337834
0.0249754
0.000969116
0.00485839
0
0.00242763
0
0.00293217
0.00546599
0.00258054
0.00257456
0.00227036
0.00351766
0.00201705
0.00708519
0.000654521
0.000500814
0.00122978
0.00161143
0.000965009
0
0.00230793
0
0.000552392
0.00134215
0.00285457
0.00320344
0.000189163
0.000658364
0.00805188
0.00216531
0.000464692
0.0133118
5.79663e-009
0.00120724
0.00386163
0.00265335
0.0017536
3.05763e-006
0.0028619
0.0037971
0.000276927
0
0.00340217
0.00549894
0.00445274
4.50244e-005
0.0113959
0
0.00292252
0.00121575
0
9.58293e-006
0.000196086
0.0050857
0.00143495
0.000596002
0.187863
0
0.00192982
0.00305665
0.00547582
0.00882797
0.0215614
0.00647499
0.00195564
0.00366429
0
0.00355261
0.00702562
0
0.00390514
0.00689001
0.000466584
0.00812041
0
0.00463455
0.00248586
0.00631432
0
0.00159162
0.00117685
0.00295623
0.000613375
0.00161597
0.00135934
0.00613334
0.00153891
0.00576031
0.0508578
0
1.3195e-005
0.00292246
0.00161068
0.0010386
-6.01292e-009
0.00164862
0.0131682
1.76643e-006
0.0171899
1.18496e-005
0.00041076
0.0105119
0.000188119
0.0092208
0.00336262
0.00125494
0.00372933
5.97494e-007
0
0.00802794
0.00254949
0.00079167
0.00280618
3.55365e-006
0.0181671
0.00261673
0.00116031
0.00123863
0.00741434
0.00350526
0.00271374
0.00429957
0.00527496
0.00114043
0.00794762
0.000367811
0.00461544
0.00150271
0.000974774
0.000652435
0.00300576
0.000292439
9.3217e-006
0.0382981
0.0141905
0.000834416
0.00145238
0.000134572
0.000782508
0.00914865
1.3889e-005
0.000705336
6.08232e-009
0.00456369
0
0.00432806
0.00171678
0.00132533
0.000107825
7.33557e-006
0.0106581
0.00368172
0.000933393
0.00268574
0.00296562
0.00418097
0.000602301
0
0
0.00356225
0.00144767
0.000868591
0.000143186
0.00448045
0.00262302
0.00266297
0.00650254
0.00160764
0.0014739
0.000864912
0.00230178
0.00306294
0.00264691
0.00335626
0
0
0.000779681
0.0176371
0.000306349
0.00256836
0.00296824
0.00225996
0.00625078
0.00277375
0.00334737
0.00336308
0.00120359
0.00208617
0.00220216
0.000679774
0.00731091
0.00532968
0.00567385
0.000534458
0.0303875
0.00098982
0.00360712
0.000661295
0.0039156
0.00237021
0.0393233
0.00182729
0.00473046
0.00414433
0.00616958
0.00300199
0.000516135
0.000663986
0.00382868
3.407e-006
0.00668327
0
0.00134965
0.000407987
0.000662708
0.000790406
0.0116604
0.00033315
0.000962756
0.00180448
0.00345502
0.00706241
0.00149722
0
0.00102856
0.000104676
0.000699724
3.9088e-005
0.00684171
0.00272237
0.00799665
0.00368266
0.000713777
0.00119916
0.000533432
0.0211516
0
0.000462775
0.00332992
0.00949762
0.00296351
0.0334969
0.017867
0
0.000596455
0.00511255
0.00100073
0
0.0121768
0.00242322
1.65889e-005
0.00322806
0.000446968
0.000662358
-1.27289e-010
0.00033684
0.000354288
0.000376896
0.000522542
0.00168235
0.00291892
0
1.14691e-005
9.32561e-006
0.00051452
0.00380651
0.00908083
0.000871997
9.65335e-009
0.00695749
0.000839966
0.0216259
0.0028201
0.00478261
0
0.000793596
0.000861468
0.00152736
0
0
0.00212274
0.00143841
0.00515324
0.00908689
0.0014973
0.00221792
0.00170638
0.00407437
0.000769578
0.00259555
6.43695e-005
0.000178747
0.00166637
0.00409068
0.003809
8.51752e-005
-7.26435e-009
0
0.00357822
0.00437979
0.00294068
0.00957736
0
0.00398458
0.00335651
0.0103802
0.00109632
0.00209377
0.0181296
0.000193112
0.00141437
0.00063027
0.000409053
0.000483795
0.00128129
0.00195623
0.00242426
0.00153555
0.00103246
0.00110266
4.63841e-005
0
0.00362246
0.00248542
0.000577715
0
0.000390953
8.92968e-005
0.000102768
0.0106866
0.00015407
0.0051967
0.000515126
0.00130051
0.00509347
0.00144704
0.00114848
0
0.00133452
0.0130867
0.00033049
0.00778447
0.000170186
0.00102436
0.00129624
0
0.0017645
0.00013481
0.00227401
0.000825757
0.000921162
0.00633013
0.00232246
0
0.000239863
0.000563816
0.000558587
0.00153338
0.0012622
0.0163476
0.00179773
0.0106598
0.0218424
0
0.0012922
0.000146932
0.0027637
0
1.36711e-005
0.00149584
-6.19959e-009
0.000386301
0.000237451
0.000907647
4.56915e-005
0.000677065
0.000364698
2.93022e-006
0.00414
0.000536858
0
0.000436891
0.000769094
0.000341962
0.00161974
0
0.00389194
0.00485071
0.00196822
0.00379439
0.00418625
2.56469e-007
0.00060253
0.00075832
-6.89436e-009
0.00224669
0
0.00484171
0
0.000136105
4.03611e-006
0.00146673
0.000590347
0.00015885
0.00461667
0
0.054907
0.00838302
0.00928066
0
0.00132331
0
0.00395693
0.00432595
0.00432471
0.0177778
8.81007e-005
0.00230771
0.00231469
0.00332337
0.00537169
0.0138301
0.0160981
0.0594197
0.00123093
0.00916477
0.000878497
0.00123679
0.0371791
0.00013956
-8.8531e-009
4.11478e-009
7.48499e-005
0.00256518
0
0.00201536
0.000467977
0.00203705
0.000149906
-2.42003e-009
-3.8661e-009
0.000477176
0
0
0.000456284
1.57612e-005
0.000903426
0
0.0260985
0
0.00402486
0.000720857
0.00437591
0.00161592
0
0.0009465
0.00107535
6.24089e-005
0.00433863
0.00858303
1.04918e-008
0.0113138
0.00641439
0.00206068
0.000703178
0.00313792
0.000305537
0.00219069
0.000639943
0.00355477
3.51243e-006
0.00622117
0
0.00164089
0
0.00310012
0.000355398
0
0.00157969
0.000566225
0
0.000824463
1.83589e-010
0.00170696
0.00898332
6.62661e-010
0.00103611
0
-1.33939e-008
0
0.00096622
0.00608741
0.000968679
0.00115178
0.00181546
0.00496161
0
0.00105025
0.00131532
0.00355151
0.100659
0.00348406
0.00442147
0
0.000254137
0.00732132
0.00052602
0
0.00225939
0.000176483
0.00166313
0.000944926
0.00248255
0.000606376
0.00617926
0.00150762
0
0.00154567
0.00272498
0.05023
0.0129968
0.000757635
0.00793224
0.0125136
0.000857235
0.000749522
0.000247697
0.00163403
0.00304184
0.000236895
0.000183657
0.000836031
0.00157171
0.0051858
0.000381568
0.000804715
0.0005626
0.00020029
0.000522489
0.012989
0.00543429
0.000481855
0.00569742
0.00132907
7.07199e-005
0.000952946
8.76845e-005
0
0.00701449
0.00656342
0.00302745
0
0.000131861
0.000600079
0.000335896
0
0.0123725
0.0013523
0.00156426
0.00321311
0.00344732
0.00266725
0.0064348
0.000990175
0
-6.07961e-010
0.00070159
0.00105965
0.000475155
0.000773784
0.000237167
0.00787328
0.0015272
0.0101888
3.20369e-009
0.000634503
3.19453e-009
0.00114251
8.89217e-005
0.00216505
0.00126307
4.19134e-005
3.27705e-011
0.00157869
0.00206303
0.000846856
0
0.00193526
0.000896401
0.0310473
0.00693664
0.00700611
0
0.00348951
0.000776435
0.00127008
0.00156818
0.000616149
0.000583349
0.000175963
0.000655992
0.0656226
0.000908326
0.00233092
0.00109323
0.000627453
0.000830027
0.00411927
6.24872e-005
0.0100594
0.0102645
0.00103414
0.00334303
0
0.00119158
0.00658307
0.00193756
0
0.00101497
0.00134269
0.00479868
0.000512926
0.00993238
0.000613827
0.00367373
9.44865e-005
0.00187994
0.00171127
0.00197697
0.0252928
0.000806223
0.00231864
0.00388708
0.000681573
0.00537851
0.000324611
0
-8.92377e-009
0
0.000708628
0.00280802
0.000755868
0
0
0.00197845
0.073272
0.00505351
0.00340822
0.00185006
0.00495769
0.00135513
0.00521898
0.00269058
2.41728e-006
0
6.46788e-005
0.00157755
0.00344833
0.00110244
0.000262233
2.49775e-008
0.000860386
0.00360841
0
0.000954421
5.07927e-005
0.00342293
0.00105012
0.00110039
0.000553167
0.000672191
0.000191878
0.000970134
0.00102074
0.00281554
0.00186786
0
0.00348074
0.00314902
0.00351255
0.000745448
0.00307462
0.00132608
0.00458371
0.00570954
0.0080482
0
0.000496956
0
0.00629814
0.00344127
0.000439037
0.00263919
0.00867491
0.0391629
0.000758607
0.00142201
0.00366899
0.00742858
0.00952045
0.000707423
0.012989
0.00629308
0.00230947
0.0233417
0.0352189
0.00263024
0.0025725
0.00177555
0.000105981
0
7.466e-006
0.00024954
0.0368403
0.000278525
0.0296223
0.000444725
0.000671429
0.00321863
0.00165233
0.0101541
0.00040597
0.000596319
0.00260731
0
0.000318695
0.0159034
0.00757373
0.00373331
0.00437265
0
0
0.00189133
0.0108329
-6.38299e-009
0.00114617
0.00230406
0
1.00245e-005
0.0182503
0.000123884
0.00129374
0.0106146
0.0132361
0.00545568
0
0
0.00934527
0.0018014
0.000916879
3.11482e-005
0
0.00258999
0.00132789
0.000642343
1.0969e-005
0
0.00419615
7.27628e-005
0.000417409
0
8.88986e-009
5.79538e-006
0.00244297
0.00455886
0.00231696
0.000783271
0.00261116
0.00221635
0.000111641
0.00636237
0.000567421
0.0719246
0.00123088
0.00193557
0.000274801
9.77147e-006
0.000672176
0.000648781
0.000898983
0.00266402
0.0010581
0.00115597
0.000540655
0.00577344
0.00125629
0.00183813
0.000825666
0.0203667
0.000690972
0.0465178
0.0024173
0.000178657
0.000521045
0
0.0100259
0.00314949
0.00321532
-6.83595e-009
0.00158849
0.00118837
0.000233562
0.00188168
0.00460809
0.000340152
0.0223095
0.000115625
0.0195212
0.00380017
0.00261852
0.00471114
1.4051e-005
0.0059804
0.0191831
0.0197194
0.0310283
0.00176774
2.37995e-006
0.00217104
0.00141785
0.020042
0.00350179
3.16369e-005
0
0.019692
0.00773851
0.000566204
0.00354246
0.0785344
0.00283385
0.00390517
6.1885e-005
0.00104594
0
0.000238263
0
0.0029059
0.00261139
0.00577399
0.00129977
6.55444e-011
0.00186302
0.00674144
0.0010892
0.000662525
0.00923552
0.00549709
0.00764371
0.0190906
0.0276395
0.00747163
0.000950649
8.91834e-005
0.00168025
0.00319141
0.000802105
1.1628e-009
0
0.00178737
0.00278838
8.98457e-005
0.00129015
0.00276372
0
0.00405635
0.00185576
0.00582806
2.31097e-006
1.83649e-005
4.86011e-005
7.47065e-006
0.00624586
0.00397806
0
0
0.0410655
7.34467e-005
0.00152102
0.00123012
0.00523754
-8.80838e-009
0.00722523
0.00124489
0.00449698
0.0140135
0.00980353
0.146226
0.0130031
7.31059e-005
0.000676164
0.000357195
0.00219336
0
0.00467723
0.00755586
0
0.000504479
0.00468722
0.016924
0.000393277
0.00554502
0.00151096
0.00255365
0.00026822
0.000983162
7.62718e-005
0.00115791
0.00185157
0.0124379
6.56378e-005
0.00593934
1.83055e-006
0.00140029
3.4538e-005
0.0030116
0.0014151
0.000474311
0.00331703
2.67858e-009
0
2.32611e-005
0.000670025
0.00034577
0
0.00416655
0.000592132
0
6.18784e-007
0.000637197
0.00165165
0.00343397
0.00113148
0.00653204
0.0232879
0.00258273
4.97024e-005
0.00860795
0.000522372
0.00412329
0.00937194
0
0.00137528
0.00843365
0.0111881
0
9.45778e-005
0
0.000261281
0.000105732
0.000568757
0.0116101
0.000490047
-6.57139e-009
0.0030668
0.000114691
0.000336483
0.00152764
0.000734638
0.00482022
0.00100988
0.00122074
0.00230628
0.00357617
0.00537767
0
0.000805685
0.00203422
0.000107657
0
7.78561e-006
0.00778111
4.1172e-005
0.000529787
0.00171367
0.0127013
0.000831034
0.000630137
0.00253563
0.00072599
0.00353221
0.00380354
0.00084029
0.00382355
0.00314875
0.0111502
0.000415135
-1.04814e-009
0
0.0027564
0.0127123
0.0174262
0
0.00671521
0.00162972
0.00057951
0.000685501
0.00113741
0.00876582
0
0.00151291
0.00675398
0.000507392
0
0.00938752
0.00689188
0.00142271
0.00864197
0.000155751
0.00114033
0.00058918
0.00653731
0.0262948
0.000776679
0.00117549
0.00262145
0.000485386
0.000566673
0.000233859
0.000200683
0.0016952
0.00224124
0.016503
0.033897
0.0032196
0.000728444
0.00022093
0.024721
0.00099297
0
0.00838234
0.00572783
0.00111889
1.17529e-006
0.00210078
0.0311733
0.00210889
0.000967962
0.000799992
0.000170083
0.00538144
0.00152557
0.000646468
6.56464e-005
0.00877245
0.000246903
0.00116537
0.0506988
0.00224546
0.000687375
3.05708e-005
0.000515417
0.00144372
0.000172193
0.0524139
0.0330867
0.00249421
0.00657613
0.00156144
0.00591413
0
0.0126617
0.000341916
2.87594e-005
0.00142854
0.00924898
0.00202408
0.000760346
0.000126277
0.00177683
0.000410841
0
0.0179798
0.000156005
0.0143956
0.00463195
0.00275599
0.0019719
0.00241221
0.00299698
0.00211767
0.0204217
-8.62006e-009
0.000183357
0.00149132
0.000724754
0.000634334
0.00616363
0.00115748
0.000985888
0
0.00455025
0.00101096
0.000795964
0.00111584
0.000665464
0.00155375
0
-1.11096e-008
0.000111131
0.00994076
0.000184016
3.22353e-005
0.00750737
0
0.00695732
0.018912
0.00379335
0.00282518
0.00672935
0.00611239
0.000284659
0.0247522
0.00670816
0.00544434
0.00201662
0.00633988
2.83298e-005
0.00127858
0.00104606
2.48046e-005
0.00243091
0.000557561
0.0544354
0.00316383
0.000619471
0.00194263
2.2607e-005
0.00168055
0.0049625
0.00200729
0.000494458
0.000299638
0.00112106
0.00345207
0
0
0.00266922
0
0.00273975
3.09843e-005
0.000203551
0
0.00196638
0
0
0.000913646
0.00212427
0
0.000331909
0.000976428
0.00103147
0.00982932
0.000431249
0.00255179
0.000208294
0.00014178
0.00121815
0.00278899
0.00134338
0.0120396
0.00160074
0.000303381
0.00178536
0.00071468
0.0188184
0.000443852
0.0249169
0.00171879
0.000874646
0.00268174
0
4.77101e-006
0.00378049
0.00282522
0.00295608
0.000791431
0.00394909
0.000508966
0.00275596
0.00119664
0.000243875
0.0429647
-7.66289e-009
4.65895e-005
0.00340444
1.7979e-009
0.00595867
0.00523399
0.00218632
0.00580035
0.00614201
0
5.52234e-010
0.00610202
0.00236754
0.000874814
0.000751514
0.000503255
0.0304674
0
0.00136513
0.00216367
0.00722635
0.000188999
0.000670599
0
0.0031255
0.00314568
0.0019378
0.00814105
0.000872678
0
0.00525847
0.000608532
0
0.00492161
0.0162756
0.00332482
0.00767643
0.000272644
0.00170563
0.000414467
3.31408e-005
6.40643e-005
0
0
0
0.0212665
0.00125956
0.000117907
0.0285893
0.00159207
0.000676454
4.70218e-006
0.00602001
0.000943186
0.00722294
0.000350427
0.000939683
0.00227768
0.000118352
0.00991611
0.00188279
0.00525892
0
0.000689816
0.0246046
0.00293458
0.0030521
0.00255819
0.00096142
0.00370744
0.00545065
0.0219961
0
0.00696926
0.00369051
0.00124429
0.0249136
0.000828465
0.00844104
0.00135205
0
0.00141433
0.0220079
0.015842
0.00176461
0.00241361
0.0041166
0.00173535
0.00278409
0.000459845
0.000299215
0.000228084
0.000118297
0.00770321
0.000109608
0.0158146
0.00129281
0.00188205
0.000656122
0.00404542
0.043631
0.000827983
0.00814235
0.000944861
0.00354935
0.00609721
0.00305311
0.00168297
0.0342685
5.89533e-005
0.00503937
0.000592819
0.00152701
0.000982373
0.00306757
0.000452892
0.00393468
0.013291
0.000720006
0.000245704
4.77103e-006
0.00375197
0.00481086
0.0193127
0.0393361
2.12782e-006
0
0.000288561
0.0437025
0
0.000157087
0.015394
0
0.00303856
0.00067386
0.0061954
0.0120933
0.00877215
0.00102274
0.0244901
0.000576183
0.00218506
0.000914884
0.00377646
0
0.00123846
0
0
8.95339e-008
0.000321768
0.00158787
0.000733199
0.00281845
0
0.0188891
0.00173265
0.000689986
9.06423e-006
0
0
0.00192812
0.000818316
0.00225058
0.000501266
0
0
0.0349148
0.00116458
7.91536e-005
0.0298326
0.00111342
0
0.00460531
0.000835186
0
0.00149514
0.000624168
0.000160763
0
0.00801797
0.00352131
0.00458422
0
0.00825303
0
0.0118977
0.0105048
0.00818198
0.00289753
0.000208415
1.69485e-005
0.00427767
0.00126594
0.0257821
0.0131568
0.00225446
0.000577971
0.0225606
0.000730166
0.000196093
0.000865595
0.00487757
0.00421699
0.00522629
0.000428219
0.00378467
0.000553728
0
0.00192625
0.0247546
0.000526546
0.0102138
0.000109389
0.00298433
0.00627346
0.000711416
0.0170084
0.00067986
0.000798811
0.00549906
0
0.00139733
0.0341336
0.000188861
0.00841617
0.000413489
0.000416792
0.00155956
0.00269727
0
6.16225e-005
0.000134617
0
8.82939e-005
0.00068512
0.00129501
0.0192152
5.13046e-006
0.000290631
0.00434812
0
8.9919e-005
0.000965201
0.000267923
0
0
0
0.000315976
0.000802712
0.00011779
0.00137289
0.0101844
0.0126988
0.00160965
0.000150051
0.0013438
0.012048
0
8.76505e-006
0.00116104
0.00722773
0
0
0.00110588
9.75453e-006
0.000419277
0.0170305
0.0670144
0.0045926
0
1.38026e-005
0.000600209
0.000494438
0.00254777
0.00486971
0.000494904
0.0149122
0.00626358
0.0101485
0.043989
0.00327163
0.0098416
0.00438085
0.00529724
0.0205917
0.0147627
0.0126663
0
0.0117308
0.000240374
0
0
2.51822e-009
6.16415e-005
0.00525282
0.00107033
0.000258294
0.000197376
0
0.0148719
7.96005e-005
0.000817993
0.0265768
0.00581966
0.000141419
0.00584144
0.00718413
1.78841e-005
0.00482022
0.00191121
0.00327856
0.00535299
0.000940872
0.00291723
0.000406554
0.00118072
0
0.00287109
0
0
0.00199608
0
0.0022637
0.00240336
0.00141845
0.0039187
0.00336939
0
3.04098e-005
0
0.00175256
0.00478506
0.000198315
0.00187681
3.04284e-005
0.00480182
0.000342258
0.000324451
0.00247516
0.00095604
0.00175711
0.00147083
0.0033925
0.012716
-1.71453e-010
0.0119763
0.0121737
0.00638744
0.000982754
0.00215742
0.000460296
0.0185541
0.000576879
0
0.00122412
0.00770936
0.00456285
0.00749359
0.00777048
6.19128e-010
9.66993e-005
0.000751953
0.000863815
0.0073771
9.62867e-005
0.0212911
8.9536e-008
0.000660786
0.00312804
0.00186573
0.00131116
0.0062484
0.0296337
0.00125227
0.0256983
0.00451251
0.0391663
0.00451827
0.00447302
0.00829155
0.00289828
4.17356e-005
0.00330177
0
0.00323818
0.00393688
0.00538638
0.0569259
0.00372138
0.00215867
0.00440295
0.00147756
0.000432461
0.00947934
0.000505456
0.00353814
0.00204973
0
0.00238255
-1.73143e-015
0.0143028
0.0007023
0.000298672
2.88244e-010
0.00895731
0.00420269
0.00436366
7.55015e-005
0.000342582
0.000579141
0.00763518
0.000709809
0.000801245
0.000232524
0.0001072
0.102278
0.00117465
0.00875475
0.00188177
2.07747e-005
0.00159778
7.74768e-005
0.000535273
0.000670513
6.08e-005
0.00353355
0.00248066
0.0013173
0.0193409
0.00208792
0.0105836
0
0.000411283
0.002085
0.00238299
0.00444074
0.000387983
0.00362353
0.00979262
0.00728031
0.0234316
5.44698e-005
0.00163123
0
0.000892789
0.00146039
0.024366
0.00282681
0.0258925
0
0.00109592
0
-4.63911e-009
0.00527264
0.000357034
-5.32938e-009
4.01482e-005
-9.13623e-011
0.00137546
0.0143894
0.000364459
0.00315752
0.0015404
0.000564946
0.00313727
0
0.00556961
0.000307575
0.00120078
0.0144134
6.77712e-006
0.000567353
0.00048645
0.0104065
0.000518523
0
0.0132752
0.0171079
0.00129399
0.000381103
0.0106719
0.0219839
0.00428236
0.00919562
0.00532878
1.04773e-005
0.00815852
0.00114942
0.000991035
0.00336459
1.60502e-006
0
0.00217888
0.000946852
0.000813295
0.0295391
0.0151723
1.19857e-008
0.00625839
0.00113272
0.0125098
0.000604681
0.000676451
0.0019227
0.000512427
0.0012355
0.00479234
-2.97519e-009
0.000833506
0.0462285
1.26822e-005
0.000767664
0.00106605
0.000861392
0.00699551
0.00305529
0.00857397
0.000483965
0.00778288
0.0051521
2.97809e-005
0.00326496
0.000806081
0.000965213
0.000169573
0.00300782
0.00389846
0.00472366
0.000721014
0.000377355
0.000241535
0.00279899
0.00140549
0.00104923
8.13218e-009
0
0.00526742
8.80379e-005
0.00265443
0.000598818
0.00282844
0.00144
0.00437889
0.000208123
0.0146683
0.000362887
5.47366e-006
0.00290589
0.000128748
0.00068406
0.00546261
0.000213261
0.00058352
0.0208355
0
0.000276995
0.000233644
0.00255605
3.02635e-010
4.57519e-005
0.01483
0.0273979
0.00119901
8.08316e-005
0.0619976
0.000570955
0.0527026
0.00137177
0.00950082
0.000861051
0.00678067
0.00713434
1.10465e-005
0.0001767
0.00145571
0.00102018
0.00159168
0.00431933
0
0
0.00329066
0.00643655
0.00172963
0.000733438
0.0182416
0.00193407
0.00310976
0.029375
0
3.72676e-006
0.00349925
0.0545158
0.00135437
0.017805
0
0.000438794
0.00556721
0.0319671
4.72808e-007
0
0.00221229
0.00638616
0.000684543
0.0118291
0.000816231
0.00649489
0
0.0368883
3.36623e-005
0.000238041
0.0292896
0.0233217
0.00451449
0.000786393
8.60928e-005
0.0298282
0.00351129
0.0016399
2.88453e-005
-8.42824e-009
0.00345915
0.00197118
0
0.00752419
0.015309
0
0.000237832
0.00646627
0.00249464
0.000442797
0.00788655
0.0017221
0.00177877
0.00216671
0.000788491
0.0438949
0.000647443
0.000380733
0.00308577
0.0247103
0.00017192
0.0018
4.33532e-005
0.024458
0.000781938
0.000150562
0.00276776
0.00355533
0.0107443
0.0134582
0.00251822
0.00106834
0.00170759
0.00297037
0
0.00276882
0.000660049
0.00207802
0
0.00892805
0.000398699
0.00571019
0.0344474
0.000873916
0.00556425
0.00103084
0.0019491
0.00242419
0
0
0.00584207
0.0263695
0.00214354
9.23343e-005
0.00304714
0.00112472
0.0182901
-4.97706e-009
0.000696422
0.00671007
0
0.001793
0.000817426
0.089182
0.00321242
0.00203897
0.000161176
0.000106095
0.0144759
0.0120712
0.000784599
0.0046278
0
0.00830843
0.000338574
0
0.0170525
0.000403916
0.000240216
-4.62537e-009
0
0.0138748
0.00653966
0.00145268
7.37141e-005
0.00274757
0.000829244
0.0466685
0.00617908
0.000366351
0.000561299
0.00355586
0.000288025
0.0168956
5.66072e-006
0.000272087
0.0103209
0.0018884
0.0220216
0.000212353
0.00177936
0.0335758
0.0207103
0.00088646
0.00130017
0.000243136
0
0.00358601
0.0195675
0.00049319
0.00280618
0.00131553
0.000504882
0.0164531
0.0101164
0.000494046
0.0114281
0
0.000792738
0.00164766
0.00550054
0.00173397
0.0061606
0.00273553
0.000743024
0.00763721
0.00107038
0.00175798
0.00162892
0.00898981
0.000488572
0.0108841
0.00123267
0
4.11869e-005
0.0228653
0.00422332
0.000715204
0.00261488
0.0118765
0.000919868
0.000402251
0.000951887
0.00696663
0.00278245
0.00120702
0
0.0249115
0.00042275
0.00285025
0.00465685
6.65073e-005
5.25366e-009
0.00151232
0.000120013
0.000619146
0.00172194
0.0408141
0.042687
0.0551613
0
0.00190073
0.00076081
3.64067e-005
0.00447936
0
0.00155782
0.00389613
0.000224661
0.000716744
0.00092141
0.00079044
0.00142515
0.0125084
0.00554496
5.46452e-010
0.00233078
0.000230567
0.00017426
0.000232703
0.0020541
0.000459371
0.000613205
3.75908e-005
0.00403528
0.00168956
0.00353708
0.00568565
-1.29028e-009
0.00204499
0.00064233
0.00107927
0.000390559
0
0.000445502
0
0.00658559
0.00755742
2.65502e-005
0.0121706
0
9.07848e-009
0.000545399
0.0137942
0.000175973
0.00322987
0.000126991
0.00170788
0
0.000217169
3.9111e-006
0.000293442
0.00355668
0.000566363
0.000531559
6.43511e-005
0.00138605
2.45083e-005
0.00716485
0.00763753
0.00103874
0.00119181
0.00525715
0.000465364
0.0064302
0.00319692
0.00489794
0.000457741
0.0822282
0.00249117
0.00411213
0.000177996
0.0116249
1.09599e-005
0
0
0.0151527
0.000292699
0.0135492
0.00947814
0.0262929
0.00713217
9.94893e-005
0.000457499
0.00344823
0.00328172
0.000332869
0
0.00210644
0.00137579
0.000218818
0
0
0.00529198
0.00753617
0.000140485
0.00111577
0.00287167
0.00161001
0.00162381
0.050225
0.000861469
0
0.00182603
0.0214785
0.00131965
0.0241413
0
0.00448932
0.0144206
0.00347711
0
0.00288122
0.00289936
0.00328341
0.0142695
0.000255671
0.00255
0.011384
0.00924123
0.00202073
0.00141066
0.0096077
0.00278386
7.23149e-005
2.97289e-009
0.00374988
0.00385009
0.0129519
0.000136838
0.00131943
0
0.00390026
0.00615257
0.000112428
0.000146924
0.00265502
0.00155803
0.00175428
0.00100207
0.003695
0
0.000303754
0.00610914
0.0309161
0.00176567
0.00636321
0.0188887
0.00200893
0.0426363
0.00327301
2.22711e-005
0.000403631
0.00217519
0.00108825
0.00119543
0.00217856
6.47154e-005
0.0014242
0.000579323
0.0127246
1.96298e-005
0.00220139
0.000521486
0.000692436
0.000587543
0.000222298
0.000248355
0.00285607
0
0.00190589
0.000344528
0.00327234
-7.48391e-009
5.70355e-005
0.00740548
0.00634197
0.00362528
0.00808872
4.91287e-005
0.011455
0.0118832
0.00581298
0.0093689
0.00296356
0.00583816
0
0.00118037
0.00761162
0.0140324
0.0127567
-5.70805e-009
0.0061043
0.00503717
0.00278329
0.00103387
0.0645005
0.00429647
0.00142499
2.23428e-006
8.06158e-005
0.0068076
0.00043254
0.000277224
0.00536233
0.00396119
0.0155669
0.0240682
0.00091314
0.000868047
0.00238512
1.23279e-005
0.0168169
0.000361789
2.14293e-005
0.00919998
0.000247783
0.00400261
0.00828814
0.00139519
0.00192108
0.0156589
0.0294189
0.00509658
9.49254e-005
0.0118148
0.00101993
0.0102005
0.000373655
0.00280101
2.78227e-009
0.00955946
0.00072553
0.000313999
0.00200933
0.0177814
0.00577333
0.0132274
0.00332482
0.00819975
0.000221849
0.0145808
0.00846589
0.001344
0.00105346
0.00748455
0.00205818
0.00054931
0.00602043
0.000309185
0.000875569
3.86081e-005
-1.07178e-008
0.0766952
0.00319294
0.0021634
0.00271224
0.000151957
0.0115365
0.0011924
0.00864482
0.0118737
0.0035181
0
0.00210423
5.08371e-005
0.00448844
0.0149767
0.01043
0.000277129
0
0.0360367
0.0354374
0.0090582
0.000315427
0.00688168
0.0389853
0.00141697
0.00187126
0.00334842
0.000414336
0.000312145
0.000513213
0.00190185
0.00294228
0.000458988
0
0
0.000224726
0.00137169
0.000653443
4.74892e-011
0.000160639
0.0016146
0.00692568
0
0.00132912
0.00417892
0.0158318
0.00644929
0.00114602
0
0.0015565
0.0047328
0.00613372
3.24931e-009
0.0022743
0.0162368
2.30675e-005
0.0149159
0.00903022
0.00219984
0.00514572
0
0.000381429
0
0.0152313
0.000325533
0.00372193
0.00753096
0.00253392
0.00805612
0.00117665
0.0220806
0.00546712
0.000424116
9.97782e-005
0.00177018
0.00132339
0.00687909
0.00223285
0.0119548
0.0024978
0.00510431
0.00795401
0.134322
0
0.0040027
0.0388799
0.00166122
0.0401446
0.00227744
0
0.000260603
0.0011319
0.0119283
0.00133884
0.00309189
0
0.00695793
0.000454845
0.00275752
2.30341e-006
0.00487612
0.000929414
0.000253331
0.00177015
0.000850418
0.000682371
0.000178249
0.00235321
0.000830408
0.0172705
0.000217904
0.000784014
0
0.00434709
0
0.0148702
0.000109412
0.0010222
0
0.0057613
0.00164827
0.000630721
0
8.53469e-005
0.0722688
0.00233912
0.000192506
0.00010446
0.0100209
0
0.0132686
0.00629204
0.00645049
0.00118142
0.000368524
0.00243751
0.00108788
0.000331812
0.00330821
0.000114863
0.000276362
0
0.000940861
0
0.0311457
0.00132752
0.0122305
0.00365928
0
0.00212567
0.00331473
0.00293134
0.00332943
0.0223494
0.00786782
0.0163234
0.00313509
0.00245925
0.000933202
0.0188191
0.000716653
0
0.00119148
0.00564832
0.000635942
0
0.00523909
0.000701146
0.00141704
0.000996317
0.029518
0.00280774
0.00325352
0.0128655
4.05436e-005
0.00199367
0
0.00445841
0.00369607
0.00800897
0.00179813
0.00184315
0.0308532
0.000369024
0.00744688
0.0034056
9.29377e-005
0.000362071
0.0145969
0
0.00149702
0
0
0.00364608
0.00116887
0.00229758
0
0.000698925
0.00255559
0.00210477
0.00304558
0
0.00282754
0.0193764
0.0131393
0.00174871
-7.46266e-009
0
0.00232576
0.00455775
0.00817087
0.00256227
0
0.0479335
0.0146933
3.36528e-005
5.01219e-005
0
0.00800317
0.00355556
0.0325927
0.00323142
0.00755709
0.00148861
0.00943431
0.000281451
0.01256
0.0446065
0.00192614
0.00509884
0.00304735
0.00042064
1.01956e-008
0.000832574
0.000230402
0.00958815
0.00419235
-8.91959e-009
7.67085e-008
0.0219631
0.00757664
0.000504361
0.0125446
3.69237e-005
0.0178309
0.000202901
0.000225661
0.00569602
0.0031925
0.00487056
0.0247965
0
0.0013393
0.122917
0.00596863
0.0302598
0.00229767
0.0101348
0.0120001
0.000129306
0.000184404
0.000466984
0.00911601
0.00167503
0.0187394
0.00646519
0.00157909
0.0130744
0.00315643
9.5557e-009
0.0202283
0.000304552
0.00833862
0.0020551
0.0063189
0.00566729
0.00209004
0.0553743
0.0391232
0.000489285
0.00158571
0.000353805
0.00121687
0.00140487
0.00142325
0.00019108
0.0264369
9.02806e-005
0.00758456
0.014794
0.0137925
0.017546
0.0013518
0.00480506
1.53485e-006
0.0159192
0.00676051
8.7358e-009
0.00177628
0.00479476
0.00334719
0.0252043
0.00219351
0.000555857
0.000122136
0.000654071
0.00097207
5.52126e-005
0.0191123
0
0.00290834
0.000538575
2.0886e-005
0.000329062
0.00264113
0.00177071
0.00399047
0.000138542
0.0075103
0.0183151
0
0.00255588
0.00605994
0.0111565
0.0150709
0.011473
0.000468704
0.00053738
0.00142312
0.00188546
0.0144325
0
0.00110871
0.000751319
0.00362037
8.94471e-006
0.000773188
-1.14358e-008
0.00712735
0.000450497
0.00299431
0.0421499
0.00698213
0.00656031
0.00854664
0.00821909
0.000346349
0.00845796
0.0176217
0.00949665
0
0.0263615
0.000249204
0.000749837
0
0.00196148
0.000348653
0.000915741
0.00030926
0
0.00118265
8.07241e-005
0.0129358
0.0437368
0.0403606
0.00434058
0.00269412
0
0.00107709
0.00027611
0.0126171
0.0012585
0.000952344
0.00769447
0.00105483
0.000478972
0.00379042
0.00262511
0.0527951
0.000425269
-9.61664e-009
0.00581839
0.00174426
0.0139312
0.000227201
0.00944154
0.00126964
8.70502e-005
0.000966979
-7.51501e-009
0.00176066
0.000718447
0.00265098
1.8456e-005
0.00423572
0.00097079
0
0.0159708
0.000774071
0.0240047
0.000202362
0.00303946
9.66052e-005
0.000216963
0.00483764
0.000944865
0.000126786
0.00783224
0.000417299
0.00390761
0
0.000113932
0.00323953
0.00752808
0.00792509
0.000532149
0.0455412
7.47421e-007
0.00130112
0.0107542
0.00255049
0.000157665
0.00399787
0.00614695
0.000506291
4.03883e-005
0.000258429
0.00842779
0.00730109
0.00405687
0.00917336
0.0187969
0.0016469
0.000255181
0.000282755
0.00355681
0.000837252
0.0379209
0.00421121
0.0183968
0.00059047
0.0163852
0.0738209
0.0152115
7.42438e-009
0.00490037
2.24134e-005
0.0225485
0.000881423
0.0112235
0.000882005
0.0113182
0.00192738
0.00101126
0.00101433
0.00251955
0.005562
0.00290622
0.00186457
0.000989406
0.0103449
0.00537239
0.000389731
0.00665269
0.0137383
0.00523715
0.00460964
-5.93907e-009
0.0107914
0.00157071
0.0170052
0
0.0147827
0.000892745
0.0162165
0.0082923
0.000672786
0.000642892
0
0.000667332
0.00439689
0.0112893
0.00101127
0.000121036
0
0.000133819
0.0134341
0.0126652
0.000269563
0.000307968
0.00217426
0.0114111
0.0013613
0.00909696
0.000275236
0.000844082
0.00210282
0.00423601
0.00725414
0.000251222
0.0460154
0.000761005
0.0815242
0.00816936
0.00497936
3.33169e-005
0.00321781
0.014115
0.00331342
0.0448249
0.0244913
0.00233032
0.00569171
0.00323354
9.81668e-005
0.00012989
2.85761e-005
-4.75437e-009
0.00221846
0.0143142
0.033429
0.0200531
5.61395e-005
0.000456141
0.00369183
0.0129415
0
0.000166078
0
0.00746625
8.72974e-006
0.00106974
0.0223584
0.013044
0.000639477
0.00392361
0.0313366
9.54801e-005
0
0.00353312
0.00697084
5.58708e-005
0
0
0.010104
0.00787572
0.00105901
0.000353043
0.0047776
0.0154287
0.000526449
0.000680996
1.42042e-007
0.00923783
0.00857059
0.000618392
0
0.011406
0.000809446
0.00290202
0.0190378
0.000605655
0.00596835
0.00246191
0.00338257
0.014763
0.00179318
0
0.000173771
0
0.0177323
-1.06181e-008
0.000320687
0.00231724
0.00159297
0.027341
0.00226518
0.0056583
0.000901777
0.000904169
0.00248654
0.00540415
4.52324e-009
0.0270756
0.000242672
0
0.00396445
0
0.000405247
0.000375665
0.0203406
0.0138633
9.56241e-005
0.0104178
0.00209355
0.00577426
0.000326308
0.00968933
0.0126628
0.00342076
0.00786044
0.000875265
0.000489337
0.00189778
0.00217666
0.00814939
0.00211617
0.00164953
0.00387122
3.69102e-007
0.00258809
0.0289152
0
0.000100322
0.0102062
0
0
0.0377801
0.000853232
0.015424
0.0135989
0.00666162
0.0146493
0.0126246
0.0104634
0.00120339
0.00117337
0.00445322
0.00982145
0.00508222
0.0095487
0.000600065
0.000211193
0.00543376
0.00244329
0.00233313
0.00578963
0.000510121
0.00428653
0.00201321
0.00735701
0.00175752
0.00442524
0.00297462
0.00616115
0.00705026
0.000637114
0.000184619
0.013879
0.00124328
0.00097925
0.00949644
0.0178466
0.00675087
0.0060311
0
0.0011399
0.00100503
0.00482592
0.00908319
0.00842331
0.0102691
0.0044966
0.000203442
0.000300658
0.000163951
0.0150346
0.00219871
0.00115965
0.00212097
0.00065769
0.00165906
0.0129007
0.0030155
3.36403e-005
4.37719e-005
0.000289705
0
0.0313382
0.0426351
0.0194727
0.0023977
0.000107214
0.0297407
0.000135188
0.0765878
0
0.00279649
0.025141
0.022643
0.00517769
0.00875827
0.028969
0.0127775
0.00163293
0.00155255
0.00887919
0.00376495
0.00370389
0.00673208
0.000311179
0.000285673
0.00274866
0.0100905
0.0184606
0.0118668
0.0430693
0.0285293
0
0.000558862
0.00124642
0.00724036
0.00706087
0.00152319
0.000238561
0.000487062
0.0107209
0.0229899
0.000465593
0.00339254
0.000880955
0.000822311
0.00358474
0.00567741
0.0114684
0.000330781
0.00211309
0.00242021
0.00520684
0.00295638
0.000122402
0.00145507
0.000142035
0.00111639
2.31396e-005
0.0145478
0
0.00801034
0.000344752
0.00494256
0.000750611
0.11593
0.0206407
0.000581213
0.0127843
0.00814329
0.00116909
0.00799984
0.00382121
0.00286912
0.0050726
0.000256621
0.000998601
0.000756192
0.00141897
0.00223316
0.00671932
0.0028824
0.0103946
0.0134134
0.00804599
0.0484992
0.000566576
0.0102332
0.00184183
0.000274353
0.00675138
0.0103679
0.0315656
0.015486
-9.03068e-009
0.00425735
0.00179021
0.00296954
0
0.00185976
0.057505
0.0104529
0.00221249
0.00091091
0.000869345
0.00469778
-7.31083e-009
0.00175784
0
0.0022068
0.00276944
0.00143232
0.00091505
0.0191664
0.000729922
0.0096499
0.00115745
0.0269133
0.120311
0.0354347
0.0174521
0.047201
0.0118028
0.0057444
0.00151978
0.00913475
0.00468289
0.000397059
0.00158719
0.00172596
0.00687277
7.37306e-005
0.014428
0
0.0122332
0.0023725
0.126539
0.0890037
0.000656136
0.0181658
0.0147385
0.000272996
0.00226991
0.000318873
0.00356772
0.00557409
0.00250407
0.00611097
0.0430317
0.00376449
0.000278325
0.0149309
0.0110443
0.00272798
0.00552269
0.00388686
0.0362741
0.00641251
0.000612234
0.0217345
0.00234198
0.00602495
0.00460243
0
0.00353526
0.00660643
3.05708e-005
0.000912989
0.0138185
0.000159179
0.000303639
0.00319391
0.000514456
0.000100629
0.101537
0.00226417
0
0.000699765
0.003315
0.00105757
0.000335519
0.00432431
0.00806655
0.00131034
0.00434951
0.00886704
0.0226581
0.00451451
0.0331661
0.0015378
0.000255406
0.0339732
0.00855804
0.00117044
0.0101502
6.26778e-005
0.000129025
0.000735711
0.0188328
0.0251162
5.7727e-006
0.00341697
9.1843e-006
2.74569e-005
0.00101401
0.00424173
0
0.0361394
0.00900269
0.000671434
0
0.00272195
0.00697104
0.00138815
0.00120085
0.0296636
0.00710499
0.158688
0.0095529
0.000820154
0.00265822
0.0610157
0.00722597
0.000590405
0.00428462
0.0180901
0.0175085
0.00649704
0.00033129
0.000362523
0.00192686
0.00108787
0.00192365
3.47431e-005
0.000206823
0.000191263
0.00364002
0.0486068
0.0202272
0.00104451
0
0.00734375
0.00198842
0.0032969
0.00483637
0.0106291
0.00254672
0.000324615
0.00368427
0.00758904
0.00234596
0.00294249
0.0173645
0.00280363
0.028225
0.00231368
0.000166441
0.00106481
0.00935117
3.80194e-009
0.00447147
0.0109807
0.00126581
0.00623518
0.0248153
0.0135775
0.0155554
0
0.000357915
0.0273259
0.0222478
0.000120921
0.00273317
0.0062863
3.83451e-005
0.00877279
0.00122167
0.0314053
0.00162034
0.00298127
0.0163553
0.00404347
0.00911195
0.0115672
0.000903319
0.00326221
0.01794
1.68072e-005
0.00530205
0.00344954
0.00270233
0.0154898
0.00926655
0.00626078
0.00281118
0.000101441
0.000410934
0.00101422
0.000353573
0.0372023
0.00319369
0.000117934
0.00106727
0.0118875
0.0055582
0.00340908
5.13689e-005
0.000455576
0
0.0392557
0.00146152
0.00461238
0
0.0256553
0.00073074
0.000632743
0.00139252
0.00643438
0.00550109
0.00422492
0.00469511
0.00242434
0.0163386
0
0.00287815
0.00189549
0.00302113
0.113396
0.00587846
0.0087922
0.00518243
0.00375848
0.000407974
0.000240438
6.72063e-005
0.00422278
0.00644346
0.00196765
0.00371927
0.0102374
0.00852347
0.0031403
0.0531398
0.0997176
0.0153718
0.00149002
2.64685e-005
0.0185219
0.0175814
6.45204e-005
0.00138396
0.00404594
0.00313563
3.58972e-005
0.00547974
0.0585766
0.00471532
0.00128703
0.00383987
0.0494449
0.0169563
0.000511636
0.000910331
0.0420657
0.00127649
0.00029711
0
0.0144112
0.00109938
0.0108381
0.0203258
0.00245246
0
0.0431408
0.000960258
0.0273676
0.000716675
0.046878
0.00220356
0.000223391
0.00408535
0.000227244
0.000480929
0.00128534
0.00031387
0
0.0117537
0.0333332
0.000106608
0.0777205
0.0640013
8.3583e-005
0.0012164
0.0148635
0.000976737
0
0.00209559
0.0022657
0.00536384
0.000375986
0.000864892
0.0120041
0.00848437
0.0124013
0
0
0.0165024
0.0040948
0.00739661
0
0.000200954
0.00517544
0.0131039
0.00164741
0.0219253
0.00310268
0.000157344
0.00334921
0.0048829
0.00146924
0
0.00889706
0.0215132
0.0355559
0.0264189
0.00357291
0.00792511
0.00768175
0.00130739
0.00179026
0.000373352
0.00911101
0.00630777
0.00215152
0.00320369
0.00379776
0.000685779
0.00154634
0.0120577
0.00695137
0.0940267
0.0281141
5.24166e-005
0.000824046
0.000446512
0.00873083
0.000561389
0.000357554
0.0236925
3.91315e-005
0.0162538
0.0018422
0.0229162
0.0145878
0.0336971
0.00194687
0.000595419
0.00896897
0.000809577
0.0107823
0
0.00152476
0.00230074
9.24486e-005
0.0122121
0.0141638
0.0286014
0.00102146
0.00726997
0.0130448
0.0069481
0.177568
-1.00139e-008
0.000406749
0
0
0.000377054
0.0187767
0.000472564
0.00137424
0.000813045
-1.21358e-008
0.0314528
0.00114334
0.0015164
0.0269141
0.0179979
0
0.00240946
0.00131307
0.000446594
0.00503717
0.0011131
0.000779023
0
0.00205933
0.00918095
0.000289528
0.0119068
0.00234519
0.000678899
0.00368761
0.0034268
0.00145099
0.00057789
0.00119519
0.00162633
0.0291671
0
0.00803307
0.00207866
3.96249e-005
0.0029341
0.000955851
0.00718432
0.00106235
0.00056019
0.00132398
0
0.00095562
-8.58916e-009
0.0137868
0.0283649
0
5.58708e-005
0.00481085
0.000420931
0
0.000715326
0.000651631
1.59943e-009
0.000195674
0.00297996
0.000751922
6.84818e-007
0.00300468
0.0174886
0.00833352
5.75323e-005
0.0064331
0.0010487
0.0107515
0.00129964
0.0308669
0.000410332
0.00205762
0.00100677
0.00145298
0.000528221
5.4273e-005
0.0115452
0.000842096
0.000668348
0.0155549
0.00414012
0.0453763
0.0331332
0.00183346
0.0333093
0.00192586
2.37442e-005
0.00174028
0.00242321
0.0196672
0.000115939
0.0294644
0.00733969
0.00781951
0.00268377
0.00070282
0.00323761
0.00111859
0.000345204
0.000995617
0.0163638
0.00702444
0.00369495
0.00623571
0.00606487
1.59973e-009
0.00426908
0.00144524
0.000170244
0.0106899
0.000305431
0.00130254
0.0022723
0.0202116
0.00113633
0
0.00786893
0.0131242
0.0578522
0.0132097
0.0192128
0.0324158
0.0223131
0.000302661
0.0365734
7.34715e-009
0.0026465
0.00445475
0.00760809
0.0261435
0.00187712
0.00118332
0.00819978
9.71113e-006
0.000306584
0.00243847
0.0393031
0.00458136
0.0120762
0.0343631
0.0127777
-1.15773e-008
0.0276947
0.0336644
0.000142675
0.000982361
0.00390246
4.38437e-005
0.000569245
0.000177859
0.065631
0.00328775
0.0154498
0.00152703
0.00747589
0.00182902
0.00227344
0.00054812
0.00271673
0.0258277
0.000523403
0.0043597
0.000936861
0.00152939
0.00131018
0
0.00091796
0.00323107
0.00737928
0.000513343
0.000418943
0.00910098
0.000508712
0.0222308
0.00170275
0.000744483
0.000285379
0.00824031
0.00248529
0.00247343
0.000746994
0.00316638
0.000765899
0.0521679
0.000889404
0.0032087
0.00739315
0.00141677
0.00298532
0.00677312
0.00793774
0.00245373
0.00144991
0.000299807
0.00104436
0.0045963
0.00317174
0.00565836
0.010671
0.0283812
0.0211428
0.00180687
0.0259871
0.000797922
0.00359142
0.00260096
0.0861099
0.000862299
0.00500854
0.0038111
0.0033813
0.00357726
0.0061089
0.00699459
0.00105082
0.000341695
0.000699372
0
0.000625994
0.00019684
0.0449921
0.00831298
0.000149655
0.00494512
0.00348573
0.000167126
0.014173
0.00059885
0.0086847
0.00151921
0.00111886
0
0.000374514
0.000324773
0.00439951
0.00478164
0.00119765
0.019587
0.00084253
0.00932626
0.0046614
0.000900399
0.00142529
0.00683974
1.64971e-005
0.000470648
0.00718888
0.0307307
0.0252968
0.0236076
0.0319239
0.000371856
0.00716447
0.00141418
0.00525501
0.000263755
0.00662875
0.00130073
0.00112367
0.00300999
0.00488768
0.0222798
0.00110613
0.0294814
0.0519966
0.0259162
0
0.00111359
0.0226722
0.0003826
0
0.000143028
0.00236608
0.00235181
0.00751151
0.00165193
0.00170388
0.000971393
0.00309627
0.000953314
0.00392964
0.0136329
0.00846487
0.00104763
0.00811668
0.00115833
0.00905453
0.0311716
0.0153115
0.0201024
0.0166715
0.00617872
0.000105869
0.00097349
0.0146149
0
0.00213234
0.00178222
0
0.055765
0.0131525
0.00043301
0.00256453
0.0165065
0.000805562
0.00253461
0.00394048
0.000224507
0.000224812
0.00210684
0.00603252
0.0016701
3.19034e-005
0.0021351
0.00316509
0.00171
0.0173385
0.000545068
0.0126019
0.0036721
0.00164942
0.000893532
0.00287117
0.0190848
0.000609375
0.00656646
0.00260667
0.0082729
0.00768497
0.00329453
0.0030842
0.0121589
0.00257111
0.00153372
0.00109357
-1.8243e-009
0.000681265
0.00718503
0.00335915
0.00769809
0.000415732
0.00488496
0.00506791
0.000334248
0.080016
0.0039749
0.00493379
0.000700628
0.000224508
0.000224509
0.00132678
0.0150829
0.0034948
0.00649153
0.00323789
0.00105381
0.00057461
0.12919
0.00454288
0.00128152
0.0110401
0.0273657
0.000842204
0.000520675
0.0107537
0.0155709
0.0203283
0.000130416
0.000539988
0.00561573
0.00414938
0.0039197
0.00267937
0.0015919
0.0103111
0.000155291
0.0201944
0
0.0147075
0.00060889
0.00240493
0.000541908
0.00278558
0.0192357
0.000793202
0.00167402
0
0
0.000701109
0.00063767
0.000732864
0
0.00850891
5.3616e-006
0
0.0265035
0.0272146
0.00390761
0.00425053
0.00195429
0.000887536
0.00179099
0.00947882
0.000780088
0.0115699
0.00672156
0.0128632
0.00916944
0.000303613
0.00843495
0.0112147
0.0123992
0.000341265
0.00344876
0.00319581
0
0.0178933
0.000841106
3.00419e-005
0.000112415
0
0.00649323
0.00920408
0.0147274
0.00174562
0.0833518
0.00954607
0.00434892
0.0038914
0.00317
0.00249392
0.000823881
0.000390492
0.0149543
0.0312461
0.00739722
0.00821452
0.00129765
0.00989339
0.000310316
0.0389055
0.00310938
0.0101036
0.00669384
0.000583899
0.00408522
1.97171e-005
0.00692424
0.0120568
0.000602401
0.0400322
0.0167396
0.00302632
0.00230903
0.00597835
0.0165044
0.0148022
0.00328184
0.00665152
0.010717
0.0020252
0.0261557
0.00576432
0.00203283
0.00030069
0.00160934
0.00994721
0.00397777
0.0114188
0.0144328
0.0164699
0.00771593
0.00909681
0.011388
0.00131559
0.015398
0.0117997
0.00398065
0.0400899
0.000756623
0.00825443
0.000438099
0.00102553
0.029917
0.00457809
0.00402102
0.000223327
0.00138157
0.00315167
0.023854
0.00175947
0.00270054
0.00787705
0.00856236
0.00752494
0.0314475
0.010529
0.0115743
0.00809896
0.0110123
0.0144402
0.00684503
0.00367107
0.00478153
0.00160437
3.54234e-005
0.000523671
0.00693962
0.000258322
0.000133703
0.00282933
0.019731
0.0130761
0.00341252
0.00258787
0.0183238
0.019941
0.000375523
0.0141933
0.0183662
0.0257554
0.0108697
2.60908e-005
0.000465458
0.00695494
0.000270905
0.000477292
0.0256114
0.0328785
0.00520658
0.00705475
0.000170244
0.0056379
0.0523085
0.00342496
0.0358255
0.0437672
0.00209637
0.0423379
0.00214386
0.00235817
0.000788088
0
0.00466582
0.0236861
0.00724229
0.00120071
0.000824226
0.00106421
0.00100574
0.012586
0.00221607
0.00230544
0.00248458
0.00213465
0.000942558
0.00254822
0.000710373
0.000491955
0.00143972
0.0103714
0.000299611
0.0258487
0.00275214
0.00451342
0.000921095
0.0118512
0.00517666
0.00221643
1.38186e-005
0.000425538
0.00506554
0.0209624
0.0137151
0.0227823
0.00397752
0.0185725
0.0123515
0.0799203
0.00111639
0.00300747
0.00205322
0.00125422
0.0839143
0.0058139
4.10909e-006
0.000485082
0.00126638
0.00034286
0.00011513
0.010673
0.0129668
0.00014948
0.0154552
0.0200439
0
0.00295299
0.019798
0.00236884
0.00409884
0.00300409
0.0149728
0.0110289
0.00591111
0.00582374
0.0017736
0.0076745
0.0442048
0.00345827
0.0391926
0.0009579
0.00739631
0.00111062
0
0.0502936
0.0129238
0.00112588
0.000785224
0.00111408
0.00281184
0.000375525
0.0109783
0.0157359
0.00279121
0.00569499
0.00100552
0.00690262
5.03678e-005
0.0033819
0.00100017
0.000209001
0.0133818
0.0340596
0.0249022
0.0200121
0.00884942
0.0175305
0.00321228
0.00352082
0.000570321
0.00371533
0.00137409
0.0298075
0
4.48797e-009
0.0100387
0.010591
0.00772218
0
0.00558276
0.000400467
0.00449125
0
0.000236312
0.00088878
0.000559175
0.0109615
0.00438489
0.0371826
0.000760875
0.00520146
0.00706112
0.000146345
0.000148797
0.0106803
0.00376729
0.00541548
0.000944114
0.00100464
0.00393877
0.0022726
0.00653671
0.000821001
0.00317285
0.0531367
0.000723825
0.014446
0.000682664
0.00119299
0.00072553
0.00854184
0.0354776
0.00277094
0.0321564
0.000100742
0.00561291
0.0321152
0.00604155
0.00909145
0.00475244
0.00666382
0.0248378
0.0134954
0.012234
0.022218
0.019313
0.023282
0.013789
0.00802905
0.001015
0.000677511
0.00962652
0.00831331
0.0200279
0.00339523
0.0101212
0.0220752
0.00499464
0.0239758
0.0126957
0.00586971
0.00477607
0.00220977
0.0219833
0.00183162
0.0204089
0.000744725
0.0177678
0.0130832
0.00851795
0.0123548
2.22132e-005
0.000977607
0.00129769
0.00424062
0.0438214
0.000740799
0.000913003
0.00134681
0.00370081
0.0647673
0.0266349
0.00622354
0.00168659
0.0108124
0.000299584
0.00824973
0.00856058
0
0.000271076
0.00630301
0.0016992
0.0254793
0.0412536
0.0274772
0.00152205
0.000238231
8.58153e-007
0.0217157
0.00998524
0.0227706
0.016573
0.000930966
5.42792e-005
0.00421925
0.00120907
0.00525529
0.00990042
0.00137067
0.0137638
0.0051797
0.00224997
0.00487657
0.037726
0.0125516
0.037256
0.000320877
6.73388e-005
0.00666044
0.00609659
0.00726948
0.000459801
0.00122585
0.0511068
0.00180272
0.00162395
0.000722256
0.00162306
0.0663481
0.00069418
0.000379072
0.028101
0.000784805
0.00915674
0.00947204
0.0142353
0.00211806
0.00329201
0.00837453
0.0110429
0.00275681
0.000239235
0.00483158
0.00669643
0.000725917
0.0104429
0.0221499
0.00139051
0.0385452
0.0655368
0.00107679
0.010085
8.66037e-006
0.0129372
0.0010726
0.00693837
0.00925665
0.00639266
0.00840534
0.00306764
0.0329101
0.00666563
0.000865023
0.0366378
0.00329862
0.00375047
0.00229843
0.00394321
0.00315058
0.0223433
0.00391882
0.00198334
0.0100652
0.00714286
0.00658514
0.0374612
0.00633587
0.0224371
0.0033962
0.00655332
0.00345796
0.00108097
0.00892197
2.18525e-006
0.000990102
0.00526572
0.0098202
0.0469219
0.0202829
0.00237587
0.0239137
0.000482347
0.00739207
0.00282032
0.000937565
0.000330626
0.0339667
0
0.00486589
0.00382327
0
0.170351
0.0756637
0.0489081
0.000825894
0.000580961
0.0337086
0.0306406
3.29735e-006
0.000282824
0.0235923
0.024167
0.00156423
0.00254591
0.00134173
0.00343612
0.0032665
6.49233e-005
0.0811871
0.000292103
0.0193478
0.0127659
0.0456355
8.29799e-005
0.00867551
0.0109771
0.00673811
0.000356222
0.00332381
0.00193931
0.0377432
0.00482514
0.00257248
0.0101694
0.00158171
0.00421163
0.0446114
3.68668e-006
0.0131782
0.00403307
0.000392609
0.000926304
0.00109575
0.00264112
0.0151389
0.00075028
0.000271671
0.00272775
0.000787825
0.000357412
0.00814146
0.00852282
0.00343458
0.00109879
0.000272158
0.000715591
0.000595166
0.0010401
3.79049e-006
0.0496821
0.0111647
0.000429794
0.0101959
0.00273128
0.00124065
0.000781909
0.00610093
0.00558401
0.0221253
0.0130006
4.15431e-005
0.00440326
0.00251513
0.00379911
0.00755314
0.0154403
0.00284452
0.00070056
0.00757069
0.0104981
0.00273929
0.00220098
0.00152287
0.000291341
0.00206218
0.00191086
0.00552028
0.00795345
0.00770047
0.0014299
0.000211206
0.000318203
0.116385
0.0301319
0.0790486
0.0194991
0.0115235
0.00170933
0.00112713
0.00357833
0.00419834
0.0140255
0.0113483
0.00207818
0.000824742
0.000783981
0.00030596
0.0218625
0.0021458
0.00397479
0.00358388
0
0.0134459
5.48844e-005
0.00564941
0.000351952
0.00213406
0.0122148
0.0108493
0.0410351
0.000908015
0.00151637
0.00847996
0.00825065
0.00130047
0.0010153
0.00556384
0.00577259
0.00217671
0.000395206
0.00767899
0.0149127
0.00225019
0.000345319
0.00155795
0.00100156
4.29952e-005
0.00246218
0.00219968
5.99085e-005
0.0211029
0.0133393
0.00644737
0.000838466
0.0335443
0.0328588
0.0347212
0.0409807
0.000484372
0.00216476
0.00191304
0.000513804
0.0128442
0.00186282
0.00623127
0.0117958
0.000331073
0.00019564
0.0095176
0.0147088
0.00613443
0.000521345
0.0110387
0.0101246
0.000356277
0.000429697
0.00616763
0.000698277
0.00030836
0.00359794
0.000304815
0.000608366
0.000806888
0.00207885
0.00457442
0.00124137
0.050798
0.0139803
0.000828615
0.0110144
0.00348798
0.00114487
0.00116415
0.00730931
0.00080929
0.0167534
0.000684079
0.000124047
9.92628e-005
0.0210885
0.0052718
0.0202472
0.000149585
0.00640109
0.00333105
0.0112903
0.00508473
0.000120276
0.00732939
0.0114329
0.00026641
0.000500792
0.000435633
0.00690929
0.0136005
0.0701191
0.00161553
0.0069864
0.0324502
0.000547475
0.000582962
0.00274798
0.00532721
0.000254675
0.00398908
0.000346095
0.0364136
0.000208264
0.00316751
0.00768179
9.86135e-006
0.0138338
0.00164274
0.00445784
0.000397258
0.00174083
0.00375034
0.000720611
0.0275898
0.0123629
0.0214118
0.00445579
0.00252521
0.00456496
0.0157169
0.0311103
0.000118137
0.00196301
0.00887921
0.000428093
0.00348525
0.000801868
0.000135908
0.0280031
0.00047685
0.00226259
0.0020878
3.85624e-005
1.4629e-005
0.0124644
0.0114759
0.00347721
2.44563e-005
0.0224821
0.00959149
0.020369
0.00954898
0.00240121
0.000255561
0.0032287
0.0605156
0.0324253
0.0729067
0.00358209
0.00201534
0.0125892
0.000471993
0.00650319
0.0273972
0.00888134
1.51689e-005
3.27547e-006
0.000370227
0.0123604
0.00283655
3.07853e-009
0.00376964
0.00235839
0.0031084
0.000563971
0.00115055
0.0202787
0.0120658
0.0840413
0.0315472
0.000123985
0.00679096
0.00876015
1.42034e-007
0.000125165
0.00877458
0.020642
0.000245377
0.0028388
0.000169057
0.00538798
0.00557977
0.0354672
0.00220457
1.50755e-006
0.012243
0.00959854
0.00210119
0.0716884
0.00152368
0.0154836
0.000768179
0.000713923
0.000668497
0.00494398
5.82932e-005
0.00452677
0.00082333
0.000740346
0.015915
0.000147158
0.000180395
0.000956439
0.00363723
0.000154571
0.000331818
0.0520678
0.0169741
0.0151789
0
0.00523228
0.00592132
0.0310642
0.0239369
0.0452427
0.0274348
0.0187378
0.00777359
0.00418883
0.0128504
0.000562058
0.0119763
0.021031
0.0158212
0.00617632
0.0449067
0.00185054
0.004475
0.0524389
0.00156605
0.00469178
0.00517805
0.00524341
0.0133623
0.0253474
0.00446567
0.00406457
0.0116535
0.00185769
0.000366151
0.00986696
0.0103978
0.002541
8.50688e-005
0.00405067
0.00782867
0.00788514
0.00275189
0.000294064
0.0862599
0.00107125
0.0163839
0.00931008
0.000486838
0.0187819
0.00859406
7.68318e-005
5.71299e-005
0.178443
0.00163663
0
0.000475
0.0301204
0.0449463
0.00480277
0.000777973
0.00162458
0.00162397
0.00186564
0.0202714
0.00528581
0.000543846
0.000309416
0.00696607
0.0232167
0.00561971
0.0282033
0.0154561
0.00634285
0.000674165
0.00289469
0.000366035
0.028126
0.00106922
0.0030355
0.024574
0.0091282
0.0109193
0.0176963
0
0.0008184
0.00728602
0.000385908
0
0.000119552
0.000365363
0.00866952
0.0203338
0.000306586
0.000260922
0.000321826
0.0150408
0.00162514
0.0274839
0.000933372
0.0153221
0.000778358
0.00619644
0.000207397
0.000979471
0.00399682
0.00964231
0.00106839
0.0107587
0.00514365
0.00693014
0.00628046
0.000161418
0.0315014
0.000217498
0.00107726
0.00243283
0.00243384
0.00339992
0.00702652
0.000198519
0.00651109
0.00462603
0.0005343
0.00949978
0.00114227
0.000584254
0.0200909
0.0125006
0.00908916
0.000303687
0.00342985
0.00016065
0.00619771
0.00141232
0.000879412
0.00565458
0.019236
0.032755
0.00448469
0.0352952
0.00185959
3.477e-006
0.0112461
0.0152851
0.000521838
0.000469718
0.0125561
0.0214676
0.0140963
0.000871332
0.000709232
0.045985
0.00155365
0.0114082
0.00415079
0.00470688
0.00680717
0.0118069
0.00811665
0.00993675
0.00576827
0.00615349
0.00632411
0.0013057
0.000305205
0.016538
0.0144297
0.00513437
0.000836298
0.0174024
0.00679616
0.0029181
0.0162493
1.55733e-005
0.000466367
0.00106002
0.000540781
0.00203009
0.00117596
0.0109628
0
0.000173977
0.00117613
0.00402062
0.00398727
0.0029681
0.000285759
0.00405561
0.0003038
0.0012068
0.00014464
2.98441e-006
0.000684889
0.0048798
0.0208311
0.00213581
0.00735074
0.049451
0.0123616
0.00430875
0.00452923
0.000362381
0.00337835
0.00626676
0.00207227
0.0163799
0.0133845
0.000676291
0.00259894
0.143984
0.0150225
0.00564704
5.11516e-005
0.00195458
0.00905827
0.00170529
0.00947074
0.00787526
0.0224665
0.000152608
0.000180367
0.00106883
0.0388527
0.00341614
0.00640551
0.0111315
0.0333752
0.0014796
0.00169071
0.00184045
0.0430552
0.000238448
0.000402454
3.36432e-005
0.0141873
0.0257679
0.00101845
0.00676001
0.000163974
0.0199147
0.0568744
0.000494524
4.12713e-005
0.00613327
0.00314702
0.00436952
0.00204767
0.00327651
0
0.0041243
0
0.00521724
0.002086
0.00853752
0.00108246
0.000707401
0.016568
0.000908733
0.00102837
0
0.0035927
0.00603907
0.0101112
0.0165358
0.000835698
0.0204781
0.00298891
0.00779724
0.00494512
0.0111088
0.0119223
0.00120953
0.000483034
0.047138
0.024161
0.0172563
0.00290659
0.00133329
0.000720611
0.000122841
0.00252783
0.00394053
0.00613161
9.81979e-005
1.83178e-005
0.00589893
0.000492915
0.0426071
0.0387535
0.000238342
0.0152094
0.0037714
0.000500019
0.00120622
0.0176628
0.000136068
0.00218559
0.000356222
0.0012468
0.0199764
0.00196099
0.00170225
0.000168584
0.0307107
0.00413102
0.00234384
0.00980102
0.00365702
0.0555107
0.00879433
0.0260331
0.00674222
0.00110041
0.00117289
1.30708e-005
0.00714222
0.00667711
0.0028757
0.00125086
0.00711074
0.0236317
0.0243729
0.0194793
0.00358855
0.00794972
0.00199837
0.00621468
6.13617e-005
0.00332139
0.00544187
0.0132857
0.00249211
0.00195132
0.000517456
0.000332401
0.00375482
0.000593749
0.00388791
0.000883512
0.00177868
0.00189196
0.00244414
0
0.131199
0.00739413
0.00952137
0.0166092
0.0353002
0.0348934
0.0437274
0.0456193
0.000129803
0.0084545
0.0207731
0.00409746
0.0146782
0.00887179
0.00235871
0.0100487
0.00018799
0.000699142
0.000198524
0.00070105
0.00390715
8.30405e-005
0.0190146
0.00109877
0.00272739
0.000736096
0.000282999
0.0126162
0.0109431
0.0183319
0.00373793
0.0317183
0.0320897
0.000210095
0.0185291
3.58696e-005
0.000150183
0.000466104
0
0.00237966
0.00108762
0.000487108
0.00222373
0
0.0564848
0.000108469
0.00190339
0.00926572
0.0183004
0.0781061
0.000649286
0.000567639
0.000235784
0.0024945
0.0096836
0.0120789
0.000189067
0.000212591
5.78489e-005
0.00292289
0.000693224
0.110396
0.033061
0.00581204
0.00153349
0.000822101
0.000265121
0.000257303
0.0056456
0.00232938
0.00675324
0.0184671
0.0945591
-3.02072e-011
0.0116832
0.00216508
6.38743e-005
0.00865667
0.00980455
0.000184961
0.0650543
0.0102483
0.000847864
0.000486327
0.0221682
0.0077729
0.00332701
0.0204405
0.0208968
0.0138483
0.011163
0.00989085
0.0152076
0.00642882
0.00584133
9.89321e-005
0.000136727
0.000116973
0.0110433
0.00112993
0.00570104
0.0201652
0.00289972
0.0487354
0.00209128
0.00326564
0.00225769
0.0036396
3.75645e-005
0.000610442
0.00253657
0.00142506
0.0182423
0.0110864
0.112166
0.0139071
0.00290364
0.00590449
0.00272428
0.0113025
0.0115842
0.00628272
0.00691494
0.000638755
0.00265098
0.022624
0.000304443
0.0041367
0.00431046
0.00276631
0.000540448
0.0136747
0.00180268
0.000892267
0.00098574
0.000496148
0.00869689
0.0020987
4.03285e-005
0.0113153
0.000593084
0.0128347
0.0170407
0.0160642
0.000893489
0.00715508
0.0023721
9.01477e-005
0.0143842
0.0010179
3.07017e-005
0.00214328
0.00216403
0.00130206
0.00273505
0.0125045
0.00342114
0.00467922
0.000583373
0.00734666
0.00303526
0.0298964
0.00170628
0.000339652
0.00264868
0.00393705
0.00376571
0.000945856
0.0164264
0.00203635
0.0213633
0.0046954
0.0043516
0.00650085
0.000433724
0.0466628
0.00173219
0.000681709
0.0265493
0.0207689
0.00128444
0.00226353
0.00571523
0.0160799
0.000109371
0.00873222
0.00426142
0.00345103
0.00641501
0.000698383
0.0021922
0.00527849
0.00170135
0.000475394
0.0269386
0.0565598
0.004343
0.00400265
0.00543265
0.0035598
0.15822
0.101626
0.00690929
0.000829734
0.0188981
0.00140104
0.00260606
0.0023367
0.005275
0.00925714
0.00467933
0.0110429
0.000143892
0.00155056
0.00418049
0.00242593
0.00829339
0.0136504
0.00446568
0.0248456
0.000507469
0.0100985
0.000340581
0.00628036
0.000694103
0.00277734
0.00121732
-3.02072e-011
0.00102454
0.00217327
0.020233
0.0604403
0.0191686
0.0245062
0.00556616
3.68967e-005
0.000628293
0.000482563
8.03147e-005
4.61242e-005
0.00132873
0.00344301
0.0182214
0.000465244
0.00296567
0.00027219
0.00247591
0.000969778
0.000603684
0.0100915
0.00485501
0.0489743
0.00101021
0.016229
0.0338869
0.000703896
0.00137479
0.000119448
0.00318179
0.0104304
0.000918441
0.029633
0.0102542
0.00475066
9.43805e-005
0.000816043
0
0.0641101
0.0513371
0.00164736
0.00329356
0.00106733
0.00143567
0.00657138
0.00441162
0.042799
0.00753633
0.00145879
0.00570991
0.00291489
0.00423731
0.00905387
0.00196964
0.000921154
0.0102094
0.00537388
0.000352766
0.000358092
0.00938262
0.00305476
0.00214513
0.00189705
0.0194793
0.0010179
0.00252086
0.0190468
0.0116005
0.00394037
0.00251049
0.00232033
0.00218319
0.00278209
0.00583357
0.00689613
0.00607695
0.086588
0.0300974
0.0392004
0.0465671
0.00155482
0.00159563
0.00238238
0.00137669
0.0178151
0.00465065
0.000117617
0.0040487
6.06836e-005
0.00709317
0.000586806
0.00262631
0.00234019
0.00511397
0.00466255
4.43632e-005
5.29334e-006
0.000865033
0.000870545
6.02389e-005
0.000850539
0.0171025
0.00669925
0.00323285
0.0194475
0.00490622
0.0106059
0.0128468
0.00505787
0.00710791
0.000122203
0.00025017
0.00465467
0.0315157
0.0228998
0.0284752
0.0321497
0.0257566
0.00648695
0.00298106
0.00289046
0.00308542
0.0032084
0.0178979
0.00396263
0.000923419
0.00119794
0.00497705
0.0301206
0.00313023
0.00165122
0.00220421
0.00317971
0.00206129
0.0152822
3.02361e-005
0.00245269
0.036028
0.00779409
0.0485527
0.000618523
0.00500957
0.00266327
0.00676743
0.0170034
0.00295234
0.00112282
0.00512837
0.00494963
0.000167172
0.00734963
0.00864148
0.000178435
0.00233382
0.000469731
0.00071058
0.000188585
0.00033261
0.0236158
0.0292627
0.0046004
0.00086022
0.0049899
0.000145833
0.00036057
0.00405084
0.00332694
0.00624245
0.00151119
0.00337111
0.00653892
0.011565
0.00362613
0.00365553
0.00352079
0.000963618
0.000963538
0.00687531
0.00344284
0.0217014
0.0504885
0.00258282
0.0350701
0.00247557
0.00364726
0.00329983
0.00377918
0.00270535
0.00168236
7.18324e-005
0.00235179
0.00753137
0.0136009
0.0128241
0.0142374
0.0033541
0.00478889
0.00251171
0.0113289
0.0104259
0.0109854
0.0175074
0.00238468
0.0022173
0.000684334
0.0136912
0.00322586
0.00541499
0.000204536
0.00841382
0
0.00163353
0.00530944
0.00154086
0.00240252
0.00387546
0.00138896
0.000764079
0.000867018
0.000342329
0.00346915
0
0.0886095
0.0139601
0.0385195
0.0522644
0.00188454
0.0283099
0.00201844
0.0216985
0.00106931
0.0138603
0.000782502
0.00341768
0.00499163
0.000254509
0.0017596
0.00142846
0.0408255
0.00426576
0.0148128
0.000247968
0.000555921
0.00959352
0.00118081
0.00226821
0.00694464
0.00103951
0.00154231
0.0135356
0.00014511
0.000210691
0.00350079
0.0107457
0.00671129
0.0116445
0.0149796
0.00221802
0.0148218
0.0213924
0.0207506
0.000687378
0.000747077
0.00173983
0.0309299
0.00131469
0.002298
0.00273127
0.00012565
0.0015351
0.00220554
0.00149657
0.0129507
0.000524728
0.020491
0.0113348
0.000173095
0.000665671
0.000165434
0.000677864
0.000623908
0.00364735
0.0207238
0.000267924
0.000561937
0.0289254
0.0321535
0.0164509
0.00726918
0.00160437
6.77326e-005
0.0244898
7.55985e-005
0.00136218
0.0102159
0.0155135
0.00179948
0.023516
0.000686716
0.0129878
0.0149392
0.0128485
0.0244087
0.00141775
0.00869294
0.0646423
0.000691125
0.013699
0.00836117
0.0947324
0.0174676
0.00947354
0.00761075
0.000900078
0.0014912
0.00344869
0.0114343
0.00705981
0.000462194
0.000811485
0.00570779
0.000449655
0.000692715
0.00207711
0.00970299
0.00207016
0.000212591
0.0126377
0.000956458
0.0216333
0.0117267
0.00249428
0.0160941
0.000287371
0.00386904
0.0064751
0.00272535
0.00105465
0.00441674
0.00123321
0.00459818
0.0034915
0.00210371
0.0014268
4.41587e-005
0.0727421
0.000695001
0.00673108
0.0137443
0.000964615
0.0132202
0.000623084
0.000790932
0.0044411
0.00229639
0.0011324
0.00162155
0.0150341
0.000303871
0.000560316
0.000654407
0.000705631
0.0253371
0.0159767
0.000383675
0.00259318
0.00167807
0.00400205
0.00270295
0.0716539
0.0426627
0.0214641
0.0151053
0.0160138
0.00335212
0.00460604
0.00128714
0.0807772
0.0269765
0.00192103
0.00242607
0.00823687
0.000190423
0.00546618
0.00236122
0.00447327
0.000333692
0.000367586
0.000163882
0.00759526
0.000692928
0.00230291
0.000666349
0.000469764
0.0175855
0.00523235
0.0214634
0.00235506
0.0136569
0.00764669
0.0180105
0.00351786
0.0075214
0.0176411
0.0366438
0.000140364
0.00020811
4.23259e-005
4.14674e-005
0.0037405
0.00130926
0.000564166
0.0172815
0.0178947
0.000591089
0.0057629
0.00734032
0.00518397
0.00244493
0.00587512
0.00131683
0.023401
0.000451921
0.0187372
0.00168146
0.00185045
0.073025
0.0578425
0.00340673
0.00903855
0.0108612
9.27686e-005
0.00863221
0.00702389
0.000278723
0.00301472
0.00729068
0.00293407
0.011445
0.0309856
0.0101295
0.00229575
0.00840052
0.00349444
0.00322701
0.00526849
0.0106018
0.0060335
0.00470106
0.000881237
0.00133752
0.000717302
0.0112762
0.0101545
1.61554e-005
0.00253998
0.0213348
0.0187634
0.0139362
0.000399022
0.000492255
0.00199673
0.000317962
0.0147536
0.0154547
0.000607112
0.00180015
0.0231933
0.000765065
9.83601e-005
0.0579331
0.000539678
0.000361514
0.000758767
5.04779e-005
2.93394e-005
0.0366563
0.0164076
0.0285758
0.00122163
0.0316247
0.0285952
0.000299226
0.0134353
0.00293969
0.0130649
0.0202959
0.0250041
0.00490524
0.0269225
0.0106583
0.0208401
0.00117632
0.0158411
0.0222078
0.00207267
0.00194557
0.000651143
0.0200211
0.00248306
0.000108848
0.00762906
0.00797053
0.020662
0.171045
0.00314582
0.00734081
0.00804893
0.00407138
0.0301455
0.0183443
0.000957495
0.00714996
0.000129751
0.000266281
0.00233262
0.001166
0.000915184
0.000604911
0.00102879
0.0042475
0.0130364
0.0050937
0.0114083
0.00630415
0.004077
0.000129862
0.00155759
0.00218301
0.00258861
0.000395396
0.00499692
0.0106994
0.00506666
0.0241073
0.00583749
0.000418379
0.0172989
0.00313792
0.00604087
0.00124372
0.00155166
0.0621806
0.046937
0.00160325
0.00450115
0.0127427
0.00171528
0.000279537
0.0111474
0.00726533
0.012787
0.029323
0.0268389
0.000399925
0.0140678
0.027706
0.0141275
0.0170304
0.00610086
0.00665457
0.0126028
0.0128717
1.4643e-005
0.00871046
0.00562171
0.0092196
0.00747005
0.00421365
0.00838214
0.0325756
0.00302755
0.000280812
0.00198896
5.43016e-005
0.00519063
0.00389222
0.0046681
0.00549052
0.0115636
0.00599541
0.00580253
0.00268303
0.013661
0.00272356
0.00697569
0.00313534
0.00348619
0.0301965
0.00443787
0.0193397
0.0101546
0.0172283
0.0312457
0.0328717
0.0151246
0.00680558
0.00610159
0.0107582
0.0039974
0.015408
0.00634618
0.00169522
0.029282
0.0263668
0.00503575
0.00434656
0.000692395
0.028092
0.00406126
0.00117512
0.00120595
0.00132358
0.0649547
0.000461306
0.0169412
0.00210125
0.00166922
0.00202158
1.94536e-005
0.00320465
0.0016683
5.69442e-005
0.00122105
0.0077191
0.0131277
0.0203501
0.00492052
0.00138151
0.00185459
0.0034924
0.000598449
0.000503811
0.00248713
0.000972371
0.00137387
0.000355819
0.00026699
0.00987708
0.00209046
0.000131911
0.00250545
0.00487701
0.00287606
0.0115425
0.00470221
0.00396756
0.000769303
0.00216597
0.00172266
0.0172235
0.00101764
0.00211186
0.0234384
0.0359561
0.00391726
0.0443739
0.0386382
0.0890937
0.0955382
0.00238706
0.0101247
0.00289271
0.00356889
0.005573
0.0135179
0.0225113
0.0248446
0.00508772
0.00129982
0.0307862
0.00177055
0.096492
0.0110355
0.0341387
0.000502082
0.00688148
0.0231843
0.01677
0.00603818
0.000215579
0.00160275
0.00332864
0.000189154
0.0106581
0.0063054
0.00486731
0.00320312
0.0503113
0.000355966
0.0162813
0.00593112
0.0133969
0.000298126
0.00141887
8.12023e-005
0.000118607
0.000647219
0.00557865
0.00220287
0.00365981
0.00519812
0.0276131
0.00309625
7.23173e-005
0.0141993
0.00157951
0.0273306
8.5062e-005
7.09791e-005
0.000250262
0.00152833
0.000367586
0.00171918
0.00426827
0.0310717
0.000301834
0.0129965
0.00466629
0.000906072
0.00848844
0.0586952
0.000598251
0.0144337
0.00277419
0.0400174
0.0319055
0.00171196
0.0234344
0.0133325
0.029465
0.0420967
0.0379899
0.00118966
0.00845329
0.0230907
0.00182514
0.00065561
0.00607989
0.0117107
0.0739005
0.00223657
0.0121908
0.0524961
0.173217
0.00777343
0.00181356
0.000146546
0.0013911
0.000340229
0.000297743
0.000823894
0.000713614
0.00240058
0.0303629
0.00124393
0.00126075
0.00112564
0.000677465
0.00364155
0.000852501
0.000304873
0.00179656
0.0232598
0.00381101
0.000519232
0.00914118
0.00418188
0.0465552
0.00369401
0.0037664
0.00804151
0.00469982
0.00241507
0.00607193
0.0128587
0.0214966
0.00222157
0.00859624
0.0439396
0.00271367
0.00523193
0.00626194
0.0603715
0.0372363
0.00353003
0.00437522
0.00661759
0.000157327
0.0181052
0.0107633
0.00495339
0.00333837
0.000134747
0.0149491
0.00477525
0.000473587
0.00488317
0.00196634
0.000479755
0.00911667
0.00492186
0.00798397
0.0178369
0.010964
0.00115113
0.00241951
0.00564315
0.00422713
0.0121537
0.0284219
0.00207704
0.0470064
0.0380932
0.0348424
0.016502
0.0165029
0.0421022
0.0107766
0.000318495
0.0027987
0.00545226
0.00617874
0.00113215
0.0353596
0.0329777
0.00645832
0.000709522
8.20697e-006
0.0277731
0.00117494
0.00317101
0.014234
0.00133722
0.00127751
0.0106398
0.0122984
0.00294598
0.019393
0.0124138
0.000909532
0.01523
0.0110743
0.00175446
0.0130981
0.02799
0.0308456
0.0172884
0.000125964
0.0292669
0.00582112
0.00198047
0.0385488
0.00265128
0.0194368
0.000909532
0.00856771
0.0340643
0.130832
0.00207882
0.0017323
0.000215647
0.000656136
9.90627e-005
0.000685865
0.0179269
0.0263693
0.00724659
0.00105212
0.00243202
0.019318
0.0355833
0.155121
0.015518
0.0274001
0.00339913
0.00430827
0.00495835
0.0249112
0.0532902
0.00796327
4.42388e-005
0.00118699
0.00278892
0.0248327
0.0304659
0.000977443
0.000216812
0.00208779
0.00509106
0.00186567
0.000617125
0.00126568
0
0
0
0
0
0
0
0
0
0.0141392
0
0.115041
0
0
0
0
0
0
0.0286623
0.0219441
0.000756753
0.00142356
0.000898299
0.00205595
0.000567157
0
0.00419063
0.000409333
0.0028546
0
0.000224815
0.05506
0.00165274
0.00304498
0.00329142
0.000814333
0.0273236
0.00233997
0.00299262
0.00325411
0.00540896
0.00881491
8.74159e-006
0.0206452
0.0240013
0.0392082
0.0116802
8.74358e-006
0.0183612
0.0246833
0.000737395
0.0167638
0.00436874
0.00911806
0.0253686
0.000938264
0.0278759
0.00408894
0.00197212
0.000595137
0.0158056
0.0157017
0.000631205
0.000631202
0.0260557
0.00169836
0.00780099
0.00387053
