6903
0.00102937
0.00115811
0.00165878
0.000724757
0.0012913
0.00196697
0.00169901
0.00205959
0.000834393
0.00163629
0.00160218
0.00116972
0.0021135
0.00746701
0.000356475
0.00104753
0.000492798
0.00176093
0.0019505
0.000555605
0.00124998
0.00234495
0.001462
0.0102542
0.00216312
0.00181745
0.00130275
0.000772006
0.00159337
0.00811769
0.0048548
0.00174428
0.00473673
0.00408462
0.00168257
0.00115927
0.000860109
0.00044256
0.00227136
0.00125566
0.00025184
0.000929055
0.00489862
9.21949e-005
0.0148825
0.00126393
0.00586095
0.000630665
9.7384e-005
0.00279589
0.0030137
0.00200981
0.000391212
0.00483387
0.00519859
0.0361708
0.00280277
0.0044634
0.00246615
0.000841974
0.0640241
0.00629157
0.0112771
0.0373358
0.00224259
0.00245869
0.00253156
0.00473299
0.000113015
0.000924656
0.00027227
0.0124285
0.0016894
0.00241494
0.00178518
0.00883896
0.00471414
0.000215348
0.000731066
0.00191199
0.00206636
0.00230985
0.00509084
0.0024396
0.00198203
0.00317577
0.00121366
0.0411107
0.0241761
0.000167106
0.000547568
0.00417125
0.0037173
0.000215188
0.00235692
0.000430639
0.00210202
0.00157825
0.00302158
0.000891362
0.00514953
0.0034794
0.00137397
0.00470907
1.30695e-005
0.00943344
0.000278454
0.00194085
0.000763867
0.0154001
0.000866462
0.00873831
0.000447992
0.00731543
0.000294566
0.0004512
0.00134186
0.00273743
0.000653765
0.00311231
0.000797115
0.00284603
0.000432489
0.00220562
0.00113054
0.00175012
0.0137377
0.0187717
0.0290668
0.00139883
0.00192034
0.00319167
0.00186184
0.000996219
0.000581045
0.00126713
0.000472665
1.00028e-005
0.0032851
0.00038517
0.000343393
0.00116417
0.0033885
0.00664656
0.0230032
0.00119019
0.000425487
0.0136498
0.00113069
0.00156697
0.00245532
0.00132354
0.00253564
0.000502331
0.00210201
0.003222
0.00338234
0.00143205
0.00250106
0.000714833
0.00111793
0.00099327
0.00121196
0.00111658
0.0106463
0.00578939
0.000201948
0.00836623
0.000470942
0.000736975
0.00067648
0.00132377
0.00112928
0.00878594
0.00946268
0.00115113
0.00737383
0.00174139
0.00219387
0
0.00202709
0.00173628
0.00209039
0.0111212
0.0014514
0.00825714
0.0147809
0.0250826
0.00690605
0.00972927
0.00136953
0.00341468
0.00736547
0.00179981
0.000904074
0.000612995
0.00944244
0.00322201
0.00943386
0.000838029
0.000504133
3.70652e-005
0.0164223
0.0016599
0.00169494
0.00465667
0.0106525
0.000846159
0.0014162
0.000287545
0.000610002
0.000442622
0.00184384
0.00125548
0.00110155
0.00297504
0.00154018
0.00293777
0.00598215
0.000855482
0.000673136
0.00174055
0.00120665
0.0110807
0.000108462
0.0026644
0.000380786
0.00243163
0.00115985
0.00086374
0.00159255
0.00146002
0.00144867
0.000788158
0.00376323
0.0055327
0.00271277
0.0753567
0.00212947
0.000159376
0.00130226
0.00131247
0.00323854
0.00169687
0.00846163
0.0010304
0.000599488
0.00109044
0.00684364
0.00126185
0.00336001
0.00356672
0.000978726
0.00661149
0.00561949
0.00137022
0.00513968
0.00597206
0.00216032
0.00268059
0.00417713
0.00170187
0.00266832
0.00110532
0.00186344
0.000464169
0.00141759
0.00448902
0.00650005
0.00265763
0.0285677
0.00222775
0.00260361
0.00400781
0.00354789
0.00345443
0.00267866
0.000102883
0.000228773
0.00719912
0.00378425
0.0157602
0.0033308
0.0024448
0.00199367
0.0728988
0.000179159
0.00662751
0.00235796
0.000818878
0.000255691
0.00740061
0.00211319
0.00533052
0.000329551
0.000615815
0.000684337
0.0147809
0.014932
4.56296e-005
0.00122683
0.00261161
0.0416966
0.00424453
0.00274703
0.00552052
0.00207902
0.00210382
0.00890251
0.00122566
0.0008688
0.00692386
0.007528
0.00245194
0.000512837
0.000609513
0.0032039
0.00409803
0.00426966
0.0195927
0.0045059
0.00709965
0.00124367
0.00418743
0.000883409
0.000669114
0.00250427
0.0054214
0.00025757
0.000513861
0.000983441
0.000545847
0.00196293
0.00602127
0.0026656
0.00760134
0.00277694
0.00589214
0.0101875
0.0010739
0.000916385
0.00049695
0.000114384
0.00288148
0.020212
0.00162599
0.00192618
0.024467
0.000481196
0.000997049
0.0108696
0.000838565
0.00208413
0.000649417
0.00127648
0.0214104
0.00335326
0.0130955
0.00153617
0.00694763
0.00370627
0.00235233
0.00159369
0.0186555
0.00299897
0.00135554
0.00893096
0.00168967
0.000794612
0.010973
0.00157713
0.000413156
0.00254253
0.00439509
0.0031262
0.00523445
0.00108172
0.00606997
0.00082936
0.0130635
0.00145458
0.0190606
0.000200486
0.00208723
0.00341001
0.00141391
0.00149667
0.00120402
0.00153511
0.00436016
0.00200698
0.00290522
0.00319865
0.00594779
0.00360134
0.00081352
0.00184015
0.00103938
0.000770639
0.00429573
0.00324725
0.00954489
0.00124379
0.000931858
0.000548978
0.000592044
0.00145853
0.000781784
0.00184764
0.000795
0.000202908
0.00365427
0.00324185
0.000546595
0.00997105
0.000650348
0.000640702
0.00663091
0.0037935
0.00653493
0.000944931
0.00716856
0.00565472
0.00742275
0.00346881
0.0035257
0.0246679
0.000296573
0.000339057
0.00298659
0.0629473
0.00367731
0.0017903
0.00208786
0.0111091
0.0011851
0.00127407
0.00126996
0.0388349
0.00165748
0.00771122
0.00692387
0.000347981
0.00606874
0.00602231
0.012907
0.00125129
0.0333557
0.00342485
0.00154276
0.000846646
0.000239654
0.00813479
0.000690479
0.000322671
0.000488057
0.00577021
0.00123223
0.00303948
0.00189783
0.00309801
0.00241207
0.061129
0.0715265
0.00246807
0.00103169
0.00162568
0.000326114
0.00476569
0.00192649
0.00291495
0.0149634
0.00617608
0.0112242
0.00932679
0.00552051
0.00280577
0.0753576
0.00371582
0.00849221
0.00160863
0.00116927
0.00593487
0.00554249
0.0106818
0.00123258
0.00145172
0.00112034
0.000115351
0.00178333
0.00580054
0.0014281
0.00111527
0.00236125
0.00247131
0.0398886
0.0020047
0.00111663
0.0041779
0.00127697
0.0012375
0.00207768
0.00199283
0.000202022
0.000244445
0.0012377
0.00134782
0.00851023
0.00044936
0.0109828
0.000888881
0.00171589
0.000483515
0.00589222
0.00757817
0.0023697
0.00383344
0.00152084
0.000714425
0.00290373
0.00130058
3.78481e-005
0.0075178
0.00568742
0.00458548
0.000702423
0.00108616
0.00418523
0.0036524
0.000902729
0.00297305
0.000944091
0.0503995
0.00173957
0.000139891
0.0174773
0.00760607
0.000204964
0.00500128
0.000853088
0.000770772
0.000930458
0.00130429
0.00192191
0.00240869
0.00458179
0.000348873
0.00307896
0.0054631
0.00402753
0.00317348
0.000623766
0.0040652
0.00204463
0.00145161
0.000592441
0.00110107
0.00148799
0.00524269
0.00418873
0.0574282
0.00579075
0.00271954
0.00222132
0.00243727
0.000671213
0.00325665
0.0112516
0.000793133
0.00323675
0.00134144
0.0486921
0.0126033
0.000807635
0.00160156
0.00508521
0.000844403
0.00125985
0.00349938
0.000994355
0.00096988
0.0058523
0.000972088
0.00902325
0.00107884
0.000237531
0.00203429
0.00121145
0.000543126
0.00224107
0.00123915
0.00339249
0.0160758
0.000875886
0.00655845
0.00115619
0.00146099
0.00477776
0.00135978
0.00391561
0.000224907
0.000133356
0.00160464
0.00155618
0.00245054
0.00108511
0.0331502
0.0405922
0.00136315
0.0127902
0.00145049
0.00132021
0.000331695
0.00340559
0.00196419
0.00544583
0.00531658
0.000408941
0.000386476
0.0098032
0.000880172
0.00606085
0.00128468
0.00252007
0.00701219
0.00628806
0.00289498
0.00015528
0.00474048
0.000461086
0.00727051
0.00540392
0.000257542
0.00050219
0.000843306
0.000213682
0.00158238
0.00371415
0.000274703
0.00143945
0.00203281
0.00500611
0.0180492
0.00226274
0.00404909
0.00672174
0.0150938
0.00949411
0.000688941
0.0106494
0.0156254
0.018479
0.0100246
0.00334142
1.08202e-009
0.000811123
0.00556421
0.000486947
0.00554502
0.0013171
0.000139658
0.0400381
0.0144708
0.00225635
0.00313893
0.0129937
0.00709584
0.00116104
0.0340263
0.000874842
0.0151255
0.00603547
0.0162241
0.0038181
0.00078707
0.00102467
9.3759e-005
9.37589e-005
7.41649e-005
0.000372291
0.00182306
0.0340086
0.00174402
0.000689993
0.00647144
0.00117901
0.00364028
0.0207699
0.0193325
0.00305997
0.00230807
0.00208059
0.0163159
0.0010608
0.00423685
0.00309133
0.0205781
0.00138234
0.00159824
0.0022475
0.00200449
0.00226258
0.00337017
0.00110515
0.00107541
0.00585118
0.000220656
0.00208614
0.00656651
0.00122163
0.0181942
0.000499364
0.00679074
0.00357446
9.36132e-005
9.36129e-005
0.00467257
0.0159423
0.00207503
0.00070576
0.00147235
0.0326944
0.00453782
0.00162387
0.00104073
0.00121116
0.0419155
0.000842937
0.0016713
0.00126319
0.00442788
0.00085121
0.00174696
0.0103242
0.00173072
0.0335475
0.00149915
0.000101594
0.00108811
0.00832024
0.00474047
0.0012084
0.00134783
0.000416486
0.00644997
0.00272833
0.000948286
0.00228396
0.00265084
0.0010612
0.00547242
0.00387785
0.0125951
0.00242441
0.0113852
0.00656622
0.00154115
0.00361174
0.00189479
0.00180786
0.00345728
0.00467962
0.00220991
0.00146867
0.0119942
0.00478909
0.00018766
0.00272759
0.000924499
0.00196059
0.00458732
0.0667081
0.00759658
0.00120804
0.0048839
0.000336095
0.00214873
0.00423367
3.92333e-005
0.000898503
0.0114801
0.000259052
0.00209251
0.00196596
0.00134481
0.00352159
0.000593697
0.00257313
0.00256354
0.000882474
0.00594823
0.00217046
0.00191876
0.0135576
9.2195e-005
0.0320201
0.00255623
0.00285537
0.0114135
0.00182828
0.00153317
0.00652242
0.00104682
0.00268184
0.00571219
0.00201711
0.00247333
0.000352632
0.0070969
0.00253747
0.00110512
0.00125874
0.00180029
0.00291958
0.00756731
0.0039132
0.00216561
0.00465671
0.00652309
0.000779164
0.000718637
0.000526105
0.00390191
0.0033709
0.0248951
0.0013151
0.00132165
0.021799
0.00188364
0.00293258
0.000621629
0.0449221
0.00216932
0.00146481
0.00373561
0.000693526
0.000896362
0.000804005
0.000400048
0.000396061
0.0201402
0.000693433
0.0051356
0.00279512
0.00745813
0.00625025
0.00126781
0.000502931
0.00117674
0.00184247
0.00104468
0.000546899
0.00197587
0.00167178
0.0135918
0.0154229
0.0014733
0.00331025
0.00133389
0.00231792
0.00419998
2.94221e-009
0.00536133
0.0813493
0.000560483
0.00173955
0.00133019
0.000712481
0.0224913
0.00514606
0.00409489
0.0311375
0.000428311
0.00179508
0.00110427
0.00090444
0.000926028
0.00694367
0.005083
0.00396396
0.000290434
0.00174171
0.00119764
0.000393456
0.0145151
0.0556764
0.0012248
0.0215056
0.003291
0.000173392
0.00201749
0.00470413
0.00298181
0.0146043
0.000552712
0.00283236
0.00108939
0.000624572
0.00125238
0.00426623
0.0212552
0.000926097
0.00169702
0.00171724
0.000215454
0.000719696
0.0013515
0.000743358
0.000782246
0.00489844
0.00231206
0.00500271
0.00289225
0.00385027
0.0102316
0.00372048
0.00983571
0.00200305
6.55302e-005
0.00603563
0.0010584
0.00470621
0.0304481
0.00126526
0.000478741
0.00293508
0.000474663
0.000354105
0.00645204
0.0132937
0.00389392
0.00185586
0.000967826
0.00171038
0.00234723
0.00156195
0.00691864
0.00463966
0.00532074
0.0018714
0.00180229
0.00111119
0.0098682
0.00139023
0.00293368
0.000246117
0.000521064
0.00186673
2.03581e-005
0.0387002
0.00124801
0.00659759
7.05155e-005
0.00116851
0.000399119
0.0282054
0.00316023
0.0486248
0.00402438
0.00111356
0.000296873
0.019372
0.00152405
0.000415525
0.00159508
0.0158713
0.00127387
0.00209135
0.000607445
0.0832775
0.00169429
0.00117628
0.00795346
0.000341068
0.00370457
3.67537e-005
0.0025501
0.0014399
0.00152416
0.000781688
0.00733105
0.0281419
0.00126513
0.00153616
0.00543918
0.000145856
0.000696869
0.00249274
0.00939088
0.00317613
0.000756049
0.00218926
0.015241
0.00915771
0.000988727
0.00760264
0.00171314
0.00367874
0.00286572
0.000493738
0.00313126
0.00153442
0.00135117
0.00037115
0.0043256
0.00315104
0.00173792
0.00219309
0.000345694
0.00213195
0.00141749
0.00142585
0.00359172
0.00379039
0.00175273
0.00853582
0.00535974
0.00182251
0
0.00543596
0.00563357
0.00109899
0.0021309
0.00257325
0.00116666
0.00405885
0.000176451
0.000684622
0.00602073
0.000353605
0
0.00117189
0.00152172
0.0007442
0.000267901
0.00128216
0.000913812
0
0.00406977
0.000650576
0.00288295
0.01793
0.00529069
0.00381383
0.0010485
0.00135427
0.000120175
0.00151438
1.64298e-005
0.000877874
0.00229471
0.00082826
0.000401322
0.00175392
0.000881979
0.00983621
0.00111054
0.00212399
0.00170301
0.00281861
0.006097
0.0124381
0.00113836
0.000452112
0.00757535
0.00106877
0.00301843
0.000639048
0.00996617
1.58467e-005
0.0246644
0.00741457
0.000160155
0.00172945
0.00519508
0.000663419
0.0193033
0.00210699
0.00850542
0.0056827
0.00105263
0.00122033
0.00099902
0.00150633
0.00132521
0.00360685
0.00378354
0.00202397
0.000477169
3.02721e-007
0.00138882
0.000634537
0.00308012
0.00231236
0.00289266
0.00703564
0.00174096
0.00252603
0.000743887
0.00211115
0.00290512
0.00296381
5.83719e-009
0.000174033
7.24275e-006
0.0106871
0.00811583
0.000665192
0.00180069
0.000838544
0.00168501
0.000594717
0.012818
0
0.0128575
0.00489928
0.000436757
0.00468234
0.00161174
0.00227912
0.0118642
0.000640949
0.000163796
0.00718752
0.000271077
0.00171387
0.000408265
0.00168663
5.06098e-005
0.00225876
0.000956632
0.00215409
0.00571135
0.00609247
0.00460168
0.00445968
0.00230464
0
0.00268317
0.0153423
0.00444608
0.00691944
0.00229491
0.00120839
0.00112814
3.753e-005
2.45001e-005
0.00871374
0.00218382
0.00054734
0.00812861
0.000986914
0.00753472
0.00224525
0.000973208
0.0104758
0.00266358
0.00909228
0.0251964
0.000774746
0.00127859
0.00546237
0.0246866
0
0.00144722
0.000484461
0.00627922
0.00234023
0.00123402
0.0220641
0.0238883
7.20863e-009
0.00116665
0.0033685
0.000652546
-6.46484e-009
0.000839381
0.00282691
0.00586093
0.000470999
0.00259618
0.0571813
0.00495247
1.32248e-005
0.00667826
0.0173354
0.00338856
0.00267188
0.00142586
0.00298967
0.00698772
0.00374948
0.00390173
0.00127792
0.0146039
0.0119909
0.00161778
0.0106988
0.00757362
0.00033356
0.000102103
0.00391346
0.00321934
0.00225061
0.00170672
0.000388987
0.00220318
0.00211453
0.000495113
0.000536981
0.00193663
0.00111904
0.00391414
0.0089677
0.00377697
0.00728377
0.0156913
0.0153379
0.00353728
0.0119857
0.00356157
0.0118323
0.00252317
0.0356729
0.00517822
0.0020677
0.000681499
0.00273637
0.000630763
0.00010912
0.000750297
0.000671428
0
0.00482635
3.50208e-005
0.000695985
0.00124761
0.0519811
0.00519258
0.00448465
0.00124948
0.00150579
0.00035018
2.92998e-011
0.00322621
0.00524796
0.00174346
0.000443181
0.0021716
0.00649275
0.000653415
0.00153639
0
0.00175565
0.00616648
0.00877101
0.000480074
0.00284491
0.000490752
0.000874201
0.000495306
0.000579429
0.000991076
0.000731561
0.00672314
0.0217839
0
0.00102468
0.00289619
0.0194651
0.00245801
0.00140565
0.0102734
0.000159738
0.000628973
0.0901134
0.0051641
0.00138475
0.00609692
0.00107815
0.00200639
0.00111809
0.0298176
0.000961242
0.000701872
0.00327868
0.00107539
0.00247343
0.00185488
0.00201459
0.00197279
0.00174075
0.00151653
0.0026964
0.000860572
0.005009
0.00070913
0.0355558
0.000655665
0.00373035
0.0151665
0.00032991
0.00124137
0.00017082
-9.35476e-009
0.0111145
0.00466896
0.000404061
0.000731429
0.0155954
0.0319363
5.26139e-005
0.00264627
7.11327e-005
0.00207116
0.00135538
0.00135538
0.0141283
0.00234787
0.00400463
0.00446084
0.00622116
0.00103317
0
0.00160673
0.00120431
0.00726446
0.000259503
0.0014775
0.00114472
9.56148e-009
0.000946113
0.000529262
0.000397337
0.000576948
0.00222384
0.000822507
0.00240566
0.00252434
0.00369972
0.00351658
0.00109558
0.00144906
0.00336826
0.000120465
0.00010446
0.000101477
0.00164418
0.00363187
0.000734506
0.00791094
0.00168803
0.0097229
0.073459
0.0857026
0
0.000678685
0.0025203
0.00115783
0.00253437
0.00702627
0.00741578
0.00526241
0.0443332
0.108822
0.00252182
0.000306856
0.000709999
0.0016765
0.00146217
0.0018537
0.00209772
0.0161548
2.46791e-005
0.00157609
0.00715245
0.0186914
0.00185774
0.00255862
0.000682472
0.00219332
0.00119765
0.0108028
0.00183194
0.000433775
0.000241303
0.00865688
0.00370247
0.00144596
0.00296404
0.00739298
0.0199119
0.012413
0.00828877
0.00246707
0.00225539
0.00170043
0.00508037
0.00226047
0.00062365
0
0.0034045
0.00347121
0.00121385
0.00238117
0
0.000587605
0.00258614
0.00122913
0.00076854
0.00443081
0.00716443
0.000254667
0.00334243
0.000234722
0.000470675
0.00203472
0.00043516
0.00127933
0.0112534
0.00256615
0.00558802
0.0178156
0.00303728
0.00101621
0.000412196
0.0145239
0.00503934
0.000158165
0.00198632
0.000497315
0.00569655
0.00774694
0.000536808
0.0159438
0.000107798
0.0443339
0
0.00173946
0.0591588
0.0258381
0.0432162
0.0131598
0.0112793
0.00426204
0.0766154
0.000530844
0.00406448
0.000300771
0.00248738
0.000636393
0.00425232
0.000590306
0.000931911
0.000287536
0.0018925
0.000545658
0.000174188
0.0304479
0.000955556
0.00168067
0.00570694
0.00107094
0.00175968
0.0154471
0.000102013
5.22057e-005
0.0127656
0.00744978
0.00188142
0.000569137
0.000881695
0.00239968
0.00705775
0
0.00258908
0.000950181
0.000842275
0
0.000317389
0.00206289
0.00778176
0.00288659
0.00094773
0.0121703
0.00474987
0.0198789
0.00532459
0.0202848
0.00709474
0.00710956
0.000330147
0.00516161
0.000625717
0.00138659
0.00262136
0.00680672
0.00742614
0.00687309
0.00115314
0.00096966
0.00407861
0.000433604
0.00365237
0.00768772
0.00119357
0.00402174
0.00668928
0.00892694
0.000322338
0.00106165
0.000738879
0.00206773
0.000174174
0.00133516
0.00267449
0.000870104
0.0674022
0.000729875
0.0124817
0.0130192
0.00195699
0.00227357
0.00112124
0.0179296
0.00117936
0.000740655
0.0326342
0.00393118
0.00171359
0.000847815
0.00094043
0.00488507
1.63803e-005
0.000440371
0.0158531
0.00236974
0.00171334
0.0125992
0.015029
0.000442747
0.00378445
0.00525359
0.00538936
0.00287461
0.00234415
0.00112522
0.002407
0.00231977
0.00397565
0.00248267
0.00552014
0.00104793
0.0163004
0.0595134
3.00294e-005
0.0131333
0.00398283
0.0216799
0.00325224
0.00200375
0.0224388
0
0.000284055
0.000199756
0.00241863
0.000904792
0.000886427
9.53367e-005
0.00211947
0.00226143
0.00197831
0.00294448
0.00451152
0.000336763
0.0030379
0.0247117
0.00381998
0.00401317
0.000131911
0.000309521
0.00378033
0.00163231
0.00182715
0.0130398
0.00348821
1.0089e-008
0
0
2.97528e-009
0.00222128
0.000907328
0.000670413
0.00557463
0.00920737
0.00192114
0.00410049
0.00566401
0.00631663
0.0337117
3.15703e-005
0
9.85474e-005
0.00161175
0.00168668
0.00922142
0.000278842
0.0017817
0.00617789
0.00339629
0.000226227
0.00155792
0.000231866
0.00219027
0.100586
0.0002225
0.0015786
0.000828907
0.00270647
0.0061117
0.000126243
0.000579074
0.000153307
0.00364182
0.00212079
0.0165852
0.0317438
0.0139186
0.00372644
0.0021693
0.000846411
0.00631825
0.00291888
0.00753025
0.000459864
0.00204499
9.98719e-005
0.00347415
9.1067e-006
0.00400245
0.0489108
0.105143
0.00361174
0.000914787
0.00055694
0
0.00379028
0.0167919
0.000946766
0.00479329
0.00435237
0.00245242
0.00129989
0.00855015
0.00140283
0.000575639
0.00759657
0.000623259
0.00875499
6.54449e-006
0.000288574
0.0140073
0.0537583
0.00318003
0.00040679
0.00880238
0.000418793
0.00186928
0.0137988
0
0.000704943
0.00131421
9.93142e-007
0.00378076
0.000819987
0.000846665
0.000400453
0.000703891
0.00500969
0.0172874
0.0142944
1.93937e-005
0.00280651
0.0047614
0.00437356
0.010769
0.00310375
0.00156089
0.0143197
0.000857929
0.000355031
0.000223315
0.0018547
0.00432674
0.0012284
0.0020338
0.00610472
2.9754e-009
0.00154755
0.00110856
0.000655559
0.00212429
0.00777242
0.00286261
0.00219497
0.00371637
0.00296409
0.00247542
0.00484541
0.000105746
0.00135364
0.000609066
0.00162653
0.00425606
0.00200693
2.97586e-009
0.000516977
0.000706081
0.0015972
0.00144156
0.0019537
0.00851715
0.00124838
0.0050094
0.000260898
0.013339
0.000727104
0.0341014
0.00484923
0.0101099
0.00436555
0.00184733
0.00286813
0.00222098
0.00544222
0.000466617
0.00212428
0.00441925
0.00216504
0.00448735
0.00983596
0.00712055
0.00789418
0.0103815
0.00865096
0.00741273
0.00527746
0.00118809
0.0102019
0
0.00785056
0.0019329
0.000492278
0.00289917
7.42743e-009
0.00116999
0.00174461
0.00032927
0.0021548
0.00682068
0.00582167
0.00303671
0.00597048
0.00865742
0.00133339
0.0100095
0.000338929
0.00174606
0.0144324
0.00166314
0.00312954
0
0.00163301
0.00158802
0.000680833
0.048414
0.000267525
0.000212366
0.0438237
0.000274897
0.00188235
0.00942377
0.0187897
0.000523173
0
0.00166175
0.00024053
0.0325924
0.00212991
0.00439338
0.001506
0.00241274
0.00206973
0.00234735
0.00117895
6.5768e-009
0.00730254
0.000505774
0.000437703
0.00245196
0.0024355
0.0076265
0.00287542
0.0021863
0.0106973
0.00555427
0.00135817
0.00107755
0.0001889
0.000145162
0.00121822
0.00116927
0.00551727
0.00176849
0.00138331
0.000504509
0.000547173
-8.43059e-009
0.00378808
0.00226971
0.002587
0.00464244
0.00162918
0.00299898
0.0020253
0.00119498
0.00374123
0.00184482
0.0188697
0.0140674
0.00735312
0.000484534
0.000355316
0.00372004
0.00482026
0.0292665
0.0129531
0.000422857
0.000714347
0.0158639
0.000137736
0.00100725
0.00712889
0.00472188
0.0013023
0.000238115
0.00043206
0.00316583
0.00351491
0.000854906
0.00136769
0.000569638
0.00907836
0.000245565
0.00148675
8.45088e-005
0
0.00105329
0.00159573
0.0858411
0.00714405
0.00125947
0.00295038
0.00635365
0.0060356
0.00179163
0.00243953
0.00942704
0.00241508
0.00726945
0.00176909
0.00297538
0.00583098
0.013892
0.00877126
0.00335814
0.00296167
0.0751436
0.000237737
0.00285851
0.00167503
0.000637051
0.000578325
0.000875327
0.00225153
0.000446641
0.000810133
0.00324332
0.00398246
1.89909e-007
0.00519661
0.00105337
0.00382435
0.00762368
0.00650524
0.00232444
0.07603
0.000845158
0.000429304
0.00193001
0.000256631
0
0
0.00447252
0.0345483
0.00319857
0.00105968
0
0.0131194
0.036009
0.000759905
0.000263105
0.000960257
0.00430537
0.00126225
0.0531937
0.000286081
0.00296136
0.00252053
0.0023753
0.000859876
0.000161822
0.000883488
0.000157768
0.00497701
0.00150239
0.0300226
0
0.000843099
0.000588582
0.000291901
0.00300455
0.00253504
0.00616631
0.00137689
0.000170429
0.00426697
0.0104605
0.017124
0.00918309
0.00863311
0.0066183
0.00203139
0.00591711
0.168535
0.00262298
0.105657
0.00907379
0.00051456
0.00728994
0.000690452
0.00415788
0.00521911
0.0216696
0.00519992
0.00157146
0.00750705
0.00383312
0.000706841
0.0085543
0.000779849
0.0159065
0.0057175
0.00220408
0.00184054
0.0019131
0.00115676
0.00494482
0.0278388
0.0138566
0.00420211
0.00320064
0.0192079
0.0175622
5.69978e-005
0.00125052
0.00134834
0.00695746
0.00104322
0.000589769
0.00070617
0.00144341
0.0030552
0.00333574
0.00277239
0.00879105
0.00227514
0.00413579
0.00853158
0.0273164
0.000509241
0.000712734
0.000186878
2.30013e-005
0.00216385
0.00250215
0.002167
0.000856583
0.00039085
0.00352617
0.000945565
0.00124484
0.00220364
0.00209889
0.00106892
0.00163933
0.0223799
0.00071981
0.0112868
0.00314456
0.00573997
0.00165973
0.00272915
0.00417806
0.00058708
0.00139835
0.00289812
0.000491696
0.000772829
0.00080738
4.20946e-005
0.000205301
0.00477732
0
0.000953191
0.00173993
0.0686834
0.00168856
0.00810505
0.00236294
0.000477768
1.45226e-006
3.87682e-005
0.0194852
4.11927e-009
0.000762046
0.00551223
0.00226688
0.0252902
0.00376608
0.00199888
0.00281584
0.00546276
0.00470362
0.00187919
0.00135309
0.00375721
0.000673462
0
0.0186267
0.00592369
0.0115871
0.0113462
0.00631609
0.00523309
0.00686696
0.00723946
0.000398049
0.00405491
0.000953529
0.00676489
0.000651056
0.00124961
0.0010198
0.00886731
0.00510946
0.00505384
0.000307438
0.00754107
0.00572622
0.00990191
0.000998236
0.00222183
-7.259e-009
0.0189508
0.000158223
0.000316973
0.000782956
0.00053812
0.00188382
0.00516436
0.00273271
0.0393512
0.00161237
0.00249842
0.00088746
0
0.00207158
0.019593
0.0153308
0.011355
0.00156751
-1.02506e-008
0.0013739
0.0573618
0.00679502
0.00117151
0.00120149
0.00136638
0.0052192
0.00179306
0.000542638
0.003575
0.00181535
0.00532534
0.00264475
0.00227743
0.00653156
0.00437122
0.00156228
0.0314355
0.0054002
0.00269921
0.000861683
0.00161203
0.000439349
0.000477473
0.0656291
0.000369667
0.000527492
0.00236813
0.00376123
0.0262563
0.000675391
0.00423778
0.00372269
0.00315733
0.000846995
0.00354366
0.00143211
0.0115702
0.00605157
0.00170707
0.00242432
0.000487636
0.0175108
0.00192636
0.00403589
0.00508605
0.00189841
0.0135151
0.00120679
0.000503034
0.000520288
0.000566042
0.000989789
1.03014e-005
0.00755841
0.000859025
0.00146296
0.00554632
0.00183996
0.0109883
0.000746165
0.00255894
0.00709919
0.000877708
0.000743016
0.00619631
0.00310557
0.00239086
0.00511262
0.0022081
0.000426064
0.00173766
0.00185206
0.00500292
0.000387701
0.00289155
0.00131514
0.000148024
0.000581067
0.0109555
0.000259
0.00757707
0.00117975
0.000342604
0.0372015
0.0373633
0.00254818
0.00248677
0.00158513
0.00101959
0.00246737
0.00102988
0.00175564
0.00117955
0.00178668
0.0108189
0.000256663
0.00321976
0.0237873
0.00117822
0.00093606
0.0127005
0.0268854
0.00437802
0.00306103
0.000763053
0.00470138
0.00014746
0.000119027
0.00932182
0.00279412
0.000455381
0.000438051
0.00406659
0.00356425
0.0103517
0.000954498
0.00828739
0.00479957
0.00174638
0.0055575
0.0143746
0.00303253
0.00136452
0.00204667
0.00400025
0.00164598
0.00112894
0.000240956
0.00409678
0.00176586
0.00686856
0.00241537
0.000897353
0.00406375
0.0042393
0.027532
0.00430719
0.000260536
0.043327
0.00309378
0.00291622
0.0639608
0.0335964
0.0365835
0.0427248
0.00418042
0.0015606
0.00980146
0.00496372
0.0179257
0.00300561
0.00158223
0.00525243
0.00026892
0
0.001061
0.00411428
0.0133886
0.0660502
0.0792048
0.00542305
0.026661
0.00114631
0.00108085
0.00770613
0.0668123
0.00297012
3.06198e-009
0
0.0437503
0.00742772
0.00892347
0.000119115
0.000369684
0.00197588
0.00414413
0.000578568
0.00097406
0.042043
0.00402165
0.00234796
0.00172612
0.0015204
0.000441725
0.00109915
0.0123001
0.000464719
0.00174993
0.0033641
0.00205116
0.00139048
0.000615523
0.00265037
0.00793684
0.0136751
0.00304441
0.00495982
0.000545916
0.000737685
0.000362417
0
0.000156887
0.00447027
0.00274646
0.00118564
0.0196583
0.0085084
0.00697744
0.000105902
0.000932111
0.0016414
0.0046357
0.000393701
0.00304336
0.00172325
0.000845315
0.00975991
0.0173584
0.000944066
0.00302573
4.56696e-005
0.0082164
0.00328174
0.00418419
0.00738293
0
0.00220203
0.00373549
0.0267322
0.00648291
2.32258e-010
0
0.00189737
0.00143317
0.00898502
0.00172192
0.00589689
0.000708156
0.00240897
0.0142475
0.043588
0.0509025
0.0204984
0.0539866
0.00631216
0.0193295
0.00517205
0.00529964
0.00266205
0.00200982
0.00854173
0.000759691
0.000557099
1.48679e-006
0.0324744
0.00304868
0.00239595
0.00163038
0.000902247
0.0148749
0.00690132
0.0079356
0.0224318
0.00145675
0.000913135
0.00419333
9.21023e-005
0.00161299
0.0183406
0.000182801
0.000221549
0.000408941
0.0140785
0.0015003
0.00116892
0.0367274
0.000821546
0.0027714
0.00141453
0.0147779
0.00322079
0.00180834
0.00149832
0.000833567
0.00163197
0.0111174
4.44418e-005
0.00380862
0.000769088
0.00818711
0.00400885
0.011249
0.037707
0.000733903
0.00272116
0.00394074
0.0021603
0.0292485
0.000350238
0.000393855
0.00307419
0.0014284
0.000899069
0.00158957
0.00626813
0.00713113
0.00665136
0.0037453
0.000553196
0.000755613
0.000687806
0.00201321
0.0031614
0.0718734
0.00171781
0.0396127
0.00954802
0.0014895
0.000778496
0
0.000392189
0.000826066
0.0127988
0.0053477
0.001453
0.000314682
0.0321827
0.00149408
0.00263745
0.000654972
0.00497709
0.0251589
0.000976215
0.00371609
0.000537779
0.00125196
0.00936041
0.00375627
0
0.0114101
0.00301289
0.00126836
0.000821332
0.00740803
0.00951003
0.00407784
1.89896e-007
0.00189204
0.0181072
0.000297866
0.0200114
0.0031124
0.00713473
0.00593954
0.000570249
0.0125887
0.0197576
0.00029641
0.00145542
0.00422533
0.00216089
0.00144009
0.00281837
0.00089873
0.000952505
0.00129971
0.0184778
0.0293574
0.0264826
0.000818781
0.00077026
0.00491919
0.00473501
0.00197958
0.0017144
0.000976308
0.000657493
0.00210651
0.00305811
0.00188153
0.00422029
0.0145699
0.0020523
0.0460669
0.00793922
0.0186593
0.0154154
0.0016566
0.000609511
0.000882997
0.00388912
0.0440723
0.00264439
0.000570624
0.00137342
0.00152352
0.00105494
0.000308991
0.00179726
0.000715174
0.00311345
0.0270873
0.0167031
0.00798014
0.00362313
0
0.00386356
0.0105252
0.00280083
0.050172
0.00136134
0.0013593
0.00116992
0.0059293
0.00391263
0.00105942
0.00754414
0.000881242
0.00128332
0.00813521
0.00183227
0.00193808
0.00141163
0.00602574
0.0036056
0.000992097
0.000501936
0.0025088
0.0294973
0.0103869
0.00162158
0.00657471
0.00519187
0.00282877
0.00148725
0.0101063
0.00851724
0.00156638
0.000670891
0.00126541
0.00232959
0.00234338
0.0181896
0.00304119
0.000551308
0.000735047
0.000637589
0.0148487
0.0106496
0.0024315
0.00229152
0.00247826
0.00133163
0.000438901
0.00106088
0.00492084
1.76911e-005
0.000842335
0.000922069
0.000939301
0.00539806
0.00111901
0.00222179
0.00260459
0.0493892
0.00282433
0.00226514
0.00031942
0.0027247
0.0116856
0.0074707
0
0.000594922
0.00377459
0.00407874
0.0164554
0.0114109
0.0190624
0.00189942
0.00173154
0.0180566
0.00195777
0.0688577
0.000522335
0.0175769
0.00177035
0.00935239
0.00280387
0.00357366
0.0106029
0.00401134
0.00239538
0.0561718
0.012584
0.00445497
0.00555917
0.0593816
0.00793353
0.00753576
7.63238e-005
0.00558965
0.00279273
0.000405935
0.000985521
0.00276623
0.00832756
0.00117534
0.0044886
0.00360223
0.00846988
0.00595595
0.00737241
0.000843231
0.00101524
0.000474663
0.000865175
0.00119112
0.00357045
0.00164454
0.00556546
0.000486651
0.000693565
0.000137061
0.00175869
0.0327951
0.00305676
0.0143656
0.00387742
0.00490949
0.0118917
0.00404416
0.00597051
0.00374669
0.0526221
0.0424447
0
0.00115512
0.033362
2.18356e-005
0.00106576
0.00196909
0.00730708
0.000805409
0.000796216
0.00212492
0.0156357
0.000824959
0.00256679
0.00632954
0.000631505
0.0026619
0.000917986
0.00110893
0.00131631
0.00346851
0.000519368
0.0022097
0.0295803
0.00788727
0.00088743
0.00173168
0.000765373
0.000842143
0.00144709
0.000977774
0.0098283
9.43106e-005
0.00390569
0.000334824
0.000396443
0.00828877
0.00310382
0.0526942
0.00363676
0.0027115
0.0242595
0.0119178
0.00155971
0.00251035
0.000710484
0.0016319
0.00198826
0.0104143
0.00137792
0.00355177
0.00337941
5.22605e-005
0.00297196
0.00174268
0.00325277
0.00703839
0.0170584
0.000266196
0.00436569
0.00141966
0.00042354
0.00233326
0.0016812
0.0902138
0.00198044
0.00448331
0.000832733
0.00160591
0.00273246
0.00311991
0.00315003
0.00199566
0.00134617
0.00137754
0.003769
0.00786917
0.0254014
0.00140572
0.00623894
0.0315402
0.00185655
0.00112477
0.0106959
0.00722706
0.00168517
0.00740863
0.000174838
0.000494274
0.00925914
0.0010602
0.00580398
0.00253746
0.000436862
0.00288301
0.000546704
0.00315918
0.000859184
0
0.00169275
0.00195546
0.00136357
0.00131492
0.00156504
0.00034571
0.00198857
0.00278184
0.0417962
0.00370077
0.0504077
0.0014019
3.14598e-005
0.00174281
0.000786131
0.00182532
0.00136584
0.0398636
0.0089622
0.00134692
0.0018834
0.000482164
0.0096411
0.019093
0.005397
0.000866819
0.0103346
0.00364681
0.00643898
0.00280087
0.00815513
0.00467834
0.0158112
0.00145095
0.00131439
0.00196482
0.088492
0.000640498
0.0011484
0.00199749
0.000872842
0.000644398
0.000417944
0.00257333
0.00469166
0.00338605
0.00299936
0.0103275
0.0127691
0
0.00369387
0.0133118
0.0196804
0.0286473
0.00137254
0.000486458
0.00408887
0.00533642
0
0.000951927
0.00448634
0.00547687
0.00268178
0.00213708
5.51377e-005
0.00530308
0.0032006
0.00101703
0.00374678
0.0214069
0.00125794
0.00110202
2.35005e-005
0.00512129
0.0103106
1.27132e-010
0.00542745
0.00147359
0.00484322
0.000423472
0.00157018
0.000867614
0.0494207
0.00111617
0.000438375
0.000286805
0.01435
0.00253073
0.0139827
0.00100397
0.000589124
0.00556053
0.00415872
0.000908869
0.0271499
0.000239486
0.000771655
0.000897387
0.000230035
0.00911927
0.00297497
0.00122014
0.017756
0.000946224
0.0177444
0.000157119
0.00424251
0.00375374
0.00101166
0.0106952
0.00165875
0.00552941
0.00455581
0.0152224
0.00210489
0.00185267
0.0263297
0
0.000278482
0.00330421
0.0220882
0.00656803
0.00161938
0.000768657
0.00267392
0.00446379
0.00395869
0.0117431
0.00257006
0.0474437
0
0.000740247
0.00634539
0.00361795
0.00356935
0.0108237
0.0401616
0.00145942
0.000484705
0.000328508
0.00579419
0.000581865
0.00136038
0.00112762
0.000872601
0.00529968
0.00273868
0.0238248
0.00338604
0.00267619
0.0106328
0.000352634
0.0012517
0.00868632
0.00106931
0.000280848
0.00642894
2.97137e-005
0.00197863
0.00298313
0.000882437
0.0034769
0.00156304
0
0.00168534
0.00102499
0.00675126
0.00451952
0.0115345
0.00566451
0.00412547
0.00787037
0.00170953
0.0614684
0.00249186
0.0111186
0.0108822
0.00306598
0.00135249
0.0018818
0.00600282
0.00114135
0.000900044
0.063545
0.0291647
0.00161403
0.00237789
0.000314263
0.0021937
0.0133982
0.0633477
0.023754
1.85464e-005
0.000344354
0.0060408
0.00336445
0.000777616
0.00156494
0.00806695
0.0153252
0.00387808
0.00964145
0.00266223
0.0178787
0.00195522
0.00254618
0.00223234
0.0037575
0.00240126
2.46793e-005
0.00082335
0.030643
0.00308237
0.00102645
0.0124412
0.00033678
0.00185034
0.00496127
0.0187637
0.00496981
0.00314279
0.0252158
0.00154571
0.00310571
0.00262117
0.010198
0.000356018
0.0670693
0.00117139
0.00300613
0.00888716
0.0389811
0.0182775
0.0115868
0.0163751
0.0281728
0.0107381
0.065906
0.0720881
0.0021932
0.0838186
0.0812733
0.02688
0.00565721
0
0.000391434
0.00535782
0.00435133
0.00347755
0.00498023
0.00117293
0.00100559
0.00514175
0.0103556
0.0223552
0.0020783
0.000769463
0.00812455
0.00276051
0.063545
0.00309417
0.0096493
0.00391075
0.00139356
0.00245412
0
0.00613694
0.00905322
0.00450925
0.00305872
0.00217138
0.00112781
0.000728482
2.15589e-005
0.00229119
0.00744438
0.0237072
0.000219549
0.000355495
0.00554997
0.000656214
2.43491e-005
0.000331466
0.000977446
0.00758214
0.00742581
0.000367846
0.00260978
0.00105883
0.000429422
0.000859684
0.000699443
0.0420045
0.0304107
0.000544089
0.0101013
0.00193905
0.000508264
0.00662856
0.00341317
0.0109307
0.00289977
0.00328077
0.00568942
0.00524844
0.00043113
0.000155918
0.00740233
0.00350344
0.0049465
0.00154126
0.000716578
0.000892413
0.000252081
0.00235714
0.00639097
0.00336824
0.0261853
0.000278252
0.00163984
0.00130846
0.00134593
0.00880061
0.0129996
0.000129341
0.00180517
0.00301002
0.0112078
0.0019048
0.00436409
0.030596
0.0105201
0.00297294
0
0.0085018
0.000666137
0.00515445
0.000433887
0.000719369
0.00465498
0.00305195
0.0200494
0.00258145
0.00229178
0.00720108
0.00353073
0.0089785
0.00452449
0.0022981
0.00329341
0.00148526
0.0141355
0.00065573
0.00347006
0.0016603
0.0380594
0.000155631
0.00629974
0.00192828
0
0.00481258
0.00106237
0.00468296
0.00125966
0.00177689
0.00292899
0.003132
0.0169528
0.000833649
0.00184436
0.00162103
0.000914854
0.00243178
0.0041431
0.00141277
0.000914272
0.00449957
0.00165487
1.05429e-009
0.00936339
4.06772e-005
6.37748e-005
0.0178086
0.00148458
0.0694093
0.00185846
0.0012232
2.21484e-005
0.000270431
0.00372931
0.000548696
0.000460635
0.00235433
0.00137348
0.0117931
0.0433934
0.0146088
0.00258695
0.00519335
0.000267631
0.00131606
0.00552606
0.00186384
0.00328975
0.0273906
0.00548681
0.00174631
0.00316106
0.00359485
0.0029381
0.00285684
0.00183671
0.0014966
0.000117021
9.73345e-005
7.12481e-005
0.000100585
-8.73066e-009
0.0037197
0.00024509
0.00118209
0.00581766
0.0166773
0.00127488
0.00120058
0.00929602
0.00989101
0.00466343
0.00206765
0.000924597
0.00559071
0.00849801
0.000371251
0.00224063
0.00138364
0.00132106
0.00382684
0.00575884
0.00126353
0.000811716
0.00177389
0.0023847
0.0312667
0.00337211
0.0299742
0.00129081
0.00238675
0.00214629
0.00486791
0.00345401
0.00193687
0.00144108
0.00565421
0.000478435
0.00580228
0.000117731
0.00503638
0.00285755
0.00103905
0.000571778
0.00295837
0.0199638
0.000455347
0.0101797
0.0113344
0.00506912
0.00123342
0.0019652
0.00529105
0.0007619
0.00299009
0.00525396
0.00532354
0.00397108
0.00584471
0.0095179
0.001326
0.00436456
0.00198636
0.000766233
0.00793803
0.000766335
0.00162875
0.00124961
0.000785568
0.000824072
0.00133404
0.000986292
0.00695265
0.00310693
0.00968011
0.0030104
0.00423475
0.00739766
9.71392e-005
0.00154401
0.00214445
0.00268309
0.0348298
0.000227066
0.00224433
0.00774467
0.00113136
0.00134696
0.0134497
0.0135051
0.000895617
0.0250761
0.0327462
0.0250763
0.000913258
0.0018025
0.0352802
0.00250291
0.000439313
0.0106741
0.00636032
0.00114614
0.000590724
0.0105504
0
0.00457812
0.00135505
0.0147041
0.00370337
0.00461019
0.00121907
0.00617882
0.000403439
0.00159195
0.00584301
0.000796044
0.00442459
0.00616609
0.0108236
0.000946649
0.00587696
0.00342277
0.000200563
0.00239498
0.00164529
0.00084655
0.00505461
0.0007367
0.000175426
0.00316922
0.0412827
0.000572227
0.00231858
0.00159684
0.00171037
0.00121173
0.00294668
9.51478e-005
0.0108842
0.000700214
0.00293091
0.00342084
0.0152681
0.0008725
0.00406596
0.00308501
0.00577932
0.0012259
0.000164504
0.00305224
0.0164166
0.000999145
0.000939019
0.0151367
0.00201951
0.00282962
0.00458655
0.00380458
0.0035322
0.00179842
0.00351763
0.000186781
0.000709844
0.00395866
0.00317659
0.018755
0.00468932
0.0036677
0.00191005
0.00328606
0.00119623
0.000135676
0.0077393
0.00284683
0.00544997
0.0158914
0.00181545
0.0011047
0.00307045
0.0037262
0.00419528
0.0352337
0.0101372
0.0110965
0.00216516
0.00494132
0.00349503
0.000612037
0.000144685
0.00551368
0.000129518
0.00112946
0.108799
0.0205578
0.0013789
0.0308301
0.0968538
0.00534627
0.0282026
0.000980668
0
0.00214712
0.00781219
0.000369674
0.00193425
0.00844616
0.0224587
0.000865191
0.00814208
0.000181404
0.0018212
0.0308273
0.000141646
0.00119871
0.0012591
0.00206129
0.00570744
0.00830818
0.00320061
0.000780022
0.00194151
0.000838594
0.0141011
0.00334609
0.0111352
0.00262216
0.0033902
0.0527142
0.000831527
0.000746185
0
0
0.000249749
0.0219429
0.0024949
0.00531498
0.00269084
0.00468152
0.00274962
0.00144639
0.0401074
0.00357454
0.00899053
0.00361873
0.00402747
0.00604297
0.0175315
0.00372
0.00674841
0.00321447
0.00885573
0.00123498
0.000907059
0.000743074
0.00120593
0.00437184
0.00690875
0.00189833
0.00104672
0.00676373
0.014309
0.000396709
0.0116865
0.00972994
0.00195023
7.01596e-005
0.00439248
0.000775798
0.00934497
0.00115364
0.00958042
0.000378076
0.0021501
0.0165007
0.00413578
0.000624241
0.000211799
0.00293894
0.00237253
0.00253046
0.0061062
0.00153399
0.00323375
0.000266531
0.00973119
0.000816239
0.00130687
0.00187954
0.017879
0.00076787
0.071479
0.00141048
0.000405909
0.00122458
0.00585378
0.00178099
0.00712795
0.0118531
0
0.001788
0.00108172
0.00153629
0.0139175
0.00185284
0.0101142
0.000627502
0.00047923
0.00337146
0.0201192
0.002658
0.000212175
0.0105755
0.00232653
0.0112162
0.00131291
0.0107343
0.0117278
0.000407054
0.0145556
0.0117481
0.0012904
0.0014239
0.0054251
0.000613111
0.00241521
0.00294599
0.00043002
0.00272221
0.00799567
0.00469661
0.000913795
0.00195983
0.00503899
5.5293e-005
0.00711056
0.000162586
0.0306354
0.0102517
0.00235472
0.00151649
0.00168337
0.00526878
0.00220108
0.011013
0.00241238
0.00542135
0.00182861
0.00166078
0.0008736
0.00193508
0.000997518
0.000955523
0.00857203
2.18915e-009
0.00427661
0.000222699
0.00408079
0.00319295
0.0169543
0.00136236
0.00761753
0.00237435
0.00254832
0.0279343
0.00380779
0.00383905
0.0102088
0.00529112
2.21832e-010
0
0.00172402
0.0280251
0.00436553
0.00383238
0.00068165
0.00196342
0.00246071
0.00803108
0.00363637
0.00144327
0.000978442
0.00260862
0.00165441
0.00445363
0.00180815
0.0033519
0.0567796
0.00218016
0.00964516
0.00211327
0.00341042
0.000596887
0.00218129
0.00857296
0.00644743
0.0169827
0.0122759
0
0.000123565
0.000227912
0.00505144
0.00386474
0.0121664
0.00221842
0.000122834
0.00157146
0.00112034
0.00235087
0.00429721
0.0606931
0.00412192
0.00742487
0.000292028
0.00690108
0.00377544
0.00162758
0.00330515
0.00369101
0.000135677
0.0111904
0.0221125
0.00264621
0.00361775
0.0113386
0.00354504
0.00108557
0.0109656
0.00236639
0.0028554
0.107168
0.00853476
0.000988549
0
0.0434994
0.00087702
0.000527212
0.00200088
0.00727795
0.00695018
0.011823
0.000633737
0.00647891
0.0485446
0.0310031
0.00110095
0.00737442
0.00495377
0.0108
0.00641301
0.00852056
0.00928741
0.000768724
0.014706
0.00082746
0.00125838
0.0027733
0.0224504
0.00384957
0.0201245
0.0285734
0.000733047
0
0.00493599
0.00170561
0.0116551
0.000907929
0.00891163
0.0167371
0.00846811
0.00338248
0.00400221
0.00227765
7.08284e-005
0.00342849
0.00701698
0.00355881
0
0.00775856
0.0289344
0.00140647
0.0023003
0.000288509
0.0117635
0.00638675
0.00359072
0
0.0438553
0.00247362
0.00793559
0.0179712
0.00350403
0.00455469
0.0594239
0.0270711
0.00249693
0.0483468
0.00516138
0.000896354
0.00889967
0.00113067
0.00135022
0.00125568
0.00230387
0.00952673
0.0272146
0.00177993
0.00284787
0.000111659
0.0157546
0.0368023
0.0028424
0.00196712
0.00596622
0.000472908
0.00847499
0.00453742
0.00591614
0.00227328
0.00372054
0.011301
0.000584494
0.0170014
0.0821546
0.00162787
0.000272014
0.000990887
0.00189651
0.000783101
0.0015985
0.00551773
0.00555406
0.00254936
0.00601617
0.00398814
0.00367685
0.00388716
0.00843509
0.00416164
0.0574319
0.00163643
0.00077618
-1.04105e-009
0.000313038
0.0015409
0.000902965
0.00300946
0.00906582
0.00578818
0.00666788
0.00282431
0.00113397
0.0020552
0.000702638
0.000745517
0.00693134
0.00922491
0.0254395
0.00209291
0.00787954
9.04791e-005
0.000203822
0.00429135
0.00698533
0.00512092
0.000266681
0.00427199
0.00217834
0.00192676
0.00444852
0.00406008
0.00385866
0.0121574
8.10063e-005
0.00229455
0.00038155
0.000677632
1.4786e-009
0.0104945
0.00822682
0.00506716
0.00254276
0.0925913
0.0514742
0.00176153
0.000956455
0.00186506
0.103355
0.0800379
0.00241439
0.000557477
0.00174344
0.0155824
0.00732891
0.000927526
0.000997892
0.00252036
0.00145297
0.00239356
0.00114793
0.00839233
0.00549652
0.00168527
0.000144605
0.00336941
0.0204983
0.00957769
0.00753988
0.0035932
0.0135817
0.0133537
0.00107041
0.0013792
0.045034
0.000478455
0.0016797
0.00692821
0.00605295
0.0147726
0.0206094
0.0110105
0.00353844
0.000234856
0.041078
0.0014987
0.00244688
0.00283655
0.00235035
0.00106519
0.00489869
0.00419743
0.000519978
0.0462115
0.00233031
0.00398449
0.00024368
0.00127195
0.00107525
0.00590127
0.00239714
0.000957146
0.0065223
0.00296459
0.0047669
0.0071899
0.00318224
0.00655053
0.0019653
0.000404714
0.0052524
0.00436519
0.000137922
0.00408083
0.000624729
-8.1772e-009
0.00470434
0.00366596
0.00129991
0.00122795
0.00142072
0.00137639
0.00668127
0.0101766
0.0171103
0.000888728
0.00107815
0.000320012
0.00115816
0.0993903
0.0188878
0.0226109
0.00629145
0.00015767
0.00587127
0.000728334
0.000828035
0.00865353
0.000272934
0.00273188
0.000805801
0.00282059
0.0058057
0.0061657
0.0018469
0.00658741
0.00407205
0.0499029
0.0434254
0.000442609
0.00351425
0.00120583
9.25761e-006
0.0406654
0.0165789
0.00109448
0.00126596
0.000739512
0.0234956
0.002415
0.0473054
0.000930983
0.0199284
0.0114281
0.00366375
0.0036498
0.00160426
0.00362903
0.0136874
0.0272782
0.013768
0.00574173
0.0184224
0.000929667
0.0112454
0.00378415
0.00217829
0.0099713
0.0103917
0.00315841
0.00405283
0.006397
0.00264035
0.00671711
0.00120704
0.00121299
0.0102711
0.00148494
0.00601756
0.0114514
0.0121507
0.00180711
0.00151977
0.0206311
0.0108439
0.0164666
0.0152956
4.42517e-006
0.00135046
0.00332693
0.00710951
0.00234434
0.00233169
0.00201578
0.0972567
0.00064036
0.00114765
0.00296685
0.00229616
0.00030441
0.049701
0
0.0492962
0.00205531
0.00194366
0.00223128
0.00576947
0.0179413
0.00068305
5.09641e-006
0.00712247
0.00237788
0.00117843
0.00175388
0.000468037
0.00130574
0.00111826
0.00759213
0.0152379
0.000525329
0.00128074
0.00491291
0.00733094
0.0190521
0.0152909
0.000753421
0.00592369
0.00233688
0.00189668
0.000266912
0.00413022
0.00776312
0.00303366
0.0113798
0.00104711
0.0251211
0.00629897
0.00560132
0.00114742
0.00213936
0.00396044
0.00194554
0.0539072
0.0598928
0.00457202
0.00657288
0.0426826
0.0196108
0.0231599
0.0054726
0.00337615
0.0952021
0.00128373
0.00258087
0.000114352
0.00596839
0.00419773
0.00283521
0.0020903
0.0075766
0.00210887
0.000621669
0.00475277
0.00137336
0.0149542
0.00120072
0.00415809
0.00131136
0.00134466
0.0110158
0.000611354
0.0301351
0.000604388
0.0732686
0.00105886
0.0014718
0.00427099
0.00358397
0.00112461
0.00182789
0.003021
0.00523714
0.00227942
0.000982164
0.00116027
0.0107872
0.00358564
0.0207867
0.00267272
0.00309512
0.0411006
0.0355254
0.000699705
0.000126264
0.000126937
9.58677e-005
0.00468222
0.00125061
0.00464185
0.011013
0.00923612
0.00495001
0.00131059
0.00509678
0.0351237
0.00266345
0.00575495
0.00224584
0.0138228
0.00310881
0.00293352
0.00351246
0.00731118
0.00330003
0.00189437
0.00548137
0.0320987
0.027613
0.00262013
0.00879371
0.00677758
0.00884569
0.00560052
0.000146174
0.00341194
0.0037346
0.0094501
0.000677544
0.0443196
0.00865264
0.00153041
0.0294956
0.00801413
0.0157005
0.000287914
0.00199199
0.00694763
0.00210295
0.00864783
0.0103246
0.0109995
0.00167995
0.000710107
0.00304947
0.0031069
0.00130472
0.00212722
0.0165687
0.0102898
0.00106523
0.0097528
0.0220913
0.07913
0.0564765
0.0192397
0.00158166
0.00387075
0.00394644
0.00174563
0.0071202
0.00169741
0.00395523
0.00944462
0.0039161
0.00173899
0.000617017
0.00691052
0.0315685
0.00140441
0.00413927
0.00467583
0.000395549
0.0156116
0.00125298
0.000359578
0.0521968
0.00758297
0.00261154
0.00603932
0.00426963
0.00679536
0.00160618
0.00774576
0.00185833
0.00142077
0.0124969
0.000528078
0.00201968
0.0260162
0.00295304
0.00841483
0.00193412
0.00193591
0.000714927
0.00122587
0.00375929
0.0290551
0.00337563
0.000592056
0.00375838
0.0380387
0.00227442
0.0132375
0.00505503
0.00570738
0.00190795
0.00098841
0.0447726
0.022376
0.000463168
0.000513315
0.00542865
0.0371544
0.00347112
0.0169134
0.00197154
0.0338879
0.00151969
0.002244
0
0.00516109
0.00122258
0.0165161
0.000381161
0.00048793
0.0627983
0.00122256
0.0011465
0.0031374
0.00265931
0.00239512
0.00289315
0.0245091
0.000953885
8.28139e-005
0.00260444
0.00577721
0.00788338
0.0301974
0.00179833
0.00167635
0.000492577
0.00330009
0.00172886
0.000354536
0.000579612
0.00155889
0.00441569
0.000877683
0.000807959
0.015241
0.0380817
1.29786e-005
0.010848
0.00101458
0.00206609
0.00171175
0.00365354
0.00264728
0.000542712
0.00198584
0.00430163
0.0130739
0.0111944
0.00646235
0.00257902
0.00795164
0.0399859
0.0072569
0.00982202
0.00514091
0.00450707
0.00365597
0.000520502
0.00164909
0.00342929
0.0249314
0.000199828
0.00132807
0.00385155
0.00387739
0.0017954
0.00383534
0.00168286
0.00311554
0.00227856
0.00106473
0.00380601
0.00747912
0.00380368
0.00397495
0.000306176
0.0801693
0.125981
0.0586271
0.00151873
0.0120677
0.0157371
0.00167894
0.000623419
0.0218014
0.0177401
0.0138309
0.00842672
0.00757222
0.0102845
0.0014031
0.0700668
0.0710145
0.000809161
0.000799268
0.00187328
0.0742232
0.0193249
0.0262239
0.00300054
0.00563001
0.00033175
0.00196917
0.00271692
0.0107982
0.000861844
0.00110408
0.00145546
0.00517437
0.000311302
0.00350587
0.0212686
0.00719365
0.000894551
0.00160117
0.000361051
0.0121729
0.000449827
0.000527678
0.0903071
0.0534406
0.00231495
3.68662e-005
0.00031041
0.000202925
0.0134629
0.00661536
0.00305227
0.00272404
0.0132465
0.00495363
0.00737094
0.0119788
0.00160728
0.00483661
0.0105049
0.00102546
0.00259455
0.0011149
0.00103376
0.00060814
0.00407582
0.014071
0.00574725
0.00115934
0.00320484
0.00282801
0.0408901
0.00433424
0.0284592
0.0251918
0.0111076
0.00788722
0.00393548
0.000901872
0.00151149
0.00448465
0.00081857
0.000647684
0.000154455
0.00145657
0.00118758
0.00139604
0.0112637
0.00317432
0.00720622
0.00270409
0.00253862
0.00451264
0.00399727
2.20506e-005
0.00107269
0.000936765
0.00336114
0.00178383
0.000630132
0.0027774
0.00301482
0.0242236
0.0067068
0.00762965
0.00268305
0.00163866
0.0232108
0.0196093
0.00206346
0.00470094
0.023641
0.0292111
0.00617774
0.00593235
0.0869713
0.000855824
0.00141884
0.0180026
0.00421741
0.000754014
0.000709661
0.000965864
0.00306681
0.00128766
0.0560991
0.00518313
0.00385054
0.00237366
0.000985435
0.00660697
0.00607156
0.000242763
0.00501467
0.00336469
0.00294223
0.031187
0.0115033
0.0264757
0.00539544
0.0503116
0.036995
0.00162618
0.0303102
0.0040184
0.043008
0.00501084
0.0153537
0.0150848
0.00214216
0.00433051
0.00211327
0.000128991
0.000870432
0.0258904
0.0831596
0.00531155
0.000573288
0.0118887
0.00185664
0.00102183
0.00170253
0.00336449
0.0144652
0.0408863
0.0501073
0.00664218
0.00155892
0.000444832
0.00625704
0.00166924
0.0174508
0.010698
0.0181818
0.00831311
0.031989
0.00694892
0.0017272
0.00376303
0.00241078
0.0121568
0.00563833
0.0296625
0.0158056
0.00234894
0.00211374
0.00945684
0.00127994
0.000569119
0.00746285
0.00783061
0.0192478
0.001143
0.00652564
0.0073036
0.0101675
0.0102853
0.000592058
0.00192364
0.00593757
0
0.00155405
0.000403978
0.00134279
0.00123249
0.00264615
0.0178726
0.0037319
0.00334996
0.00121524
0.00362622
0.00277996
0.00284026
0.00259123
0.000519515
0.000204264
0.00635347
0.00513858
0.000400078
0.000393813
0.000393813
0.0113369
0.0137752
0.00179295
0.00120675
0.00158903
0.00220073
0.000758419
0.00175067
0.0442795
0.00815887
0.0036994
0.00609446
0.0013449
0.00375388
0.00717721
0.0111732
0.0161417
0.00461928
0.00189607
0.0029342
0.00663569
0.00620528
0.00293094
0.00296926
0.00460615
0.0404291
0.000899252
0.00095598
0.00591569
0.00106803
0.00217394
0.00012016
0.00946435
0.00189793
0.00320609
0.0181754
0.000607333
0.000921998
0.00249473
0.000465082
0.0013388
0.000602854
0.00275708
0.0439912
0.00284124
0.00318987
0.00431293
0.00476796
0.00374643
0.00917913
0.0026462
0.0107677
0.0135906
0.00351588
0.00139051
0.00105079
0.00323954
0.00195012
0.00342835
0.00102943
0.00159596
0.00214103
0.000201269
0.0022125
0.00246913
0.000356797
0.0168454
0.0131534
0.0116677
0.020734
0.004021
0.00466557
0.00321322
0.00983615
0.0196371
0.0011561
0.00242545
0.00184459
0.0375823
0.000853924
0.000664204
0.0304786
0.00348197
0.0213966
0.00606023
0.016925
0.00161036
0.0139509
0.00740355
0.00251301
0.00120238
0.040342
0.0048801
0.0359309
0.00740128
0.00645939
0.0015742
0.00242311
0.00906139
0.0201985
0.00767321
0.00381661
0.0244935
0.0044781
0.00617878
0.00134961
0.00565395
0.000373839
0.00172738
0.00274418
0.00101357
0.00661738
0.00112605
0.00165495
0.00200659
0.00269847
0.0513207
0.0055086
0.00347774
0.0101305
0.000155834
0.0138413
0.00866575
0.00101638
0.000273896
0.022709
0.00590351
0.000428748
0.000565104
0.000464359
0.00042414
0.0112472
0.00110949
0.00410276
0.0619556
0.00222839
0.00294968
0.00263861
0.00274928
0.00226738
0.00836472
0.00149537
0.0010172
0.0229323
0.000604981
0.00534697
0.013986
0.0190777
0.0104205
0.0332517
0.00636026
0.0103054
0.0311055
0.0188126
0.00491573
0.0325889
0.00111257
0.0113892
0.0389431
0.00471958
0.00381593
0.00235551
0.00962395
0.00944317
0.00154677
0.00768444
0.00227184
0.0315012
0.00347794
0.00421971
0.00647339
0.0611189
0.00252835
0.00314914
0.00172925
0.00493856
0.0140294
0.0166922
0.00154809
0.00588695
0.000704756
0.000708391
0.000544555
0.0007116
0.00342701
0.00211722
0.00418359
0.000989047
0.0232501
0.0108785
0.000332874
0.001102
0.00496851
0.0295775
0.000873854
0.011421
0.00268429
0.00225352
0.0111425
0.00150144
0.00711104
0.0292766
0.00348264
3.46565e-009
0.0334074
9.39339e-005
0.000948816
0.000982165
0.00635542
0.00278987
0.00419894
0.0357967
0.0142828
0.00114644
0.00346865
0.00262253
0.0179389
0.000772033
0.00976966
0.00292945
0.000165528
0.00130928
0.00973493
0.0142282
0.00245604
0.0113809
0.00745613
0.00795904
0.00830446
0.00209294
0.000391426
0.00438605
0
0.00139719
0.0439741
0.0535177
0.000191379
0.000426817
0.00209194
0.0134778
0.0128705
0.00264736
0.00419787
0.00847721
0.00544361
0.0144421
0.00556621
0.000653472
0.00043495
0.00795088
0.0128686
0.0265518
0.00408869
0.00664631
0.0311718
0.00473869
1.97219e-005
0.00270999
0.0849601
0.00370425
0.002363
0.00228183
0.00489471
0.00301978
0.0096788
0.00232795
0.00137375
0.000890204
0.00356963
0.00640916
0.0139733
0.0242994
0.0010882
0.00239498
0.0105022
0.0204444
0.0890003
0.00081379
0.00580913
0.000297234
0.000778349
0.000767239
0.0150067
0.0246923
4.25704e-005
0.0132524
1.53646e-005
0.00470558
0.00176566
0.00258755
0.00155647
0.00252661
0.0133638
0.0105857
0.00809177
0.00299411
0.00162146
0.00242961
0.0684794
0.00225776
0.00207184
0.00200655
0.00324365
0.00174455
0.00316681
0.0353958
0.00509735
0.0094381
0.0148766
0.0203949
0.00514175
0.000745877
0.00462652
0.000647205
0.00420634
0.0232097
0.0060386
0.00215602
0.00117253
0.00828919
0.0104106
0.0128777
0.0203006
0.00291326
0.00435174
0.000400427
0.00418127
0.00554126
0.00374617
0.0235906
0.00119393
0.0184038
0.00871323
0.00174235
0.0177735
0.00129662
0.00282051
0.152118
0.00339935
0.0367142
0.00465968
0.00374012
1.67102e-005
0.00992167
0.0178176
0.0118415
0.0132068
0.00323235
0.0557945
0.000971033
0.00187885
0.00413594
0.00372543
0.00291805
0.00312237
0.022062
0.0123019
9.86066e-005
0.00194526
0.00131036
0.00496848
0.0023104
0.0147422
0.0144687
0.00375118
0.00282601
0.0013171
0.00601477
0.0145101
0.00147426
0.00203381
0.0902939
0.00698275
0.002842
0.000616427
0.0225539
0.0271742
0.0209831
0.00204652
0.00935539
0.000277103
0.000890479
0.00121001
0.00351723
0.00048729
0.0226784
0.00482551
0.00112588
0.00125027
0.00117431
0.000905362
0.00400718
0.0216298
0.000385089
0.000284804
0.000284801
0.000109069
0.00168431
0.0136606
0.0112814
0.00268428
0.0855436
0.00264766
0.0134071
0.00525082
0.00238583
0.000616587
0.00462393
0.0033412
0.000780235
0.00672459
0.00152753
0.166169
0.0087695
0.00327116
0.00610003
0.000416463
0.00558653
0.0144668
0.013741
0.00392396
0.0100742
0.000385932
0.00670453
0.0306882
0.0083059
0.0332441
0.000872838
0.0225224
0.0186458
0.0510935
0.00592599
0.00694066
0.0204468
0.00245207
0.00137157
0.0511734
0.00437289
0.00771385
0.00163789
0.0640186
0.00397358
0.00310538
0.00769183
0.000717939
0.0168723
0.015857
0.015857
0.0153305
0.0013565
0.0106131
0.00767509
0.00116032
0.00124502
0.00823197
0.00882386
0.0425125
0.00379994
0.00128756
0.000300908
0.00489292
0.000478868
0.00822891
0.00065526
0.00925224
0.00109224
0.0047711
0.00367872
0.00642764
0.0117093
0.00716969
0.00665673
0.00494104
0.0366891
0.00163471
0.0118278
0.0012112
0.00273974
0.00352576
0.00292586
0.00468081
0.00709062
0.00191888
0.00415607
0.00826112
0.00897856
0.027436
0.00746654
0.00301516
0.00583459
0.00220085
0.0195722
0.00260864
0.0013739
0.0501909
0.107132
0.00284974
0.00226512
0.00103693
0.00413854
0.00473375
0.00104011
0.00204841
0.00332751
0.00463331
0.00716552
0.00652405
0.0365065
0.032147
0.0396837
0.000537297
0.0119479
0.0596679
0.0110292
0.00177957
0.115794
0.0120573
0.0545543
0.00385201
0.0240147
0.0093889
0.00981884
0.000800728
0.00906575
0.000969889
0.00508449
0.00271182
0.00187036
0.00999128
0.0159673
0.00314824
0.0239233
0.00769363
0.00477971
0.00315413
0.00140076
0.00206681
0.00217686
0.00622512
0.080162
0.00541113
0.00174843
0.00409168
0.00695756
0.00464523
0.00904259
0.0475058
0.00026944
0.00175247
0.0354648
0.00727978
0.00512202
0.0020253
0.0135812
0.00279663
0.00355394
0.0074985
0.0233473
0.00219049
0.0067352
0.00138885
0.00504342
0.0146852
0.0076731
0.00924554
0.000751598
0.00295636
0.0018341
0.00246999
0.00261198
0.000394262
0.0763586
7.27294e-009
0.0272378
0.0122211
0.00622151
0.00448947
0.00039011
-4.96412e-010
0.00402505
0.00356539
0.000485918
0.000531029
0.00400475
0.00381359
0.00584763
0.00497147
0.012541
0.00226365
0.086937
0.00190363
0.00134356
0.0213504
0.0952444
0.00239736
0.117061
0.150231
0.0288991
0.00097878
0.00286427
0.0175376
0.00261595
0.00226818
0.00126437
0.0022899
0.000141773
0.0286192
0.00813201
4.06771e-005
0.00229723
0.00024309
0.0112948
0.00602701
0.000812062
0.00123781
0.00410358
0.00238215
0.0077564
0.00619816
0.034701
0.00066185
0.0393675
0.00185908
0.00353109
0.00305473
0.00145674
3.6207e-005
0.00430042
0.0951712
0.0135787
0.0126977
0.00534388
0.00766123
0.0010983
0.00349066
0.00719471
0.0501911
0.00122524
0.00491303
0.00785436
0.00306588
0.0016482
0.00868606
0.00213075
0.00929643
0.0142646
0.00863402
0.00748909
0.00763214
0.0110141
0.0016999
0.00362696
0.0143795
0.00121455
0.0028972
0.00737702
0.00216338
0.00464329
0.00521914
0.00422626
0.0578209
0.00962431
0.000596775
0.0100588
0.0221115
0.00376578
0.00461408
0.00183165
0.00299971
0.027401
0.0053133
0.00587793
0.000220835
0.0578855
0.0762761
0.101442
0.023585
0.00301409
0.0122896
0.008013
0.00256737
0.00110188
0.019543
0.0168262
0.0303026
0.00141032
0.00303411
0.00163299
0.099389
0.00565271
0.00173248
0.00355478
0.0360102
0.0217516
0.00650793
0.00904401
0.0109301
0.00331503
0.00451057
0.0051262
0.00421506
0.0177953
0.00658605
0.0059306
0.000960796
0.00459193
0.00354326
0.00343244
0.00326331
0.0025557
0.0209333
0.00663399
0.00540204
0.0222417
0.00794484
0.00384504
0.00708765
0.00121797
0.0112098
0.00191502
0.0272177
0.00456073
0.00329889
0.0416691
0.007155
0.00528837
0.00269758
0.00228087
0.00269683
0.00261187
0.0024387
0.00168504
0.00486982
0.00369787
0.00176114
0.00405388
0.0193754
0.0023738
0.00162146
0.00395138
0.0198789
0.00323097
0.00137345
0.00137345
0.00246899
0.00910243
0.0141159
0.0119012
0.00604911
0.004127
0.00995744
0.00538809
0.00801533
0.00606685
0.0020916
0.00120122
0.0503998
0.000233321
0.0330315
0.00271276
0.0132405
0.00392227
6.9248e-005
0.0383308
0.00167334
0.00206255
0.00687075
0.00202397
0.00227053
0.00408134
0.00607595
0.0170671
0.0021541
0.00102259
0.00673387
0.00289764
0.0113979
0.031899
0.00241375
0.0131912
0.0462053
0.00260791
0.037966
0.0557061
0.0574323
0.00128276
0.000902699
0.00104883
0.00467482
0.040346
0.00312408
0.00149479
0.00318467
0.00351907
0.00486773
0.00555213
0.0243949
0
0.00331214
0.0627337
0.0163679
0.000708331
0.0007325
0.000273533
0.00117073
0.0100673
0.00392227
0.0143306
0.0496411
0.0140731
0.0182523
0.0157107
0.0301
0.00356776
0.00160629
0.00233226
0.05347
0.00348693
0.000813405
0.00632716
0.000608401
0.00157947
0.0560523
0.0116923
0.00500177
0.00298297
0.000860408
0.00466724
0.00448617
0.00383493
0.00098642
0.00365776
0.00495074
0.020441
0.00134226
0.00396954
0.0314923
0.0660578
0.00728523
0.00515741
0.00128361
0.0440997
0.00093488
0.00761608
0.00337389
0.0032998
0.00387685
0.0152281
0.0123471
0.00660309
0.0010851
0.00273467
0.002499
0.000341569
0.00782332
0.00387903
0.00116156
0.00509295
0.00499802
0.0444877
0.030803
0.00527042
0.000622946
0.00506907
0.00754038
0.00440435
0.00148954
0.00085959
0.0292896
0.00274953
0.017183
0.0332329
0.00357235
0.000348103
0.00436049
0.00499907
0.00618246
0.00515376
0.00127168
0.013366
0.0060276
0.00358757
0.00546011
0.00911524
0.00771859
0.00325458
0.0133638
0.00996731
0.00259015
0.00412862
0.0173452
0.00288034
0.00140446
0.00334118
0.00149339
0.00867599
0.00677408
0.00135224
0.00158083
0.00150681
0.0050701
0.00153292
0.00140028
0.000616589
0.0117585
0.0113062
0.000752579
0.0201228
0.00382531
0.0087031
7.27304e-009
0.00301661
0.0113669
0.0278191
0.0129399
0.00195772
0.00541478
0.00614974
0.0134603
0.00115013
0.00057851
0.0193558
0.0385057
0.000863354
0.000571211
0.0064054
0.0377405
0.0154281
0.0118719
0.000481326
0.000139812
0.00248022
0.00142639
0.0134719
0.00426259
0.00367499
0.00381461
0.00109433
0.000253924
0.00587713
0.0113905
0.00113997
0.0526456
0.00893
0.00679759
0.0055904
1.88051e-006
0.00527797
0.00801165
0.00300696
0.0159389
0.0023371
0.00212003
0.00215538
0.00751616
0.0074392
0.00842957
0.00214065
0.00345191
0.00153909
0.00388723
0.00696426
0.0349695
0.00123473
0.000381162
0.000915824
0.00889198
0.00114126
0.00819058
0.00147675
0.00163913
0.00359468
0.0029215
0.00170297
0.00413647
0.0123725
0.00108523
0.000982751
0.00451844
0.00538565
0.00524825
0.00565092
0.00411841
0.00400849
0.00391269
0.00287535
0.0014199
0.00369253
0.000382998
0.00315333
0.00503958
0.0411159
0.00323822
0.0190691
0.00748706
0.00518286
0.00378064
0.0333204
0.00306919
0.0030345
0.00332901
0.0201592
0.0370199
0.000268108
0.00279574
0.0151623
0.00134825
0.00677049
0.0151497
0.00686196
0.0134381
0.011204
0.00395546
0.00207611
0.00338564
0.00314547
0.00335629
0.00285901
0.068609
0.0023274
0.000943814
0.00689054
0.00393249
0.0971601
0.00344617
0.00311316
0.00660118
0.00883566
0.00200362
0.00683198
0.0222279
0.0125199
0.0630965
0.00601363
0.00551851
0.00469806
0.00408493
0.00167262
0.00706895
0.00722935
0.00154365
0.00291495
0.0287547
0.0117607
0.0147509
0.00586764
0.000110056
0
0.00498442
0.00989892
0.00275938
0.00304043
0.00285213
0.0686043
0.0122549
0.00188086
0.0082024
0.0108248
0.00884814
0.000819055
0.00616154
0.00787849
0.001502
0.000833458
0.00807438
0.00713377
0.00193058
0.00479598
0.0753042
0.0180803
0.0815758
0.00658673
0.00589721
0.001696
0.0461779
0.00386929
0.00384593
0.00853467
0.042857
0.00126843
0.000523671
0.00704997
0.0131832
0.00966337
0.00831222
0.0113274
0.000507791
0.0125104
0.026451
0.00783188
0.0315705
0.00404073
0.0206586
0.000178484
0.00354297
0.00138681
0.00348166
0.00622551
0.00219226
0.0179313
0.00710927
0.0012077
0.00126796
0.020363
0.00297503
0.0180796
0.00179451
0.00226664
0.00551977
0.00139325
0.0130345
0.00760663
0.0336927
0.00580917
0.000157495
7.27368e-009
0.00204529
0.0364218
0.0249766
0.00875001
0.00303441
0.0030344
0.00691201
0.0668594
0.0119677
0.00160105
0.012146
0.00406743
0.00480159
0.00769219
0.00797605
0.0200748
0.00599493
0.00404997
0.0264894
0.00175241
0.000967975
0.00613094
0.00516217
0.00102627
0.00243939
0.00332461
0.000262581
0.0022947
0.00454947
0.0058251
0.0065265
0.000331521
0.00597068
0.0245424
0.0127843
0.00832379
0.00384621
0.00426442
0.00434553
0.0105125
0.0114046
0.00503481
0.00367097
0.00387872
0.00319051
0.0714152
0.170578
0.111562
0.00535442
0.00747035
0.00310042
0.00290756
0.000460216
0.0124033
0.00780336
0.00213825
0.00402736
0.0485741
0.00117817
0.000451195
0.00500383
0.00164572
0.00150468
0.00261254
0.0410831
0.0360422
0.00374246
0.0214474
0.00553251
0.000812328
0.00990246
0.013776
0.0185205
0.00505922
0.00179971
0.0101994
0.0158991
0.0179747
0.00238428
0.00655054
0.00995022
0.00245776
0.0384332
0.0022153
0.00150087
0.00505578
0.00154274
0.00565497
0.00664701
0.00275568
0.00262444
0.00294414
0.00760248
0.00660505
0.00688549
0.0187397
0.0190437
0.0142996
0.0149957
0.000624523
0.000213621
0.00629924
0.00207029
0.00403394
0.0171021
0.0101174
0.00658561
0.00361723
0.0152755
0.0224699
0.0170647
0.00238637
0.0102767
0.00105539
0.000992186
0.00266351
0.00153931
0.014375
0.00267083
0.0073465
0.0244216
0.0220184
0.00537649
0.000434104
0.00120708
0.00574305
0.000970374
0.00572898
0.00345394
0.0390776
0.00781203
0.00379434
0.0100519
0.00403868
0.00377098
0.0036327
0.0108889
0.00422451
0.0020408
0.00132229
9.04288e-006
0.00921639
0.0087937
0.0205342
0.00835293
0.00237267
0.0296224
0.0075941
0.000620338
0.00770767
0.0257252
0.00997238
0.0149475
0.0110072
0.00426282
0.00662199
0.0167353
0.00226896
0.0243428
0.0130817
0.00806357
0.00142166
0.0264831
0.00131801
0.00399888
0.00581604
0.00414837
0.0206676
0.0158412
0.00172845
0.00260765
0.0133013
0.00398675
0.0106886
0.00621032
0.00475028
0.0390662
0.00558479
0.000858225
0.00226908
0.000872839
0.00158756
0.00928013
0.00766441
0.00752733
0.00568744
0.00259784
0.0174943
0.0330188
0.0368296
0.00327327
0.0021977
0.0182074
0.00156757
0.00443617
0.00613453
0.010442
0.0240661
0.0120485
0.00623903
0.0011093
0.00528565
0.0163331
0.00935846
0.00512407
0.0278092
0.000943317
0.000146722
0.00345947
0.00279925
0.00524566
0.00429143
0.0340398
0.0383781
0.00288378
0.00573628
0.00687957
0.00886345
0.00233568
0.0150695
0.00480376
0.0216286
0.00312664
0.00768104
0.000636642
0.00161301
0.011966
0.00145077
0.0174052
0.00358658
0.00820798
0.00769901
0.00695876
0.0038207
0.00138914
0.00327507
0.00239765
0.0126739
0.00351154
0.00811183
0.00837047
0.00776019
0.00239677
0.00354434
0.00180514
0.00165044
0.0369819
0.0014412
0.000569641
0.001049
0.0132947
0.0221126
0.00387511
0.0366348
0.000437684
0.0147186
0.00077479
0.0249914
0.00412825
0.00406998
0.00273061
0.0721772
0.0029553
0.00171565
0.00137825
0.00056637
0.0534742
0.000755082
0.00542265
0.00268262
0.00227812
0.0044021
0.00135696
0.00185408
0.00267902
0.0070287
0.017373
0.00849555
0.00423573
0.0035629
0.00442849
0.00527551
0.0107959
0.00201244
0.000612187
0.00613582
0.00622259
0.00317669
0.00341115
0.0170461
0.0206839
0.0205697
0.0415758
0.0354576
0.00156306
0.00452125
0.0103294
0.00317672
0.0015794
0.0094495
0.0107115
0.00085036
0.000797676
0.0246594
0.000445725
0.0126014
0.0107384
0.0106007
0.00786928
0.00175246
0.00912996
0.00447814
0.00432888
0.0024879
0.00352021
0.00935715
0.00312769
0.00889345
0.00276859
0.00950187
0.00225166
0.00629952
0.00473025
0.00225816
0.000699267
0.00909183
0.0127352
0.0130732
0.0135896
0.00687886
0.0295394
0.00476553
0.00307628
0.0118765
0.00562982
0.00170689
0.0268387
0.0232017
0.00111287
0.000342668
0.000254328
0.00375932
0.00913474
0.00526814
0.00112426
0.0029231
0.00220355
0.00573779
0.0267101
0.00683754
0.0188585
0.00654996
0.00203832
0.00343275
0.0426879
0.0189275
0.00688169
0.00178665
0.00601937
0.00288773
0.00128603
0.00282776
0.00105887
0.00422233
0.0148072
0.00131766
0.0426876
0.00167103
0.0166683
0.00890241
0.00512144
0.00766508
0.00168945
0.0151026
0.005642
0.0389107
0.00357581
0.01376
0.0118953
0.00875574
0.00462234
0.00621091
0.00213229
0.00184113
0.0431889
0.0100608
0.0130325
0.00454629
0.00558737
0.00347339
0.00178662
0.00455201
0.00283011
0.0107911
0.000832464
0.0107806
0.00168951
0.0227894
0.00221419
0.00102675
0.000300205
0.00287282
0.0106296
0.00853558
0.0329163
0.0052777
0.0240056
0.00945557
0.00371648
0.00172486
0.0734608
0.00761475
0.00803806
0.0302792
0.000877665
0.0161298
0.0111964
0.0104101
0.0295086
0.000951038
0.0661136
0.0594653
0.00138626
0.00565028
0.00228623
0.00593419
0.0117688
0.0103108
0.00790612
0.00142135
0.00878495
0.0052775
0.00720153
0.0163387
0.00290743
0.0269896
0.000221193
0.000785228
0.00379046
0.010693
0.000774437
0.00387519
0.00269771
0.00947233
0.00149748
0.0109955
0.00677151
0.000607449
0.00101903
0.00126023
0.00730877
0.00693502
0.0205987
0.0357845
0.00762897
0.000912613
0.000391278
0.00151838
0.00118677
0.00498367
0.0106849
0.00492419
0.00332532
0.00274023
0.0074378
0.00305497
0.00437251
0.00520582
0.00491246
0.0777184
0.123379
0.0118536
0.00430671
0.00631837
0.00671602
0.000415046
0.020246
0.000968198
0.00125366
0.0126896
0.0110646
0.00692905
0.00368421
0.011033
0.00150531
0.00150508
0.00298583
0.00254923
0.00149828
0.00356106
0.007378
0.00630055
0.0246811
0.00859789
0.00345881
0.0112051
0.0134956
0.0144291
0.00241017
0.00237971
0.00298249
0.00372139
0.00180856
0.00144417
0.00125
0.0068378
0.000448465
0.0122604
0.00172446
0.00503428
0.00290933
0.00295436
0.00817401
0.00105232
0.0097331
0.000508775
0.00016124
0.00242908
0.00506306
0.0131405
0.0088064
0.00192007
0.00981165
0.013929
0.00331291
0.00443845
0.00580533
0.0297034
0.026543
0.0279896
0.00113769
0.0184053
0.00113748
0.00692289
0.00103436
0.00270511
0.00410596
0.0152324
0.0426724
0.0247445
0.0121616
0.0398572
0.00225206
0.00974724
0.00224189
0.000786597
0.00578845
0.00262443
0.0323608
0.0256047
0.00426924
0.0214906
0.000829414
0.0290522
0.00265997
0.00766063
0.000945391
0.0141882
0.0100094
0.0036945
0.0205233
0.0151722
0.00175837
0.00631533
0.00612862
0.00594466
0.0053538
0.00543815
0.00955508
0.00435559
0.00025037
0.0121658
0.00695028
0.0164012
0.0225099
0.0233445
0.0268109
0.0108664
0.0295261
0.00197618
0.00129451
0.00656479
0.0069265
0.00492201
0.00382916
0.00397497
0.00364556
0.0265341
0.0235866
0.006533
0.00165597
0.0010616
0.0173392
0.00218859
0.00501048
0.00346657
0.0257382
0.0189319
0.00421486
0.0017548
0.0136199
0.00287596
0.00934264
0.0375815
0.0037781
0.00235498
0.0242222
0.0255839
0.00786626
0.000271784
0.000891066
0.00117887
0.00692706
0.00886111
0.00480867
0.00234354
0.00364781
0.0021907
0.000762607
0.00296739
0.0106535
0.00230601
0.00230601
0.00363036
0.00962263
0.0106474
0.00309817
0.00337552
0.00426826
0.0112538
0.00851475
0.0057187
0.00383107
0.0434461
0.0010762
0.00906478
0.00372859
0.000637808
0.0173209
0.00795854
0.0124459
0.0418024
0.0139409
0.0010882
0.0035718
0.0072208
0.010972
0.0126899
0.000203938
0.00638137
0.00128728
0.00376709
0.0146912
0.00340431
0.00308777
0.00301473
0.0097774
0.038982
0.000692946
0.00207112
0.0244177
0.000390045
0.00313034
0.0159043
0.00485371
0.0038726
0.114597
0.00443055
0.00842163
0.00201133
0.029046
0.000552204
0.00073945
0.0342235
0.00559529
0.017744
0.00185627
0.00420658
0.0226171
0.0112014
0.0463808
0.00800734
0.0218691
0.00532319
0.00176745
0.00826573
0.00248775
0.0350675
0.0235181
0.00873176
0.00130283
0.00479438
9.17253e-007
0.0220373
0.00166677
0.00306723
0.0339918
0.00960494
0.00779029
0.00642729
0.0174946
0.0148787
0.00541973
0.0157087
0.0100715
0.00516328
0.00448284
0.0010302
0.0107772
0.0107773
0.00248452
0.00563636
0.004107
0.00178156
0.0255824
0.0113855
0.0164319
0.0009753
0.00115755
0.00269913
0.013544
0.00753644
0.000674739
0.0793952
0.00958927
0.00702656
0.00234986
0.005215
0.00147548
0.000784786
0.00159798
0.114441
0.00395602
0.00743583
0.0110489
0.00320308
0.00208281
0.0046512
0.00233763
0.00311708
0.000854454
0.0055852
0.00319797
0.00334277
0.00253919
8.23885e-005
0.00302257
0.0259356
0.00111502
0.00788394
0.0578469
0.0202403
0.00557128
0.00525522
0.0096672
0.0073252
0.00038469
0.0258333
0.00311959
0.0112983
0.0068686
0.00760443
0.00210767
0.000996317
0.00823081
0.00803556
0.000750351
0.00222903
0.000636356
0.109579
0.00622733
0.0068431
0.0076469
0.000963199
0.0633062
0.0401422
0.0525335
0.00518081
0.000972757
0.00551898
0.00584842
0.000384016
0.000416975
0.000498507
0.000450579
0.014812
0.000650948
0.00296491
0.00215094
0.00359048
0.0036205
0.0100848
0.00117716
0.00239744
0.002665
0.00110932
0.000904131
0.0106011
0.0137243
0.032157
0.0031932
0.000503494
0.00447404
0.0296889
0.00250715
0.00423942
0.104835
0.00457946
0.00394813
0.00426431
0.0003811
0.00192701
0.00106285
0.00911114
0.0119818
0.000373018
0.00310177
0.00799045
0.00698604
0.156136
0.0146217
0.0001033
0.0589012
0.00148025
0.00916632
0.0131685
0.0113383
0.00470545
0.00962949
0.00279197
0.000715477
0.0092429
0.00319218
0.00154383
0.0029279
0.00131434
0.00237116
0.0017397
0.00104082
0.00143495
0.00176136
0.00611005
0.00414642
0.000335533
0.00703128
0.0144294
0.00805939
0.0099921
0.000662732
0.0502218
0.0747878
0.00182634
0.00567078
0.0147745
0.0398177
0.0125224
0.00727342
0.00196252
0.0195067
0.0529606
0.0242109
0.0193378
0.0400842
0.0113807
0.000615449
0.00518531
0.00474408
0.00362386
0.00366367
0.00292779
0.00527272
0.00488919
0.032495
0.00541699
0.00343758
0.00171556
0.00105513
0.000750152
0.0151837
0.0630038
0.0278689
0.00861152
0.126691
0.0263078
0.00444087
0.0138833
0.00643115
0.083584
0.107694
0.000721087
0.00786222
0.000107935
0.001544
0.00619098
0.00121923
0.000868754
0.0232935
0.0190612
0.00448941
0.0141179
0.000345947
0.000454046
0.00105145
0.000349543
0.000669146
0.00718155
0.00361726
0.0111471
0.00741726
0.00156227
0.00730603
0.00660274
0.0160149
0.00356494
0.00206034
0.000885953
0.0284399
0.00250636
0.0127439
0.00283255
0.000872972
0.0312336
0.0242364
0.000207111
0.00722147
0.00929083
0.014805
0.00134408
0.00388546
0.00172778
0.00190757
0.006621
0.00615351
0.0136291
0.00909585
0.00535824
0.000355577
0.000127959
0.000132422
0.00394696
0.0394077
0.00559514
0.0120157
0.00461683
7.45444e-005
0.00512307
0.0150765
0.0020469
0.0491106
0.000176168
0.00037435
0.0204162
0.00444541
0.00108751
0.00212605
0.00183343
0.00391708
0.0678452
0.00319057
0.00360235
0.00530468
0.00731804
0.00449333
0.000820342
0.00065749
0.000659571
0.0252051
0.00203131
0.00653733
0.0121187
0.0031997
0.00477722
0.00285687
0.0179798
0.0094973
0.00211633
0.0259647
0.00389764
0.00111319
0.00648001
0.00191639
0.00336438
0.00325676
0.00163054
0.00471397
0.00424283
0.00101226
0.00337563
0.00505227
0.00791411
0.0102476
0.00120267
0.00231094
0.00757084
0.00146109
0.00137827
0.00601086
0.00402193
0.00235682
0.0166765
0.022933
0.0229341
0.00985377
0.0292502
0.00180626
0.00142665
0.00182405
0.00109227
0.0188851
0.00580774
0.0044644
0.0190205
0.0037184
0.011683
0.00624533
0.0042494
0.0130028
0.00231214
0.0679917
0.00177084
0.00378403
0.00647441
0.00542607
0.000171026
0.00989812
0.00817057
0.0269603
0.00542664
0.0164846
0.00118865
0.0164805
0.00489629
0.00469756
0.0471258
0.000322206
0.00495283
0.0132494
0.0149487
0.00290917
0.00181251
0.00184202
0.0059871
0.00771577
0.00623452
0.00487746
0.00387404
0.0224475
0.00304633
0.00233885
0.0228136
0.0187166
0.0684263
0.0151994
0.0157852
0.000275716
0.00591495
0.0102444
0.00435838
0.0199011
0.0133663
0.00590613
0.0276813
0.0106487
0.0189993
0.00709107
0.00645247
0.00259983
0.0191698
0.000917397
0.0374538
0.00507595
0.000844702
0.030346
0.0111767
0.00648209
0.00752369
0.00850301
0.00993269
0.00137477
0.000658851
0.00062141
0.00062141
0.00400087
0.000235816
0.000359847
0.0031821
0.000433507
0.0111331
0.00617116
0.00748381
2.01653e-005
0.000284808
0.00024514
0.0018226
0.00589056
0.0356861
0.000947208
0.12679
0.020183
0.00320516
0.00875725
3.81895e-006
0.0142913
0.00833058
0.00839214
0.0634462
0.00556869
0.0125595
0.0147152
0.00772957
0.0081159
0.00963463
0.0017145
0.0136872
0.0345187
0
0.0116976
0.0218759
0.00469897
0.0144898
0.00440597
0.00987411
0.0183865
0.0234697
0.0142355
0.00220737
0.0118955
0.00749424
0.00123444
0.00981294
0.0137344
0.00843338
0.0124202
0.00156573
0.0190012
5.64301e-006
0.0362046
0.00278144
0.0214111
0.00446363
0.09011
0.000105068
0.000173668
0.00939257
0.0012753
0.0012808
0.00464957
0.00485322
0.000823143
0.00291589
0.00171006
0.00698746
0.00485572
0.0144107
0.00868021
0.0610048
0.00121203
0.00547456
0.00090756
0.0364415
0.00816266
0.00874449
0.0271484
0.00260229
0.00400658
0.00964782
0.00125435
0.0372438
0.00983086
3.81488e-005
0.000121238
0.00463385
0.00350118
0.0100094
0.0153479
0.002358
0.0232218
0.0180677
0.0179777
0.00452131
0.00174299
0.000651692
0.0099577
0.00186203
0.00677065
0.0775363
0.00814025
0.00244957
1.24891e-009
0.00938498
0.00126263
0.000803788
0.00205441
0.0022267
0.00279504
0.00358626
0.00404257
0.00446139
0.0321551
0.000121212
0.000852265
0.00186517
0.00147579
0.00249629
0.0310292
0.0267253
0
0.00302369
0.000404482
0.00461741
0.00936248
0.0360263
0.00473956
0.00151797
0.00355159
0.00527312
0.0235488
0.000234264
0.00690753
0.00210065
0.00745303
0.00374247
0.0113206
0.00684864
0.00872347
0.0214609
0.00911061
0.00466496
0.00137763
0.016807
0.00295305
0.0336055
0.000956801
0
0.0278344
4.631e-005
0.00186889
0.010833
0.00463438
0.00655607
0.00493679
0.0101519
0.00304333
0.0030715
0.0187475
0.00499187
0.000522
0.00547439
0.00384796
0.000675707
0.00760376
8.37092e-009
0.0107737
0.0107999
0.00674284
0.00312837
0.000927306
0.00231875
0.00444674
0.018907
0.000630961
0.00880165
0.0119039
9.46099e-005
0.0240274
0.0092585
0.024143
0.0114047
0.0277739
0.0272737
0.00532284
0.00654646
0.00488989
6.81063e-005
0.0166593
0.00457865
5.47461e-005
0.00888143
0
8.36663e-006
0.00468459
0.00564841
0.0279737
0.0107788
0.00697817
0.00597821
0.00542855
0.00316555
5.30867e-005
0.00190671
0.0295544
0.0295544
7.95293e-005
0.0601788
0.0027207
0
0.000226382
0.00410818
5.19529e-005
0.00425088
0.0204333
0.00311667
0.00228066
0.0631662
0.00172247
0.0629329
2.28879e-009
0
0.047473
0.000116241
9.80513e-005
0.00302064
0
0
0.0121215
0
0.00567291
0
0.00318254
0
0.0375433
0.0140622
0
0.00949243
9.77449e-005
0.000269207
0
0.000925288
5.41735e-005
0
9.05295e-009
0.0789546
9.10416e-009
0.00304357
0
0.00199998
0.0119885
0.00835358
0
0.000615625
0.000561122
0
0.0106801
0.00292265
0
0
0
0.00598466
0
6.14828e-009
0
0
0
0
0
0
0
0
0
0.000318479
8.52545e-005
7.27285e-009
0.0001567
8.23563e-005
0.00132569
0.000224711
0.00021864
0.000205247
0.000295251
9.69779e-005
0.00531829
5.03259e-005
3.20125e-005
0
0.00726445
0.00839976
0.0327704
0.0838538
0.00498598
0.0217044
0.0248007
0.142171
0.0010038
