238
238
260
218
218
238
292
292
146
160
167
190
260
215
364
440
279
247
247
292
292
146
199
215
247
292
331
311
311
440
160
414
364
462
414
399
414
154
320
462
173
364
279
247
160
331
462
480
186
144
135
300
311
331
480
154
174
320
440
440
462
474
300
302
530
399
509
186
123
302
126
509
402
144
399
690
265
254
300
461
480
530
377
474
468
562
496
135
398
377
414
302
474
130
479
67
398
143
152
479
461
690
474
67
126
302
690
624
624
588
398
530
562
461
509
496
126
479
624
114
461
143
468
670
639
690
670
302
402
323
524
588
90
74
402
265
276
728
524
93
461
496
101
845
276
78
670
781
75
524
496
333
495
639
479
570
475
333
157
781
670
690
588
230
439
845
323
806
670
323
439
516
155
138
233
495
902
214
570
516
711
222
266
230
439
845
728
524
570
1201
902
323
588
63
953
780
639
516
475
1083
806
93
157
988
780
333
367
207
570
780
781
392
988
1074
902
806
570
988
989
475
806
222
78
475
73
516
711
276
266
710
885
989
902
48
439
439
495
570
780
711
73
367
1083
158
158
138
112
1083
392
65
45
475
423
885
579
74
953
989
1074
82
207
1201
1201
1141
1509
392
112
153
710
711
69
111
953
989
711
392
1141
1318
1318
1233
1083
1171
570
1440
1442
1074
475
475
505
1318
1074
222
195
428
710
1019
1318
1442
929
142
1509
266
293
36
579
29
1233
423
266
294
757
455
1202
33
1201
158
989
1233
1441
1630
1202
37
96
1441
1629
601
115
229
204
757
1440
39
1629
1442
180
266
423
1509
579
1361
28
1171
1171
343
189
1628
1630
1141
38
29
1629
929
223
293
1441
1630
69
1679
601
929
1202
1202
293
1019
1483
1930
1630
1930
1629
1628
305
455
455
423
180
229
505
1440
1628
455
180
1233
1930
2132
601
1440
1930
1630
20
62
1441
1972
1361
691
455
223
70
55
38
376
344
1249
1678
691
23
89
166
1440
115
305
478
601
455
20
22
6
14
1884
1361
303
197
757
1750
1884
299
757
2132
1751
1720
2090
875
305
467
2090
1854
455
691
455
137
409
1441
11
49
89
1751
1361
305
14
166
1249
875
691
18
1249
1483
1720
305
1110
1110
943
1483
1678
875
55
2224
455
303
40
1439
1930
455
303
32
47
250
1249
1053
11
32
32
47
1678
2004
2004
2090
601
104
176
83
415
2004
2566
1110
580
580
11
2132
580
415
1053
2178
1931
196
319
2132
2225
1751
771
303
415
343
1931
9
1720
2658
1972
1110
1361
375
494
1678
580
415
2565
2444
580
875
223
137
1854
2109
212
4
1
68
2178
2383
415
415
54
913
1417
1972
1510
1053
32
9
1439
2565
2565
2383
104
97
2109
2658
7
104
368
43
27
21
702
756
638
2444
1053
3
196
250
1417
2565
580
304
212
415
34
2178
2658
2658
2566
1971
580
875
161
7
2639
1750
771
1584
136
2341
2295
2444
506
506
79
438
2109
580
771
100
8
304
506
943
1417
2490
68
1417
2295
2970
2658
2742
79
368
1
129
217
1800
2225
2704
930
930
1443
930
1438
1800
3025
3025
2178
2383
212
322
1438
2341
2704
506
212
172
1510
368
72
1214
2971
930
1584
580
304
304
5
2108
2969
2969
506
2445
161
493
913
2969
2970
2490
2445
771
2383
2742
2490
506
176
212
286
242
2639
2639
1265
304
368
172
1265
1584
212
1214
1800
2178
3184
506
930
692
5
267
318
669
1800
2341
1721
692
35
3250
2903
2903
2490
1721
368
60
1749
2489
506
1443
360
375
2250
1443
64
211
2876
2489
2876
384
164
105
80
24
2972
384
35
42
3250
2445
3117
1263
492
1283
2108
2568
384
1265
12
122
10
374
286
1749
2946
3250
2180
161
442
633
692
360
360
384
24
3184
1885
272
272
384
384
41
1263
1438
3142
692
393
2223
2250
2489
2759
213
384
492
2177
2876
2971
2969
2924
3117
2091
1265
633
360
360
360
393
31
3199
846
161
94
72
1037
1749
3354
1265
360
26
30
3375
2945
2223
2972
770
360
393
271
58
2903
633
846
148
3419
3142
3374
1778
271
267
1283
2177
2945
2759
2924
2568
692
369
53
56
2876
3272
213
369
360
492
805
2177
3096
3216
3314
770
903
633
213
81
397
2567
2568
3393
770
903
147
271
393
520
1283
3272
3419
369
2
16
243
191
3354
3374
550
393
432
309
2804
3376
770
164
148
473
952
1677
1929
2177
3327
3607
3199
2743
3548
633
2924
904
213
432
1677
3128
3007
1429
44
13
2489
2945
168
272
369
76
473
309
1677
2320
3096
633
1429
312
393
369
216
2223
3475
2945
3128
187
288
393
432
1109
1036
3341
550
26
3418
127
298
312
1109
3419
1142
1429
312
61
2320
3475
2759
3392
393
633
98
987
2804
3353
3429
3517
3393
1778
1142
312
345
378
16
308
3605
2180
243
312
86
3429
3743
3518
550
693
540
131
151
19
378
550
98
278
383
2320
2944
3703
3782
2179
2005
345
378
59
2294
2804
3290
3327
3730
2744
904
2180
187
288
308
2088
2294
3077
904
432
131
2294
3546
3498
253
397
2088
2088
2294
2944
3290
3407
3407
3518
3498
3474
3007
2446
633
904
108
519
1109
1929
2088
2944
3077
3326
904
1333
203
52
3353
3341
145
550
540
443
307
1036
2294
3326
15
3128
3326
3716
3745
1142
2744
693
432
325
383
3326
3128
3429
3782
243
481
481
87
2294
2294
2944
3606
378
571
99
508
1677
1929
2088
2088
2944
3077
3703
3782
904
1298
1631
1333
510
15
454
987
4050
3605
3716
342
1416
3326
1020
481
443
57
1748
1416
2088
3676
3290
3273
3518
1020
600
1929
3843
3729
2092
540
66
1416
2088
3899
3315
747
168
345
571
171
363
1748
2318
1929
4001
3729
3900
1172
2863
693
540
443
53
125
3326
3663
3843
4050
3290
3744
847
1298
298
403
540
71
1347
1072
3076
3095
1823
847
298
571
2830
3899
3950
3729
4010
187
571
443
128
701
1748
1748
2922
3076
3729
1362
2226
571
671
510
116
1748
1416
3783
3935
3676
3394
192
345
625
481
403
2318
4292
3816
3342
273
525
510
92
1348
3141
3639
4011
273
361
672
517
109
102
2922
3141
3537
3639
3729
3797
3936
3044
1632
625
449
103
120
466
407
2318
2318
2830
2922
3075
3215
4177
589
99
600
1347
1072
1416
3326
3290
77
66
118
1416
2318
3899
3663
4177
3715
117
1348
1347
1348
3021
2830
3215
3537
4330
3676
747
625
121
1416
2922
2829
3075
3663
3797
3394
2925
188
139
342
324
449
159
325
701
2318
3093
3270
3271
3271
3095
3537
4011
1632
672
625
542
151
92
4247
3143
1513
444
3021
2614
3044
361
783
103
107
1700
2340
2637
3093
3312
3289
3639
3999
847
273
324
466
1130
1748
1951
2829
3373
3473
3537
4492
4292
3949
4215
2426
2296
582
795
541
538
125
3021
2488
3289
3968
3715
3797
3257
4036
4024
361
719
444
119
325
1347
1748
2249
3021
2829
3497
4049
4216
4215
1932
1513
538
3163
3536
4292
4247
3702
4176
3537
3797
4023
3784
1021
273
672
449
444
170
1951
2638
2635
3455
3372
4248
3797
747
1143
2588
944
2293
2636
4492
4614
4247
4247
3999
4422
3949
3394
1463
1143
476
362
1347
2249
2829
2638
2636
2293
3385
3473
4422
4248
4404
324
77
2425
2989
2293
3288
4049
3949
3547
1054
261
486
156
246
587
431
1699
2875
2293
3536
3537
4531
2588
335
106
134
2293
2488
2638
2056
3473
4449
4232
3702
4049
3798
324
1022
737
590
444
156
202
587
778
1379
1130
1096
2056
2828
3405
4594
4372
2926
324
783
634
121
1346
2941
2638
2638
3406
3701
4232
3715
3949
3949
4675
4531
224
1022
1009
662
619
444
476
259
431
600
2989
2507
3324
3489
3714
4675
4231
3797
4449
4313
1463
3143
3217
231
783
1075
531
202
2056
2488
2382
3714
3968
4154
4783
4783
3715
4102
1022
1021
239
287
808
676
531
1378
2992
2758
2875
3497
4231
4231
4231
3978
4705
4464
483
563
386
1130
2988
3311
3472
3536
4126
3887
4291
3704
1512
404
132
178
1006
1902
2539
2828
3324
3472
3514
3701
4594
3978
4112
2133
1022
483
608
106
2539
2722
3603
4614
4231
4049
4291
3476
859
608
1700
1379
1902
2941
2845
2637
3405
4491
4387
4726
4491
4727
4074
4784
1076
794
84
3404
3404
3471
3513
3472
3545
4583
4739
4449
4291
3476
4112
609
513
575
434
169
310
1378
1006
1379
2056
1902
3713
4482
4231
4279
4049
2640
291
918
88
107
85
118
1950
3247
2845
2637
2657
2487
3454
3603
4154
4449
4231
3762
4049
1511
640
404
404
778
1006
778
1437
1950
2538
3603
3513
4512
4726
4312
1395
2640
239
133
141
1379
3590
3604
3604
4490
4564
4312
4329
3058
291
335
914
886
202
231
733
1437
1436
1282
1950
4707
4482
4329
4049
1973
627
612
159
408
2781
3569
3691
3920
4832
3798
3651
4293
1054
1680
3478
533
564
404
1379
554
2831
2875
3488
3662
3713
4931
4998
3856
4329
4706
2133
231
914
1010
675
627
627
446
133
134
107
2943
3452
3690
4707
4512
4727
4279
4832
4313
1039
380
380
232
178
310
940
698
2940
2991
2678
3451
3269
3450
3602
4547
4481
4151
4932
2227
3026
338
1084
141
2942
2862
2381
4490
4564
4481
4704
4512
5119
1680
513
565
564
612
201
733
1003
733
1073
1654
1345
1264
1950
3255
3269
3417
3699
4884
4832
4833
4932
931
435
3024
3339
3589
3761
4481
612
380
622
3268
3486
3637
4482
4547
4867
4564
4739
4546
338
1112
179
201
2943
3024
2967
3814
3815
5098
4482
4482
4481
4481
4481
4512
4450
5097
4582
4784
3651
931
748
565
564
205
259
1345
1282
3197
2991
2942
2657
2942
3022
3487
3690
3761
3815
4547
4984
4704
4450
4931
5097
3966
4193
3026
954
456
656
124
2443
2802
3092
3451
3268
3700
3673
3832
3450
3416
4867
4264
4833
4999
291
914
576
564
612
612
170
259
698
2107
3057
2678
2942
3417
3322
3448
4072
3898
3815
4482
4547
4704
1300
576
705
665
565
179
258
182
262
2380
2443
3055
4048
3796
4100
3855
3886
4482
4948
5019
4884
4153
1512
287
954
488
665
665
665
628
612
635
435
181
554
1248
1654
3056
2486
3183
4048
3966
4009
4867
4883
4998
5522
4310
4983
4817
5305
4833
2227
2227
2615
565
628
612
200
113
2678
3779
3919
3842
3815
4948
4948
4704
5569
4581
3921
4833
1300
1633
281
565
371
338
698
622
507
2055
3249
3246
3325
3268
3313
3309
3449
3470
4048
3854
5222
4984
4884
5019
4931
5380
5221
4308
4290
4310
4463
4581
5185
3665
1111
1057
418
435
371
185
209
1035
2463
2802
3338
3352
4883
4308
3921
4194
1144
1040
850
773
665
628
635
220
1158
622
1698
2634
2802
3114
3055
3213
3113
3196
3287
3352
4100
4111
4984
4948
4867
5220
5522
3996
3218
3218
2615
281
576
635
565
200
201
2339
3112
3195
4048
3831
3869
4111
5662
4883
4883
4246
4423
613
576
429
371
165
205
507
1311
1602
2055
2677
2634
2795
3267
3195
4048
3948
3993
5325
4816
2864
3665
338
1215
576
713
706
628
635
183
2380
2801
3074
4138
4087
4019
4883
4088
4140
4386
4999
2227
2272
848
488
732
713
706
628
635
258
348
1103
1311
1601
1431
2901
2987
3948
4138
4948
5203
5220
4278
4580
4615
1364
488
221
2055
1882
2339
2860
2797
2891
3111
2964
3917
4327
4019
5325
5222
5305
4615
3763
356
237
181
165
262
668
1883
2939
3019
3287
3287
4125
4125
3948
3897
4019
3995
4883
4344
4448
4580
5570
5057
3145
488
760
635
576
576
149
237
2506
2741
4125
5325
5056
5056
4511
4423
1334
749
707
576
668
1312
985
1069
2339
2506
2656
2800
3254
4138
4213
3884
5443
5259
5259
4343
4420
2181
1363
576
576
723
140
193
194
2131
2248
2800
2984
4125
3993
5096
5019
5522
4342
4639
4866
1531
706
723
336
245
1226
716
1601
2131
2676
3018
5056
5602
5380
4359
5219
4958
957
958
707
723
723
185
185
2089
2339
2564
2654
2873
4086
4191
5569
4489
4612
4866
4866
2272
973
773
418
723
336
258
225
1354
1354
1601
2131
2319
2131
2629
2873
3051
3091
4058
5602
5602
5380
6036
5569
576
488
465
723
234
803
2131
2675
3287
5325
4958
4613
4958
5289
3871
4933
1300
1531
760
985
527
1883
1563
1563
2131
2564
2442
2721
3090
2844
4086
5096
5096
5602
4997
5663
5058
3477
488
539
539
464
761
761
723
614
614
2319
2587
2585
2799
2900
3232
4086
5056
4058
4562
4997
722
723
275
228
586
1354
2221
2221
2089
1354
528
2676
2798
2900
4086
5056
5602
5712
5854
5569
4381
4418
4903
4959
1531
2832
3144
2864
534
514
208
140
193
1853
1853
2631
2984
2984
6253
4831
5055
2384
1335
1335
723
614
1226
1069
2505
2423
2632
2586
2674
2986
5443
4997
5568
5602
5854
6253
4057
4593
4639
4997
4997
5258
5500
4930
3477
3665
2864
405
722
708
534
2338
4593
4703
4657
5273
5362
5362
5570
4294
2832
1364
539
614
614
534
275
228
210
330
348
366
1187
1326
586
2379
2631
2859
4057
5501
5712
4419
4447
4479
2384
992
958
534
234
490
2271
2721
2919
5443
4136
4612
5339
5633
4012
1058
1234
539
760
708
372
1574
1853
1984
1574
2422
2485
2793
5096
5601
5938
5602
5712
5854
5854
4530
5055
5661
4933
5713
1824
3549
680
658
209
234
1326
2291
2505
2423
5753
5894
6036
6253
4174
4545
3857
2447
2447
666
410
659
614
534
422
244
330
1069
779
2563
5521
5633
5938
6015
4672
4902
5502
2892
1544
1235
1027
810
741
810
658
149
441
1326
1049
549
2290
2673
4137
4831
5273
5500
4616
889
659
296
225
441
528
1789
2271
2442
2403
2401
2919
5754
5096
4230
4764
5077
5713
3938
2384
317
1722
566
659
264
264
226
1789
2290
2361
2584
6752
4815
4638
4357
5379
5710
1722
567
890
220
968
1228
4174
4110
4229
5753
5964
6015
5039
5338
2491
411
833
741
567
208
249
149
280
717
2291
1984
1984
2441
2441
2889
4110
5661
5938
5360
5039
5162
4294
1365
567
666
317
255
569
2222
2271
1789
2200
2200
2402
2402
4110
4288
4307
5964
6397
4402
5520
5680
3477
3146
1723
811
834
658
1789
1124
568
1789
2379
2794
4328
4638
4306
5965
5634
5938
5964
4947
4307
5499
5634
2447
317
811
296
391
1211
1212
1187
1279
1168
1005
568
2291
1984
2053
2403
4328
5919
5711
6397
4217
5120
3549
1301
1078
372
833
763
658
858
1518
1049
2002
2290
4110
5965
5894
6752
5162
4655
5338
5360
5360
1824
339
873
1425
1168
2002
4288
4110
4561
4288
5919
6014
5360
5502
2182
2947
714
714
714
658
184
264
206
306
491
858
2106
2106
2337
2336
4110
4328
5963
4929
3938
1634
1011
921
798
274
1425
1789
1257
2222
1947
2289
4781
5272
5238
5358
5358
2182
1398
1235
696
401
855
855
235
175
1575
858
529
2289
2247
4110
5994
5754
5894
921
835
714
280
274
282
263
284
297
1880
967
2087
2086
4288
4110
4110
4687
6398
6013
6082
6752
4781
5238
2491
1886
1148
566
714
636
880
799
256
227
175
967
1517
1575
1104
912
754
2002
1947
2053
4288
4110
4328
5963
5964
4725
4814
5255
5918
4217
2993
1284
880
274
252
390
422
1168
1168
967
1881
2106
2106
2317
4110
4110
4673
6112
6113
6056
6056
6015
5813
4218
4689
709
946
285
219
306
1240
967
1901
1970
2270
4328
4288
5894
5937
6113
4957
5076
5778
5994
2491
696
1100
366
569
1517
2155
1789
1948
2199
4288
4288
4110
4110
4673
6202
6113
6441
5182
5255
5918
4767
2892
3377
457
514
425
880
799
799
448
1425
1518
1257
1901
2397
1675
2050
4725
5145
5324
696
657
1190
389
477
1257
2155
2000
2156
1881
1901
700
1927
2176
4288
4725
6337
6562
6845
6845
4957
5182
974
820
389
1327
1880
1004
2155
2156
1851
2031
1998
4288
6845
5182
5464
5853
6183
3937
3549
2993
1545
1464
880
880
284
1473
912
1927
1797
1926
1927
4288
6056
6562
6697
4725
5630
5494
5893
5274
5120
2509
1267
341
236
1619
1327
2001
1797
4288
5182
6455
5893
6459
4767
1304
1100
880
800
396
485
926
1799
898
1104
2156
1776
1776
1543
1928
1774
1925
2085
2247
4288
4288
4288
4725
4725
6112
6533
6987
6822
6225
2659
2491
3377
2093
1397
339
880
329
277
184
289
289
1517
2032
1653
1746
700
4328
4725
6398
6459
4725
5145
6577
5337
5892
3386
974
975
908
908
326
390
1747
1543
1676
4288
4288
6533
6440
7012
6697
4814
5182
6560
6577
6456
5304
5658
4218
4405
2182
2364
381
880
909
251
290
1473
1473
1313
900
1674
1627
1543
2247
4288
6939
6987
6987
5627
5566
5519
6225
4405
657
301
332
306
1583
1004
844
828
1899
1652
606
2029
4288
4288
4288
6440
7135
6987
6987
7032
6751
6199
6274
6336
5519
6183
2973
1397
657
1205
878
353
1473
1852
1126
951
2054
1427
1797
4328
4725
7012
5182
6987
6987
5630
6625
5378
5519
5917
6201
3764
975
1117
975
878
321
381
295
503
618
1529
4288
7012
6939
6987
6822
6560
6275
2659
425
1090
1028
853
256
219
537
1473
1583
1627
637
1719
2051
6532
5182
6751
5598
6716
5704
2093
1826
800
878
909
959
993
248
301
379
326
548
1388
768
828
1697
1461
1627
1482
4288
4725
4725
4725
6648
6737
6877
6987
7032
6798
6825
6715
6336
5463
5892
6276
616
742
515
1090
1029
329
389
295
1388
1050
1821
1925
4725
5182
6825
6893
6716
6561
5378
5498
5658
6459
3479
1031
295
1530
1462
1413
1697
1082
1775
1822
4288
6827
6987
6987
7375
6751
6628
6199
6715
6561
5567
5828
5523
2509
2973
3386
535
821
1205
1091
285
284
1517
1126
1355
1822
1461
1821
1898
1849
2030
4288
4288
4288
4725
6778
6649
6648
4725
6987
7375
7032
7205
7032
6987
6987
6875
6825
6646
5630
6418
6693
6275
5600
5462
6276
4493
4113
2782
2364
879
1285
1089
290
332
548
1413
1082
1126
951
874
1949
1414
1435
1626
623
1796
4288
4288
6981
7112
6987
7375
7375
6920
6395
6396
6937
6893
6711
6361
5462
5752
5708
1466
1031
270
1342
1317
1582
1600
4288
4725
7032
7375
7172
7172
6579
6821
6418
6250
5462
5732
5830
6200
4114
3479
2404
865
1304
1089
1090
1043
599
650
1343
1413
874
928
1528
1878
4725
6866
7099
6987
6987
6987
7032
7375
6988
6798
6627
7010
6821
7539
6418
5567
5462
6110
6134
4934
2448
522
1088
269
313
346
1256
1376
1900
1508
1460
1796
1820
1878
4288
4288
6987
6987
7375
7375
7375
6962
6843
6645
6647
6775
7010
7010
7010
7456
6624
6894
5632
5378
5709
6134
4113
2865
2134
1177
1031
1088
1088
649
632
1473
1414
1619
1375
1169
1082
1462
874
874
1393
1481
1528
1582
1717
1820
4725
7375
6842
6666
6874
6561
5709
5890
5890
5826
5732
4114
1381
381
313
352
1277
1317
1330
1424
1106
769
1412
1427
1542
1599
4288
6987
4725
6987
6987
7375
7375
7375
7172
7011
6695
6609
7539
7813
6773
6711
5890
5891
6276
1826
1304
1268
1303
347
1332
1292
1070
941
1052
1459
652
4288
6669
6981
7069
7032
7010
7010
7539
6418
6418
6894
6773
6336
6055
6111
5462
5204
682
1117
315
269
1277
1240
1462
1317
1389
1256
1343
1375
1258
1258
1070
1562
1527
1773
4288
7205
7107
7011
6646
6937
7564
7443
7539
7564
7251
6773
6055
5631
6276
6134
5604
935
1380
1177
346
715
1462
1317
1317
1317
1261
1332
1331
1375
1242
1242
1070
1412
6886
7099
7375
7205
7172
7539
6773
6773
5260
2782
1827
681
1030
458
1091
270
248
370
1277
1331
1343
1415
1428
1343
1428
1070
1427
769
6987
6317
6987
7375
7375
6823
6776
6646
7010
7564
7539
7456
7564
7813
7251
6622
6133
6133
4676
2865
2405
2057
936
1380
1204
1204
352
1256
1331
1357
1245
1344
1331
942
1393
1717
1527
1819
6987
6993
6987
6844
7539
6418
6894
7251
6817
6817
6111
5632
2157
3274
3274
557
1271
341
413
1462
1343
1297
1343
1878
6734
7375
7375
7375
7375
7322
6823
6799
6668
6990
6825
7589
6990
7564
7564
7443
7539
7456
7456
6773
7251
6894
6773
6711
6622
6313
5604
3764
2135
788
1486
1305
1268
1268
337
413
1232
1331
1356
950
1108
1459
689
2029
1878
6575
6840
7538
6823
6799
7010
6990
7813
7456
7456
7456
7456
6867
6771
6111
5825
5959
2660
1305
412
314
1344
1424
1240
1331
1427
1427
1542
6993
7408
7408
7538
7724
6824
7564
7813
7539
7443
7456
7096
7251
6251
5962
5565
3764
1092
1030
1305
1564
1270
332
1344
1245
1344
1127
1127
1375
1481
1542
1696
7409
7206
6990
7813
6989
7539
7456
7456
6916
6916
7028
7251
7251
6180
558
406
1271
1303
412
1261
1356
1375
1878
6993
7455
7538
6990
6990
7010
7615
6989
7443
7251
7251
5895
379
337
689
1232
1198
1129
1129
1108
1506
1506
7093
6944
7408
6936
6823
6776
6989
6989
7786
7552
7456
7251
6660
5707
5811
6182
4799
2706
866
1236
257
313
1245
1343
1278
950
950
1157
1052
1506
1716
1506
1878
1743
7538
6799
6990
7590
7564
7813
7813
7564
7564
7576
7430
7564
7028
6603
5628
5794
5565
5595
1271
1271
1302
1269
560
1356
1247
1128
1138
1066
1393
1696
1506
7408
7409
7490
6990
6989
7590
7615
7615
7552
7430
7430
7326
7456
6916
7217
7251
7251
6078
5936
5079
3274
1564
789
358
1305
792
1343
1343
1169
950
1138
1138
1695
1506
1773
6338
6338
7408
7538
6989
7813
7813
7589
7813
7564
7552
7430
7456
7096
7456
6232
3872
3185
1305
1271
1725
1302
599
766
598
1261
1245
1247
1230
872
751
1773
6575
7408
7538
6989
7589
7590
7786
7552
7326
7326
7443
7456
6888
7028
7251
5408
5604
1486
1367
328
327
385
370
1232
1230
1138
1157
1138
1393
1506
1580
1580
1743
7408
7491
7681
6824
7590
7590
6990
7564
7326
7456
6529
6198
4425
1752
1302
1269
341
314
1426
1262
1246
1479
1129
1138
6602
7057
6989
7590
7589
7326
7326
7251
6272
4868
2706
1724
1367
1251
1467
484
334
354
1232
1232
1375
1188
1479
1095
1427
1427
1393
1695
1506
1580
6338
6435
7093
6943
7471
7575
7614
6989
6989
7564
7564
7813
7813
7576
7576
7576
7430
7430
7326
7326
7276
7430
7443
7251
6079
5676
5079
3666
3078
2405
2321
347
727
1188
1128
1188
1188
1503
1170
1140
872
7681
7681
7590
7637
7637
7326
7326
7326
6661
6982
7217
7251
7287
6078
1367
316
328
1426
1232
1503
767
1002
1506
1773
7607
7724
7756
7707
7786
7756
7756
7276
6393
5895
2202
1725
1302
349
355
497
1200
1426
1260
7588
7408
7408
7698
7787
7564
7756
7637
7730
7576
7443
7326
7430
7326
7287
6818
6605
6034
6154
5020
3275
3550
2110
1092
1152
1467
1286
347
387
370
1232
1375
1186
1506
1773
6582
7408
7408
7588
7633
7795
7692
7305
7305
7326
7326
7287
6197
6232
5827
3939
3872
3118
3219
1486
1486
1546
359
745
599
746
802
547
1375
1375
1170
1140
7034
7408
7681
7681
7681
7786
7795
7552
7576
7411
7430
7276
6712
6252
5958
6031
1640
1725
349
1541
1479
1186
1651
1651
1580
1506
1580
1773
7408
7713
7681
7692
7729
7636
7636
7795
7552
7548
7411
7430
7305
7305
7275
7287
7411
6958
7287
5504
4514
2660
1640
314
327
688
1232
1426
1375
1504
1315
1315
1188
1230
1243
1393
7128
7408
7713
7667
7590
7778
7636
7621
7724
7576
7552
7276
7287
7411
7233
5504
3118
3420
910
1302
1209
1681
1468
420
484
400
395
482
1232
1359
1541
1359
1506
1651
6941
7408
7667
7681
7590
7714
7795
7787
7576
7410
7411
6333
4408
5504
5381
2833
1640
1367
1546
843
1426
1359
1359
1503
1479
1065
802
1506
1651
7588
7713
7831
7740
7748
7681
7472
7305
7305
7410
7276
6917
7166
7287
6290
5960
1753
644
1725
1546
1725
1426
1426
1504
1503
1541
1504
1506
1651
1651
1695
6692
7713
7621
7576
7682
7637
7795
7831
7821
2846
469
922
1801
1725
1725
1681
373
1426
1504
1359
1426
1426
5996
7408
7633
7831
7831
7576
7473
7305
7276
6662
6605
6153
4960
2035
1467
1399
350
385
843
939
1426
1598
1541
1503
1503
1772
1377
1506
6865
7667
7747
7276
7410
5381
4641
3844
5504
3008
3551
2406
1753
1367
2035
1828
487
394
597
1426
1390
1504
1359
1541
1295
1170
1506
1426
1651
6600
6600
7633
7408
7621
7740
7846
7548
7204
7275
7071
6151
3275
891
1180
2061
1367
1828
340
1426
1541
1260
1506
6295
7633
7740
7576
7648
7740
7548
7305
7276
7275
6433
6032
2589
2407
1640
1781
1390
1426
1359
1693
1260
882
1426
1426
7408
7930
7821
7576
7305
7305
7410
7410
6606
6607
4785
2230
1207
1640
2035
647
1426
1359
1360
1503
1275
1426
1651
1651
7832
7805
7747
7305
7321
7219
7249
3276
1801
2035
2035
647
617
1504
1504
1541
1359
1426
1426
882
1196
1065
1426
1651
7921
7921
7576
7362
7305
7411
7218
2230
603
445
1151
1487
484
452
1359
1541
1452
1018
1275
1189
1377
1506
6582
7921
7713
7930
7901
7848
7410
6694
6525
5681
2834
1755
1801
1828
1390
1502
1454
1426
1452
1018
1426
1452
6203
7740
7576
7349
7306
6841
6918
1012
1781
1320
551
842
1426
1426
1390
1477
1541
1359
1426
1452
1391
1506
1452
7920
7921
7921
7921
7921
7276
7183
7401
6983
6663
6332
4494
3276
2035
2035
2035
1426
1426
1454
1712
1524
1504
1260
1373
1244
1578
1121
1155
6718
7163
7150
7921
7920
7349
7410
6710
6985
6226
1828
1887
1638
433
1502
1623
1408
1310
1651
6295
6731
7921
7921
7573
7522
7349
7321
7009
7073
4075
4408
2322
2036
1781
2035
420
1390
1504
1504
1504
1310
1426
6839
7920
7921
7832
7847
7573
7349
7309
2493
595
1444
1828
2035
1639
1656
2184
1887
459
511
1426
1475
1593
1478
1504
1359
1452
1452
1280
1452
1506
7920
7920
7576
7918
7573
7535
6841
6601
4629
2833
2008
2036
1781
2035
1390
1593
1541
1280
1255
1328
1651
7408
7920
7936
7921
7832
7349
7374
7364
7309
7410
7220
7250
2298
573
1887
1975
471
427
382
667
1502
1540
1649
1408
1359
1359
1255
1210
1094
1452
1651
7165
7920
7920
7848
7321
6601
6841
6714
6733
5466
5681
1349
1781
2035
451
896
631
1843
1539
1408
1408
1504
1196
1353
7920
7921
7832
7832
7921
7921
7362
7363
7250
5040
4406
4960
790
1131
1828
1547
1532
424
1120
1120
1475
1769
1921
1741
1408
1452
1452
1452
1452
1210
1275
1094
1506
1506
1506
1452
6718
6203
6502
7936
7936
7576
7849
7534
7288
6872
2411
2036
2386
1781
2035
2035
925
1390
1390
1540
1408
1578
1409
1094
1071
1474
1651
7920
7936
7920
7325
7325
6732
6892
4885
3343
1338
1828
1828
426
871
1390
1502
1690
2080
2080
1210
1308
1071
1386
7936
7920
7921
7576
7919
7288
7060
7401
5466
4280
1801
1781
547
1556
1477
1593
1843
1845
1596
1452
1651
7920
7920
7576
7919
7485
7573
7573
7364
7004
5000
3640
2974
573
2494
2184
2184
1802
426
424
1668
1408
1452
1360
1434
1455
1310
1328
6753
7920
7920
7937
7920
7256
7412
6956
7030
3785
3316
3009
2494
2035
1502
1593
1475
1670
1309
1275
1094
1452
1452
1651
7061
7920
7936
7920
7576
7278
7350
7325
7364
7250
7105
5995
2707
679
1252
489
925
801
966
777
1690
1816
1842
1094
1651
7831
7920
7920
7936
7576
7484
7170
7004
4596
1514
2494
2323
2299
621
1559
1668
1793
1478
1452
1370
1291
1452
7920
7936
7573
7190
7254
7364
7235
7185
7098
7005
4513
3692
1042
2494
2494
2299
1702
1585
1975
574
641
1475
1457
1408
1371
1554
1452
1452
6965
7936
7937
7936
7937
7483
7253
7309
7517
7521
2386
2411
2036
2494
2299
427
572
1991
2024
1771
1408
1408
1790
1876
1646
1506
1506
7936
7920
7936
7936
7936
6247
7257
7189
7364
7234
5382
2724
2410
502
545
1080
1120
1848
1540
1649
1965
2079
1741
1452
1452
2152
1370
1498
1520
1452
6291
7937
7849
7522
7277
7026
3901
3717
3317
2494
2323
382
1001
1815
1965
2102
1846
1995
1734
1734
1876
1449
1370
1506
1452
6399
7831
7920
7936
7936
7936
2974
1339
2570
2494
2323
1975
430
500
555
551
1991
2079
2125
1452
1452
1498
1404
1709
1618
1452
1452
7375
7375
7936
7936
6247
7014
7350
3456
3692
1682
1013
2542
620
1119
523
1694
1579
1995
1520
1876
1452
1452
7375
7920
7936
6945
7076
7173
7132
5939
4178
626
1383
2541
2231
450
966
1742
1740
1740
2125
1523
1498
1618
1450
1520
7375
7375
7920
6247
7936
6730
7482
7521
2927
1657
2036
2387
2049
1817
1672
1814
1452
1869
1620
1670
1709
1449
1452
1452
6719
6292
7375
7375
7936
7485
7253
7174
3901
2724
2570
2387
1856
546
500
2049
2026
1449
1709
1645
7375
7936
7920
6730
6730
7077
7171
2386
2324
2388
2428
2542
2570
2387
502
786
2026
1736
1449
6756
7937
7484
7114
7113
7078
5939
836
1756
2388
460
731
1794
2101
2357
2311
1664
1371
1765
1765
1646
1452
1651
6671
7936
7441
3552
1758
1703
2570
2616
1119
2049
2025
1408
1408
1665
1960
1498
1371
1809
1496
1617
1733
1452
7936
7936
7936
7936
7485
7413
4617
4314
3940
2410
2410
1782
2062
1857
424
1185
2243
1408
1736
2097
1452
7015
7375
7468
6994
6101
5635
3119
2324
2388
2542
948
523
1968
1966
1875
1408
1810
2042
1937
1404
1516
7936
7920
7920
7936
7936
6851
7311
7431
7453
5735
4249
2661
961
1858
2342
895
2084
2172
2080
1408
2196
1960
1809
1958
2073
1452
7375
7375
7937
7540
2570
2542
1770
1994
1555
2147
1959
1370
2171
1452
6293
7375
7936
5492
7140
7062
5425
2905
1253
2570
2466
2038
2037
1154
1924
2399
2334
1476
1732
2120
2279
2146
2070
2071
2097
7375
7375
7920
7485
7274
7236
7038
7488
3718
2542
2570
2616
577
1966
1555
1452
2096
2304
2186
1185
1552
1648
7375
7936
7376
5341
5466
5059
864
593
2160
2542
2570
2681
2266
1962
2126
2175
2074
1788
2042
2097
2072
1958
7375
6247
6269
6730
4885
2388
2616
2466
1154
2129
2024
1500
1916
2145
2212
2044
1651
6485
7375
7375
7936
6730
7202
3718
2951
2951
2158
2410
470
521
1185
965
2127
2084
1968
2028
2358
1589
1476
2021
1732
1895
2042
2185
2148
2555
2146
1938
1537
1452
7346
7488
6160
4786
2905
3457
2708
2837
643
870
1521
1732
2237
2148
2367
1552
1452
6757
7375
7936
7936
7375
7936
6898
7476
2465
2542
2325
2371
1836
1688
2185
2185
2237
2187
2236
1648
1452
7375
7413
3458
2300
1533
2680
2662
2466
1153
1920
1452
1689
2147
2147
2041
2414
2187
2306
2098
1920
6755
7375
7375
7936
7312
5239
4886
546
2400
1647
1476
2096
2186
2277
2277
2304
2145
2279
2456
2097
1573
6583
5237
6233
6114
1216
2708
2837
2761
862
685
750
1969
2084
2122
2147
2041
2237
2456
2582
2623
2519
2280
1648
7375
5035
6269
7386
7176
7413
5465
3060
1266
2680
2761
2010
553
460
470
998
998
2128
2358
2244
1986
2195
1982
2186
2041
2453
2453
2474
1615
1688
1501
1648
1648
1452
6504
7375
5492
2662
2680
704
1897
2312
1614
1894
2305
2185
2455
2476
2368
2366
2600
2699
2262
1651
7375
7375
7375
7375
5237
6813
7351
7312
5603
906
2662
610
963
1997
1920
1895
2042
2455
2167
2601
2535
2669
2211
2168
2459
1452
7375
7487
5940
3902
2641
2680
2680
2663
2837
2466
724
677
2043
2121
1979
1979
2040
2458
2366
2366
2535
2520
2306
2167
2263
2044
7375
7375
5237
7248
7373
6277
2950
3608
864
2006
1655
2204
2726
2591
460
862
1403
2312
2440
2287
2075
2453
2456
2456
1495
2075
7375
3120
3499
2511
2951
2761
2837
2326
2028
2220
2371
1920
1591
1613
1979
2433
2453
2648
2278
2454
2454
2459
2352
7375
7375
5035
6879
6897
7386
7402
4315
2429
2510
559
544
1137
2439
2173
1838
1688
1613
2210
2537
2499
2456
1616
1688
1452
7375
5492
6709
7407
2641
2725
2837
2725
2043
2307
1894
2210
2712
2476
2373
2473
2366
2669
5035
5035
6720
6831
5923
5121
4409
3581
3356
2680
2680
2761
3029
2663
2197
2045
2330
2359
2373
2330
1643
1979
2147
2210
2530
2418
2624
2647
2533
1648
7375
7375
7920
4526
6247
6522
7452
7016
6017
3746
2837
2807
724
2439
2524
1920
1786
2210
2260
2350
2369
2556
2440
2520
2519
7032
7375
7375
6247
6781
1484
2680
2761
2664
2907
2592
544
2128
2245
2481
2023
2150
1613
2209
2350
2359
2556
2395
2413
2456
2457
2457
1495
1495
1648
7032
7375
5730
7162
4179
2878
2878
2878
3029
2725
2879
920
1184
2534
2372
2461
1729
2260
2350
2552
2375
2413
2651
7032
5035
5237
6863
7231
4077
3344
2848
2449
906
2680
2562
2700
2400
1538
2554
2350
2350
2647
2622
1403
1648
6422
6506
5035
7469
4127
4002
2761
2663
3064
3029
2374
2027
2457
2268
1644
1935
2552
2260
2534
2484
2556
2531
2400
2457
1834
5237
7126
1655
3029
2726
2907
559
663
1064
2375
2561
1644
1914
2350
2552
2647
2651
6651
7032
4526
5624
6367
4454
3028
2878
3064
2457
2242
1786
2260
2457
7375
6565
7329
7039
7494
5060
2836
3292
3099
543
678
1093
2285
1729
1786
2209
2209
2521
2395
1551
1648
7375
4526
4526
6555
6674
6782
7402
2512
2976
2878
2725
2906
765
2483
2219
2143
2712
2471
2315
2625
7375
6652
5756
3845
2060
2805
887
2437
2649
2668
2303
2625
1834
1648
7032
7375
7375
6359
6747
6161
4373
3120
1250
3028
2641
3061
3201
3061
2976
2761
1184
2531
7375
5035
5035
4526
7532
7351
5291
4985
3571
1904
2976
3064
596
2268
2552
2821
1471
1648
4526
5354
7523
7444
6653
6278
2976
3201
3061
3292
2906
2906
1471
2692
1648
7032
7032
5035
6535
7444
5796
2848
759
630
1914
2143
2692
2471
2551
2792
4288
7375
6051
6688
6862
7671
7537
3344
3202
3236
3409
3099
3236
2725
895
894
1892
2553
2432
2143
2869
1648
5035
5035
6423
7261
6761
5796
4986
4180
2297
1904
3236
645
720
1182
2607
1840
1914
4526
4526
4526
5237
5073
5237
5439
6413
4677
3501
3166
3201
2976
2995
2190
1728
2713
2553
2471
2550
7375
7440
7089
7329
7444
2590
1701
3431
3431
3409
2682
2787
683
704
1182
1369
2581
2869
2713
2646
2812
2895
2646
7375
4526
5624
6176
4584
3189
3098
3166
2976
2725
2650
2314
2730
2518
2452
2869
7375
7375
4995
5035
6027
7406
6584
6486
683
1369
1666
1739
2518
2142
2452
2790
4288
4526
4526
6109
6790
4316
2948
3098
3166
3539
3166
3166
813
861
2503
2503
1892
1978
2550
2497
2142
2811
2869
2955
4288
7032
7116
5326
5363
3903
3431
2994
814
744
863
1059
1550
2671
2560
2482
2550
2550
2690
2576
2646
2690
2869
2812
2869
2790
2821
4288
4288
7090
6205
5968
4597
3653
3748
1087
2976
2976
2550
2729
3036
7032
4288
4288
7032
7375
7375
6234
7433
6279
6487
7579
5966
3202
3202
2806
1048
2670
1990
1737
2790
2868
3152
2961
1667
4288
4526
4526
6248
6321
6085
7502
6675
3431
3539
1807
2713
2690
2575
2895
7493
4904
2786
3235
2787
3357
979
856
1337
1352
1988
2550
2690
2452
2953
2895
3336
2957
2607
1648
4288
4288
4526
4526
7147
3888
1402
2497
3152
2869
4288
4288
4526
4526
5775
6028
5793
7345
7366
6676
6236
5716
5734
2385
2007
2877
2949
1701
3572
3260
3203
725
976
1610
2914
2575
2691
1667
4288
4288
7375
7375
4526
4526
4526
4526
4526
5035
6520
7599
6016
7492
6322
5326
4987
3493
3460
2975
3098
1176
2142
3152
3153
4288
4526
4995
6059
4787
3622
3539
3329
3047
2735
2536
2235
3036
3037
3319
4288
5404
6791
7148
7489
7655
5873
7622
5205
3318
3573
923
1014
2190
2599
3336
4288
4288
4288
4288
4508
4558
4526
7690
7696
3731
3234
3572
3260
3167
3203
868
1174
1238
2560
2610
2417
2235
2412
2811
2953
4526
5015
7696
6323
6185
6236
5872
5042
2773
3153
4288
4288
4288
4508
7375
4508
5253
5625
7653
5605
3622
3168
3329
3519
2847
1033
2698
1865
2412
3153
3336
4526
6386
5924
5874
7578
5306
3680
3318
1402
2572
2019
2789
2883
3176
3001
4288
4288
4995
4526
5335
5990
7722
7238
7416
4317
3047
3204
2994
764
2754
2610
2583
1737
1739
1739
2527
2766
2412
2883
3000
2953
3087
3087
3365
3227
3468
3468
2735
1667
4288
4508
4508
4526
6658
7738
3904
3904
3573
3175
2936
4288
4288
4288
4288
4995
4508
5287
5035
6881
6852
6488
6296
5717
4181
3260
2847
3063
1041
3004
2774
3041
2774
1667
3000
3068
3176
3087
3071
3211
3442
3424
4288
7375
4526
4526
4526
6029
7387
3653
3460
979
2775
1833
3211
4288
4288
4288
4508
7709
3010
3421
3681
3765
3131
1351
3181
2937
2047
2214
2412
2954
3180
3365
3468
4526
4526
4526
4995
7273
7600
6296
5898
2058
1194
1536
2609
1536
2572
2711
3071
3071
3124
3464
4288
4110
4288
4508
7405
6852
6297
7387
1974
1032
2819
3004
3181
2822
2777
2608
1666
2789
1706
2018
3071
3107
4288
4110
4288
4288
4288
4526
6792
7066
7427
7634
3705
893
982
1195
2774
1610
2766
3068
4288
4110
4508
5253
7653
7377
6946
6039
4374
3080
3204
1918
1768
1666
2809
2809
3134
3468
4110
4288
4110
4541
4526
5180
4955
6523
6298
6037
2007
1571
3181
3181
3088
2897
1666
2527
1706
3000
3134
3227
3207
3299
4110
4110
4721
4558
4526
5303
4899
7265
6852
5188
2746
3388
3237
977
893
978
947
1225
2897
2897
2501
2327
2809
3172
3299
4110
4526
4526
5593
7092
7656
4917
4026
3786
1254
2897
2281
2573
2809
3000
3134
3107
3464
4110
4110
4995
4508
6402
5925
4917
1603
3421
3538
3204
3923
3623
976
3017
1737
2116
3017
3180
4526
6934
3970
1636
3693
2709
2751
3033
3424
4558
4541
4508
4508
4995
7695
3459
3800
1221
1175
1422
2603
1806
3173
3442
4508
4526
5336
5776
6415
7708
5636
5275
4026
2398
2165
3207
3366
5074
4899
7081
7279
6946
6324
6343
3765
3430
3388
3358
3359
1164
1587
3193
2888
2559
2139
2140
1686
2913
3134
3442
4508
4526
4526
4526
6657
7025
3680
1635
1635
2435
1918
2526
2688
3033
3105
4558
4721
4881
6270
7830
6508
7757
5505
2229
2745
977
1163
1136
1224
3229
2193
2526
3264
3366
3181
4508
4508
4526
6690
7384
7598
7819
7693
6001
5571
5099
3679
3733
3922
3575
1062
3088
3193
2354
2214
2750
3510
3366
4541
4721
6854
6324
4818
3654
3594
2887
3172
4541
4508
4508
4526
5179
4900
1570
2327
3105
3264
3264
4721
7754
6853
7673
4869
3767
3952
3432
3358
977
3230
2697
1768
3495
4508
4526
5493
5702
7689
7593
4296
3251
3264
4526
4508
7518
6854
6854
7445
5970
7684
5505
3079
3766
3541
2857
3050
3426
3426
4541
4508
4526
4526
6270
3835
4115
3952
1918
2214
3559
4541
4508
4508
7680
7695
7806
6281
6281
4962
4887
3481
3541
1191
1032
3286
2528
2749
1891
5143
7092
7519
4141
4115
1903
3621
1324
2775
2886
2370
2749
3609
3609
4721
4558
5933
7703
7784
7542
3574
3042
2667
2666
1957
2165
2234
3399
3510
4508
4508
4508
4881
5933
5592
6536
1974
3491
3382
2435
2193
2666
1832
3648
4686
4721
4558
4558
4980
4709
3591
4059
4091
3050
1957
3399
4508
7344
6130
7779
5797
7684
3719
4037
1727
2193
2193
3133
3630
3759
4508
4850
7875
6611
6254
7414
5189
3655
3655
1181
1287
2886
2207
2349
3560
3559
4508
4508
5017
5914
5749
6769
7056
7587
7519
7723
7640
2569
2760
4142
3697
4507
4827
5405
5718
2569
3738
3574
3924
1448
3070
2810
2349
3509
4795
4476
7091
7672
7763
3905
2240
3133
3399
3366
3443
4558
4508
7825
7079
6678
6403
7293
6206
7624
4426
4362
3923
3231
2666
2068
1761
4508
4474
5179
7361
6769
7887
6102
3328
3138
2810
2854
3104
3723
4686
4508
7703
7861
7860
6783
6678
7414
4565
3981
4092
1102
3070
2813
2810
2854
4508
2059
1855
2240
2193
4558
4529
5749
6783
5737
2745
3981
1448
3161
3034
2258
4507
4476
4508
4508
4850
5036
4850
5957
6556
7697
7770
4235
3980
1661
3382
3072
2577
2578
2240
2164
1662
3206
7551
6678
6162
6403
7543
5525
5468
4834
3355
3890
4196
3625
1290
1727
2578
2240
3034
3034
2164
3133
3630
3443
4653
4474
4474
5141
7343
7647
7826
4143
2240
2517
2574
3697
4473
4476
4474
7101
7294
7657
7715
5206
3860
3328
4195
3706
3837
1430
3286
2240
2240
3174
3034
4653
4474
4722
6518
7739
7902
2228
4236
1535
1779
2604
4474
7837
6722
7101
5467
3097
3862
4039
4430
1288
3307
2522
4475
4475
7127
6129
7772
7902
5998
3858
4089
2679
2540
2240
2240
2574
3773
4529
4475
4417
4849
5490
5591
7263
7330
4013
4090
3592
4038
3212
3243
2574
4901
4996
7739
7794
7715
3469
2240
3759
4700
4700
4475
5036
4826
7764
7152
6445
7758
5261
4389
4197
4390
3801
1568
1350
1663
3427
2577
2302
2515
3508
3399
4700
6388
6885
6195
7705
7733
7793
5759
7506
5043
4427
1566
2915
2791
2571
3206
4478
4609
4475
4461
5235
6388
7877
7348
7945
6924
6722
7152
7543
4165
4061
3736
1660
1419
2815
2791
2853
2808
1955
3658
3599
5911
7818
5001
4388
2723
2251
2516
3206
3560
4475
4475
4475
7876
5684
7716
7716
4961
3982
4198
1446
2370
2917
2852
3598
4475
6518
4221
3570
2137
1762
3367
3137
2733
2999
4543
4461
4398
4475
5235
7824
7903
6924
6587
6445
7264
4598
3953
4144
1608
1191
1384
3772
3788
4473
4354
4864
7944
7956
7895
5999
5446
7506
4143
4429
1910
2999
2765
3788
4446
4543
4608
4737
4275
4475
7080
7040
7569
5445
3258
2977
3750
3890
4250
2771
2853
3067
2161
2571
3298
4461
4461
4475
5072
7586
7812
7895
2117
3306
3415
3910
4477
5591
5562
7960
7967
7903
7814
7040
7807
7717
5342
1607
3533
2791
3525
4461
5887
6430
7804
7823
6679
6255
4027
3253
4478
7917
7569
3799
4027
4234
2884
2932
3003
2791
3067
3412
3615
3934
4927
6837
6430
6978
6148
7773
7838
7977
7864
4662
2763
4295
1859
1492
3308
2791
4275
6255
7295
5342
3500
4465
4663
4495
4145
2770
2818
3049
2930
4927
4398
4275
4826
7428
6195
6899
5524
3003
2619
3067
3298
3960
4129
4370
4354
4398
7917
6679
6462
6899
7506
7717
3874
3983
4483
3444
2770
3049
3067
3524
3961
4737
4275
6430
7428
7704
7574
7888
7912
7975
7796
5814
4410
4630
3244
2934
3566
3930
4008
4370
7912
7295
4039
3735
1907
2815
2931
1910
3348
4793
6978
7888
3428
4275
5886
7017
7569
4854
4690
3926
3927
4234
3983
4712
2543
3305
2912
2644
3943
4778
5051
5886
6473
6147
5886
7863
7879
7888
7865
7853
5572
7674
3391
3524
3806
4542
4275
4356
4304
4356
4354
7853
7967
7295
7314
7369
7554
7526
7807
4295
4201
4567
4199
1907
1864
1863
3534
2619
3132
2867
1954
3348
4369
4275
5200
5071
5729
5563
7561
7771
7574
7976
5427
4566
3480
1863
3445
3106
2867
4462
4285
7965
7017
6163
7580
7555
3030
3953
4093
1705
1907
2138
2816
3049
3049
2979
2867
2390
2348
4258
5333
6473
7161
7285
7646
7889
7879
7952
7941
5683
4950
1954
3177
2841
3758
3961
4699
4211
4356
5302
6598
5773
7889
7929
6507
7017
7192
7041
7700
7674
5163
4144
4200
4093
4269
3534
2916
3049
3011
3348
3597
4628
5138
6146
7704
7913
7841
7827
3433
3698
3049
4369
4759
4341
5460
7950
7425
7798
7369
5002
4201
3049
3082
2546
3687
3558
4793
6811
7630
7880
7972
7827
3132
3930
4458
4628
4652
4226
6832
7354
4078
4201
4393
2166
3049
3039
2911
3557
3558
3740
3659
3806
4684
4793
4759
7161
7666
7820
7978
7828
7751
4729
3065
3971
4361
3039
3398
3523
3755
4287
4225
5094
7904
6995
7555
3434
4690
4966
4964
2959
2933
3039
3123
2911
3280
4099
4557
4925
7396
5989
7769
7955
7978
7963
7962
7841
7700
2880
1862
3544
3135
2916
2855
2643
3960
4259
4149
6598
7941
7788
6832
6832
7296
7603
7603
4835
4182
4935
4468
4298
4731
4093
4918
3792
3002
3083
2979
3929
3989
3992
4212
4099
4527
4810
7086
6550
7728
7935
7788
7781
5857
5736
3823
2982
3423
3989
4355
4811
4172
7910
7953
7282
3482
4468
4600
4568
2257
3069
3280
3907
3755
4227
5459
6431
7481
7979
7700
5469
7209
3446
3364
2982
3943
4652
4098
5178
7935
7955
7797
7417
7354
7282
7581
4740
5164
4618
4600
4334
4741
2256
3155
3159
3081
3557
4244
5459
7702
7885
7935
7979
7971
5858
7676
2908
4269
3285
3159
2998
3032
2389
2545
3280
4458
4122
4172
7955
7979
7594
7239
7209
7581
4375
4392
4239
5165
2275
2067
3946
3038
3149
3523
3695
4527
4227
5014
5773
6431
7817
7781
7581
2838
4251
4711
2391
3414
3084
3149
3297
3423
3695
3962
4527
4189
7899
7971
6424
7497
7380
7594
4963
3435
4146
3285
3396
3695
4065
7146
7631
7584
7968
7955
7922
5943
3331
3802
3334
2959
3297
3423
3669
4083
4485
4286
4878
5847
7845
7886
7884
7934
7955
7958
7497
7239
7154
7154
7581
4963
4239
4536
4238
2012
3727
3672
3601
3241
3191
3396
3753
4276
5094
4879
7088
5847
7514
7870
7943
7969
7676
6901
5470
5147
4644
2345
2514
3240
3179
2686
3753
4340
4109
7943
7781
7677
6424
7434
7315
6900
4376
3585
4468
4334
2301
3265
3085
2389
3892
3928
3928
4337
4738
4047
4810
7125
6076
7810
7302
7923
5738
3823
2345
3567
3136
2595
3262
3461
3669
4325
4109
4188
7845
7893
7928
7766
7797
7789
6463
7677
5123
5470
4363
4516
4678
5471
4905
2344
3136
3641
3753
3929
4205
4738
5459
7088
6383
6076
7732
7746
7811
7893
7946
7718
6490
5276
3281
3154
3013
3156
3296
7843
7737
7951
7699
7766
7904
7731
6700
7332
7315
4456
2254
3209
2978
3279
3752
4525
4635
4018
5070
6728
7893
7906
6344
7677
4044
4620
3790
3568
3148
2910
3752
3906
4223
4829
5199
7884
7942
7852
6901
7297
7581
4856
5125
5147
5472
3760
3300
3285
3363
3285
3614
4034
5214
7859
7942
7940
7932
7906
7939
5945
3754
3400
3349
3157
3158
3614
3395
3641
3947
4897
4108
4188
7762
7749
7332
7332
4184
4569
2595
2450
3580
3013
2595
3222
3669
3752
3941
4897
4635
4761
6728
6412
7665
7514
7909
7641
7595
5364
7478
7595
2620
3283
3363
3363
4337
4459
3947
4353
4150
4926
7054
7927
7932
7852
7835
7749
7240
7177
7508
4678
4535
2617
2748
3851
3266
3614
3641
4033
5252
7125
7732
7792
7874
7881
7731
7699
7595
3973
5366
3672
3321
3102
3222
3554
4485
4829
4007
7873
7907
7883
7896
7749
7852
7881
6186
5364
7478
7118
7240
7477
4970
5410
4643
4467
3300
3301
3810
3820
3956
3956
3928
4399
5013
5809
5252
6094
7272
7890
7881
6900
5447
6117
5327
2849
2547
3830
3635
3742
3601
3361
3302
3425
3529
3351
3282
3381
3467
3507
3554
4622
4485
4472
4187
4186
5375
6175
7799
7882
7686
7852
7641
7595
7477
4456
2764
3542
3465
3350
3425
3362
3279
3438
4506
3933
5069
7513
7777
7891
7799
7854
7890
7749
7610
7685
5875
2544
3529
3563
3614
3751
3820
4440
4135
4284
7694
7883
7610
7595
6741
6701
6238
7333
6856
7177
7298
4253
4572
4870
2764
3561
4501
4084
5113
6810
7645
7816
7869
7891
7446
7177
3542
3529
3564
3633
7736
7856
7761
6186
7477
3224
4484
4519
5124
5062
4601
4571
4631
2547
3914
3413
2881
3332
3820
3820
3956
4043
4148
5033
4812
5421
6223
7790
7649
7890
7418
4774
3151
2665
3915
3577
3576
3351
3332
3629
4135
5113
7777
7872
7726
7767
6238
7194
7118
7298
2513
3610
3987
4242
4347
4148
4242
4399
5112
3913
3991
5375
6412
7230
7597
7761
7759
7854
7725
5972
5760
6187
3722
5428
3914
3439
3631
3579
3587
3507
3629
3751
4440
3913
4082
5160
5675
7635
7446
7195
4484
4694
4801
5781
5833
3301
3631
3530
4117
3987
4559
4371
4683
4472
4792
6552
6810
5910
7908
7867
7610
7418
7420
4003
5761
3587
3596
4043
4622
3913
4069
5159
7087
7451
7271
7721
7776
7829
6612
6325
6164
6164
7043
7043
7333
7266
4788
4666
4937
4839
4190
3542
3631
3587
3810
4589
4579
4326
4981
4981
4082
5809
7800
7782
7675
7527
5798
7195
3646
3909
4003
4253
3963
3466
3379
3335
3576
3530
3660
3688
3507
4117
3987
5160
7606
7855
7759
6741
7043
6856
5762
3851
4085
3631
3696
3633
3205
2881
4501
4559
5656
5353
7651
7464
7829
7867
7800
7570
7642
7446
6969
7266
2788
2665
3915
3914
3562
3647
3577
3612
3578
3756
3756
3507
3505
4622
4187
4284
7768
7868
7760
7649
6925
7195
7226
5005
4519
4734
4801
5666
3708
3708
3526
3261
4621
4844
4607
4471
6639
6639
6223
7271
7642
7767
7446
7527
4774
4243
3562
3776
3671
3827
3596
3694
4043
4117
4809
4210
5561
7424
7721
7868
7868
7719
6566
6969
7044
7266
4734
4734
5207
5166
4733
4769
3527
3439
3774
3661
4242
4440
4915
3827
6552
6552
5909
7759
7782
7642
7726
7419
2929
2929
3527
3647
3867
3600
3725
3661
3694
3987
4851
4559
4339
5111
4097
7711
7791
7782
7726
4095
4666
4692
3528
3647
3526
3293
4204
4043
4273
4501
4621
4559
4607
4698
4683
3990
6223
7404
7744
7419
3644
3848
3852
3466
3709
3600
3867
3660
3661
3840
2909
3694
3771
3771
4241
4851
7721
7801
7678
6137
6800
6509
6833
4838
5166
5125
2685
3976
3709
3808
3710
3757
3771
4274
3778
6095
6005
7783
7527
6509
3824
3826
3293
3483
4043
4695
5251
5270
7085
7395
7572
7801
7710
7507
6509
6903
6925
4941
3347
3847
3824
3528
3774
3775
3896
3867
3725
3826
3987
4621
4695
4695
4844
4851
4762
5561
6358
7087
7719
7701
7458
7419
7210
6566
6833
3224
4170
4770
2747
3346
2747
3848
3634
3825
3808
3866
3880
3849
3657
4575
4876
4844
4260
5011
5011
7464
7727
6800
6800
6509
6239
7082
7193
7226
4646
5004
5063
6090
4856
5834
5815
5080
6002
2747
3881
3657
3657
4575
5458
6551
6358
6005
7507
7210
7155
7042
4974
3121
3825
3586
3807
3724
3775
3912
3840
2685
4633
4844
4326
4260
4210
7664
7783
7661
7745
6566
6949
7042
4736
4645
5609
4968
3223
4162
3893
3893
4030
3809
4347
4204
4505
4697
4068
6551
6685
7643
7267
6326
4576
4051
3787
3787
3611
3881
4042
4042
5010
5037
4210
7085
7664
7625
7659
7267
6510
6801
6239
6784
4969
4770
6138
5608
5782
3101
3876
3876
3944
3741
3849
3483
3657
4273
4621
4762
6597
6809
6450
5909
7341
7316
6406
6947
3522
3147
3724
3866
3959
3868
4081
3741
4042
4560
4097
7395
6860
7611
7618
7155
6540
7082
7042
4789
4261
4277
4190
4132
3878
3895
3896
3882
4621
4842
4843
5010
4444
5270
6382
6913
6128
7531
7210
7227
7227
5009
4576
4772
4105
3894
3879
4045
4081
3686
4204
4042
4633
4636
7604
7618
7210
6541
5926
6702
6855
6326
6209
4105
3894
3876
3839
3877
3958
4046
3912
4032
3880
3410
3955
3985
4575
5037
4504
4031
5792
7752
7571
7644
6948
7042
6702
4974
4170
5167
4206
4245
3787
4067
4067
3882
4032
3520
5037
5174
4120
6954
7668
7644
6784
6447
6406
6947
4938
5834
4105
4206
3895
4158
4045
4054
3911
4202
3985
4914
5728
7052
7612
6948
4118
4439
4587
4968
3931
3879
4096
4053
3955
4202
4876
7650
7604
7650
7660
7660
7356
7626
7659
6632
6406
3556
5081
3147
4277
4030
4132
3668
3668
3864
3986
3985
4272
4875
4979
4120
5374
6450
5954
7435
7225
6702
3463
3945
4005
4067
4107
4107
3864
3985
5095
5215
5213
4055
7341
7596
6567
6680
4942
4803
5168
5227
5283
5473
4130
3864
4168
3985
4539
4908
4842
4991
4946
4627
4944
5700
5402
6471
7628
7679
7316
6588
3908
3908
3522
4439
4841
3192
4066
3945
3839
4158
4055
4106
3955
4395
4908
4654
4946
7668
7582
7355
6043
6405
6948
5044
5207
6166
4277
4400
3878
4006
3768
3955
4539
4875
4875
4991
5010
4524
6330
6471
6357
6267
7752
7668
6902
3643
4118
3192
4105
4254
4131
3945
4054
4160
4204
4395
3986
4654
4636
5212
5955
7201
7340
7605
7626
6404
6043
6902
5008
4064
3555
4873
5210
5575
4004
4096
4158
4539
4539
5095
4444
4209
5791
6310
6357
7448
7612
6926
7316
7227
6902
3643
5167
4207
4319
4161
4283
4256
3627
3955
5323
7546
7559
7558
7558
7511
6537
6166
4261
4131
4017
3410
3803
3955
4395
4908
5129
5173
4928
4338
5137
5700
6472
6785
6405
6538
3908
4549
5475
3378
3192
4380
4208
4351
4379
3684
4272
5106
4260
6353
7052
7269
7439
7559
7438
7460
7663
7459
6302
6256
6902
4940
5278
5782
3462
4254
4119
4053
4161
3769
4168
5048
4718
6145
6516
7605
7510
7612
6637
6926
6538
5283
3838
3642
4169
4550
4873
5277
4397
4161
4257
4208
4283
4323
3521
3683
3954
4147
4802
4919
5048
4928
6954
7559
7403
7460
6300
6538
5309
5389
4245
4119
4119
4301
4366
4324
3462
3954
5172
5173
5075
5053
4209
4993
4134
6222
5954
7439
7629
6404
3838
4063
3628
4457
4971
5278
4005
4395
4147
5194
4865
7123
6951
7403
7528
6539
6538
5046
5277
5367
4245
4400
4441
4319
4351
4365
4668
4872
4875
5215
4338
4257
4651
4718
4993
6549
7662
7530
7421
7545
7211
7196
7316
6785
4510
4441
4080
4017
4503
4802
4973
5323
6549
7124
7403
7371
7529
7448
7211
5310
4679
5082
5392
5474
4254
4245
4052
4079
4079
4256
5047
5047
4523
4862
6353
7450
7371
7299
7211
6742
6210
6346
5265
3805
3595
4318
4457
4573
4380
4004
4052
3984
4128
4365
4802
5480
5316
5396
5539
6145
6859
6951
7283
7357
7511
6345
3685
3819
4537
5209
6300
4185
4282
4366
4351
4322
4094
4907
5284
6074
5821
7583
7357
6614
6491
6491
5393
4157
4240
4939
4133
4255
4224
4256
4094
4413
4203
4365
4872
5172
5314
5480
4510
4865
5075
5401
5790
6912
7583
4632
4747
5148
5639
5901
4133
4441
4159
4302
4366
4486
3804
4574
4680
5281
5281
4487
4847
4993
7382
7450
6309
7063
6785
5328
5429
5387
4255
4503
4413
4128
4203
4588
5105
6145
6859
6911
6040
6041
5506
4538
5150
5328
5344
5784
4254
4320
4486
3739
4365
4907
4523
6330
6219
7241
7393
7545
7392
7196
6614
5614
5103
4415
4973
5308
5172
5347
4862
6127
5952
7122
7065
7391
7391
7370
6346
4538
5104
5431
4510
4302
4540
4397
4574
5308
5347
4605
7160
7121
7197
7242
6970
6742
3891
4157
4747
4379
4322
4336
4574
5208
5420
6933
7160
7178
6589
5613
5613
4667
4857
5226
4321
4470
4041
4907
5312
5440
5053
4758
5110
5420
6072
6144
7157
7212
7334
7063
6118
4299
5690
5667
4349
4443
4574
4680
5105
5023
5643
5479
4956
5181
5114
4470
6746
7179
7156
7449
7437
7178
4632
4820
5526
4544
4320
4625
4336
4771
5313
5313
5406
6004
6144
5987
6074
5953
5489
7300
7212
6042
6118
5667
4348
4271
4735
4680
4271
4412
5023
5308
5450
4780
4605
4470
6024
6708
6745
7103
7179
7319
4857
5414
4414
4544
4544
4441
4159
4302
4442
4364
4336
4907
5369
5216
5217
4757
5988
7102
7336
7336
6970
7063
7063
6368
6491
4157
4394
4990
5639
5740
4414
4350
4625
4671
4364
5229
5530
5644
5114
5401
6683
6910
7065
7394
7178
7119
6355
6515
6221
7120
6703
5527
5687
4544
4502
4602
4972
5313
5726
5868
7449
7480
7018
6589
5860
6347
5766
5279
5685
4521
4416
4670
4671
4821
4972
5413
5507
5406
5623
6026
5748
6708
7422
7045
5614
4469
4888
5151
5686
5667
4647
4320
4634
5435
4956
5254
7480
7300
7046
7243
6970
6703
4412
5104
4378
4551
4716
4604
4821
4821
5449
5530
5643
5440
5114
5986
6977
6257
4820
4412
4412
4840
5279
5667
5764
4416
4540
4871
5550
5507
5671
5109
5726
5882
7338
7157
7228
7047
7046
7243
6368
6347
6282
5615
4469
4649
4469
5610
4780
5750
5884
6683
7050
7422
7462
7244
7213
6165
5414
4744
4745
5816
4813
4647
4753
4303
5478
5549
5869
5932
6806
6726
6904
6996
6347
6044
4602
4521
4752
4750
5171
5228
5345
5394
4916
6025
6025
6573
6910
7268
7337
6194
6368
4749
4953
5193
5279
6044
5577
5879
4623
4670
4669
4752
4717
5345
5670
5691
5750
5271
5538
5533
6805
7145
7119
6511
6511
4602
5615
4577
4845
4750
5228
5689
5723
5846
6573
6411
7145
7199
4989
5193
4775
4775
4776
4634
4822
5731
5518
4756
5109
7000
7268
6928
6857
6802
6258
4813
4551
4777
4749
5548
5788
5722
4916
6354
7213
7119
6511
5638
5863
6061
5690
4555
4752
4805
4906
5170
5669
5689
5765
5723
4896
5197
5269
5696
5585
5868
5843
6636
6725
6726
6927
6950
6511
5803
5861
4895
4845
5433
5723
5691
5823
5906
6618
6857
7461
7020
5193
6044
4813
4303
4890
4977
4822
5976
5201
5750
5197
5267
5844
5908
5907
6638
6638
7337
7159
7019
6725
5946
5279
4754
4776
5296
5346
6065
5201
5590
5820
5846
5985
5950
6861
6807
6973
7317
7020
6997
6211
6327
5863
4753
4681
4977
4976
5787
5788
5804
5865
5589
5674
5559
5745
6050
7000
5977
5978
5295
4813
4754
4776
5296
6046
5934
5254
5693
6308
6498
6767
6546
6546
7049
5947
5169
5902
5817
5835
6172
4775
4976
4889
4954
5976
5864
5626
5416
5321
5842
5842
6973
6861
6973
6972
6724
6592
6996
6408
5477
5766
4552
5176
5126
6010
5951
6220
6723
7144
6126
5006
5192
5946
5878
6045
5817
4920
5176
4877
5640
5800
6092
6065
5824
5461
5329
5331
5485
5647
5867
5674
6861
6996
6060
6122
5152
6259
4895
4877
5154
5254
5824
5651
6194
6517
6705
7358
7229
6930
6907
6906
5006
6045
4920
4912
4696
4859
4861
4806
5090
5264
5541
4924
6767
6906
6409
6743
6633
6120
6060
5107
4921
5368
5280
5802
6065
5839
5558
5486
5651
5580
5554
6767
7144
6930
6590
6060
6140
5668
5878
4824
5026
5050
5641
5865
4924
5416
5488
5558
5536
5984
7270
7270
6786
6927
6590
6212
6425
5881
5412
4714
5090
5368
6046
5991
5980
5518
5587
5510
5950
6220
6126
6972
6907
6063
5668
6188
6329
6020
4860
5029
4892
4861
5089
5050
5064
6304
6010
5589
5372
5581
5555
6220
6356
6547
7158
6591
7144
6348
5390
4824
4825
5176
4920
5288
5399
5512
5950
5807
6075
6513
6212
6213
6213
6329
5195
5285
5903
6215
6093
5541
5351
5157
5645
5745
5537
5770
5770
6356
6972
6018
6259
4891
4992
5246
5157
5155
5280
5720
6171
6066
6244
6049
6123
5515
5320
5645
5866
6707
6744
7158
6883
6705
7083
6590
6167
5155
6047
5441
5288
5541
5578
5371
5437
5531
5349
5867
5870
6497
6744
6593
6305
6542
6167
4790
4891
4824
4923
5246
5031
5432
6141
5541
5398
5233
6571
7048
6570
5668
6633
4891
5089
5067
5155
5903
6171
5234
5555
6932
6241
6263
5029
5904
6244
6375
5136
5620
7048
6593
6284
6284
7048
6914
5688
4922
5067
6304
5351
5515
5695
5371
5747
5588
5619
6834
6284
6409
6494
6762
6512
6704
5317
6170
6141
5154
6177
6150
5622
5487
6789
6654
5025
5298
5067
5268
5288
5285
5509
5587
5232
5453
6218
6547
6448
6788
6240
5027
5066
4978
5317
6285
6244
6103
6030
5915
5350
5556
5620
6804
6705
7048
6931
6466
5880
5547
4912
4790
5091
5195
5135
5904
5692
5841
6514
6788
6465
6492
6260
7083
5025
5028
5092
5391
5542
5397
5487
5619
6593
6971
6762
6815
6373
5132
5247
5268
5319
5441
5698
5556
5552
5249
5692
5452
6380
6075
6241
6373
5108
5066
5974
6493
5516
5196
6706
5845
5746
6929
6929
6858
6168
6464
5348
6349
5288
5441
6150
5808
5747
5552
6124
5931
6466
6410
5211
5438
6249
5742
5743
5743
5692
6075
5746
6727
6426
6003
6003
5266
6150
5808
5453
5451
6192
6635
6682
6428
6372
5027
5248
5247
5330
5211
5417
6788
6426
6062
5481
5579
5417
6260
6971
6595
6681
6369
5318
6763
5542
5508
5983
6428
6350
6764
5330
5370
5805
6467
6545
5297
5318
5983
6193
6174
6569
5028
6654
5742
5805
5551
6764
6858
6410
5247
6104
6023
6389
5299
5231
5370
5742
6594
6569
5299
6249
6071
6265
6286
6351
6496
6596
6595
5672
5370
6105
5805
6427
5551
6107
6189
5551
5481
6142
6378
6389
6104
6022
5982
5983
6189
5299
5725
6496
6495
5617
5065
5065
5481
6105
6022
6246
6021
5551
5982
5646
5617
5027
5725
6496
5840
6021
5929
6495
5672
5767
5930
6495
6594
5929
6191
6378
6021
5618
5551
5929
5840
5983
5930
6245
6495
6070
5646
6190
5981
5646
5646
5929
5724
5672
5646
