8371
0.000943272
0.100829
0.00166818
0.0109275
0.00136094
0.0010666
0.210746
0.0012486
0.00296432
1.01778e-008
0.00118263
0.186713
0.249787
0.00370839
0.00270874
0.0269804
0.206257
0.000808341
0.188294
0.00112581
0.00138016
0.00283181
0.0686529
0.00294694
0.225122
0.000356266
0.00232713
0.228483
0.000603273
0.0572247
0.00487773
0.185074
0.00182025
0.242476
0.00205484
0.0012327
0.000326285
0.21702
0.00293598
0.0470708
0.00184091
0.000980795
0.209676
0.00198423
0.0600714
0.00168553
0.0165796
0.002856
0.00285403
0.000423912
0.00152993
0.213045
0.00441232
0.000894358
0.16756
0.249989
0.00264405
0.235257
0.000344733
0.00225938
0.000828869
0.000191652
0.000202578
0.00268617
0.00391508
0.0796419
0.000408291
0.0016817
0.00244348
0.00710704
0.0568439
0.00784372
0.00453531
0.093459
0.00181995
0.217964
0.0012663
0.000521206
0
0.00535998
0.00567528
0.00160802
8.22359e-005
0.00259481
0.0509766
0.00227232
0.00729221
0.00145117
0.24097
0.00494603
0.0230849
0.00429566
0.00202467
0.000578091
0.00578284
0.00300187
0.00110255
0.00912966
0.00203727
8.2236e-005
0.00169038
0
0.248533
0.00206505
0.0061668
0.00285938
0.00300213
0.0034172
0.0102284
0.255083
0.122724
0.00601584
0.000785276
0.282727
0.00190014
0.00117808
0.000522818
0.0873337
0.00411431
0.444608
0.238273
0.00137195
0.00307005
0.000741857
0.00307994
0.00412453
0.00148279
0.242268
0.00172541
0.0722622
0.00349232
0.00235409
0.0109317
0.0116374
0.00063036
0.0007274
0.0093725
0.00250603
0.00231283
0.00311925
0.0055982
0.24808
0.0025604
0.166362
0.000486811
0.0387872
0.000730104
0.0524658
0.0046248
0.00115088
0.000634957
0.00212432
0.000821299
0.0541681
0.0036492
0.123766
0.193915
0.00172647
0.00310888
0.00597674
0.00246089
0.0813774
0.00217982
0.00103693
0.00577461
0.0143612
0.0290481
0.00542436
0.0233168
0.00109205
0.00242841
0.00127173
0.00115658
0.00189507
0.246826
0.00311898
0.246193
0.00251056
0.00117137
0.0630944
0.0025221
0.00195942
0.00318748
0.000608576
0.000804981
0.0869803
0.00159087
0.249105
0.225697
0.00320413
0.000829477
0.00510947
0.00346111
0.000611863
0.158409
0.034343
0.00128607
0.0109291
0.221359
0.000920276
0.0208482
0.00160781
0.0944183
0.168998
0.189406
0.195883
0.115886
0.0376718
0.00860434
0.00117031
0.185737
0.0170646
0.0108836
0.00113513
0.000790156
0.00364741
0.00225765
0.0211389
0.000132255
0.002264
0.000599198
0.010103
0.0735073
0.222319
0.00366624
0.00320662
0.00218543
0.247358
0.00152789
0.046908
0.243699
0.00721041
0.24607
0.0813774
0.115066
0.00451771
0.0716836
0.0012652
0.00141019
0.00536034
0.00202726
0.0104267
0.225116
0.00184619
0.00652013
0.22661
0.00228231
0.00471561
0.0023366
0.00129156
0.247492
0.00121574
0.00285667
0.00232009
0.00199114
0.000934766
0.0466366
0.000458766
0.174843
0.241469
0.00386271
0.0117858
0.00254926
0.00181826
0.00303583
0.125506
0
0.000156345
0.141734
0.0909387
0.00373541
0.00250588
0.00186785
0.0012217
0.0097469
0.00102431
0.0013663
0.0521086
0.00168136
0.23976
0.146511
0.00101022
0.00225565
0.00289431
0.0237699
0.00543677
0.00268607
0.00788828
0.000552449
0.00128913
0.000240131
0.00176207
0.00145115
0.000871125
0.158673
0.0312374
0.0492237
0.153271
0.000460713
0.00096881
0.00957501
0.000688201
0.011928
0.00100861
0.00153678
0.00765251
0.00122002
0.000810305
0.000137111
0.00247862
0.00171313
0.00304274
0.187565
0.00191841
0.00221913
0.000805177
0.206363
0.000302724
0.000554078
0.000932154
0.00457979
0.00204079
0.00129994
0.024477
0.000521482
0.00408412
0.272335
0.0464923
0.0114943
0.000309635
0.158743
0.14859
2.64236e-005
0.0026152
0.174607
0.0897884
0.00122682
0.000174633
0.00197831
0.00196939
0.00472042
0.00643264
0.00101946
0.00617277
0.000901526
0.000689967
0.164209
0.000888878
0.136568
0.0528103
0.00133776
0.00588422
0.00739541
0.000408916
0.000599643
0.00209745
0.00050065
1.01773e-008
0.031237
0.000444592
0.000562304
0.00236645
0.000665574
0.00357089
0.00161311
0.000458159
0.00295337
0.00715369
0.198459
0.00073628
0.000576679
0.000132255
0.00077801
0.015102
0.0311378
0.000751124
0.00302995
0.00273914
0.00018254
0.169425
0.00131833
0.00440172
0.000583207
0.0104714
0.00683816
0.00301033
0.000879057
0.00147638
0.00907461
0.249571
0.453358
0.00382327
0.00245594
0.178771
0.33942
0.00205743
0.282934
0.00110051
0
0.180305
0.246338
0.204682
0.0517225
0.0418567
0.00208603
0.00144733
0.0489774
0.00377875
0.000954544
0.0512802
0.000967344
0.00139627
0.00218932
0.0186736
0.00445665
0.00050058
0.020481
0.00576879
0.00415344
0.00448632
0.000217021
0.12813
0.00374314
0.00762845
0.00135527
0.00812503
0.0371549
0.24992
1.01752e-008
0.0148362
0.000658149
0.24854
0.00151748
0.00696761
0.00613551
0.00104038
0.00140919
0.0623326
0
0.000145037
0.290913
0.00180201
0.345043
0.231147
0.0048808
0.00135237
0.0717084
0.00169995
0.00412574
0.0023105
0.344985
0.0022293
0.00120409
0.00530834
0.000254883
0.00240455
0.23505
0.00500435
0.0469966
0.294838
0.00102561
0.000596202
0.0171845
0.000627167
0.00485525
0.00282687
0.00162367
0.0234656
0.00764178
0.399196
0.000331379
0.199118
0.000105345
0.00878499
0.00151081
0.00060858
0.0209801
0.00806382
0.00295011
0.00246982
0.0488765
0.0276768
0.00567255
0.194808
0.232753
0.0057646
0.00148466
0.000996355
0.00422854
0.0772265
0.246825
0.209045
0.00355225
0.00633587
0.00253266
0.0378677
0.00253461
2.36808e-005
0.00218031
0.026971
0.0316385
0.0116716
0.00115374
0.0129025
0.000912435
0.00325618
0.00226295
0.000423911
0.0532695
0.0025105
0
0.00283189
0.000406292
0.00263872
0.00109987
0.231497
0.0103992
0.00271493
0.00712301
0.00481115
0.000481762
0.000467336
0.00573291
0.00176933
0.016584
0.000864269
0.00348997
0.00210767
0
0
0.195983
0.0726914
0.000951616
0.172838
0.0292585
0.00224787
0.000970681
0.00161155
0.122691
0.00380865
0.00431679
0.0198033
0.243247
0.201757
0.0043398
0.0169421
0.190883
0.00138832
0.00907325
0.0020145
0.000877688
0.000518935
0.00182505
0.00414165
0.00028967
0.00192824
0.00183235
0.00456358
0.17383
0.0038711
0.00239302
0.000384697
0.00487677
0.00275215
0.00230357
0.146848
0.00514902
0.0066384
0.00842492
0.000477581
0.000601197
0.141423
0.000550577
0.178998
0.00203236
0.00104119
0.000692751
0.0403897
0.0250458
0.00133496
0.0123124
0.00637929
0.00809478
0.167823
0.00120529
0.00124591
0.00164694
0.00232205
0.126333
0.00296533
0.00267396
0.0049072
0.000582899
0.00108858
0.00309277
0.00447665
0.00187955
0.00497377
0.0358179
0.0301398
0.00276691
0.00130549
0.000940898
0.00568277
0.0373281
0.00137746
0.0115874
0.00613174
0.0027486
0.00060858
0.0192543
0.0199979
0.396839
0.441275
0.0144849
0.0117119
0.0517009
0.00147746
0.0139046
0.00360395
0.00722096
0.0391076
0.00162484
0.0238077
0.00145708
0.0941371
0.0131701
0.00215154
0.00366621
0.0547376
0.0569898
0.000810007
0.137928
0.0971011
0.13743
0.00151571
0.0970427
0.18589
0.00465252
0.0919642
0.00551561
0.00181247
0.0771278
0.00120503
0.00332853
0.000447228
0.00148806
0.298994
0.019481
0.00292748
0.00236234
0.087374
0.00690479
2.71903e-005
0.00272063
0.240095
0.0043397
0.00377953
0.0717591
0.0204129
0.00117943
0.00117796
0.0443386
0.00382798
0.159701
0.000426996
0.00608135
0.00122282
0.00072565
0.147465
0.195698
0.0301577
0.163107
0.00160317
0
8.35305e-005
0.138959
0.238274
0.00543226
0.217021
0.000630498
0.0086329
0.00100285
0.00036359
0.00143245
0.00384183
0.00030127
0.154221
0.00347527
0.0019976
0.00979637
0.00453336
0.0128901
0.0011078
0.0913455
0.227017
0.00112881
0.051268
0.00330913
0.00101979
0.00969237
0.00146754
0.0023141
0.0600087
0.0095982
0.00340143
0.000782385
0.00256452
0.00357986
0.392468
0.302483
0.00404219
0.0120461
0.00217869
0.00223497
0.00784033
0.00323541
0.000983336
0.249139
0.0502073
0.00228955
0.00314719
0.374164
0.415558
0.0027668
0.00439044
0.00268054
0.00609212
0.00169948
0.000934412
0.0725514
0.00417596
0.00447564
0.00283203
0.0124411
0.00569251
0.0097908
0.00133343
0.0021097
0.0588399
0.0611083
0.0932698
0.00183822
0.00950588
0.00209436
0.0064311
0.0478854
0.0353434
0.244248
0.00161745
0.000774557
0.0145052
0.00108272
0.238901
0.000371747
0.00310828
0.000522808
0.0275464
0.00421741
0.0557487
0.00158475
0.00456806
0.00376625
0.00480372
0.00442065
0.00281708
0.000227492
0.00365231
0.00241568
0.0149022
0.00234446
0.00621651
0.00122681
0.14157
0.00679078
0.00164563
0.00258395
0
0.0158017
0.137749
0.00104702
0.0978776
0.000556281
0.0698033
0.0139113
0.0139128
0.000286999
0.0386023
0.303861
0.000642885
0.00331423
0.0372852
0.16117
0.000496219
0.243963
0.0520986
0.000655955
0.00273442
0.278827
0.042201
0.0105481
0.00231856
0
0.02996
0.00402106
0.0442146
0.136304
0.000755166
0.000251363
0.00302484
0.00296766
0.00174016
0.156881
0.0134778
0.00182301
0.00797265
0.0211349
0
0.366009
0.177005
0.249578
0.0037713
0.38711
0.000532531
0.00105542
0.0124973
0.00142633
0.00115454
0.0589763
0.00534078
0.00151151
0.0145235
0.00243146
0.00569789
0.00299258
0.176297
0.00225108
0.00280637
0.277706
2.71903e-005
0.00215847
0.00230995
0.0154059
0.0355875
0.238814
0.0108183
0.00190854
0.0272509
0.0081785
0.0436849
0.0036732
0.0012246
0.0342745
0.000843112
0.00145556
0.00129061
0.144789
0.000411959
0.00283688
0.00648492
0.00595655
0.0425895
0.181491
0.119011
0.0746638
0.120317
0.275088
0.0466747
0.0163992
0.00130294
0.00168289
0.260339
0.0600358
0.0203357
0.00318927
0.00277987
0.0306372
0.00543842
0.00325832
0.00493254
0.0539002
0.00170314
0.000621135
0.236472
0.00122776
0.000848275
0.230645
0.00448628
0.000206747
0.00960753
0.00955225
0.000777577
0.00485429
0.0035798
0.0415952
0.020504
0.00100976
1.68594e-005
0.00278694
0.00206797
0.00347109
0.0426309
0.00182001
0.00527182
0.00381393
0.00432515
0.235157
0.246597
0.00248858
0.00187319
0.00066851
0.0776592
0.000526323
0.00376982
0.00554071
0.00290177
0.16334
0.213871
0.000859457
0.108581
0.207888
0.161782
0.00264929
0.00400813
0.261481
0.047281
0
0.00164311
0.000689554
0.109334
0.0100259
0.164702
0.371085
0.00257988
0.0255745
0.0012205
0.0134874
0.00604825
0.264037
0.072027
0.071301
0.00281574
0.00654504
0.00369461
0.00286128
0.105168
0.00182388
0.19932
0.00373792
0.182818
0.170342
0.00822875
0.00121905
0.269871
0.00112761
0.488059
0.00126008
0.296597
0.248513
0.0113914
0.00193977
0.00207885
0.00466095
0.00224201
0.00131832
0.000972121
0.00385041
0.295443
0.000209814
0.302818
0.000937441
0.0166583
0.0037679
0.000285862
0.000631893
0.00188752
0.0444369
0.0023182
0.00289796
0.000803736
0.0555949
0.00583985
0.0241012
0.0587356
0.00624704
0.0409748
0.000311761
0.0019087
0.0465555
0.072559
0.0122227
0.0171409
0.278116
0.00330883
0.015175
0.00274243
0.157707
0.0941289
0.00395089
0.0340317
0.00203404
0.0667524
0.183967
0.00424044
0.143217
0.00166416
0.00141869
0.00281897
0.0362766
0.057737
0.0167037
0.0140334
0.249847
0.141806
0.00239259
0.00215345
0.0104756
0.00370686
0.0106769
0.029791
0.0894678
0.013618
0.122344
0.210148
0.00297583
0.0512121
0.0018365
0.174542
0.00539198
0.406616
0.0184198
0.00377118
0.00105862
0.00926036
0.01142
0.00145202
0.00866079
0.00568455
0.0026595
0.11897
0.000936766
0.0941155
0.117546
0.000643672
0.276158
0.00535512
0.0726443
0.406019
0.0124695
0.029231
0.000934414
0.000787555
0.0015391
0.0211231
0.00205413
0.0117595
0.00253581
0.0887564
0.00289736
0.0519763
0.00168862
0.0191131
0.00218742
0.00608745
0.00298616
0.0546844
0.0100733
0.0190497
0.146378
0.00562003
0.00243485
0.00238822
0.00259641
0.00574132
0.0246596
0.0026856
0.000321129
0.000200843
0.00224693
0.00167358
0.051832
0.0116559
0.329494
0.00485808
0.00384591
0.0986033
0.00284009
0.00978861
0.000474441
0.00313021
0.186752
0.0103927
0.074176
0.015183
0.0183566
0.0174855
0.000704261
0.00372116
0.00010662
0.000845638
0.0017013
0.00660532
0.0156605
0.000638833
0.000280346
0.0117559
0.0107875
0.00824122
0.0148059
0.0126935
0.0246431
0.0109481
0.0441799
0.0565123
0.00494613
0.366067
0.061471
0.0193896
0.0221583
0.0263951
0.0092465
0.0122528
0.182271
0.0301918
0.00138823
0.000467591
0.000356547
0.00236998
0.000158327
0.0012193
0.00230788
0.155746
0.0056064
0.0070155
0.00394979
0.00118491
0.00055071
0.013287
0.0100646
0.0190371
0.00132114
0.000680262
0.00746112
0.0063645
0.203353
0.00239779
0.00349053
0
0.00326326
0.00505254
0.0188942
0.0045661
0.0638932
0.00291537
0.000478904
0.0661617
0.0479105
0.0175159
0.00204548
0.00194734
0.00636184
0.0511055
0.00694461
0.0956736
0.00808883
0.0051878
0.00241581
0.00272701
0.00106426
0.00378139
0.0119976
0.0387499
0.00210183
0.00301834
0.00107299
0.213208
0.260326
0.000631893
0.00573141
0.23059
0.014515
0.000463793
0.00969073
0.0159927
0.000915424
0.00242003
0.0506231
0.00196335
0.00342507
0.00025199
0.000926403
0.00271722
0.00539287
0.00740349
0.0123776
0.00787509
0.00610428
0.220338
0.173697
0.00589901
0.0472425
0.0031003
0.00785152
0.0117447
0.15244
0.00336402
0.148906
0.0106813
0.00732727
0.00540719
0
0.060764
0.0388487
0.025535
0.000155927
0.00329154
0.0366511
0.00515244
0.187855
0.002909
0.00083842
0.00259322
0.000954096
0.230386
0.038024
0.00357222
0.0265822
0.00733521
0.00116321
1.68594e-005
0.00289919
0.0106105
0.00138363
0.00290053
0.138177
0.456116
0.00160287
0.00152021
0.0156587
0.123525
0.00210844
0.00308048
0.0154108
0.17342
0.106499
0.00340489
0.0358024
0.0048092
0.00444364
0.00128983
0.0219998
0.106614
0.000886478
0.0369233
0.028833
0.00185096
0.00700382
0.0514478
0.00535723
0.00503572
0.000909461
0.097183
0.0108633
0.00669948
0.00164836
0.00459115
0.00168228
0.240901
0.00416325
0.241883
0.00115803
0.00665631
0.00234025
0.00323131
0.0132126
0.0147174
0.000362309
0.00167132
0.105911
0.0169115
0.055248
0.0554537
0.00243444
0.0441766
0.015174
0.00542164
0.0145008
0.00833836
0.0173504
0.00285046
0.0206587
0.0114993
0.0636949
0.00393749
0.0145276
0.000878869
0.00474747
0.0132898
0.00443371
0.00501237
0.0654876
0.293868
0.00106022
0.00215306
0
0.0094638
0.00124839
0.0234698
0.00120394
0.243139
0.0125237
0.0372505
0.365025
0.0134417
0.000662645
0.011801
0.00181424
0.00774541
0.00124116
0.014002
0.00537601
0.0540583
0.0143385
0.0146849
0.00191188
0.00893331
0.00115486
0.00491741
0.011507
0.0347203
0.005732
0.0719239
0.00394427
0.0046263
0.0484111
0
0.00104201
0.00446488
0.00885777
0.0518024
0.0175176
0.00409082
0.0135034
0.0546613
0.0121283
0.00222473
0.00290869
0.00142263
0.0104402
0.138732
0.0680621
0.0102587
0.00113001
0.00336562
0.00286781
0.00547217
0.0391275
0.00147218
0.244422
0.145582
0.0428835
0.0518699
0.0114044
0.0449685
0.00837966
0.00630677
0
0.1994
0.199393
0.0255034
0.00693859
0.00917741
0.00604328
0.157
0.244221
0.17713
0.00167751
0.00818698
0.00221306
0.00360422
0.168038
0.000546754
0.00141925
0.0732548
0.00293449
0.00469752
0.246785
0.0221532
0.0857163
0.00433621
0.00170068
0.00758316
0.0113592
0.007959
0.000322592
0.00354453
0.167958
0
0.00206986
0.0212393
0.160022
0.0643329
0.0204656
0.000964178
0.0774278
0.239535
0.010352
0.0048656
0.0103487
0.0730871
0.00858636
0.0496045
0.0634879
0.00462729
0.00115796
0.00303347
0.000759644
0.00641933
0.0158386
0.070087
0.025113
0.0083288
0.0635044
0.00131929
0.047423
0.00398737
0.000131447
0.018364
0.0856229
0.000893302
0.110522
0.125381
0.00541582
0.00250442
0.011835
0.00205696
0.116118
0.134663
0.00246586
0.029204
0.157528
0.00244161
0.0169235
0.176905
0.030917
0.00334118
0.0247369
0.00300324
0.00265764
0.0446729
0.00254918
0.00461163
0.00336226
0.143495
0.00647232
0.131769
0.00279291
0.057042
0.240318
0.0184179
0.0763056
0.00881278
0.0393082
0.0683957
0.0241725
0.00612043
0.0295429
0.00100675
0.00680189
0.00791278
0.000309605
0.0241206
0.00670027
5.04647e-005
0.060483
0.00814649
0.00158819
0.283578
0.175641
0.113826
0.00509072
0.00695212
0.0615136
0.0373772
0.00690467
0.0102214
0.034603
0
0.00579251
0.00851677
0.0019143
0.00611507
0.0697254
0.00222618
0.0739051
0.0685069
0.067185
0.0091123
0.0361151
0.00513999
0.00399768
0
0.00196599
0.0897714
0.243988
0.00872623
0.0674424
0.126134
0.129655
0.00603811
0.0317135
0.00149319
0.00253814
0.00786392
0.00248294
0.00416164
0.0174716
0.0011787
0.00649026
0.187372
0.00446237
0.00133075
0.00631348
0.00303025
0.103869
0.00273016
0.00457245
0.0256757
0.00628821
0.0055843
0.204587
0.321478
0.00363948
0.000984136
0.0620314
0.0345803
0.0713812
0.0141245
0.00853084
0.00692675
0.00329736
0.154617
0.121376
0.00148719
0.000663714
0.0388615
0.00349592
0.0399821
0.00304178
0.0678969
0.0026711
0.00612329
0.00237175
0.00431617
0.161034
0.00513195
0.0083177
0.342116
0.00739885
0.00572054
0.0156131
0.0012263
0.00448331
0.00220812
0.00491165
0.0271244
0.0526043
0.211342
0.000580851
0.197026
0.00218174
0.0156351
0.00770978
0.0142774
0.0658482
0.145479
0.226181
0.173962
0.00307903
0.000466248
0.0642259
0.00213146
0.0186215
0.0830745
0.147212
0.0104605
0.00558476
0.00284179
0.00655341
0.0412778
0.000872112
0.0102742
0.0004418
0.00604328
0.0703223
0.0593692
0.000254486
0.00228116
0.0118656
0.0990169
0.00272051
0.0156969
0.00257548
0.00427974
0.00311578
0.000967993
0.00631643
0.00364167
0.0026101
0.0902483
0.00338517
0.00232064
0.0146753
0.00712755
0.00549396
0.030344
0.096016
0.00826544
0.00972871
0.146437
0.00156996
0.029487
0.0449431
0.0194396
0.0075913
0.00528535
0.00480846
0.0157749
0.0149425
0.0113223
0.00297786
0.0126899
0.00506915
0.0973353
0.00623466
0.194418
0.178496
0.00227747
0.0181825
0.00188358
0.0124851
0.0114465
0.0646096
0.00201205
0.217368
0.00229839
0.0100851
0.0373717
0.0123791
0.00349425
0.00391303
0.00498744
0.00920761
0.0244942
0.0127542
0.00634229
0.0158702
0.00308221
0.189553
0.0888028
0.00277408
0.1342
0.00384943
0.0032378
0.0100632
0.00135663
0.007748
0.00890261
0.00677479
0.00522497
0.00227466
0.00229093
0.0120806
0.01583
0.00658199
0.0554238
0.00235633
0.0145769
0.0108501
0.00497962
0.000392136
0.00370847
0.00379273
0.0775823
0.226725
0.0194378
0.0392514
0.00767207
0.0836295
0.00439231
0.00371995
0.187472
0.0530381
0.00287045
0.0141147
0.0163285
0.00888962
0.00826418
0.00394921
0.00740277
0.00196319
0.0582804
0.00321642
0.00390886
0.0142848
0.0158002
0.0229988
0.0112466
0.0214976
0.253596
0.0248849
0.0105967
0
0.0140551
0.00897127
0.0433189
0.00224691
0.199832
0.00542945
0.0100851
0.164942
0.00172802
0.0026447
0.188036
0.000949335
0.00376731
0.00532826
0.0015331
0.0137329
0.054564
0.00161094
0.00985135
0.00319033
0.0601081
0.0117512
0.249952
0.00191534
0.000142247
0.008122
0.0826557
0.00507924
0.00161504
0.120114
0.0652914
0.0292025
0.00155177
0.00469515
0.000842357
0.143537
0.0162234
0.0328497
0.00529229
0.0078455
0.081592
0.00753069
0.055115
0.003952
0.00682066
0.018712
0.00425161
0.00227243
0.158961
0.10881
0.00936764
0.00198309
0.0522713
0.0142352
0.00501667
0.000469129
0.00923056
0.00869917
0.1419
0.000742917
0.00312523
0.025052
0.081004
0.0111317
0.00120976
0.00243676
0.00806795
0.182186
0.132232
0.00189586
0.0779223
0.200098
0.189677
0.00401871
0.000390371
0.0035066
0.00343148
0.000858934
0.0669235
0.00216077
0.00392829
0.0307584
0.00510743
0.00975331
0.000560284
0.0590185
0.0152362
0.000121609
0.0021363
0.00923655
0.00549008
0.182718
0.00808135
0.0107875
0.00254287
0.0176815
0.00604188
0.0866491
0.0730378
0.00919082
0.186309
0.219146
0.00568328
0.00138755
0.00778201
0.00984454
0.0245157
0.0347915
0.013737
0.0559152
0.00338299
0.00187825
0.0701977
0.0104703
0.00500605
0.0044047
0.0571589
0.146581
0.396011
0.00108848
0.00751262
0.00312006
0.184289
0.12835
0.0265338
0.00540118
0.0360883
0.21059
0.204538
0.00465953
0.0474342
0.00776825
0.0512411
0.137577
0.0203024
0.00750596
0.231573
0.00133062
0.00370989
0.00903451
0.018387
0.00392602
0.0699267
0.00863533
0.0489332
0.00315673
0.0677069
0.00321259
0.00293964
0.0350034
0.037233
0.00769002
0.0848922
0.00936565
0.00595761
0.00873532
0.00540413
0.151151
0.113227
0.000675057
0.00576334
0.00390085
0.00178338
0.00455481
0.0215572
0.00163786
0.035886
0.00169508
0.0422753
0.0114373
0.0326094
0.00987509
0.160359
0.210406
0.00671526
0.00243442
0.110993
0.150627
0.00460112
0.0167146
0.00155611
0.00162162
0.0215574
0.174695
0.00341463
0.00117026
0.0145449
0.0086691
0.277945
0.00255946
0.00800772
0.00134416
0.0757901
0.0319961
0.00361827
0.00266569
0.000619837
0.045912
0.0113691
0.00485222
0.0171816
0.00169941
0.007579
0.0201204
0.00615921
0.0388522
0.00145929
0.0637915
0.00176619
0.0868272
0.2273
0.00226503
0.0752462
0.113061
0.0740164
0.00123157
0.0329659
0
0.0193879
0.00891672
0.00325664
0.00486565
0.00715398
0.00737278
0.00470616
0.00372985
0.00233356
0.0439679
0.144196
0.000373021
0.0271963
0.044154
0.0052807
0.0377009
0.00326547
0.00252276
0.0036311
0.0103823
0.0999083
0
0.0221134
0.0199192
0.0481938
0.143085
0.00590598
0.00118681
0.010293
0.012701
0.00481463
0.021945
0.0935789
0.00155195
0.170553
0.0010356
0.0702488
0.00472332
0.00163413
0.00485944
0.0358698
0.310333
0.0236278
0.0176742
0.0158105
0.00470418
0.00187899
0.131508
0.0679487
0.0026799
0.00647992
0.00150868
0.000911865
0.00133715
0.0693854
0.0359901
0.00370751
0.0031766
0.162351
0.00240668
0.409219
0.0207444
0.00261305
0.00167617
0.211543
0.396415
0.00375954
0.0165815
0.00363265
0.0354116
0.055277
0.0355585
0.0508773
0.0469505
0.00271375
0.1527
0.151749
0.0115012
0.0430929
0.0448192
0.0295451
0.172219
0.0443133
0.00934904
0.000835302
0.00214911
0.00138041
0.0613436
0.0340092
0.00227467
0.177937
0.0239281
0.00740979
0.0137343
0.000725417
0.0010202
0.00728274
0.0104912
0.00299671
0.00536246
0.00322792
0.00756881
0.00316
0.00671503
0.0128557
0.0105296
0.0689897
0.00372649
0.0710323
0.00411058
0.00526641
0.0028512
0.00336507
0.0459559
0.0109039
0.1734
0.00510653
0.00233164
0.285389
0.000617528
0.00337236
0.0856735
0.00296845
0.0146561
0.0458852
0.00520673
0.0105835
0.00587544
0.0024576
0.0267444
0.000993363
0.0257633
0.0523006
0.013016
0.00860519
0.0108993
0.0807256
0.13611
0.0454757
0.00366927
0.000540246
0.0160458
0.0158409
0.0117704
0.00707428
0.0161715
0.00384388
0.0780648
0.00171063
0.05093
0.00533394
0.0778767
0.0774545
0.0380116
0.00397441
0.304802
0.0149545
0.0443544
0.0411775
0.0223595
0.00166287
0.0410163
0.000472154
0
0.0022352
0.0679847
0.000888161
0.00168562
0.000133044
0.0715478
0.00137465
0.0100421
0.0200621
0.00248836
0.00188643
0.00764805
0.0917099
0.00778052
0.0347195
0.00861114
0.0630146
0.0019541
0.193465
0.00771028
0.00667642
0.00125746
0.0973408
0.00339859
0.0211063
0.0437509
0.000538445
0.198604
0.0182988
0.0193607
0.00320747
0.0765584
1.17576e-007
0.0345701
0.138535
0.00207923
0.246556
0.0066888
0.00834304
0.0284974
0.182512
0.00168207
0.105582
0.0298117
0.00272734
0.0228778
0.0220866
0.00950373
0.00345971
0.000993781
0.00578119
0.00549349
0.0132035
0.04437
0.161901
0.0887325
0.00178919
0.121574
0.0130014
0.00491894
0.0172048
0.00706221
0.00195899
0.0805536
0.000806871
0.244433
0.00332481
0.00846595
0.0237013
0.00480915
0.00160763
0.0815726
0.00643062
0.0190233
0.0532874
0.119906
0.00455719
0.0423552
0.00285889
0.00445759
0.115413
0.0021268
0.263921
0.106221
0.00983853
0.0013419
0.0259346
0.00714081
0.00350579
0.0256262
0.0153402
0.0141385
0.00726444
0.00391983
0.00339302
0.00683636
0.00888516
0.0500699
0.00694841
0.0738831
0.00597874
0.0536646
0.101088
0.197176
0.00274361
0.00989057
0.0161325
0.00371174
0.0108909
0.00190309
0.187612
0.0285509
0.00327722
0.120714
0.0977376
0.00253845
0.00835135
0.0496341
0.00562125
0.0156988
0.00186125
0.0225488
0.00301741
0.0897743
0.0253082
0.00574874
0.0834791
0.0227169
0.000937033
0.0134203
0.024637
0.00302039
0.0626883
0.124889
0.152343
0.00196016
0.32999
0.00365673
0.00371412
0.00749325
0.307173
0.259705
0.00367341
0.00160302
0.00073659
0.1344
0.0244533
0.101435
0.00335933
0.00769839
0.0984674
0.00425192
0.0253537
0.0387971
0.246692
0.00263104
0.0504971
0.00442618
0.0117919
0.00252707
0.0212081
0.112831
0.00203403
0.0133688
0.00847417
0.00504362
0.00949312
0.00969112
0.0924557
0.00564639
0.113066
0.0185449
0.0154564
0.00987923
0.00347169
0.0495479
0.00857228
0.00213843
0.0648024
0.156777
0.00201259
0.037391
0.0597094
0.00350987
0.121807
0.00283059
0.00575582
0.00243706
0.00222721
0.0638679
0.112023
0.00626289
0.0109851
0.0041287
0.210634
0.0250285
0.00133169
0.0111957
0.000907736
0.0991494
0.00218942
0.0201742
0.008371
0.00234477
0.00266875
0.000691181
0.00347117
0.00823704
0.00272502
0.0135976
0.0146816
0.0183807
0.00123236
0.00439709
0.0340301
0.00496515
0.00090911
0.0107078
0.121943
0.0341294
0.175641
0.173956
0.0514472
0.108322
0.00468362
0.00460229
0.00454151
0.00939573
0.0566372
0.00106977
0.0119687
0.219325
0.00529472
0.032296
0.0110872
0.00253458
0.00296602
0.23212
0.175738
0.00301379
0.0313622
0.00941338
0.0195508
0.00567985
0.00223012
0.000941712
0.0396076
0.0087469
0.246609
0.00201427
0.0185043
0.052511
0.0205358
0.0317521
0.0504715
0.00141733
0.0181403
0.00347135
0.0149993
0.000183662
0.00924984
0.00280208
0.00782487
0.15351
0.0539401
0.418685
0.00366241
0.00664202
0.00922156
0.00912984
0.00445968
0.0856595
0.00208938
0.0056343
0.0303738
0.011542
0.00226736
0.166246
0.326406
0.00480413
0.0019299
0.00213613
0.0174791
0.0711047
0.0450355
0.0100905
0.00160005
0.0116472
0.00207531
0.0336059
0.0433827
0.145477
0.0944974
0.0623981
0.00254103
0.00115453
0.0631918
0.0138515
0.0179231
0.0137711
0.000356609
0.0351385
0.00396463
0.00664776
0.00763694
0.00198392
0.0174645
0.00922622
0.0135488
0.33994
0.0925382
0.00732927
0.048681
0.00331996
0.000762299
0.0117437
0.00633889
0.106512
0.0064349
0.00424825
0.0183406
0.0762173
4.40326e-005
0.0401833
0.104735
0.101902
0
0.000391127
0.130244
0.00565831
0.00785979
0.446193
0.0461317
0.0244106
0.0557633
0.0726809
0.0403667
0.080279
0.0683157
0.00160427
0.0922221
0.0125144
0.00864259
0.00163721
0.206455
0.0104259
0.00201382
0.243389
0.00248942
0.0607255
0.00159296
0.0378004
0.00362513
0.0101599
0.000637674
0.00589632
0.00207882
0.00277893
0.107639
0.00594124
0.0187485
0.00398476
0.0263112
0.0501955
0.00571928
0.00750512
0.101511
0.0156969
0.0130916
0.0270994
0.00839354
0.0404508
0.0152172
0.0505295
0.00241984
0.0203834
0.0711707
0.000907972
0.0634422
0.0132071
0.00548336
0.0199182
0.00177991
0.00203236
0.00676027
0.0131097
0.00671072
0.0071727
0.00332843
0.00195008
0.0374714
0.0694195
0.000467216
0.227891
0.0225816
0.0348631
0.0731061
0.00188993
0.00323111
0.0561642
0.00408577
0.00266742
0.0136693
0.0033387
0.00903755
0.00386582
0.00550296
0.00245453
0.00931333
0.000234343
0.0115227
0.116622
0.222508
0.000472121
0.0287618
0.0923897
0.0882351
0.00430061
0.0202044
0.0833473
0.0391733
0.038699
0.00117023
0.0193978
0.0148897
0.000801948
0.119305
0.11217
0.00571527
0.0156511
0.000912229
0.00103429
0.00111208
0.00436007
0.0980263
0.0278417
0.110393
0.00999235
0.0212737
0.0079909
0.00715273
0.0326416
0.00150401
0.000347979
0.000133044
0.00491716
0.000793029
0.000822647
0.0372309
0.00314584
0.00303458
0.018912
0.0895776
0.0160481
0.00057315
0.00299396
0.00267072
0.284603
0.0690521
0.0144668
0.00420551
0.0064239
0.00132155
0.00601247
0.0277323
0.00916034
0.00826824
0
0.013246
0.0172922
0.0150414
0.0431002
0.00572145
0.00137688
0.0480574
0.0219193
0.0345609
0.00667421
0.0810709
0.00216276
0.0343362
0.000655943
0.000469295
0.284872
0.000813767
0.0111692
0.00861772
0.0187833
0.0414404
0.00982753
0.0164595
0.00542446
0.00486449
0.151002
0.00497261
0.0573067
0.00161099
0.00815142
0.0183536
0.0549606
0.02907
0.0568866
0.00231627
0.00121215
0.00879723
0.00809026
0.00393214
0.194247
0.186899
0.0481866
0.00629545
0.00150971
0.0317509
0.111216
0.174238
0.00209678
0.024615
0.150116
0.0395292
0.02967
0.0036654
0.00772383
0.0418456
0.00143973
0.00246527
0.0860576
0.00260136
0.13083
0.0121402
0.0897751
0.121099
0.00216721
0.0010229
0.00419745
0.0844591
0.00487783
0.0511422
0.00233811
0.0101607
0.0832013
0.0548064
0.00395645
0.00980132
0.204608
0.0313899
0.0782056
0.0183968
0.00406787
0.00577742
0.0175769
0.000978295
0.00136616
0.0548848
0.108053
0.00327506
0.0180061
0.247014
0.00183644
0.002181
0.00453487
0.0394848
0.0219191
0.00791638
0.0795743
0.0329614
0.00735234
0.0864252
0.00842376
0.0037016
0.00780746
0.232202
0.0870846
0.253992
0.00107527
0.0455973
0.245753
0.0106404
0.0108378
0.0399398
0.00336702
0.00321592
0.00730904
0.00668386
0.0177561
0.00432948
0.00128787
0.0109682
0.226009
0.0120964
0.00459268
0.075624
0.239372
0.019427
0.046136
0.0640434
0.0558283
0.0162987
0.00256721
0.00305151
0.00532113
0.00799427
0.000169761
0.00765426
0.0539712
0.0828335
0.00349375
0.00713823
0.157663
0.116694
0.000629046
0.00200359
0.00195227
0.00148115
0.103646
0.0216989
0.0519456
0.0198686
0.01518
0.228271
0.00231864
0.00724598
0
0.0036103
0.0249474
0.0038909
0.191185
0.00505818
0.0782905
0.00193596
0.00048283
0.022577
0.00524437
0.00604499
0.101233
0.00683043
0.170519
0.0083984
0.0166649
0.00403024
0.00323691
0.120964
0.119426
0.00794294
0.0121318
0.0026509
0.00289188
0.00485981
0.00375415
0.102744
0.00444519
0.0163906
0.0810679
0.0389529
0.0096453
0.155251
0.0370668
0.147729
0.0016016
0.00228126
0.00961664
0.0905624
0.0138387
0.111826
0.00871562
0.00305457
0.0136002
0.00720501
0.00735389
0.0108688
0.0282498
0.0186468
0.00503402
0.0742436
0.0323226
0.123662
0.000470502
0.107582
0.0740857
0.0188026
0.0780748
0.0014623
0.00314438
0.00254807
0.000653724
0.0018064
0.00454451
0.00648205
0.00290232
0.000972463
0.0205194
0.0156645
0.00423328
0.00903785
0.00309577
0.000813205
0.0103488
0.0024746
0.00246825
0.00678222
0.000730325
0.101694
0.0125286
0.0845491
0.0404284
0.0250959
0.00744833
0.163632
0.017683
0
0.0673174
0.00427995
0.0013036
0.0141422
0.0796883
0.00628049
0.00566262
0.104893
0.0122639
0.286622
0.035429
0.0266952
0.0102431
0.0680418
0.0258673
0.00104787
0.159057
0.0374816
0.00233637
0.00293756
0.0619476
0.00454011
0.0361114
0.00461136
0.005377
0.00178683
0.0279287
0.00165893
0.11409
0.00282139
0
0.11853
0.00332678
0.00312589
0.00127563
0.00349775
0.00321797
0.00289735
0.239263
0.173127
0.0454034
0.00211775
0.00484972
0.0050389
0.0837395
0.0103483
0.0104024
0.0110524
0.00111609
0.16463
0.0325707
0.00430754
0.0411686
0.0183968
0.0505611
0.0303393
0.16402
0.00237291
0
0.00128785
0.00157295
0.00170817
0.115066
0.0519401
0.00414812
0.000556379
0.000544094
0.0171109
0.00661851
0.0004504
0.0776089
0.018434
0.00606115
0.00866097
0.0338097
0.000426423
0.0170129
0.103377
0.0158963
0.0265879
0.0251172
0.00228261
0.0237749
0.0575642
0.00867366
0.0112874
0.000478903
0.000879801
0.00361788
0.0230768
0.0121225
0.104853
0.00869467
0.0954004
0.000533204
0.0445816
0.0179534
0.000188956
0.00869101
0.0231011
0.0624349
0.231464
0.00921043
0.000895643
0.00322787
0.000580492
0.00215518
0.000301428
0.000534275
0.00515737
0.0258209
0.000670865
0.178029
0.0190605
0.00153181
0.00324429
0.0351646
0.00117591
0.00552468
0.00448169
0.00323803
0.0690259
0.0067677
0.0121862
0.00142003
0.00506461
0.0740105
0.0032953
0.0225774
0.000237339
0.0218666
0.0045169
0.00094465
0.00369435
0.00366
0.0126675
0.0351303
0.0961548
0.0797612
0.205669
0.0324223
0.000243428
0.000196897
0.000236056
0.000953803
0.00888143
0.00319993
0.00740137
0.000404826
0.106045
0.00213683
0.236807
0.00379024
0.111458
0.214215
0.00561501
0
0.0453755
0.00248957
0.0160527
0.011868
0.000560347
0.000345217
0.0126203
0.00266445
0.0194714
0.00581229
0.00984108
0.00406201
0.01616
0.00467895
0.249984
0.0167808
0.0662845
0.0440789
0.0137608
0.00120194
0.008901
0.002904
0.00310996
0.0726449
0.00767226
0.0914762
0.0576408
0.00411304
0.00623924
0.00372123
0.00472951
0.00984836
0.00961637
0.00884446
0.00542263
0.115402
0.265164
0.0964864
0.00948369
0.00975241
0.111595
0.0857914
0.181184
0.000175955
0.00661845
0.000869195
0.00874965
0.00204967
0.002774
0.0554856
0.0832547
0.135315
0.00847515
0.00966901
0.017255
0.000904011
0.00337945
0.0164353
0.00466157
0.0574619
0.00210702
0.00947789
0.00416544
0.00286799
0.104215
0.00177297
0.056833
0.0112331
0.000455534
0.000444094
0.232444
0.00858162
0.00802209
0.213491
0.012411
0.0021719
0.00158999
0.00730674
0.024104
0.113083
0.00229333
0.00262904
0.0230538
0.0313393
0.0467908
0.0652665
0.0117182
0.0016686
0.00300149
0.0119597
0.0363462
0.0713992
0.0332435
0.0554849
0.00271002
0.0127775
0.0866925
0.0330978
0.0976671
0.0082426
0.0225962
0
0.000364951
0.096908
0.00453154
0.0609743
0.0558249
0.00744209
0.0124056
0.00430178
0.00158467
0.00226224
0.126463
0.00173122
0.0177615
0.0379433
0.00251239
0.140705
0.00734612
0.420881
0.00218703
0.00753682
0.00575229
0.00309464
0.000400138
0.00825956
0.00148656
0.00120874
0.195741
0.00155993
0.0432879
0.0539105
0.0193437
0.00412031
0.244271
0.00210272
0.00915549
0.00265609
0.217988
0.0370382
0.0207096
0.00420383
0.00451903
0.0150525
0.00859128
0.181959
0.00287263
0.002895
0.223186
0.00108944
0.00427706
0.0165486
0.0012127
0.282867
0.122446
0.00016532
0.00227206
0.00569209
0.015719
0.00878799
0.00342414
0.00459135
0.0455765
0.00624688
0.0136305
0.00119393
0.00409534
0.00182761
0.0166446
0.00904594
0.00293487
0.00763818
0.00773551
0.0592064
0.119266
0.149982
0.176824
0.000499218
0.00887523
0.0057913
0.0626292
0.0109796
0.0110368
0.000943572
0.00436793
0.010378
0.0468491
0.0042786
0.00480657
0.0959107
0.00597874
0.224251
0.0420088
0.112095
0.0651784
0.00353358
0.00183252
0.0707466
0.00984946
0.00719235
0
0.0341474
0.00875172
0.00872127
0.0080184
0.0763711
0.181595
0.168002
0.162144
0.00615081
0.0104472
0.0088586
0.0190553
0.00130049
0.00387264
0.247907
0.0142246
0.0148371
0.00185868
0.000632305
0.0618844
0.00342581
0.0407586
0.00219003
0.0642765
0.0250257
0.0341246
0.00553748
0.15877
1.17578e-007
0.00261458
0.020833
0.00144494
0.00427783
0.0298059
0.0445116
0.151489
0.0581938
0.00292743
0.249545
0.0879027
0.0998962
0.0164605
0.000183238
0.0367922
0.000654853
0.00368067
0.0141984
0.249591
0.00315114
0.0238501
0.000356611
0.0031302
0.0184775
0.00320502
0.220553
0.0018591
0.010229
0.0673805
0.0191058
0.047568
0.126784
0.00348418
0.0853823
0.00445571
0.00834413
0.00345112
0.00242983
0.00863133
0.00220053
0.0261892
0.00502803
0.0114551
0.096125
0
0.0795067
0.00184464
0.0149717
0.00606786
0.0713803
0.00181164
0.0568095
0.0554197
0.026957
0.100257
0.0174882
0.0299319
0.0976747
0.0140612
0.098008
0.00820897
0.00201429
0
0.00346499
0.00863004
0.013864
0.0153774
0.00297852
0.00352333
0.00359036
0.00181279
0.00112912
0.0225563
0.0576737
0.00397784
0.0111033
0.103699
0.000318712
0.19025
0.0270733
0.0049955
0.0093764
0.0192612
0.0224269
0.00702609
0.0552765
0.00547434
0.0173929
0.010204
0.237763
0.0317356
0.238071
0.0468161
0.00244666
0.010086
0.0122517
0.00124882
0.00432645
0.0161987
0.0666214
0.160585
0.00192413
0.0421023
0.131438
0.00797062
0.00147708
0.0759543
0.0068264
0.000768344
0.0663758
0.013287
0.00189955
0
0.00954616
0.00277758
0.0539831
0.151732
0.0119139
0.0165554
0.0972989
0.0105571
0.161727
0.00483965
0.00649789
0.00960228
0.000677546
0.074594
0.0279808
0.00984718
0.146072
0.0271921
0.00999964
0.000468255
0.00884608
0.197504
0.00879911
0.000968985
0.167963
0.00717112
0.00455059
0.00479379
0.0993263
0.041616
0.142167
0.239514
0.0080609
0.00847616
0.0854069
0.0006613
0.00204523
0.104235
0.00480046
0.000481688
0.00388826
0.02982
0.0247853
0.0142795
0.0147087
0.00169068
0.0502783
0.00163661
0.0600556
0.0033827
0.043288
0.00067783
1.45099e-005
0.241724
0.0309236
0.303579
0.00148292
0.00583273
0.00276661
0.00216282
0.00427603
0.00120721
0.000638928
0.139118
0.00716578
0.0502315
0.00747269
0.0119469
0.094743
0.0474487
0.0536741
0.0316059
0.156363
0.000900006
0.00181081
0.00317948
0.00196373
0.21315
0.00665369
0.0979308
0.00903626
0.00175806
0.00911288
0.017867
0.129664
0.00469529
0.0587591
0.00366132
0.0416861
0.108492
0.000827243
0.0551919
0.0156657
0.00349416
0.0483721
0.00769697
0.00462404
0.00193793
0.0633654
0.000855611
0.00755943
0.0131746
0.378382
0.00255446
0.00290095
0.00202605
0.150064
0.0268556
0.0057484
0.0899372
0.00232775
0.00333882
0.0451014
0.00389372
0.0479662
0.0101434
0.000141419
0.165993
0.0508782
0.00745705
0.0434074
0.0189159
0.0913117
0.000146606
0.0115867
0.00610789
0.00323009
0.0158598
0.0724353
0.0149598
0.0124858
0.047736
0.585879
0.00677102
0.000779134
0.00173865
0.0962305
0.00645851
0.0345679
0.0234784
0.0170333
0.092377
0.00199951
0.00770146
0.0297068
0.000933743
0.0559606
0.00203349
0.00195978
0.00150254
0.0750609
0.0727196
0.00513744
0.114655
0.0071699
0.00701562
0.000778808
0.00194798
0.223649
0.0477972
0.00780667
0.271237
0.00861295
0.00817715
0.00565402
0.00202531
0.00272122
0.00519039
0.123657
0.00854615
0.023668
0.0991817
0.00951268
0.000448762
0.127371
0.00193569
0.00134617
0.0439229
0.0535372
0.0114838
0.026088
0.0237021
0.0163253
0.000395816
0.000911935
0.0263792
0.0233601
0.196946
0.0109429
0.00312928
0.193151
0.11071
0.00607944
0.0815965
0.0101929
0.0962564
0.000999507
0.00344887
0.0145092
0.250968
0.000945294
0.174681
0.0115257
0.103397
0.00273238
0.000841765
0.14717
0.0209705
0.00210529
0.0213356
0.00162164
0.000799927
0.103516
0.0639559
0.00844726
0.0117992
0.0446622
0.0872209
0.00191842
0.0327471
0.00116311
0.070265
0.0129493
0.108593
0.150172
0.00110122
0.000982394
0.0185593
0.24921
0.00519912
0.0286557
0.00147805
0.00141559
0.0318213
0.201944
0.000359201
0.000122741
0.182023
0.0750347
0.0206808
0.0924751
0.0676776
0.0020785
0.00127913
0
0.00173317
0.00721908
0.0229825
0.0164813
0.0397744
0.000881736
0.108791
0.0160065
0.108198
0.0538659
0.00252255
0.0536769
0.175958
0.00591698
0.0795392
0.0272274
0.00225604
0.0241936
0.0639813
0.00380972
0.00693086
0.00148971
0.00928843
0.0184253
0.103579
0.193723
0.0193372
0.0113643
0.016869
0.0542047
0.0229758
0.00627143
0.00596911
0.00268554
0.0833851
0.00222847
0.00542175
0.00211208
0.00397407
0.214524
0.300289
0.0131313
0.0084952
0.00473151
0.00154905
0.0364465
0.181748
0.00162486
0.00143452
0.0132204
0.011586
0.169806
0.00387331
0.154026
0.0414857
0.0268533
0
0.031404
0.0079875
0.0802708
0.115542
0.0243014
0.00269826
0.0224784
0.0932381
0.106783
0.0632542
0.00539794
0.0950764
0.104317
0.134941
0.0934219
0.0107885
0.0401315
0.000355623
0.000979326
0.00209052
0.0265563
0.0036086
0.035804
0.0114666
0.00237538
0.00351116
0.150203
0.0154497
0.00233596
0.124009
0.0130805
0.00171598
0.00209987
0.00982061
0.186903
1.31076e-005
0.00127815
0.246986
0.124183
0.00976816
0.00347243
0.0101437
0.257045
0.10809
0.00281136
0.16657
0.00764921
0.00150432
0.00615527
0.00394057
0.146041
0.0012486
0.00248171
0.0954805
0.118117
0.00323476
0.104028
0.0169475
0.00265251
0.0478009
0.00755948
0.00766774
0.0060913
0.0576834
0.00666726
0.00212657
0.0358669
0.0160812
0.185992
0.129316
0.00514836
0.00169555
0.00723569
0.00778045
0.00453453
0.00156962
0.00196417
0.0073459
0.00644755
0.142658
0.0322664
0.118072
0.0435854
0.035452
0.000795074
0.00307518
0.087924
0.00172054
0.00138195
0.064959
0.00221968
0.00402064
0.00113544
0.110789
0.240862
0.00177441
0.172041
0.00559267
0.245373
0.00705462
0.0196753
0.0209873
0.0319768
0.0278563
0.00828805
0.0281719
0.21907
0.0394086
0.456797
0.00609234
0.00200662
0.000916563
0.00117167
0.00113231
0.0143735
0.055762
0.00211981
0.0018884
0.016127
0.0208965
0.0171697
0.165088
0.00485487
0.0644144
0.0017923
0.281749
0.0192323
0.00588416
0.000295609
0.189986
0.00870589
0.0318333
0.0122246
0.00274238
0.0715
0.00495168
0.0705615
0.000514893
0.0104861
0.101197
0.00981644
0.000116787
0.0182824
0.220538
0.0470501
0.00957243
0.054455
0.00450694
0.00548514
0.133774
0.0872002
0.0251582
0.0143294
0.0162699
0.107321
0.0133457
0.0502068
0.0167908
0.00230882
0.0114267
0.0134586
0.00199511
0.00799435
0.373881
0.0234053
0.00471941
0.439205
0.158197
0.0689641
0.00225528
0.0026728
0.00124371
0.274537
0.00195848
0.147419
0.149839
0.234245
0.199497
0.00894714
0.248936
0.207008
0.0213548
0.105512
0.120155
0.0248997
0.00144898
0.175289
0.00169319
0.00746666
0.0660742
0.069212
0.00570648
0.1767
0.0683159
0.027908
0.0187447
0.00490107
0.0340439
0.0067904
0.000283507
0.0514719
0.0139191
0.0597933
0.0044886
0.0111608
0.00104672
0.000674939
0.284268
0.248575
0.061701
0.000745361
0.00081934
0.00159197
0.0601732
0.0503564
0.0288512
0.0981464
0.152942
0.000170249
0.00331031
0.0765907
0.000387109
0.00197193
0.00164016
0.0138935
0.016387
0.00189768
0.00100714
0.00571268
0.0246622
0.0342771
0.00258902
0.00462841
0.0859266
0.00130489
0.00211695
0.000217901
0.000919087
0.0963183
0.00334819
0.0179719
0.34945
0.155321
0.0466028
0.00153063
0.0115401
0.0328387
0.0067466
0.000870083
0.0258187
0.000672962
0.00166421
0.00293922
0.0395672
0.00706419
0.0470855
0.00551292
0.0260762
0.0924093
0.00883305
0.00214297
0.0165239
0.00699084
0.0155958
0.244201
0.00604872
0.00202911
0.0415983
0.169133
0.0308631
0.00253659
0.0043296
0.000896877
0.0168863
0.0067669
0.00247845
0.00201347
0.00432587
0.00124628
0.00629119
0.249102
0.0833922
0.000873545
0.017144
0.00390164
0.0441491
0.00242735
0.00196738
0.177881
0.00106155
0.0130546
0.0216011
0.0183523
0.00921684
0.110714
0.0693913
0.0524093
0.0125232
0.102211
0.00344865
0.00286421
0.00305193
0.000816721
0.00141641
0.031459
0.0541772
0.0519681
0.00348139
0.051688
0.0622119
0.0475989
0.00242264
0.0516262
0.00184001
0.00527304
0.00473872
0.010611
0.0034948
0.13753
0.188878
0.0332634
0.0465296
0.0133618
0.0869084
0.053659
0.0132231
0.19604
0.00181922
0.0193454
0.00321791
0.310766
0.00225258
0.0624661
0.00472187
0.00986164
0.00208352
0.0102383
0.00122119
0.220948
0.00285188
0.00557322
0.00043776
0.000537482
0.0610614
0.00865167
0.11585
0.0181004
0.0219445
0.00071079
0.0605739
0.0111792
0.0247369
0.000984605
0.00526622
0.0124341
0.0219689
0.125179
0.00937639
0.00122119
0.00218279
0.0460094
0.00401048
0.00269371
0.0311101
0
0.00483851
0.218589
0.0366951
0.00354916
0.000350428
0.00321893
0.00804283
0.0799037
0.0179944
0.0279286
0.0123443
0.0800341
0.00534397
0.00366322
0.000507381
0.0372934
0.0647366
0.00411814
0.00134891
0.00302864
0.00962859
0.210939
0.0236935
0.0463805
0.00323205
0.00335246
0.22227
0.045712
0.00227997
0.000114035
0.0309598
0.0228917
0.00506296
0.00684001
0.00301992
0.0612231
0.00506258
0.000411821
0.0412726
0.00734451
0.00633699
0.0669632
0.226253
0.00548048
0.00287861
0.00890206
0.0565595
0.006089
0.00726978
0.00244931
0.00097357
0.0023109
0.0834278
0.169368
0.248793
0.0954414
0.0016499
0.0910326
0.0745281
0.185972
0.138953
0.0138348
0.00190132
0.0191269
0.00950805
0.00293054
0.00295161
0.0045673
0.00300403
0.0538111
0
0.108744
0.00169326
0.0131384
0.00185725
0.000207975
0.0818512
0.0158246
0.0140914
0.00391564
0.0493962
0.012466
0.00115464
0.0246714
0.00699987
0.0028212
0.00136546
0.244967
0.000110996
0.0154969
0.000328491
0.00546287
9.11439e-013
0.000604994
0.00290272
0.244397
0.283867
0.0180061
0.0802364
0.0628863
0.0028615
0.00156488
0.0120504
0.0203112
0.00227622
0.000579503
0.00794231
0.00044149
0.204915
0.0810766
0.140054
0.10915
0.0658739
0.171762
0.115102
0.0112076
0.00257045
0.00115232
0.0104484
0.0233898
0.0133686
0.00476103
0.094302
0.054359
0.151495
0.00868723
0.0322452
0.0765081
0.124664
0.00234759
0.00987006
0.0574856
0.0867587
0.00999334
0.0221439
0.0456585
0.00117047
0.00151476
0.00126443
0.00153275
0.052812
0.0186125
0.00797097
0.168957
0.00421564
0.0431905
0.00187119
0.0550134
0.00185831
0.0016715
0.177715
0.00903372
0.296162
0.0800672
0.0619819
0.121272
0.000767958
0.0633881
0.0276767
0.000320771
0.224154
0.00457332
0.117182
0.0841761
0.00530299
0.128089
0.10151
0.0319975
0.000943934
0.00821487
0.0298194
0.048425
0.0144257
0.190178
0.000602004
0.00101908
0.0568253
0.00183776
0.146191
0.227305
0.0618588
0.0663072
0.0575406
0.0123945
0.234236
0.000773328
0.0709937
0.0338301
0.00152979
0.00183873
0.133819
0.00357111
0.248854
0.0183948
0.0663365
0.00105732
0.00661177
0.0180918
0.00527303
0.0101891
0.000289198
0.00047551
0.00175268
0.00723029
0.00323644
0.000965236
0.0822819
0.11065
0.00204259
0.0714142
0.00170671
0.029638
0.0378133
0.00213309
0.231394
0.00954748
0.00489421
0.0445845
0.11562
0.203782
0.0109595
0.01232
0.000799398
0.0133156
0.00341431
0.00813486
0.0713831
0.0272726
0.158371
0.00229567
0.000313935
0.00224961
0.00753984
0.00300899
0.00281143
0.0168252
0.105718
0.00216077
0.00149041
0.00407253
0.00993775
0.0199277
0.00750959
0.00253049
0.00145299
0.146586
0.0183523
0.0986221
0.00365342
0.0139226
0.00398132
0.179048
0.0105019
0.0128713
0.00020953
0.000440415
0.0209104
0.00843088
0.0077226
0.00240889
0.0191818
0.0055759
0.018141
0.00879607
0.00157128
0.00508179
0.0169604
0.00292583
0.000678478
0.0027381
0.013753
0.0649499
0.0219777
0.0494905
0.019849
0.0080771
0.00392266
0.00325853
0.042833
0.000738706
0.00222447
0.00813344
0.0206226
0.195764
0.21246
0.124196
0.102298
0.0400858
0.014627
0.00172819
0.249717
0.0180417
0.0971703
0.00442917
0.00659357
0.141006
0.107101
0.0852762
0.0122311
0.00779622
0.000523334
0.00371228
0.0140941
0.00131134
0.09721
0.0878527
0.171337
0.00102991
0.214927
0.000336606
0.223389
0.0465037
0.0578817
0.00173074
0.0100127
0.00178603
0.00190185
0.00262629
0.0181842
0.104054
0.0676584
0.0647318
0.016783
0.00693145
0.00418344
0.012875
0.0137324
0.158253
0.0042061
0.167154
0.0802602
0.0167209
0.00988534
0.0572008
0.000719627
0.00157419
0.00181637
0.182058
0.0590513
0.000298253
0.020942
0.0225745
0.00693751
0.00119103
0.157117
0.00269566
0.00062268
0.0663091
0.0242945
0.00402055
0.0413065
0.0229971
0.014085
0.0724564
0.00578235
0.167991
0.262222
0.274294
0.0121114
0.0031599
0.00993477
0.00434944
0.00275469
0.197465
0.00999459
0.00104591
0.00124874
0.00513441
0.000650829
0.051147
0.0237415
0.00724529
0.000544125
0.00227531
5.94651e-005
0.159075
0.114976
0.00298038
0.000874516
0.310932
0.0451968
0.00470701
9.71412e-005
0.200288
0.0024695
0.137534
0.0159386
0.00999935
0.249875
0.000618522
0.149631
0.00749762
0.00512154
0.00052165
0.000531486
0.0234165
0.025305
0.215485
0.000384598
0.0119807
0.00200167
0.00691165
0.0365155
0.00485926
0.00052037
0.00166524
0.236799
0.0211451
0.0195764
0.00268203
0.00639977
0.00724376
0.00111308
0.00236029
0.00434089
0.00208448
0.246438
0.00876552
0.00165974
0.0127631
0.0105082
0.0788393
0.19719
0.00947648
0.000610883
0.00196062
0.0043692
0.160768
0.112134
0.0120325
0.184516
0.00382809
0.00914107
0.00100619
0.153114
0.10629
0.00417365
0.0950788
0.239306
0.0228842
0.0106158
0.00877922
0.00194337
0.0402372
0.000691374
0.0112892
0.0721104
0.0835179
0.0133759
0.00331585
0.0188556
0.0109508
0.0212403
0.103333
0.0945431
0.0117441
0.0122258
0.0409522
0.0762938
0.00666991
0.00528181
0.00163141
0.00071725
0.0870034
0.000381161
0.00373789
0.249995
0.0140921
0.00339246
0.209897
0.0305582
0.100303
0.0509012
0.0518792
0.000259483
9.22495e-013
0.0255042
0.169497
0.107273
0.000180454
0.00232903
0.177479
0.0118132
0.105546
0.00287055
0.00178498
0.00915827
0.00484484
0.0311448
0.152876
0.0105401
0.0899562
0.00270986
0.00215303
0.2477
0.109147
0.109654
0.0321382
0.000720607
0.00600776
0.00265151
0.0871943
0.100042
0.00920574
0.00216788
0.000551918
0.0881703
0.00233593
0.281533
0.177587
0.0051261
0.00184237
0.0113334
0.21969
0.000453544
0.00100402
0.000906681
0.0169292
0.00337782
0.0011115
0.0107056
0.0667612
0.00808504
0.000483078
0.00716624
0.00933497
0.0902982
0.00413949
0.0306578
0.0666639
0.0858335
0.126909
0.0200857
9.22495e-013
0.000756223
0.0011498
0.0780636
0.00289576
0.000730903
0.033183
0.0048707
0.150945
0.0255822
0.025847
0.0124896
0.00927889
0
0.0100876
0.00808816
0.0874977
0.00224848
0.015824
0.00148527
0.00181472
0.0332031
0.0254125
0.0230363
0.00862509
0.000783065
0.0071417
0.0950618
0.00586442
4.84965e-005
0.000583584
0.00608784
0.0447257
0.000471615
0.0626418
0.0123816
0.203373
0.0957611
0.00717769
0.0437645
0.0250611
0.115253
0.00281627
0.000240035
0.217283
0.00374299
0.00198949
0.0117907
0.0177418
0.00567662
0.0286534
0.00140779
0.0041419
0.00266189
0.0103349
0.00104651
0.096843
0.0272685
0.0148775
0.00250165
0.00312232
0.00343494
0.0011382
0.00326612
0.125687
0.235584
0.0645359
0.000983605
0.0842618
0.0050989
0.0610188
0.0618258
0.249128
0.051755
0.000952425
0.308731
0.00130519
0.00158108
0.236556
0.0776845
0.0111916
0.000306499
0.00261091
0.00253255
0.000660282
0.245613
0.00267939
0.0756294
0.00204641
0.0529651
0.0124429
0.0206073
0.00139003
0.00217435
0.0103721
0.0208465
0.167801
0.095624
0.247201
0.0653247
0.218273
0.000873811
0.00146689
0.0192847
0.00170854
0.00394645
0.183172
0.00150364
0.00408044
0.00221299
0.00805427
0.0111364
0.223615
0.0508984
0.00135908
0.249037
0.0139226
0.0212117
0.00168038
0.0465553
0.0302903
0.00693962
0.017335
0.165242
0.0157276
0.000749311
0.0398793
0.050242
0.0125122
0.00165543
0.0380194
0.00595339
0.0447463
0.0965894
0.224601
0.0335913
0.00946499
0.0518341
0.0359566
0.00117029
0.0403301
0.000853968
0.0179079
0.0359905
0.000733858
0.0376655
0.043729
0.217291
0
0.0797767
0.00887979
0.000971141
0.0302677
0.159346
0.159362
0.199597
0.00412942
0.00346767
0.14177
0.0138989
0.000391006
0.000922713
0.0426065
0.118613
0.153381
0.00873163
0.0127716
0.0215618
0.00683144
0.00365341
0.120095
0.00219874
0.0328254
0.000953808
0.0450377
0.00117377
0.070674
0.00446312
0.0115874
0.00996732
0.000399384
0.00944741
0.00341876
0.0136141
0.00165545
0.00882057
0.0144254
0.00241648
0.00976296
0.147124
0.0751436
0.00513485
0.0604905
0.00386253
0.000177093
0.0208126
0.00235892
0.0682204
0.000694067
0.0155957
0.00584256
0.000999697
0.0236881
0.0252914
0.00923593
0.240884
0.030896
0.0178331
0.0122457
0.0230301
0.000593935
0.00160483
0.00123154
0.149963
0.206738
0.0773879
0.00074856
0.0216697
0.0234642
0.00330502
0.115645
0.0871799
0.0789139
0.00568335
0.103511
0.0169281
0.0129488
0.111428
0.071257
0.00777124
0.0051844
0.00245981
0.0518707
0.00642104
0.0017535
0.0560288
0.127968
0.152628
0.0113057
0.0263254
0.178048
0.0129424
0.0953582
0.0084963
0.0619971
0.0432595
0.166135
0.00774769
0.0345024
0.000892066
0.000733818
0.0014175
0.0631206
0.231559
0.0229948
0.00105629
0.0033778
0.00709773
0.00145107
0.00926358
0.0291615
0.00176226
0.0296002
0.0136445
0.000896591
0.000483162
0.00110139
0.00148023
0.474711
0.00609274
0.0112554
0.00318844
0.00179701
0.00119443
0.000777741
0.000794116
0.109488
0.00136597
0.00215481
0.049743
0.0344809
0.000616599
0.00660816
0.171441
0.00854575
0.167933
0.043943
0.0275359
0.099206
0.000355452
0.00206307
0.111396
0.257435
0.0107185
0.00823474
0.00885368
0.122467
0.00164898
0.0096163
0.000178186
0.08356
0.0017616
0.00528352
0.174635
0.00187878
0.0176105
0.00324736
0.0784893
0.0262029
0.03929
0.009754
0.00718055
0.00407991
0.0128313
0.000400965
0.04451
0.150953
0.0782577
0.000965269
0.20049
0.141636
0.00875779
0.000927724
0.00959525
0.0306727
0.00307375
0.00186943
0.000896121
0.00362502
0.00845453
0.0269893
0.00264363
0.00171525
0.011687
0.000451264
0.0842191
0.0367592
0.00127824
0.000992829
0.00407826
0.181815
0.107369
0.0214448
0.00328388
0.00110005
0.0789338
0.121876
0.00870534
0.0707831
0.0049896
0.0734145
0.00474435
0.214342
0.156523
0.158212
0.0981594
0.0115128
0.0865673
0.165793
0.109703
0.00505784
0.00154849
0.0124064
0.0231636
0.000116537
0.000116537
0.0123308
0.00211072
0.00118093
0.00133668
0.000518345
0.00710617
0.00268608
0.00571451
0.00127476
0.00174511
0.063878
0.012128
0.217724
0.0640628
0.000839225
0.0994237
0.00506744
0.00026688
0.010541
0.000745775
0.00705482
0.011493
0.0446175
0.0721671
0.0274518
0.0161219
0.0727191
0.0607348
0.0943058
0.093527
0.00380817
0.00224658
0.0532686
0.242357
0.000900365
0.147398
0.000180333
0.00245358
0.0315569
0.00879976
0.0357205
0.00836489
0.00852455
0.39091
0.00794437
0.00101019
0.00349672
0.0215655
0.0152683
0.000828006
0.0416197
0.0297924
0.0503427
0.0614919
0.0539287
0.120244
0.0130891
0.0405316
0.0402492
0.0010874
0.00361339
0.00108317
0.00279325
0.00246685
0.0553575
0.0754329
0.0299487
0.000956499
0.202123
0.0217502
0.00432612
0.00281161
0.0254406
0.0586484
0.0825755
0.0105994
0.160213
0.0010044
0.00238872
0.000587612
0.00845586
0.0184223
0.0819933
0.132899
0.054709
0.00832413
0.00590229
7.1476e-005
0.011641
0.00378986
0.00120735
0.0419929
0.183429
0.0848916
0.0698585
0.0057276
0.00202318
0.162417
0.00496493
0.0052694
0.0018658
0.0889273
0.0198988
0.0017721
0.0532144
0.0208661
0.00143373
0.0965012
0.0699715
0.0873512
0.000886085
0.00170543
0.00123739
0.00331045
0.150083
0.010371
0.00490973
0.00795466
0.00102639
0.223724
0.0568725
0.00252092
0.059571
0.057207
0.106335
0.136492
0.00398718
0.211648
0.0182775
0.0584345
0.000425799
0.253645
0.00424867
0.00072019
0.00201347
0.140013
0.080416
0.0530426
0.0833714
0.00184834
0.0206347
0
0.00211163
0.00492895
0.156163
0.0030548
0.148599
0.0581547
0.0185907
0.0260577
0.000572157
0.000508083
0.000355452
0.000369441
0.00108059
0.00200111
0.0257476
0.00190262
0.0986226
0.0229762
0.0226842
0.000295824
0.00169588
0.000433033
0.152257
0.00917493
0.00111269
0.0110703
5.0403e-005
0.0603094
0.00448087
0.0955324
0.158095
0.138739
0.00447326
0.0352714
0.00217302
0.00491241
0.0123452
0.00808806
0.0401313
0.00703736
0.000678314
0.00439137
0.00179875
0.099808
0.00292667
0.0627536
0.069073
0.0040217
0.0099604
0.17343
0.000110159
0.00286834
0.00102488
0.000996431
0.00776043
0.0346656
0.000327505
0.0144923
0.0174803
0.00205603
0.00537695
0.0157297
0.000206274
0.00426813
0.202631
0.00245083
0.0104435
0.0108689
0.00831334
0.026047
0.119268
0.00181034
0.0556056
0
0.00145697
0.0114086
0.0717224
0
0.000918419
0.0188333
0.00514905
0.001326
0.0671633
0.0227955
0.0717518
0.217998
0.00167072
0.007731
0.0800431
0.000821318
0.00137989
0.0490014
0.00764348
0.00935438
0.00710617
0.00172672
0.00340944
0.00427328
0.0547086
0.104902
0.00154867
0.00187678
0.0435791
0.00381418
0.00125047
0.241437
0.00224734
0.0103909
0.000359277
0.00189517
0.00670819
0.178497
0.204099
0.0766444
0.180341
0.0102982
0.00514149
0.0127041
0.00875505
0.0411155
0.0190756
0.000729043
0.00475647
0.0010724
0.35902
0.000264933
0.220918
0.000180168
0.00578374
0.0060323
0.056028
0.0174541
0.0178175
0.000746454
0.0413422
0.00503072
0.152476
0
0.000786599
0.000971772
0.0083235
0.0273283
0.000981034
0.00229017
0.24661
0.0104449
0.0094596
0.0505592
0.0391598
0.0256581
0.00247779
0.0433052
0.0924716
0.0273646
0.03671
0.0111934
0.0065928
0.0175435
0.00599905
5.94649e-005
0.121111
0.00190025
0.106185
0.00225476
0.0267958
0.00113732
0.108241
0.00683602
0.103546
0.00115302
0.0178283
0.185991
0.000662894
0.00159588
0.0906175
0.000748154
0.000204872
0.00352551
0.00660353
0.000774821
0.00841771
0.0226121
0.00371008
0.149538
0.138016
0.243457
0
0.0670786
0.0384176
0.0213722
0.0181328
0.0989165
0.0555528
0.00475986
0.173505
0.000580512
0.00777882
0.000198965
0.116643
5.15761e-005
0.00466257
0.00351005
0.0380156
0.000735361
0.0114341
0.0301687
0.0136701
0.00219845
0.00581803
0.00523598
0.0327541
0.00160536
0.0126552
0.00124301
0.0312159
0.0613018
0.0990899
0.210193
0.227987
0.00765104
0.000989175
0.00401535
0.0164553
0.0218304
0.102885
0.0281315
0.00723554
0.160497
0.00590979
0.019026
0.00180453
0.0520542
0.00313617
0.000630011
0.00148002
0.0154061
0.00973531
0.00775139
0.0955032
0.00281069
0.00381439
0.00276482
0.0167642
0.11465
0.00205272
0.0105374
0.0128026
0.00113081
0.0386927
0.00356183
0.00791364
0.00282075
0.00325999
0.0661183
0.000885072
0.00385315
0.00590268
0.0116029
0.163077
0.000899549
0.0076046
0.00217146
0.0180849
0.00145876
0.00544816
0.00517307
0.0176787
0.00706829
0.00291828
0.00210923
0.00318329
0.00703253
0.0172242
0.0183126
0.00109404
5.77633e-005
0.0315376
0.0432873
0.00206076
0.0184465
0.00153562
0.000886372
0.377125
0.0234372
0.166194
0.00801421
0.0976349
0.063924
0.000554832
0.011403
0.0011118
0.00433363
0.00354792
0.0190641
0.02688
0.20049
0.00210419
0.202914
0.00264766
0.0388243
0.0718118
0.15781
0.0273872
0.0843294
0.000706545
0.131676
0.0745035
0.0291009
0.0281652
0.00478989
0.0965286
0.0194891
0.00260494
0.00328636
0.00530647
0.172346
0.0136008
0.00164333
0.0872606
0.0342044
0.00050934
0.003039
0.0469571
0.00154988
0.0553797
0.00953462
0.0852503
0.0442668
0.012991
0.00449533
0.0156578
0.00784783
0.0451462
0.00161264
0.00209009
0.200609
0.0740534
0.000357002
0.00111157
0.0527381
0.00117383
0.000547498
0.00083173
0.00468155
0.104794
0.0147392
0.00527617
0.00425499
0.000491289
0.226954
0.00017936
0.0812334
0.000430412
0.058644
0.071264
0.00528212
0.00197141
0.00182742
0.000264243
0.0928912
0.020635
0.00286119
0.0206726
0.00196298
0.0018353
0.204568
0.205206
0.0108449
0.186875
0.187805
0.135484
0.0244322
0.0725753
0.0034139
0.00164234
0.0112651
0.0341788
0.000896772
0.00553988
0.00172213
0.00453692
0.048583
0.0186257
0.000301265
0.0023754
0.00276502
0.232403
0.000304929
0.0235705
0.00322517
0.000702502
0.00387354
0.00571463
0.000922714
0.151263
0.00332617
0.000615656
0.000250041
0.0030719
0.000177093
0.00139453
0.0805428
0.0580218
0.0559252
0.151911
0.249912
0.00150379
0
0.000589499
0.0100578
0.042247
0.0594744
0.102856
0.104894
0.000830397
0.141104
0.00350672
0.000577423
0.086019
0.170637
0.152034
0.184055
0.00747656
0.160496
0.215192
0.000360429
0.177647
0.0126435
0.312093
0.352319
0.00299688
0.0479733
0.0740851
0.105143
0.0992562
0.00852579
0.00622079
0.0282621
0.000660873
0.0451381
0.000198965
0.00103726
0.00990828
0.0122096
0.014483
0.0407031
0.00064073
0.000853333
0.00595823
0.2465
0.103817
0.0112959
0.0155049
0.00514666
0.0040029
0.00238644
0.0221909
0.000616743
0.000465876
0.012361
0.0345322
0.00436271
0.0515205
0.0500456
0.0236603
0.000228959
0.000365482
0.025834
0.018667
0.00367504
0.00606207
5.15761e-005
0.166786
0.0309737
0.116858
0.208835
0.0506875
0.0372397
0.0340869
0.000939719
0.00539232
0.180821
0.199645
0.0255919
0.00705265
7.71222e-005
0.00261097
0.0959719
0.00264611
0.00261852
0.000434441
0.00303911
0.115248
0.15449
0.0146447
0.114659
0.0100369
0.0975329
0.00511569
0.00502718
0.135909
0.100784
0.0154591
0.0022771
0.00351005
0.00146849
0.00347645
0.202165
0.00193981
0.0863331
0.122976
0.146189
0.109324
0.0287257
0.00207329
0.00212709
0.000537015
0.00135839
0.00139341
0.00094061
0.000756248
0.0886768
0.0373425
0.0146219
0.109618
0.0123949
0.0204103
0.0114795
0.00287588
0.0885253
0.000328701
0.000273267
0.0133239
0.0102158
0.00122242
0.000391881
0.00271217
0.00239774
0.0015754
0.00101228
0.0305832
0.0306583
0.0501668
0.00671169
0.111137
0.0161814
0
0.00227172
0.00422688
0.00558603
0.00434048
0.0394813
0.00303776
0.000675436
0.00064829
0.000444904
0.110061
0.111249
0.0592056
0.0485257
0.00280869
0.146815
0.00393258
0.0148985
0.00311817
0.0271301
0.00470511
0.235953
0.0192946
0.0176031
0.0235177
0.000192901
0.0263396
0.00463696
0.0347399
0.0156232
0.00799074
0.00531435
0.162678
0.00125203
0.0623123
0.106156
0.000519089
0.00912517
0.00481201
0.0594237
0.21838
0.0624841
0.0045503
0.00174538
0.00711938
0.187434
0.0016404
0.00114582
0.00564396
0.01253
0.000563512
0.0025718
0.0170394
0.00393626
0.000629727
0.00630837
9.76576e-005
0.000359192
0.000846034
0.00162297
0.0200428
0.000297646
0.00272168
0.00339881
0.00175834
0.00365408
0.0881391
0.0444356
0.00704738
0.000178185
0.00654192
0.0236285
0.24787
0.041078
0.0235352
0.00730311
0.002258
0.00350956
0.0547954
0.0126478
0.00562682
0.0247042
0.162124
0.100489
0.00797847
0.00412313
0.0195497
0.00281341
0.00878381
0.179313
0.0188367
0.0240316
0.00333923
0.00251816
0.00117964
0.0398485
0.0334846
0.00139856
0.125109
0.035068
0.217302
0.00202943
0.000706713
0.0443731
0.000251605
0.00315173
0.128872
0.406537
0.173375
0.00505981
0.00130202
0.0014254
0.175817
0.102536
0.0009327
0.00607869
0.0478063
0.00221208
0.00403704
0.013111
0.17921
0.00415253
0.0262336
0.00788798
0.00872088
0.00591966
0.0984076
0.00888251
0.374437
0.139971
0.192373
0.0221796
0.158904
0.0111788
0.00364923
0.0567557
0.00297904
0.016286
0.0189382
0.00277815
0.000800327
0.00359006
0.000248322
0.0104608
0.000699373
0.00240125
0.0632481
0.00295503
3.65528e-005
0.000740141
0.000276095
0.000482055
0.0104737
0.0111276
0.00711463
0.325176
0.0139847
0.0549839
0.00295591
0.00440633
0.000361349
0.0134798
0.0191989
0.116011
0.0348711
0.0479234
0.0426518
0.156555
0.00182096
0.0253258
0.0440737
0.00296736
0.0314127
0.323759
0.0350591
0.0105572
0.0653281
0.00393522
0.0141635
0.0137108
0.00838036
0.000768331
0.00218629
0.000511643
0.000510728
0.000412829
0.0016433
0.0565342
0.198205
0.0136346
0.00367469
0.0140224
0.00642988
0.00737768
0.00312505
0.000679929
0.141848
0.0525758
0.0272882
0.00687245
0.229581
0.193965
0.0913009
0.00499301
0.0627744
0.0326004
0.00185921
0.00390732
0.0946766
0.100996
0.0024467
0.00082831
0.00404361
0.00155055
0.00280113
0.00562517
0.00268348
0.0324269
0.0022266
0.00511931
0.151148
0.00908184
0.00393684
0.0264666
0.235063
0.0150462
0.00306931
0.008692
0.144682
0.020846
0.311469
0.00439077
0.000793347
0.0963874
0.0663663
0.00371343
0.00413547
0.00171736
0.00113669
0.0248452
0.0121399
0.000576899
0.00538597
0.0031778
0.00243939
0.002099
0.00824365
0.0578672
0.0871476
0.0366326
0.0144558
0.0187292
0.00856012
0.0102833
0.00461799
0.00361694
0.00148694
0.0174131
0.0155962
0.0171626
0.000170848
0.0071067
0.00173913
0.0222389
0.157858
0.171757
0.130981
0.00531234
0.01585
0.00197109
0.163742
9.7141e-005
0.00253881
0.0321632
0.0688117
0.00115997
0.0715241
0.0764115
0.00735579
0.0554642
0.120714
0.0236047
0.000854643
0.00582961
0.0225828
0.00111056
0.204895
0.025084
0
0.033377
0.00645295
0.124794
0.0015795
0.000898978
0.254226
0.00507897
0.000417334
0.120014
0.00357951
0.0095773
0.00687034
0.156601
0.0639751
0.000469212
0.00556001
0.00993729
0.0117748
0.000875403
0.0144764
0.0291366
0.150269
0.000248477
0.000336513
0.0118079
0.34831
0.276786
0.000264169
0.0319204
0.0312983
0.00304929
0.0936355
0.0426228
0.00304175
0.0176806
0.0347359
0.0298678
0.0431903
0.0932135
0.220978
0.0227548
0
0.0133938
0.0366997
0.135759
0.0253942
0.247988
0.311964
0.00239921
0.00219454
0.00173098
0.0229785
0.00925817
0.168872
0.000632148
0.220736
0.0537966
0.000269466
0.18743
0.00210556
0.00203856
0.0136502
0.00352247
0.00712016
0.178309
0.317518
0.0555014
0.00259033
0.00882499
0.0115092
0.000679992
0.0136428
0.00518328
0.000417355
0.0026024
0.106354
0.000853941
0.00963315
0.161531
0.00742147
0.00365824
0
0.019705
0.0073114
0.00421537
0.00728683
0.0675271
0.0946442
0.00120801
0.00120587
0.0354449
0.000457136
0.190999
0.064895
0.00488011
0.000375444
0.113865
0.00520263
0.0235932
0.0136453
0.0872197
0.115084
0.155871
0.098395
0.00518231
0.0291716
0.00131885
0.00224229
0.000482962
0.0034964
0
0.159343
0.00601164
0.0012624
0.00252352
0.00564393
0.0106772
0.00490787
0.145407
0.052901
0.0028156
0.000494133
0.0014419
0.00150873
0.000689683
0.00545958
0.0138741
0.00413476
0.00124847
0.003832
0.00115007
0.000825649
0.0264201
0.142981
0.0124201
0.0242137
0.0126729
0.000758292
0.0130539
0.0323081
0.00207503
0.00685765
0.0133813
0.0924733
0.000751284
0.0214462
0.00397069
0.00368101
0.000203679
0.0072794
0.00321219
0.00108993
0.048415
0.00178567
0.24764
0.0160173
0.0169187
0.00905608
0.0293457
0.145032
0.00374685
0.0047551
0.00488777
0.00323577
0.12223
0.00772242
0.00514666
0.00285001
0.00406391
0.0397188
0.116608
0.000496172
0.00799228
0.0324446
0.00455854
0.132633
0.00769943
0.0140623
0.00589041
0.00579654
0.00585907
0.248849
0.0021286
0.0164501
0.00942835
0.00637941
0.000472575
0.00795514
0.000160473
2.63058e-005
0.00112071
0.000230205
0.00125717
0.0127727
0.00492144
0.000807258
0.00768004
0.0813534
0.00172416
0.235329
0.0626602
0.0650458
0.178752
0.00281715
0.0158344
0.00497403
0.0511914
0.103713
0.05298
0.0413801
0.000112641
0.00294436
0.0020592
0.0159977
0.0184528
0.0180565
0.00115728
0.327758
0.00304103
0.00556173
0.299953
0.013639
0.0831599
0.00677206
0.0074006
0.00318367
0.010104
0.253846
0.0176701
0.0130185
0.00642002
0.0166641
0.0199748
0.0721642
0.0665437
0.24257
0.035055
0.035166
0.0172624
0.00186026
0.0489463
0.0107039
0.100419
0.0205676
0.00188132
0.00668828
0.00166006
0.00105993
0.0942986
0.0228729
0.0128966
0.0178902
0.000624063
0.00140794
0.000296769
0.225602
0.00586503
0.00634557
0.00607111
0.00173079
0.0152634
0
0.00165437
0.00115728
0.010671
0.00069248
0.21744
0.0147245
0.00089639
0.0100439
0.00170609
0.0174574
0.150023
0.00384133
0.00137258
0.025189
0.0130854
0.00445103
0.0149165
0.0125966
0.000566173
0.023072
0.00154925
0.00102768
0.0725285
0.0361261
0.0232841
0.0177518
0.00688847
0.0165832
0.00352967
0.136469
0.06639
0.122093
0.00125203
0.00356479
0.15756
0.00182238
0.00304753
0.00125663
0.127936
0.0136188
0.114455
0.00366316
0.0126003
0.0114783
0.000373642
0.152998
0.0251114
0.00154925
0.00318422
0.00546405
0.00412285
0.0297958
0.0218577
0.00609714
0.0156106
0.101061
0.0112505
0.00772709
0.000707911
0.000500157
0.00430149
0.0036724
0.253272
0.00300837
0.00466355
0.000380806
0.00341589
0.00101042
0.0259877
0.0020735
0.00248311
0.00304985
0.00839675
0.00318317
0.162621
0.00047753
0.00233641
0.00209275
0.00384044
0.00393722
0.00179831
0.00556489
0.193944
0.00027437
0.133958
0.167987
0.0111771
0.249887
0.0245383
0.236826
0.0747032
0.0257915
0.000139022
0.059494
0.0342574
0.0415731
0.0725745
0.00624032
0.000286256
0.242186
0.0355452
0.00948787
0.0665117
0.000986654
0.049147
0.0111731
0.0045679
0.00522756
0.000998027
0.00209003
0.0626852
0.00202804
0.0563633
0.00323934
0.03301
0.157439
0.34699
0.174638
0.204219
0.173912
0.240287
0.0101346
0.0323818
0.00730731
0.0786735
0.0624144
0.0415533
0.00510381
0.000351307
0.0388563
0.00259069
0.00393132
0.00432002
0.00694653
0.00032864
0.000447891
0.00162893
0.0377838
0.00141484
0.0329451
0.128712
0.0414485
0.0641624
0.00192322
0.000960203
0.17921
0.00423542
0.000432076
0.0146203
0.0216867
0.00200491
0.00146062
0.0743282
0.0053109
0.0152398
0.00348576
0.0229406
0.0731832
0.0327897
0.00384837
0.00338568
0.0120247
0.00328233
0.00213642
0.0145232
0.0624266
0.000834988
0.00716151
0.0191129
0.00576743
0.00454817
0.00582252
0.169721
0.00631009
0.0140014
0.0356789
0.021215
0.0850345
0.382182
0.00508426
0.0230517
0.00128188
0.0576435
0.0432771
0.0344607
0.00191545
0.00069279
0.00200284
0.0862624
0.189262
0.264056
0.019481
0.016232
0.146022
0.0138192
0.0255139
0.220829
0.0792215
0.00325054
0.0791172
0.00353126
0.005167
0.00230222
0.0133836
0.348309
0.0206038
0.136449
0.00198194
0.0172097
0.0296778
0.225076
0.00681073
0.000812841
0.124713
0.042563
0.231177
0.00291673
0.120656
0.00454471
0.000942322
0.201958
0.0418762
0.00406605
0.00530202
0.0349953
0.189465
0.00299851
0.000465633
0.110094
0.00583759
0.0036385
0.28539
0.124194
0.00339779
0.069641
0.0108133
0.0143535
0.00970349
0.00365574
0.00276195
0.00606762
0.00140011
0.0064527
0.169367
0.0140814
0.179517
0.203312
0.0369271
0.00745508
0.00592246
0.00160298
0.0021497
0.113687
0.113688
0.000834988
0.00320999
0.0974838
0.0113964
0.0038992
0.145175
0.0056313
0.00704419
0.18153
0.0045592
0.0283763
0.0574101
9.39936e-005
0.00464751
0.175672
0.0561155
0.00259989
0.00358533
0.0455773
0.0013084
0.0150125
0.1549
0.00363609
0.0415542
0.12831
0.0374587
0.00269675
0.000552405
0.00407837
0.00325963
0.00314937
0.022894
0.0576222
0.0010627
0.0802491
0.0362705
0.0235574
0.00544968
9.38748e-005
0.00179301
0.179412
0.00705685
0.0457635
0.00251674
0.00930339
0.00418319
0.00151036
0
0.0450337
0.00429651
0.00433091
0.0806446
0.00347752
0.0232911
0.0150374
0.164098
0.035806
0.0177648
0.424837
0.00171873
0.00376586
0.202745
0.13143
0.000580771
0.00394657
0.0194915
0.465005
0.000732705
0.0412641
0.0038913
0.00600284
0.000248322
0.0123683
0.00203841
0.00333825
0.00133408
0.00183937
0.0191311
0.00263268
0.0221112
0.249677
0.000566485
0.00267957
0.00222087
0.000106637
0.00789858
0.0187683
0.00443705
0.0257321
0.0139537
0.0193326
0.150081
0.211841
0.00491722
0.0843956
0.0912454
0.0602155
0.0102816
0.025572
0.0239954
0.0337081
0.000171024
0.0035703
0.00757809
0.00144049
0.00298548
0.0170768
0.000604658
0.0180255
0.243875
0.00308099
0.000970953
0.172532
0.00175613
0.000747616
0.0392792
0.0472786
0.0757748
0.0263723
0.00980705
0.000310448
0.388039
0.539034
0.0352321
0.0303549
0.0240307
0.0839204
0.30338
0.262194
0.0494416
0.0100661
0.00196002
0
0.0548295
0.0107803
0.011979
0.00223256
0.000939659
0.00275619
0.256672
0.0918939
0.00300659
0.201314
0.000463245
0.000410377
0.0529293
0.0105538
0.0564129
0.00286174
0.00404928
0.00600437
0.00492248
0.0065386
0.0150672
0.00573227
0.012131
0.0166156
0.00277347
0.225653
0.233916
0.0018361
0.000957865
0.00909155
0.00353806
0.144689
0.0025387
0.00116509
0.0192661
0.0143489
0.0107965
0.00265549
0.0424339
0.00163077
0.186946
0.000915526
0.13539
0.00630929
0.0185577
0.0657073
0.000863947
0.0147552
0.0019761
0.0235945
0.338877
0.000294219
0.00262048
0.00404263
0.0624902
8.01728e-005
0.000931026
0.0035322
0.0628773
0.000941939
0.00372928
0.00105324
0.00304706
0.00121705
0.00368236
0.0157782
0.0109136
0.0545411
0.0244997
0.0254853
0.117653
0.193133
0.129362
0.000935866
0.00158434
0.157752
0.00149567
0.00127798
0.00308466
0.0333289
0.0058932
0.0668591
0.0519072
0.167293
0.00789321
0.0175457
0.00243612
0.00264746
0.00240564
0.00268672
0.00206696
0.0898424
0.169182
0.000264604
0.183252
0.141259
0.00608106
0.226157
0.090396
0.00114305
0.00308653
0.0105338
0.00115449
0.00391565
0.00162346
0.0119911
0.0007135
0.0169094
0.0199644
0.0969241
0.0056125
0.00403258
0.00415249
0.000195816
0.0132206
0.0497463
0.00550742
0.00333665
0.0293219
0.180585
0.160399
0.0548701
0.000556012
0.00591509
0.00422704
0.0759439
0.00353689
0.0857512
0.0326789
0.253656
0
0.00489719
0.0456104
0.0628163
0.231235
0.000988342
0.0913524
0.00368826
0.212645
0.00379337
0.165188
0.0261304
0.000281748
0.0125771
0.00640667
0.00337646
0.00211582
0.00586737
0.290321
0.111215
0.0762544
0.0132183
0.0309573
0.0692102
0.0172102
0.0155475
0.0213587
0.00600027
0.00574435
0.0437687
0.0651918
0.00252255
0.00329513
0.00262456
0.000465458
0.00180493
0.00824313
0.0154311
0.186106
0.00239134
0.000610205
0.200019
0.0236789
0.0364567
0.000988996
0.0189305
0.0283847
0.186179
0.00145654
0.0119895
0.0240482
0.0986497
0.00424796
0.103146
0.171302
0.269106
0.00297454
0.100686
0.00689518
0.0293274
0.00317145
0.00563135
0.045759
0.000667671
0.000194415
0.0969214
0.248349
0.0103926
0.00853572
0.232912
0.0012285
0.00341321
0.0527045
0.225425
0.00314274
0.0292876
0.146978
0.00148489
0.0236198
0.00362575
0.00824419
0.00369156
0.150983
0.147676
0.00520138
0.0016742
0.00425525
0.0248019
0.0515656
0.0207026
0.0255859
0.122622
0.00347837
0.00169372
0.00439162
0.00376378
0.186787
0.0026754
0.0112208
0.0710319
0.11137
0.0373161
0.0288942
0.00565642
0.249975
0.0034122
0.000573656
0.0547223
0.00171159
0.00191253
0.000294219
0.0663643
0.128307
0.0150493
0.0941557
0.0165571
0.145215
0.0649255
0.00128887
0.00251311
0.000907779
0.00201138
0.00062821
0.00196329
0.000734644
0.00195644
0.0928478
0.00741172
0.103717
0.000711882
0.144685
0.231394
0.276328
0.000920737
0.00456631
0.000446022
0.0306929
0.0594207
0.0223736
0.00473996
0.0041549
0.0327285
0.0364223
0.0247042
0.0225487
0.223954
0.0340738
0.166067
0.211169
0.00837
0.00266119
0.127859
0.0174965
0.00294989
0.00342014
0.0153974
0.0271231
0.00312337
0.00112888
0.249557
0.00032567
0.130535
0.00386468
0.0117935
0.00222947
0.0590981
0.196712
0.00647049
0.00583726
0.00384803
0.0044632
0.00134405
0.0464004
0.00432796
0.247419
0.351589
0.00228998
0.0450509
0.00599858
0.00197778
0.00271119
0.0157631
0.00725195
0.0759636
0.0146226
0.188733
0.00304058
0.00589689
0.00922921
0.18184
0.00296458
0.166041
0.00246081
0.00370039
0.0170207
0.0012915
0.00211116
0.00387558
0.00422485
0.00710528
0.00391909
0.00459697
0.0705029
0.00448917
0.0328501
0.00432312
0.00220114
0.214405
0.00101355
0.0777317
0.00292513
0.00234794
0.00449403
0.0806903
0.320269
0.0689274
0.0225951
0.0200248
0.0782258
0.0883237
0.004062
0.00464901
0.00133449
0.0018683
0.164751
0.23357
0.0524601
0.00144828
0.00587408
0.00375603
0.00431941
0.0879509
0.0333956
0.12711
0.00765849
0.00705009
0.0933896
0.0531028
0.00425157
0.00132805
0.00171846
0.233901
0.0219649
0.00233309
0.0450602
0.00159477
0.00399214
0.005737
0.00733552
0.17278
0.0261214
0.221032
0.183953
0.0932033
0.191562
0.0048041
0.000838619
0.150952
0.05996
0.499958
0.0254447
0.017371
0.00665322
0.00668383
0.00144625
0.0026592
0.0490149
0.00171549
0.115346
0.0515262
0.0420651
0.0327204
0.140764
0.0838996
0.291009
0.0140643
0.00477249
0.00148773
0.00630693
0.0429328
0.0807478
0.105999
0.00261412
0.00241066
0.00740001
0.0585269
0.104975
0.00118723
0.271108
0.00276183
0.0546056
0.00188535
0.00282127
0.0053044
0.000927267
0.000823407
0.00509119
0.114417
0.268481
0.017483
0.00919761
0.236326
0.00549509
0.00161783
0.00369363
0.00220002
0.00247673
0.00697055
0.00172013
0.00377292
0.0103869
0.016205
0.00324423
0.0996348
0.00518693
0.00767915
0.139601
0.00899579
0.000432072
0.0151115
0.16508
0.0919547
0.00320164
0.0114734
0.0205406
0.00185848
0.12266
0.00436527
0.0536901
0.0020328
0.010323
0.0035251
0.000565575
0.00231014
0.270072
0.307575
0.412987
0.149016
0.029751
0.00296084
0.00451882
0.0431114
0.0634601
0.0034612
0.00790402
0.00335734
0.219226
0.170064
0.00629161
0.00252483
0.0761025
0.00325687
0.00117581
0.0217664
0.00388053
0.221824
0.00450142
0.0845258
0.00578788
0.0293176
0.0312436
0.147914
0.000844045
0.000518272
0.00189346
0.0393085
0.0693514
0.0770993
0.00144563
0.00121762
0.00227434
0.1476
0.137523
0.143433
0.00967697
0.24992
0.00237865
0.0025838
0.0471063
0.0206476
0.145037
0.00275148
0.00327694
0.000909893
0.00334486
0.0236693
0.0817431
2.63056e-005
0.186974
0.00395623
0.0763541
0.00160401
0.00309846
0.00175498
0.189031
0.00196536
0.00199064
0.0304509
0.0197353
0.171823
0.000530332
0.000408115
0.200386
0.378995
0.00176933
0.00382751
0.00172577
0.0180805
0.00264322
0.111149
0.0750316
0.00234723
0.00144936
0.2582
0.0676994
0.00123406
0.0443759
0.0021139
0.00881666
0.00721438
0.00151923
0.027766
0.0172336
0.0788765
0.00461345
0.000839545
0.0494371
0.00770163
0.00344462
0.0089028
0.012246
0.00449106
0.00550887
0.000297333
0.00322201
0.00090212
0.0361163
0.0249968
0.00300233
0.0492247
0.0328554
0.000619844
0.0355211
0.141323
0.115593
0.00302582
0.0014455
0.01765
0.000364549
0.000348908
0.00913533
0.0140612
0.0265247
0.0037954
0.1156
0.0306554
0.0219566
0.00165456
0.00253399
0.00589803
0.0814924
0.000280855
0.00243444
0.000853539
0.00765099
0.0107414
0.00378921
0.00363656
0.0697973
0.00610362
0.00509919
0.000578345
0.0301874
0.0534772
0.163512
0.00559847
0.0034275
0.00199781
0.000724916
0.00100664
0.330566
0.173627
0.00727307
0.000602319
0.00219033
0.00172128
0
0.10763
0.143606
0.0239359
0.0235262
0.0561948
0.103707
0.00170757
0.0578099
0.00159571
0.00113271
0.33954
0.0169154
0.0725746
0.0664954
0.0295441
0.00140612
0.00190874
0.0296143
0.00433191
0.0076554
0.0391465
0.00539312
0.0100321
0.0475537
0.0485253
0.00357974
0.169531
0.0303694
0.160698
0.000364548
0.000682289
0.00203994
0.0028953
0.0533881
0.00587319
0.0395862
0.0611665
0.0443773
0.0475855
0.0025548
0.0446391
0.0108374
0.056974
0.0176749
0.0056136
0.0863571
0.031388
0.0489707
0.00539762
0.0158862
0.0011488
2.03762e-005
0.00477841
0.00384709
0.00155523
0.0186426
0.00110314
0.172186
0.0581237
0.00621959
0.0215061
0.00310091
0.00819066
0.0059289
0.249638
0.156908
0.00258419
0.00198547
0.0983106
0.0697819
0.111261
0.0186874
0.158889
0.0115041
0.0173482
0.0035017
0.00675647
0.214548
0.00632527
0.00472617
0.00669662
0.00916073
0.125995
0.00169357
0.0594878
0.116697
0.000469145
0.0998448
0.00137447
0.000935874
0.0040667
0.0791617
0.0842624
0.148033
0.0170174
0.012729
0.00321259
0.0042346
0.0037461
0.0032199
0.00328677
0.364592
0.0371061
0.162719
0.248357
0.00347165
0.0191003
0.187979
0.00326893
0.00418638
0.00436791
0.000725359
0.00236897
0.00838605
0.000927457
0.00216872
0.0429933
0.00223113
0.0046234
0.017921
0.0267012
0.00117164
0.0224156
0.00310094
0.00417608
0.0207606
0.0843788
0.111644
0.00104098
0.00168352
0.0896476
0.00452011
0.0036426
0.145253
0.0860235
0.0976612
0.0978516
0.00084887
0.0043243
0.0356816
0.0285407
0.0276994
0.00314757
0.108506
0.170206
0.254447
0.246999
0.000823409
0.00431211
0.00056237
0.196626
0.0810756
0.00527924
0.000396771
0.00270168
0.0067877
0.00294128
0.192292
0.201893
0.00517014
0.0410719
0.000828461
0.00311937
0.00519436
0.066232
0.0023195
0.0397745
0.00267716
0.0108006
0.00310506
0.00199834
0.263752
0.0261332
0.382907
0.131494
0.192848
0.0341695
0.00491914
0.00452031
0.243401
0.00924089
0.00365119
0.00122248
0.00265946
0.00985556
0.142091
0.00346342
0.0159619
0.139668
0.00423506
0.00125494
0.00218972
0.00345355
0.163764
0.00762614
0.0104137
0.415391
0.0250583
0.000927476
4.8207e-005
0.0027184
0.00114808
0.00254828
0.00169897
0.0546121
0.0040337
0.00819521
0.00285457
0.00696388
0.00680801
0.00546942
0.0329555
0.00218199
0.000748873
0.00419386
0.000467493
0.00184676
0.00145136
0.0135906
0.0240685
0.00148709
0.00677995
0.00179105
0.0531704
0.00125223
0.00407293
0.000310448
0.279274
0.076956
0.0220312
0.0426058
2.03762e-005
0.0879066
0.0708286
0.0101043
0.0042824
0.00155337
0.0326181
0.188456
0.00179687
0.0435668
0.00687678
0.00307779
0.0256725
0.0252425
0.0049909
0.0867832
0.0313942
0.00201303
0.00440197
0.00504538
8.8427e-005
0.00122326
0.0236858
0.000934898
0.0029267
0.00717983
0.00862175
0.312351
0.00867718
0.0916871
0.0191767
0.0079975
0.004449
0.061654
0.00600272
0.00143123
0.00215204
0.00260202
0.00183087
0.00177643
0.00120016
0.0399111
0.00199175
0.0583674
0.0648111
0.00319451
0.00182465
0.1639
0.153125
0.0825715
0.0040729
0.215375
0.212998
0.0820324
0.00356886
0.00239603
0.00550105
0.0124163
0.171336
0.135336
0.0154335
0.00169449
0.127187
0.00467025
0.00566426
0.202222
0.0747429
0.00643931
0.0127596
0.0293606
0.0182094
0.0481558
0.0303641
0.179924
0.0118823
0.120818
0.00902596
0.00650542
0.133384
0.00162918
0.00117176
0.00314005
0.00376458
0.0188583
0.0111879
0.00144351
0.00145136
0.00725831
0.0106838
0.00329164
0.00209322
0.00477843
0.00631097
0.00256001
0.000317888
0.00755909
0.00115704
0.0497992
0
0.12941
0.0320176
0.00188169
0.0474483
0.0225696
0.00120704
0.0787479
0.00115421
0.00776204
0.172591
0.0205123
0.0222141
0.0167283
0.00882149
0.00711624
0.00191713
0.0013348
0.0509507
0.103074
0.000600415
0.0224738
0.00117383
0.0336418
0.100485
0.148633
0.134277
0.00325717
0.0371295
0
0.0123461
0.00395385
0.00270013
0.125606
0.00117649
0.00126362
0.0026273
0.0012981
0.00814915
0.00146297
0.00870446
0.0100812
0.00117703
0.00178456
0.0306497
0.068536
0.00272453
0.132775
0.0462746
0.099828
0.0927122
0.101518
0.0100717
0.00799393
0.00301296
0.157516
0.182522
0.247426
0.00590217
0.0229065
0.00334182
0.00165051
0.0909775
0.000662392
0.00308989
0.0273067
0.0219611
0.0393576
0.0029158
0.00207922
0.0130263
0.00689807
0.0126297
0.00447419
0.0717093
0.0216414
0.00162039
0.0304146
0.0317971
0.00207416
0.0131335
0.00310141
0.00127603
0.00486436
0.00212606
0.155156
0.179955
0.000280855
0.00280413
0.000611756
0.152704
0.0626454
0.000694463
0.0498406
0.00446257
0.00485344
0.0424554
0.117601
0.19486
0.16514
0.163168
0.0127964
0.105639
0.00374179
0.000831228
0.0683801
0.0984809
0.000447299
0.000839773
0.0527754
0.00133726
0.0104404
0.0662944
0.00355825
0.0867547
0.0490434
0.00394993
0.00296892
0.00404396
0.0372922
0.0364475
0.00446044
8.84268e-005
0.00933475
0.00809593
0.00108153
0.0651196
0.0777248
0.000257645
0.00731566
0.147418
0.0270363
0.0227095
0.0692596
0.00106636
0.00420155
0.00398465
0.101491
0.00233807
0.0804445
0.126938
0.00236926
0.00564885
0.00436209
0.00320306
0.00210328
0.00619036
0.019407
0.00154008
0.00157037
0.124239
0.10185
0.00565881
0.00244622
0.138241
0.240731
0.39325
0.00119451
0.0018945
0.024209
0.07883
0.0523358
0.155184
0.00893193
0.00721625
0.0144054
0.0166927
0.0198613
0.0847795
0.00635738
0.0334346
0.16225
0.00172568
0.129766
0.0178416
0.0038635
0.00249023
0.00241393
0.00132574
0.0012985
0.00274413
0.0326496
0.0343995
0.109869
0.0474702
0.0241765
0.184199
0.0136855
0.107193
0.346148
0.0635279
0.0010136
0.174501
0.00416587
0.00176051
0.000485634
0.0677427
0.0125636
0.0307761
0.0194805
0.000562682
0.157314
0.0185341
0.0885972
0.20549
0.00227215
0.244233
0.0662498
0.0709868
0.00311523
0.0469453
0.0154771
0.212113
0.000321133
0.00117083
0.0698659
0.0117278
0.00308486
0.152283
0.0320598
0.0533388
0.0531441
0.0655208
0.000760107
0.108626
0.00130896
0.00505346
0.113017
0.00775432
0.0352858
0.00232991
0.00739794
0.0207663
0.0348337
0.00241423
0.233572
0.217407
0.000637587
0.0251508
0.106271
0.000702971
0.0724136
0.083037
0.0416821
0.0870715
0.0301619
0.00763312
0.0179296
0.0975263
0.00354709
0.00227528
0.0413687
0.107525
0.0381591
0.233567
0.210745
0.000257644
0.0217842
0.0022068
0.0090055
0.00330491
0.00241887
0.383906
0.206148
0.0537448
0.00192268
0.0727189
0.118093
0.00285671
0.189184
0.00076067
0.0149253
0.00300376
0.00909907
0.00697908
0.00661831
0.146073
0.0013278
0.199256
0.292333
0.318659
0.0468018
0.116796
0.000919494
0.00193072
0.00242454
0.00076307
0.0198462
0.00239957
0.0873327
0.0191675
0.00290777
0.00378628
0.0581423
0.104159
0.0182986
0.046354
0.0501184
0.196285
0.229259
0.000795742
0.00163881
0.00532703
0.0418224
0.286735
0.0251131
0.0143828
0.0153124
0.0580062
0.028619
0.0082782
0.00381931
0.000920785
0.00446105
0.117181
0.266458
0.00175237
0.00723315
0.00567469
0.00153155
0.00637488
0.00121039
0.0778408
0.125547
0.136585
0.00172362
0.0016101
0.000734217
0.0025445
0.000728611
0.174059
0.187305
0.00234478
0.00290464
0.00290465
0.0611272
0.0469352
0.0785012
0.0418125
0.0408331
0.00350581
0.00420821
0.00601596
0.00679774
0.00116116
0.14093
0.00293387
0.00476139
0.00241254
0.0186225
0.00117034
0.00157548
0.00210766
0.00745987
0.289121
0.00847127
0.00654429
0.217726
0.00198916
0.0310646
0.192433
0.00271928
0.00621183
0.0425374
0.0878661
0.00355737
0.241067
0.00168845
0.0208853
0.0134387
0.00466847
0.0330746
0.00128258
0.00255992
0.0458035
0.112522
0.00224414
0.0957379
0.00153624
0.00991663
0.00227166
0.00187691
0.00289789
0.0160524
0.00250072
0.187757
0.00281967
0.0026755
0.0372604
0.00441058
0.00292151
0.000427123
0.000618332
0.433287
0.0031791
0.00384359
0.00133231
0.00218831
0.0577919
0.00176166
0.000528435
0.00374669
0.10138
0.46925
0.00120153
0.00291881
0.00143363
0.00180168
0.00106561
0.0045419
0.0905647
0.138631
0.305378
0.00210041
0.167009
0.175019
0.0730957
0.0728585
0.00488299
0.0552153
0.00165789
0.000584962
0.00242915
0.0968194
0.00131072
0.00174105
0.00191388
0.00215154
0.0441404
0.00132404
0.00184986
0.00392295
0.011195
0.0647647
0.0870394
0.0339307
0.00156372
0.0280454
0.0160208
0.165714
0.0015711
0.00333877
0.069761
0.18018
0.195263
0.00244786
0.0419999
0.00325869
0.0404544
0.00100176
0.00816865
0.000621941
0.00765284
0.00153366
0.00449305
0.00085951
0.0109747
0.00484147
0.00660844
0.0033055
0.00059608
0.157972
0.29237
0.00295294
0.002799
0.00326927
0.0527503
0.00402447
0.0042171
0.0934925
0.355399
0.00605608
0.0390062
0.0024061
0.111426
0.000644682
0.0015219
0.000272871
0.00464649
0.104141
0.0176908
0.00319201
0.108078
0.281371
0.00288843
0.0598746
0.00323162
0.00149184
0.0484239
0.00365643
0.000664827
0.053073
0.00399421
0.003106
0.0128496
0.0151932
0.00296349
0.312807
0.00206706
0.00208714
0.0014949
0.130161
0.00467552
0.00473717
0.00166765
0.0184666
0.020087
0.00150221
0.00199013
0.00138871
0.0427379
0.240126
0.224276
0.00294745
0.00157471
0.001674
0.0288617
0.00219133
0.1073
0.100892
0.000474151
0.0017923
0.00837635
0.13299
0.00105821
0.261551
0.000992362
0.000647457
0.14151
0.0510641
0.0518592
0.000306158
0.00071099
0.00239371
0.048347
0.000323497
0.00163353
0.00120952
0.00247087
0.00178304
0.0136701
0.0170749
0.150204
0.0012846
0.000839285
0.0162495
0.00107221
0.00326916
0.0636403
0.00140015
0.00155429
0.0928667
0.228188
0.220382
0.0432296
0.0113791
0.288873
0.000538953
0.000931524
0.00329828
0.0295206
0.00238383
0.00202046
0.00543751
0.000962828
0.00444541
0.00422124
0.00131242
0.0225341
0.0909928
0.126563
0.146253
0.177394
0.0171576
0.00204493
0.181817
0.00181414
0.0066886
0.00497349
0.0014385
0.0776204
0.00566985
0.00254297
0.00601627
0.111645
0.0174355
0.00402304
0.00194755
0.00605129
0.235083
0.000588329
0.00063004
0.133333
0.0397387
0.00678799
0.0920088
0.00155686
0.00363164
0.0159177
0.0163018
0.034902
0.00105798
0.000670273
0.182531
0.00204062
0.00163319
0.00176125
0.00168087
0.0616994
0.00119043
0.00930778
0.000588036
0.00550547
0.203262
0.00156517
0.00142132
0.00185252
0.00481189
0.0321544
0.100579
0.000988153
0.010213
0.00308997
0.00140523
0.0913272
0.147931
0.282914
0.0851705
0.019598
0.146166
0.0012026
0.0424821
0.0265968
0.00668612
0.031827
0.00299994
0.049501
0.00135709
0.0018241
0.0118789
0.0288692
0.13848
0.00237026
0.000696701
0.09904
0.00251492
0.000462222
0.00248488
0.000555976
0.0827246
0.00212048
0.000918101
0.00246385
0.00221204
0.0980061
0.179443
0.000824338
0.123227
0.0178207
0.0100107
0.0852554
0.0544803
0.0107894
0.0144079
0.0154191
0.0178461
0.115021
0.0875033
0.00671774
0.116029
0.117082
0.0196621
0.00516995
0.0764377
0.00217657
0.000995417
0.0525119
0.0463635
0.00405551
0.0849472
0.0549907
0.00364579
0.00352048
0.00351753
0.0118074
0.00018023
0.00119751
0.00178128
0.00164281
0.0016758
0.0284424
0.00211804
0.000474015
0.00170317
0.00558719
0.0787144
0.00178762
0.0245144
0.00213482
0.137538
0.00390324
0.149919
0.132631
0.177888
0.132558
0.130161
0.00193106
0.167832
0.0746137
0.003166
0.000241751
0.154266
0.00174355
0.000788109
0.00033431
0.00138635
0.00167311
0.00212657
0.0932993
0.0982795
0.111454
0.166286
0.00174196
0.00325131
0.20051
0.00130926
0.00531438
0.000530841
0.00329372
0.00180054
0.00252805
0.327925
0.00100814
0.00105538
0.00353779
0.227442
0.00147979
0.0579071
0.0258123
0.00119798
0.00188794
0.00155771
0.00116618
0.00260309
0.00130612
0.00275109
0.00152356
0.000132803
0.103143
0.168421
0.162685
0.00615262
0.142336
0.00161725
0.000819311
0.0515302
0.156946
0.0329794
0.00413747
0.0931007
0.000266804
0.00758751
0.0579102
0.214981
0.146283
0.128307
0.00135374
0.0583644
0.00165085
0.0376377
0.278525
0.00167118
0.00108248
0.00320933
0.00313436
0.00129873
0.147305
0.00244131
0.00563964
0.0176203
0.00111596
0.0190891
0.227514
0.00173503
0.0070114
0.00286872
0.174005
0.51338
0.0020728
0.00220503
0.00290323
0.0181212
0.00242364
0.00365012
0.00386158
0.00357988
0.0191357
0.0241649
0.0024439
0.000924439
0.0644219
0.00321835
0.0175385
0.0993701
0.0166655
0.00333789
0.0035655
0.00748947
0.00522605
0.046758
0.0136603
0.0231042
0.0126767
0.00142083
0.0175223
0.00189689
0.0174966
0.00167811
0.00229739
0.00162429
0.00272074
0.000674687
0.223909
0.077356
0.232713
0.0120495
0.00215054
0.0181997
0.0303299
0.0734686
0.0223844
0.131696
0.00155136
0.00180293
0.016647
0.0139787
0.0466599
0.0785953
0.0511354
0.124939
0.00117386
0.0930905
0.0084572
0.0123419
0.314957
0.00145177
0.0626787
0.115548
0.146332
0.00128705
0.00144278
0.0046632
0.0011636
0.125092
0.00470541
0.0022975
0.042353
0.187466
0.220394
0.0538832
0.0360445
0.0370678
0.020783
0.0520362
0.0152642
0.0979454
0.142017
0.0836464
0.0338718
0.0162913
0.00147606
0.0194679
0.00144762
0.106726
0.0970075
0.000545909
0.26814
0.0439789
0.0584978
0.00126411
0.000837994
0.194736
0.103645
0.0124395
0.0129744
0.0369136
0.120651
0.257525
0.213527
0.00153983
0.0207357
0.00125069
0.0015042
0.129279
0.011875
0.0814188
0.380725
0.00620137
0.0229286
0.380706
0.00403899
0.0254522
0.178437
0.268269
0.0316466
0.146688
0.00189889
0.00328203
0.00297328
0.002636
0.00187047
0.00272167
0.0116493
0.00633955
0.0213687
0.0101486
0.0631643
0.00188316
0.00457882
0.00417609
0.00478263
0.00115868
0.00359157
0.00391257
0.00352299
0.00937916
0.00610624
0.00310113
0.0038463
