8792
0.004203
0.00116477
0.00222502
0.00301949
6.7717e-005
0.00158477
0.0413317
0.000860687
0.0813694
0.00538562
0.00207145
0.00176914
0.0182083
0.00293764
0.000228182
0.0028605
0.00226789
0.00213511
0.00188773
0.000953951
0.000490072
0.00293372
0.00132845
0.000331115
0.123951
0.000568886
0.00067466
0.00053844
0.00212806
0.000907684
0.0012122
0.00383344
0.000389782
0.00191327
6.87699e-005
0.102052
0.00191977
0.00145607
0.00226153
0.00124782
8.36593e-005
0.000792475
0.00164148
0.00176629
0.00061964
0.000669923
0.00252277
0.0216894
0.00258016
8.67476e-005
0.000477264
0.0010738
0.0176773
0.00125508
0.103841
0.00104592
0.000830565
0.000362846
0.000171083
0.00137064
0.124056
0.0711458
0.00142567
0.000344174
0.000340176
0.00184669
0.000249277
0.0647784
0.0395927
0.107731
0.00116693
0.00153281
0.0196324
0.00083915
0.00081756
0.0211817
0.00108652
0.00148693
0.0019455
0.000761536
0.00323247
0.00273324
0.00133156
0.00159785
0.0202235
0.122348
0.000392655
0.00110515
0.000671623
0.000304174
0.000643751
0.000615836
0.00415671
0.00117245
0.0193405
0.112596
0.000367962
0.00434005
0.00132447
0.000847209
0
0.0862107
0.00110961
0.00895202
0.000337905
0.000907374
0.00125251
0.0002164
0.0345021
0.000445002
0.0191522
0.000502926
0.00136104
0.00123718
0.0019447
0.121631
0.00083229
0.00184411
0.0144618
0.000594192
0.000592996
0.000790596
0.000801573
0.0012061
0.000366298
0.000648091
0.00081451
0.000694234
0.00106322
0.000475559
0.00169803
0.000595956
0.00169863
0.00190094
0.000187298
0.00103244
0.000249026
0.000649578
0.0126589
0.00322498
0.0002164
0.000496928
0.00124821
0.0957551
0.00349984
0.00263714
0.114652
0.00140842
0.000607305
0.000801962
0.0010434
0.000619073
0.000555783
7.34002e-006
0.00144137
0.00844655
0.00278334
0.000749309
0.00160618
0.00112281
0.0952219
0.00100283
0.000546463
0.027232
0.080571
0.000625148
0.00731682
0.000603403
0.000702276
0.000484002
0.000228929
0.000951015
0.000618254
0.00883827
0.00109252
0.000191536
0.00248276
0.0755983
0.000958522
0.00565731
0.0028401
0.000601753
0.00134683
0.0130882
0.00181094
0.00159482
0.00170176
0.0011129
0.000706601
0.000100815
0.0473641
0.000669308
0.0251997
0.00208464
0.000367456
0.00190368
0.00239181
0.00463295
0.000187824
0.000881865
0.000629536
0.00147976
0.00239242
0.10812
0.00154271
0.00186852
0.00083347
0.0204286
0.00096649
0.00050231
0.000688135
0.000562937
0.00532945
0.0257331
0.0003255
0.00294795
0.00498202
0.00129567
0.00198753
0.02396
0.0628244
0.124896
0.0046619
0.00880776
0.00158839
0.00741116
0.000816381
0.00169356
0.00123757
0.0126418
0.00214121
0.00211483
0.00105086
0.00135295
0.00191111
0.00113114
0.00166175
0.0228672
0.00186948
0.000195944
0.00196307
0.123718
0.04771
0.000892303
0.000844219
0.0520565
0.000825574
0.00339731
0.00103272
0.135856
3.09785e-005
0.00112487
0.00521044
0.00181179
0.0297869
0.0638677
0.0684678
0.00131836
0.000148817
0.000108722
9.86186e-005
0.0298345
1.49043e-005
0.00247843
0.0042819
0.00136563
0.000848559
0.0106488
0.00879735
0.000611966
1.19726e-007
0.00724854
0.00154969
0.00202356
0
0.00106167
0.0155911
0.00202851
0.0621968
0.00226276
0.000511974
0.000294185
0.000649571
0
0.00803186
0.101382
0.000897511
0.00565203
0.00128878
0.00086682
0.00164432
0.000445498
0.00099724
0.000684726
0.00134957
0
0.00328644
0.0111119
0.0013678
0.0040279
0.00442381
0.180631
0.000391783
0.000867498
0.00170305
0.090282
0.00109431
0.004208
0.00076236
0.0119833
0.00434928
0.000856954
0.0101964
0.10389
0.121479
0.00089657
0.00109046
0.000661942
0.000358243
0.0051334
0.00078013
0.00184344
0.0175419
0.000668197
0.00381405
0.0022653
0.00713697
0.00321092
0.00113073
0.000697088
0.00636738
0.0157905
0.000982723
0.0253384
0.0021155
0.0147285
0.00311422
0.00121558
0.00103635
0.00340037
0.00184794
0.00914358
0.00240926
0.00328783
0.0203006
0.000840578
0.00807842
0.000736653
0.00623151
0.0281439
0.00149582
0.00627896
0.00103121
0.000615716
0.000291205
0.101797
0.000112087
0.00117865
0
0
0.00103385
0
0.000309355
0.00231889
0.00903553
0.00142358
0.00365741
0.009328
0.00219516
0.000918811
0.00214694
0.0023747
0
0.00254582
0.000278287
0.0164663
0.000105059
0.00148263
0.00135112
1.93304e-005
0.00107488
0.00228974
0.00051502
0.000255283
0.000987454
0.00104498
0
0.000820351
0.00223553
0.00910215
0.00201549
0.00170483
0.00195503
0.00164711
0.00442204
0.00496753
0.0672008
7.06659e-005
0.000552646
0.00170938
0.00905476
0.00205329
0.00103257
0.0176078
0.0137451
0.00122043
0.000899607
0.00226986
0.00452338
0.000133432
0.000529127
0.000888545
0.00199608
0.00203653
0.00309757
0.000411342
0.00238746
0.00116084
0.000808682
0.028922
0.0119833
0.00118325
0.0945475
0.0136489
0.00203874
0.0017407
0.0296124
0.0370005
6.40085e-005
0.00115213
9.86187e-005
0.0966459
0.00122155
0.00085661
0.002418
0.124522
0.00210911
0.000693235
0.0334875
0.000359275
0.00112078
0.00487662
0.00154921
0.0077678
0.0221813
0.000724465
0.0766152
0.0179855
0.000450268
0.0818819
0.0100966
0.00222101
0.0111887
0.0368694
0.00744561
0.00179239
0
0.00202351
0.00052231
0.0400557
0.00433375
0.00520808
0.0756479
0.00682849
0.000402775
0.0081393
0.00960524
0.100503
0.0139683
0.00464227
0.000391356
0.00178547
0.000516078
0.00308433
0.000896755
0.00117057
0.000476788
0.0074262
0.049193
0.00325
0.00140295
0.00846882
0.00117361
0.00101902
0.000272532
0.0187849
0.0135411
0.000814155
0.000685546
0.00751018
0.000562359
0.00889641
0.00243394
0.00260776
0
0.00306047
0.00113391
0.000782767
0.0005857
0.000941207
0.000805257
0.000767018
0.00419494
0.0776537
0.0005768
0
0.00220357
0.00314742
0.00111245
0.00232477
0.00543951
0.00151021
0.0190141
0.00280495
0.0193924
0.000127736
0.0808338
0.016141
0.0933648
0.0275534
0.0683069
0.000759914
0.0195511
0.0135479
0.00980149
0.0808944
0.00467037
0.00464982
0.00056514
0.000454312
0.119201
0.00103677
0.00138393
0.0168635
0.0193763
0.109127
0.00328554
0.00125292
0.117707
0.0036322
0.00290432
0.00128643
0.0104901
0.0003947
0.000802912
0.082914
0.000131409
0.0227347
0.00543512
0.00334702
0.0982939
0.0311513
0.000413892
0.00701482
0.00187184
0.00237913
0.0153602
0.00446552
0.0763805
0.00329753
0.0284222
0.00269933
0.00137049
0.00203798
0.00250996
0.000495724
0.000860239
0.00081337
0.0020428
0.000998711
0.000108722
0.000897538
0.0865976
0.0835591
0.000224891
0.00191624
0.0132019
0.00509129
0.00113067
0.00584459
0.00804323
0.00154679
0.000611198
0.00951815
1.35917e-005
0
0.000363436
0.048154
0.00797808
0.00168312
0.00137387
0.0195292
0.00118341
0.0909804
0.00126104
0.000681041
0.00781481
0.0175264
0.000118657
0.00206215
0.00215439
0.00928949
0.00244831
0.00100593
0.0345422
0.00559289
0.00178571
0.0021363
0.00361137
0.000777113
0.00215918
0.12495
0.00532515
0.0102864
0.00116572
0.00431383
0.00581097
0.00605717
0.000809619
0.0126318
0.00327887
0.00308351
0.0145998
0.00540385
0.000535975
0.00071759
0.0134148
0.00098544
0.000544015
0.000551355
0.0015301
0.00359083
0.00120809
0.0993931
0.00848106
0.0133403
0.00170245
0.00137145
0.00383007
0.000584372
0.00098778
0.0027739
0.00111607
0.00344169
0.000285107
0.0011088
0.000641218
0.00140945
0.000891241
0.0133846
0.000620006
0.0532592
0.000720875
0.00253863
0.000814399
0.0165613
0.00146555
0.00215305
0.00343043
0.0031195
0.0654164
0.00269035
0.000403563
0.0301044
0.000222962
0.000745602
0.139302
0.000297954
0.00501617
0.0010824
0.00629295
0.0213686
0.118591
0.000156378
0.00133719
0.00682387
0.124611
0.00113751
0.000867728
0.00158151
0.000900386
0.000920415
0.000320454
0.000914248
0.00749786
0.00211674
0.000425668
0.0465894
0.00669431
0.000508808
0.0779851
0.000964808
0.00173242
0.00135602
0.00197921
0.00044882
0.00124836
0.0777322
0.000673378
0.000434346
0.00429149
0.0093678
0.00103332
0.000485551
0.000923106
0.000531355
0.000565104
0.00090673
0.00740597
0.0114308
0.0045636
0.0881474
0.0153465
0.0544319
0.000387405
0.000536922
0.00718146
0.000461971
0.00122185
0.101044
0.000587673
0.00256055
0.00427525
0.000485822
0.00739066
0.00235099
0.00791385
0.123974
0.000281949
0.000177952
0.133014
0.00479188
0.00424971
0.00382554
0.0186191
0.0445871
0.000401581
0.00604553
0.00129804
0.00148384
0.00260424
0.00254799
0.00674198
0.00254236
0.0022842
0.0633661
0.00501273
0.000831928
0.00152725
0.0158495
0.000102066
0.00198722
0.107222
0.00260437
0.0583277
0.0179792
0.00131749
0.000663203
0.0202454
0.0118402
0.00969965
0.00127918
0.0951716
0.000443419
0.0174902
0.00343668
0.000885711
0.000412852
0.000462879
0.00122777
0.00996248
0.00220395
0.000796188
0.00838215
0.0103809
0.00103143
0.000707842
0.0924195
0.0022515
0.00128793
0.00280767
0.00449396
0.00102182
0.000622879
0.00380698
0.0502331
0.00701897
0.000580128
0.0207327
0.0675637
0.00175507
0.00282588
0.000413283
0.00993335
0.00116076
0.000927157
0.000263577
0.00103559
0.000444283
0.0126066
0.000414917
0.00836516
0.00323757
0.00359179
0.0216686
0.0402149
0.000804893
0.0218461
6.04014e-005
0.00355733
0.00380928
0.00382882
0.00185665
0.164056
0.0176663
0.0848855
0.0633501
0.000230514
0.000787208
0.0160067
0.00301121
0.000422364
0.0521196
0.0176538
0.0207713
0.00096724
0.00742861
0.000389791
0.00341442
0.00275983
0.00158462
0.00085215
0.0023511
0.035013
0.00688552
0.0170295
0.000700071
0.00779864
0.000278359
0.0593785
0.000255163
0.0039911
0.00859096
0.0754665
0.0271901
0.00139636
0.00107295
0.000379249
0.000852418
0.000571987
0.000529633
0.103345
0.000645872
0.00309849
0.00778516
0.0470233
0.124703
0.00256744
0.000716002
0.013995
0.00016237
0.093469
0.000890663
0.0294211
0.00111407
0.00259137
0.000195848
0.000917088
0.122999
0.000324691
0.000777535
0.00136839
0.0126985
0.00409006
0.14153
0.00457914
0.00524034
0.0311482
0.0640808
0.0371803
0.000800231
0.000597857
0.00054976
0.00144662
0.0236422
0.00186327
0.0103884
0.00100956
0.0176818
0.00151611
0.0247201
0.0705888
0.00410109
0.0898893
0.00150987
0.00999762
0.000668147
0.132247
0.000643573
0.114004
0.00179347
0.000391497
0.000391497
0.0513772
0.0210764
0.0569343
0.0109101
0.00122485
0.0271296
0.000765995
0.000731724
0.0047999
0.00104825
0.0592183
0.000539522
0.000441508
0.00114121
0.00668815
0
0.013583
0.00226489
0.0667229
0.00156988
0.0364324
0.00374673
0.00197453
0.00056282
0.00211277
0.00070543
0.119013
0.00173765
0.00115713
0.00212184
0.00126704
0.105094
0.00240071
0.00892147
0.000983673
0.000681477
0.000686866
0.00045313
0
0.000306932
0.00114263
0.00248362
0.000412182
0.00142758
0.0750662
0.00265714
0.0116729
0.000512738
0.0378952
0.00157148
0.00714442
0.0943364
0.00183508
0.0153398
0.000485824
0.122703
0.00370079
0.00998816
0.00532993
0.00219497
0.0785164
0.00848404
0.0306311
0.00165284
0.000943889
0.0038745
0.106674
0.000432615
0.0891561
0.000772928
0.0484372
9.30494e-005
0.032589
0.0760943
0.00777002
0.000786705
0.0123122
0.000295834
0.0021215
0.00116151
0.0049589
0.000331495
0.000617586
0.0786255
0.00034291
0.0102062
0.00144746
0.000833284
0.0128726
0.0119195
0.0215585
0.00142454
0.000553789
0.00161456
0.00393146
0.000640476
0.000991508
0.000296548
0.00180076
0.0247119
0.00196738
0.0059708
0.112052
0.00122393
0.0714803
0.00553991
0.00268478
0.0378462
0.00106754
0.00052383
0.0107616
0.00125156
0.000864841
0.0146417
0.00525973
0.0708997
0.0194037
0.0100558
0.00174496
0.0341083
0.0690377
0.0015896
0.0946955
0.00124609
0.0139414
0.000455698
0.00210165
0.00809406
0.000503998
0.00255053
0.0227518
0.00282511
0.0103507
0.00116247
0.101082
0.00206341
0.101095
0.00332284
0.000690557
0.00173567
0.00928475
0.00523236
0.000167864
0.000121123
0.000645785
0.0011701
0.00582281
0.0229415
0.00129828
0.00118217
0.00161411
0.000966087
0.0375226
0.00275607
0.0947477
0.0116447
0.101287
0.00331956
0.000519881
0
0.000593301
0.00121132
0.126608
0.0119314
0.000319316
0.00150729
0.0504831
0.00100659
0.00025348
0.119702
0.0859347
0.000519875
0.00036498
0.014546
0.0495404
0.00198458
0.00388991
0.0015425
0.0820907
0.0952578
0.000342671
0.0092152
0.0025926
0.00241172
0.211888
0.0211318
0.000568951
0.0397641
0.00123083
0.00221201
0.00253062
0.000750602
0.0227403
0.0182251
0.1392
0.00370592
0.020708
0.00827004
0.00202867
0.00305598
0.0332526
0.000462626
0.00238346
0.000876855
0.00103362
0.00289882
0.000780873
0.000838955
0.00241264
0.00331859
0.0654666
0.00149732
0.000329961
0.00072804
0.0322704
0.00128537
0.000882691
0.0694835
0.122709
0.00148807
0.000830721
0.00529646
0.00372541
0.00222927
0.000960737
0.123219
0.00914129
0.0023244
0.00154816
0.00025782
0.00242343
0.00875585
0.165382
0.00113603
0.0144517
0.0027553
0.0923727
0.000595278
0.000488903
0.0485087
0.00414765
0.100387
0.000890631
0.0986761
0.00557137
0.0119175
0.00910306
0.000952226
0.0183375
0.00157458
0.000824468
0.0437642
0.000838065
0.0437776
0.00165135
0.00701436
0.00151344
0.000608163
0.00732756
0.124055
0.00181392
0.00171265
0.00218405
0.00253817
0.000470746
0.0326511
0.000809649
0.000741324
0.00060893
0.00912749
0.0123645
0.0190305
0.000601538
0.0632845
0.00118596
0.0110872
0.00384342
0.00161071
0.00388846
0
0.00335309
0.00165641
0.0828932
0.0907001
0.0382055
0.00211705
0.000495753
0.000993533
0.00120166
0.0016311
0.000490541
0.00416719
0.0711986
0.000805402
0.000514931
0.000808989
0.0208066
0.182464
0.00254239
0.00374364
0.00328233
0.119613
0.0225443
0.0587379
0.000565379
0.0116905
0.012067
0.00898442
0.0015381
0.00675159
0.122315
0.00216896
0.0169856
0.0153375
0.114193
0.0221578
0.00938079
0.00234002
0.00180426
0.0461876
0.00244974
0.0905249
0.00381215
0.00157534
0.00195995
0.00214675
0.089836
0.00195258
0.149991
0.000703022
0.122489
0.111289
0.000390899
0.00136922
0.0170451
0.0550734
0.00121865
0.114588
0.000961062
0.0119849
0.00264138
0.00391489
0.00613557
0.0011134
0.000818922
0.00511154
0.000797209
0.00945167
9.04573e-005
0.0904339
0.0842768
0.0165758
0.000415244
0.000524803
0.000863874
0.00140838
0.0143843
0.00088172
0.00858178
0.014251
0.016701
0.00862413
0.00336452
0.123841
0.00526943
0.00183546
0.00186578
0.000680721
0.00305346
0.00458354
0.020371
0.0253717
0.0014955
0.055736
0.00144784
0.00614828
0.0264029
0.00370937
0.000135317
0.000305494
0.000369426
0.0378115
0.0465148
0.110397
0.0124718
0.0040543
0.00875322
0.00700301
0.0224811
0.0281129
0.00518979
0.0281068
0.00270507
0.00238663
0.000727566
0.00612153
0.000825492
0.000407415
0.00123892
0.00145627
0.0437243
0.00234826
0.000914605
0.00709899
0.0326846
0.000371888
0.00123147
0.00146211
0.000797453
0.0164308
0.00850978
0.000209496
0.00397092
0.00984341
0.097701
0.0038053
0.00182441
0.0899861
0.04002
0.0550916
0.000172176
0.00124471
0.00140135
0.000464081
0.00148986
0
0.000414168
0.0246077
0.00149338
0.00264114
0.00168252
0.0923947
0.000194265
0.0095682
0.0065764
0.00145219
0.0335593
0.00229394
0.00134554
0.00104056
0.00162315
0.000458465
0.00250356
0.000445618
0.196929
0.0379014
0.000490678
0.00119686
0.00556321
0
0.000990969
0.0327442
0.00239256
0.0038698
0.000341999
0.0261312
0.0106133
0.000241127
0.0164262
0.0014251
0.066413
0.0132284
0.000706395
0.00459091
0.00221403
0.00121197
0.000847144
0.00383151
0.0251853
0.0658854
0.0126305
0.0609956
0.0227123
0.00133308
0.036654
0.133331
0.00440097
0.00303173
0.00261174
0.0014674
0.123326
0.00197283
0.0023907
0.00183154
0.0010954
0.00997146
0.00661466
0.0147888
0.101991
0.00235046
0.00110679
0.000820785
0.00399607
0.007733
0.0335603
0.0229788
0.00105962
0.00113461
0.0252532
0.0201459
0.0301213
0.121407
0.0262412
0.0734211
0.0170658
0.00081755
0.00107913
0.0130999
0.0115847
0.11747
0.00325583
0.00239113
0.045536
0.00201599
0.0109689
0.00201977
0.00553954
0.0451986
0.100475
0.00198773
0.197756
0.000518455
0.000377676
0.00528604
0.040691
0.00162695
0.00114497
0.00151626
0.00338522
0.000593401
0.00799822
0.000633912
0.025026
0.00149009
0.0232747
0.0662343
0.0189175
0.059971
0.000597864
0.000949964
0.0024902
0.00161195
0.000907661
0.00111928
0.00536463
0.000134528
0.000345177
0.101197
0.00196872
0.0019482
0.000792383
0.11728
0.00693813
0.000942615
0.00118041
0.00114485
0.0402907
0.00113448
0.00901994
0.00510587
0.000653418
0.00131719
0.000391326
0.00528854
0.0964116
0.043765
0.00125235
0.00104648
0.00499396
0.00261292
0.0709495
0.00460133
0.000360173
0.103831
0.0628716
0.0112527
0.000656111
0.0312927
0.0092787
0.0010213
0.00157323
0.00714056
0.136909
0.136556
0.148618
0.000464386
0.000589377
0.00125236
0.00051829
0.00123189
0.0020141
0.00298624
0.0263599
0.000763462
0.000463733
0.0284939
0.000558504
0.00744574
0.00640427
0.0284865
0.103956
0.0839674
0.00961125
0.00469729
0.0970721
0.000214602
0.0163477
0.00100397
0.000420951
0.0033399
0.000527205
0.0021208
0.00158831
0.00574714
0.00718642
0.115193
0.132118
0.0465017
0.0984169
0.105454
0.00162875
0.00213716
0.00466345
0.000633246
0.0051334
0.0015505
0.00105858
0.000607438
0.00211358
0
0.00870327
0.0749789
0.000232688
0.000787724
0.000353139
0.00239111
0.00304769
0.00235198
0.00801079
0.0340576
0.000419258
0
0.110887
0.000568393
0.000716297
0.00193174
0.00219548
0.0147999
0.0018928
0.00254794
0.000987735
0.0797187
0.00167387
0.00296664
0.00023108
0.0099947
0.000168604
0.00089419
0.00383881
0.14289
0.0119915
0.0159814
0.0027103
0.00475684
0.000684839
0.00142232
0.000997469
0.0108528
0.00455567
0.0824289
0.000453061
0.0465776
0.144421
0.00157115
0.00558128
0.000750042
0.00135577
0.000927674
0.00781965
0.0243828
0.00299413
0.00795658
0.000650932
0.0035313
0.0700068
0.0667715
0.000775145
0.00164135
0.000990612
0.00616945
0.000631999
0.000446876
0.0103533
0.0220567
0.00355451
0.0148104
0.123224
0.00146962
0.00848772
0.00117284
0.00183293
0.149923
0.00160345
0.000315828
0.000575559
0.0607122
0.020315
0.00105146
0.00160139
0.000411247
0.000823626
0.0055457
0.000591809
0.000448011
0.100218
0.00297984
0.00126985
0.0484978
0.000322276
0.0022408
0.00890548
0.00883442
0.0576725
0.00550742
0.0112618
0.0288499
0.00443402
0.0545514
0.0106343
0.00124592
0.020978
0.0265832
0.00906579
0.260407
0.00237439
0.000582104
0.006701
0.000346344
0.00900011
0.00120293
0.000734421
0.0482474
0.00046155
0.0254813
0.0665087
0.00246352
0.134575
0.0219067
0.0014449
0.00283846
0.00140307
0.000290136
0.0691259
0.0217732
0.000973521
0.00258675
0.000404131
0.0165694
0.0105075
0.00145261
0.0123176
0.00170885
0.00469306
0.0932287
0.00976596
0.0193034
0.00135229
0.000579693
0.00503138
0.00110438
0.00174172
0.00127352
0.00169222
0.0115803
0.000792385
0.00135176
0.00123655
0.299412
0.0569515
0.116138
0.00142633
0.0440949
0.18778
0.00167349
0.000487007
0.0610945
0.153702
0.00199847
0.00179736
0.0649069
0.00104109
0.000479547
0.0128585
0.0017587
0.000211767
0.149798
0.00977629
0.00340061
0.106627
0.00422626
0.00246461
0.013385
0.112837
0.000766461
0.00146128
0.0129007
0.0497807
0.106287
0.00219354
0.00753554
0.0816108
0.021716
0.125
0.00221285
0.000581069
0.00158406
0.0681636
0.00108594
0.000471361
0.0409922
0.00205241
0.000507624
0.00210334
0.00102443
0.00306596
0.162842
0.000813603
0.000525825
0.0245466
0.00106864
0.00218023
0.00598699
0.119877
0.0965651
0.000867961
0.0802563
0.00733345
0.0133586
0.00175779
0.0151069
0.00208531
0.000297965
0.0026005
0.000379431
0.00795367
0.013836
0.0649804
0.0222046
0.0601987
0.00202465
0.00174303
0.00190948
0.00196757
0.00375949
0.00935382
0.0096964
0.000396854
0.00098157
0.000797542
0.0569434
0.00122919
0.0474799
0.0116082
0.00127194
0.0176765
0.0120361
0.000440095
0.000714115
0.0497681
0.00248254
0.000159134
0.0174575
0
0.0090103
0.000633492
0.000558007
0.0101059
0.00154025
0.00340654
0.0106061
0.000842026
0.000505298
0.00683485
0.000569281
0.145742
0.00368309
0.0231723
0.000518838
0.00271061
0.00305491
0.00037848
0.00419097
0.106882
0.000469953
0.00252277
0.00308552
0.0925642
0.0999273
0.0112026
0.0455131
0.000136648
0.0456823
0.000569667
0.00253514
0.00297809
0
0.00313175
0.0592709
0.0633813
0.000815855
0.00192169
0.00561783
0.000768078
0.0765292
0.00128763
0.00169205
0.117384
0.00325973
0.000528377
0.0110405
0.0316569
0.00819197
0.00159324
0.00591361
0.000888136
0.00117756
0.00044635
0.000497165
0.0113775
0.177245
0.000544505
0.015603
0.00311685
0.00791598
0.000477802
0.00189579
0.0378115
0.00125538
0.000147841
0.00649868
0.000849729
0.00338724
0.00158309
0.068433
0.0191541
0.0108807
0.000925832
0.00118037
0.0376449
0.00757323
0.000219979
0.021873
0.0126215
0.0437254
0.031013
0.00332271
0.00508125
0.00116774
0.0356114
0.0578688
0.00436703
0.0329782
0.00159227
0.00483173
0.00217879
0.00147155
0.00334308
0.00104438
0.00121379
0.0965654
0.00539701
0.00365509
0.000305331
0.0379918
0.0149733
0.0221667
0.0469017
0.00855861
0.00517726
0.0498111
0.109576
0.0035535
0.00222559
0.000297941
0.012796
0.000558191
0.00180447
0.086237
0.0867627
0.00531101
0
0.00379883
0.0454355
0.00263045
0.00889668
0.00377812
0.00116345
0.0110549
0.00265137
0.00951196
0.00172429
0.000892162
0.00053247
0.0004258
0.00631335
0.0590865
0.00135247
0.0109647
0.00235132
0.00113603
0.000747036
0.000563448
0.00438863
0.00526613
0.102955
0.0320129
0.000189417
0.00154658
0.000837353
0.000906568
0.0309898
0.00210331
0.0036547
0.061239
0.0760911
0.123933
0.00146742
0.00269745
0.118135
0.146114
0.00165268
0.00689197
0.00892267
0.0641368
0.10139
0.00241348
0.00127765
0.000424889
0.00854535
0.00386771
0.00302101
0.000505578
0.0382622
0.00237575
0.000717169
0.000116495
0.00235777
0.000655834
0.00900314
0.0967338
0.00817209
0.00602052
0.00231414
0.00064051
0.00124941
0.000703137
0.00159274
0.00217869
0.00179738
0.00118483
0.0834114
0.0737842
0.000313361
0.00365034
0.000755849
0.0137072
0.00115789
0.0147715
0.000655851
0.0175346
0.0346496
0.0917892
0.00356299
0.00241807
0.0426255
0.00607304
0.0144072
0.00170443
0.00272513
0.000507852
0.000551421
0.0155765
0.0418704
0.0272167
0.0288022
0.000626457
0.00178753
0.010557
0.00181534
0.00214026
0.000545922
0.0020541
0.00442538
0.00656596
0.00119707
0.00214662
0.00133071
0.00774404
0.00248983
0.00169894
0.0761477
0.00140538
0.129417
0.00766616
0.0019604
0.054721
0.0240402
0.00835651
0.00171579
0.000280536
0.00264338
0.00188457
0.00448788
0.000493775
0.0538958
0.000935018
0.00114524
0.000760928
0
0.0352661
0.00086126
0.00204999
0.00194504
0.0102205
0.0151631
0.00211689
0.0030593
0.000606679
0.00165588
0.0488752
0.00819457
0.00603705
0.00396126
0.0643524
0.000645698
0.0106924
0.0106036
0.00123495
0.000711369
0.00511317
0.00315469
0.0104088
0.000568796
0.0012386
0.00137647
0.000489154
0.0900926
0.0263609
0.186323
0.00098732
0.0147972
0.00955061
0.0196166
0.0301416
0.0140505
0.00236441
0.00162102
0.00830558
0.0291533
0.00219686
0.00180038
0.00117868
0.0125009
0.000872744
0.0010101
0.00150276
0.00453112
0.0123965
0.00586882
0.00854325
0.123459
0.0741313
0.00185204
0.00254983
0.000696068
0.00183883
0.0431065
0.000345758
0.00446506
0.000601865
0.000467035
0.00116526
0.0376533
0.000849676
0.0047523
0.000427875
0.000445065
0.0144852
0.000103786
0.073318
0.000428797
0.000517058
0.00105528
0.0689056
0.016179
0.00212437
0.0948321
0.00148995
0.00290567
0.128692
0.0517018
0.00916438
0.0117092
0.0780545
0.001282
0.0403727
0.0094991
0.00152617
0.0653133
0.0128169
0.163126
0.0100898
0.0433869
0.00325188
0.0121925
0.00706829
0.0539159
0.115465
0.000342704
0.00870654
0.00792157
0.0152982
0.00331301
0.0016638
0.00127482
0.00587665
0.00111071
0.0025688
0.0524643
0.000958314
0.000692216
0.001144
0.116691
0.00154968
0.000819447
0.00201793
0.00180562
0.000235404
0.118987
0.0251162
0.0438581
0.000574872
0.0665833
0.160891
0.00359054
0.00407049
0.0143077
0.00804413
0.121524
0.00321405
0.00174466
0.00059641
0.0121501
0.000651735
0.000264358
0.00168359
0.0583606
0.0221261
0.0203046
0.000982915
0.0976245
0.013268
0.00265906
0.00363296
0.0221444
0.146822
0.00193679
0.00177785
0.000973295
0.00734847
0.00160026
0.000176824
0.0873876
0.00143134
0.0132567
0.00332106
0.106748
0.000279244
0.00353844
0.00232931
0.000774346
0.00100564
0.00834326
0.00129102
0.00028547
0.000336338
0.0042464
0.000459636
0.000925939
0.0170358
0.0130564
0.0499529
0.000317514
0.109742
1.19726e-007
0.00234641
0.017876
0.0326756
0.18512
0.000815558
0.00123218
0.00750071
0.0392295
0.00311083
0.0016786
0.0260453
0.000643384
0.00120749
0.00562895
0.00513328
0.0220176
0.0279747
0.000381955
0.0057409
0.00124903
0.00464555
0.000712826
0.00145457
0.00457643
0.000653439
0.139116
0.00805468
0.00668036
0.00121416
0.00057283
0.00054459
0.0110157
0.000478786
0.00700895
0.00406149
0.00562027
0.00344168
0.00591262
0.00550854
0.00712534
0.00273734
0.000372853
0.00400662
0.00146034
0.00284572
0.00086547
0.00996393
0.0021498
0.0142131
0.00174634
0.121102
0.00568351
0.000700224
0.000320454
0.00458423
0.00301926
0.00206363
0.0132571
0.000452623
0.0797018
9.88727e-005
0.0925457
0.00252934
0.00149895
0.0355339
0.0427596
0.0028315
0.00622782
0.00159392
0.000546709
0.0599895
0.0144461
0.116254
0.181379
0.0002674
0.00108896
0.0854898
0.115498
0.000264006
0.0545838
0.00158876
0.00221727
0.0122956
0.000905364
0.00155456
0.000512724
0.0522294
0.000606992
0.00129898
0.0516744
0.00267167
0.00101264
0.0350548
0.0130741
0.0064069
0.00419101
0.00236245
0.122458
0.12278
0.000738596
0.00396447
0.00953872
0.000885526
0.00428305
0.0181139
0.00110425
0.000295273
0.133057
0.0054207
0.000486234
0.0187271
0.00242158
0.122998
0.00515035
0.00938965
0.0224152
0.00107979
0.0417861
0.00359957
0.0261537
0.000696679
0.000998481
0.000898291
0.20001
0.000273946
0.0027251
0
0.0138398
0.00365034
0.00278433
0.00402556
0.000886741
0.00636631
0.0172879
0.000414296
0.00263968
0.00571163
0.0244167
0.00136835
0.0024894
0.00128553
0.0165922
0.00307344
0.0260453
0.000493581
0.003008
0.00026421
0.00930429
0.117411
0.00101447
0.00619763
0.00293361
0.0281783
0.00321463
0.00311652
0.000384611
0.00167712
0.00261581
0.0551861
0.000431298
0.0270363
0.000367369
0.124991
0.00178327
0.000600533
0.00326769
0.00373932
0.0173586
0.0415824
0.0534529
0.000952381
0.00049451
0.00215841
0.00904673
0.00382149
0.0784254
0.000397498
0.00112788
0.00320836
0.0504829
0.000531995
0.0224644
0.000491945
0.000434874
0.00434225
0.000929536
0.00881598
0.0470737
0.0387269
0.00151045
0.0010089
0.0144579
0.00672025
0.00153504
0.0156145
0.0112149
0.00135458
0.0263816
0.00180742
0.0181467
0.000580617
0.079006
0.0409112
0.000651678
0.017105
0.01274
0.00132504
0.00345557
0.00033843
0.00216283
0.0472795
0.0779142
0.00033623
0.00063224
0.0432941
0.00517027
0.00135139
0.00923462
0.00165781
0.00232926
0.000320187
0.00360402
0.0759795
0.120588
0.1313
0
0.0124185
0.00982412
0.000491048
0.00229304
0.108838
0.127364
0.0275235
0.0330879
0.0869367
0.00183241
0.000241927
0.0199487
0.015848
0.0200402
0.00337599
0.00315483
0.0782663
0.000947309
0.00297152
0.011754
0.0201144
0.000663938
0.0233212
0.00166926
0.0032952
0.0515971
0.0162092
0.0951097
0.0267237
0.00213644
0.0445062
0.0010269
0.00758085
0.00471961
0.000494856
0.00155509
0.00322595
0.00595105
0.00187771
0.00233912
0.0159302
0.000205122
0.00257969
0.00820173
0.000879447
0.0603607
0.00308172
0.0823078
0.00336729
0.032041
0.00222045
0.000584178
0.0108044
0.000348342
0.000483338
0.00346486
0.0174901
0.00385053
0.00611426
0.00334382
0.00183052
0.00178488
0.00803435
0.00180387
0.00173452
0.0132874
0.00598705
0.00746163
0.0690488
0.112425
0.00245751
0.000997783
0.000944121
0.0141201
0.0636163
0.000954137
0.000713097
0.000419258
0.00144851
0.00445472
0.00220575
0
0.0472477
0.00194699
0.0191605
0.0574778
0.000982564
0.000778336
0.00079969
0.0372774
0.132891
0.00186392
0.00612669
0.110793
0.00212245
0.000498572
0.00175654
0.000643528
0.0405976
0.0144456
0.00331807
0.105205
0.00215761
0.00258246
0.00573965
0.103435
0.0173866
0.00181961
0.00117302
0.00119826
0.000466184
0.00142968
0.00654909
0.00104255
0.000617211
0.00125726
0.000606586
0.0947639
0.00794207
0.00433456
0.000949667
0.000965126
0.00119472
0.059203
0.0554049
0.0601326
0.105046
0.0154044
0.00449671
0.00103372
0.0116661
0.0447117
0.00998867
0.000333356
0.0631816
0.000921335
0.0106212
0.00111947
0.00111014
0.00953685
0.00505401
0.000946918
0.00190918
0.0233854
0.0971444
0.00027623
0.0571269
0.0051937
7.48493e-005
0.00845372
0.00147939
0.00265755
0.000478777
0.0131432
0.0236075
0.000869948
0.000435455
0.0453403
0.000541959
0.0603269
0.0417681
0.00141361
0.000116333
0.00315064
0.00103411
0.000846615
0.0260876
0.00379727
0.00691665
0.00195945
0.00604448
0.0584195
0.00401328
0.00047061
0.000679146
0.103574
0.00944435
0.00658747
0.00170381
0.000756615
0.00917506
0.00528177
0.0052808
0.0254521
0.000580617
0.0779086
0.0925157
0.0101954
0.00131043
0.0082238
0.109043
0.00164765
0.0116109
0.0801334
0.00148811
0.000128146
0.00662701
0.00136189
0.0550944
0.101906
0.156723
0.0573752
0.0434622
0.00950167
0.0187857
0.00322408
0.000133432
0.00128268
0.000535895
0.00301533
0.0380014
0.000553957
0.00249957
0.0412362
0.000898327
0.0135221
0.00123114
0.00122722
0.0260237
0.0124021
0.00218714
0.000827102
0.000713971
0.0763091
0.0040453
0.000797767
0.00642401
0.0123183
0.110414
0.000306601
0.00145479
0.00351126
0.102823
0.00112803
0.044169
0.000882046
0.0935241
0.000925828
0.000282171
0.0263178
0.00724848
0.0304748
0.00841497
0.0690799
0.00503784
0.00523995
0.0216273
0.0129635
0.0105673
0.0165257
0.00376905
0.00142542
0.0187108
0.00474739
0.00644525
0.0061425
0.00077265
0.000675912
0.00234513
0.000818716
0.000949456
0.0193232
0.000836761
0.00990466
0.000326928
0.0759142
0.0947071
0.000445577
0.000319724
0.00128422
0.00278288
0.0509689
0.0155357
0.00244633
0.000789652
0.032861
0.0033745
0.0045734
0.00340482
0.0055161
0.00237958
0.0017759
0.00957655
0.000894
0.00753836
0.00415214
0.0036452
0.015472
0.00171189
0.00117227
0.00213104
0.0223116
0.00812473
0.00225089
0.00627775
0.000958084
0.000972115
0.00153261
0.0758369
0.0118542
0.0465718
0.00958494
0.00101843
0.00601043
0.0507215
0.068061
0.00223774
0.000371264
0.1178
0.0310309
0.00213846
0.00384176
0.00134017
0.0246133
0.000159492
0.00311263
0.0235927
0.0585429
0.0968965
0.0979033
0.093583
0.00094015
0.00160018
0.000543589
0.0300217
0.00132464
0.00647749
0.0709063
0.00750358
0.0157824
6.40959e-005
0.00122978
0.0525767
0.000807899
0.0014444
0.0149851
0.0771059
0.00802798
0.0165357
0.00148224
0.000631786
0.0185232
0.0223986
0.0104439
0.0516879
0.00621974
0.00126002
0.000982791
0.117092
0.0108779
0.0126314
0.00287943
0.00164796
0.000338429
0.000804538
0.000353495
0.0268938
0.00950956
0.107535
0.0209419
0.0023066
0.000871732
0.000570008
0.00441214
0.00413301
0.000307877
0.0549053
0.0509083
0.117405
0.120671
0.125464
0.00206529
0.001125
0.0367767
0.00490013
0.00535053
0.00125455
0.000533419
0.00885199
0.0586923
0.000997716
0.00179622
0.00153171
0.00169003
0.10872
0.00137147
0.0368605
0.000622584
0.000273848
0.0628913
0.000147685
0.010286
0.00159789
0.00352342
0.00253917
0.00014896
0.0087768
0.00420121
0.00216864
0.00362635
0.00156135
0.000908143
0.00685691
0.0105871
0.00143605
0.00933734
0.0127609
0.0103194
0.0013877
0.0100581
0.000146898
0.00582559
0.0277793
0.00234568
0.00211272
0.0299363
0.00635433
0.00589437
0.0128488
0.11933
0.00572094
0.0145021
0.0181792
0.001426
0.000960116
0.000635024
0.000290067
0.0142603
0.000278143
0.0841925
0.00635205
0.000220909
0.00472618
0.000359781
0.010306
8.22063e-005
0.00311505
0.00614333
0.00167335
0.0106538
0.0120642
0.00137451
0.0590365
0.000441267
0.00110103
0.000311493
0.0176652
0.00679837
0.0048374
0.000912422
0.00244984
0.000310599
0.00160968
0.000808329
0.00320143
0.00172049
0.00423898
0.0294047
0.0252252
0.00112139
0.00148927
0.00355294
0.0325979
0.000337984
0.000913911
0.124731
0.0113183
0.00351827
0.00282308
0.0832583
0.0871127
0.0102337
0.124172
0.00195007
0.0232184
0.0746581
0.00052383
0.00464058
0.000807129
0.0557325
0.0046283
0.00743636
0.0122699
0.00387349
0.00044097
0.00424512
0.000353438
0.00232083
0.00107569
0.0086815
0.00350372
0.0212071
0.00223626
0.000826667
0.000424759
0.117395
0.0330178
0.0166013
0.00719485
0.0288292
0.00703705
0.113628
0.000167565
0.0111333
0.00194559
0.0233397
0.000667311
0.0294198
0.00381002
0.000580252
0.000677592
0.000165863
0.00331331
0.002986
0.0322822
0.0250468
0.128927
0.0014183
0.0132255
0.0369608
0.0226556
0.00207437
0.000459926
0.00801216
0.000114651
0.0012198
0.0362739
0.101957
0.00952222
0.00632049
0.055547
0.0759097
0.000952269
0.00151097
0.0122687
0.0249296
0.0195344
0.000959204
0.0013277
0.0026599
0.00663921
0.00874595
0.117715
0.0823974
0.00473526
0.000539133
0.0023683
0.0327234
0.00206698
0.00158096
0.0283818
0.028408
0.00816808
0.0132375
0.0152186
0.00753782
0.000941484
0.00767375
0.0330471
0.00261672
0.000751011
0.123518
0.00153583
0.00126692
0.0299882
0.000570494
0.0759939
0.0137078
0.00159903
0.0221226
0.00075077
0.000300837
0.00798147
0.00677703
0.0137676
0.0011115
0.000558134
0.171592
0.0738348
0.00191507
0.0125952
0.00748026
0.0151722
0.00166926
0.00213343
0.000702641
0.00381506
0.0128638
0.0269371
0.0209263
0.00106757
0.0280066
0.000478865
0.00775142
0.00128466
0.000539444
0.00104334
0.00173718
0.0328658
0.0183586
0.00223392
0.000628899
0.00204201
0.000933664
0.115917
0.00492396
0.00230851
0.00236781
0.119766
0.0510021
0.00089067
0.00360722
0.0582451
0.137957
0.00233664
0.00970228
0.0133019
0.00839835
0.00240102
0.00712564
0.0412797
0.00131791
0.0150323
0.00147882
0.0452639
0.00771664
0.00242901
0.000482499
0.00121208
0.00360246
0.00657321
0.00065177
0.0012455
0.0002197
0.000363773
0.0221394
0.00730807
0.0499925
0.00751986
0.000929281
0.00882731
0.123032
0.109341
0.00203571
0.0571113
0.000842605
0.00332255
0.00356775
0.00811159
0.0236892
0.0136735
0.00118171
0.00502741
0.0784223
0.0021685
0.000718866
0.0134386
0.00937534
0.0036118
0.0656732
0.0010283
0.00218197
0.0700005
0.00113503
0.00266225
0.0011626
0.00154418
0.0831692
0.00100546
0.0504028
0.0899778
0.0826992
0.00577147
0.000405245
0.00155569
0.000779293
0.000483145
0.00197283
0.000141475
0.018466
0.00409285
0.0629788
0.00304538
0.0359341
0.0332919
0.0147627
0.000423627
0.00845485
0.00150809
0.0370237
0.00216186
0.0040864
0.0150708
0.000871866
0.00737341
0.00256506
0.000703085
0.00147518
0.0669159
0.015238
0.0119388
0.00130758
0.00352199
0.00612992
0.0662087
0.0272216
0.00890573
0.0209856
0.00239846
0.00147129
0.0152263
0.00788419
0.0504152
0.100269
0.00153133
0.00174173
0.00163883
0.00257476
0.0185204
0.00324514
0.0297014
0.0107818
0.00264647
0.105001
0.0153696
0.147426
0.16016
0.136996
0.000806758
0.00548812
0.00476224
0.0030807
9.99385e-005
0.00668137
0.000308416
0.000145435
0.000465443
0.00124765
0.0914692
0.0026524
0.0200688
0.00683578
0.00369602
0.000326283
0.0015419
0.000650266
0.000352829
0.0105254
0.00665938
0.00615307
0.00376676
0.0032101
0.00149884
0.0201879
0.000281089
0.00105849
0.00107172
0.0030281
0.0157435
0.000986151
0.00484983
0.00484737
0.000759902
0.00179548
0.000949677
0.000531758
0.0088972
0.00199622
0.000986269
0.00159612
0.000253044
0.00819546
0.00372207
0.00343294
0.00448329
0.0652047
0.0668283
0.00101649
0.0443675
0.0662888
0.0133043
0.000667989
0.00402867
0.124993
0.000475363
0.00587067
0.061838
0.00346946
0.00137121
0.00169728
0.000125663
0.0515071
0.0469936
0.0569738
0.00127443
0.00107605
0.00131427
0.046034
0.00108618
0.028814
0.00102909
0.105295
0.00386479
0.175031
0.000656108
0.0124024
0.0191516
0.00322603
0.0213827
0.00447456
0.039844
0.000172178
0.00113205
0.00127852
0.00261929
0.00402804
0.0160261
0.00741099
0.0102593
0.004957
0.00181495
0.107198
0.0100231
0.000101611
0.00094412
0.176601
0.0017666
0.180193
0.00243148
0.000707477
0.0012576
0.0283119
0.0101955
0.00165789
0.00747412
0.00647825
0.109521
0.0146805
0.0232575
0.00218207
0.00482465
0.0121646
0.000721501
0.00138461
0.0420713
0.0298293
0.124137
0.00299456
0.00104714
0.104538
0.0137439
0.0687347
0.0474946
0.00146787
0.00477971
0.000739255
0.00438798
0.00717422
0.038573
0.00397586
0.0017104
0.00173207
0.0232428
0.000976384
0.0013223
0.000535407
0.0152049
0.0236393
0.021846
0.0101779
0.0703936
0.0683512
0.0110745
0.000698979
0.000417053
0.0109974
0.00115796
0.00222747
0.000391699
0.0193335
0.0931394
0.000878355
0.000166125
0.000281979
0.0126717
0.00362132
0.000844773
0.00169026
0.000213925
0.043167
0.00148307
0.00187289
0.0546866
0.000270598
0.00359579
0.00363172
0.0329123
0.00124484
0.00345399
0.11414
0.000330612
0.0342225
0.0346332
0.122157
0.00169573
0.00251195
0.00551799
0.00949177
0.112886
0.00190261
0.00203886
0.00263112
0.120882
0.00587041
0.114016
0.00826026
0.000508531
0.0981085
0.000839862
0.0189404
0.00588558
0.00559589
0.000675477
0.00146653
0.0172233
0.00198922
0.00264657
0.00116057
0.00538904
0.0039077
0.0585714
0.0570529
0.0802798
0.17365
0.00121781
0.00115871
0.0838371
0.00335197
0.000445898
0.0958733
0.00295506
0.000156828
0.00831235
0.00452252
0.00192524
0.0139912
0.00252303
0.122818
0.00100186
0.0138613
0.126393
0.00184899
0.00231674
0.00407829
0.0194427
0.000673459
0.00114658
0.0371029
0.0124113
0.0105188
0.000420261
0.000542395
0.00282936
0.0011216
0.0657693
0.0734979
0.00142997
0.00563718
0.00142069
0.0136929
0.00691835
0.0108807
0.00244522
0.0111301
0.000424763
0.0769902
0.00109046
0.000917909
0.0124256
0.00165982
0.146935
0.00969589
0.0309348
0.000838238
0.000418224
0.116011
0.00815066
0.0324369
0.00208693
0.00284782
0.000573178
0.00471537
0.061217
0.000678978
0.00490029
0.00731344
0.000505004
0.00460222
0.000580879
0.00758324
0.00470804
0.00996102
0.000270461
0.000621084
0.00326179
0.0152451
0.0568118
0.0352219
0.00363753
0.000242394
0.0855497
0.00225012
0.106478
0.00135239
0.0077606
0.00160814
0.0156743
0.0013421
0.0131927
0.0114841
0.000386493
0.0344105
0.00360848
0.00146331
0.000361784
0.00274604
0.00290065
0.000546071
0.00211289
0.00241554
0.00384999
0.00624408
0.0075717
0.0689179
0.00429104
0.0138485
0.0291893
0.0270976
0.000890263
0.00114598
0.00138756
0.00923769
0.0960774
0.065219
0.135443
0.00398545
0.019946
0.000767709
0.00326016
0.00240776
0.0141227
0.00137069
0.0183069
0.00391003
0.00414356
9.81321e-005
0.00064663
0.000944161
0.101184
0.166372
0.00219334
0.0350976
0.00237405
0.00273646
0.00148877
0.0217839
0.0818788
0.0850575
0.0166073
0.153667
0.168602
0.00535079
0.146223
0.00985837
0.0745351
0.0055161
0.000643527
0.0278836
0.0154678
0.00888168
0.00200154
0.00133061
0.00660916
0.0101617
3.83383e-005
0.00149559
0.000881293
0.00348406
0.000203877
0.000140591
0.000364981
0.0042657
0.00388581
0.00049999
0.00626186
0.0473922
0.00599347
0.000603189
0.0615852
0.00250472
0.000391884
0.00225945
0.0032535
0.0045866
0.0126868
0.000822817
0.00667012
0.0057603
0.0161503
0.0947477
0.0336892
0.000156753
0.026346
0.00112506
0.00695319
0.00058525
0.00550936
0.000874506
0.0382452
0.00897415
0.00105732
0.0422573
0.00801258
0.00803106
0.00324055
0.00606127
0.000391411
0.0011879
0.0585097
0.00743641
0.0173539
0.0025955
0.0833177
0.0203858
0.126489
0.0013831
0.000766987
0.0125934
0.0042882
0.00567972
0.00611786
0.0124657
0.00249047
0.00231939
0.0934359
0.00158518
0.0823549
0.106369
0.0324146
0.0912849
0.00605581
0.0100518
0.124691
0.00706891
0.000506924
0.000703106
0.00745788
0.00325502
0.0013664
0.00150459
0.00312151
0.00129914
0.00146696
0.00154411
0.00146642
0.00142807
0.00306599
0.00144647
0.00118705
0.000822786
0.00222257
0.00068814
0.00906508
0.00160729
0.00231323
0.00128919
0.000872112
0.0341949
0.0203502
0.00143286
0.00640187
0.0118085
0.000968912
0.00490441
0.00519004
0.0112402
0.00363253
0.000952852
0.0375452
0.0121432
0.00684661
0.00322116
0.00100898
0.0943232
0.000795614
0.015444
0.133352
0.133407
0.0200358
0.00384583
0.00044209
0.00129431
0.00138749
0.00348781
0.000540707
0.0253522
0.011803
0.0009581
0.00610661
0.000493131
0.00563895
0.0564463
0.00866184
0.000981721
0.0138123
0.000995268
0.00833066
0.0013333
0.00162688
0.0150987
0.0014347
0.0809595
0.0338029
0.0767344
0.00515162
0.00282348
0.00289321
0.0219146
0.00256358
0.000871882
0.111305
0.00280373
0.0042309
0.000863968
0.0044196
0.00303633
0.0108266
0.000517462
0.00198618
0.0289855
0.00335948
0.00916081
0.00255277
0.00224071
0.021943
0.0241813
0.0314094
0.00887918
0.0186192
0.00222126
0.00988767
0.00741102
0.098926
0.0195557
0.000534686
0.000772689
0.000899458
0.000943794
0.000903125
0.00026523
0.00033022
0.0469711
0.12931
0.00851402
0.00100595
0.00345762
0.000896217
0.000395684
0.00149457
0.00210366
0.000548616
0.00108005
0.00176714
0.0047515
0.0147653
0.0283095
0.000707619
0.000992686
0.00106979
0.000795595
0.00030436
0.001657
0.000443481
0.00655114
0.000517149
0.0171437
0.00293531
0.0179238
0
0.0562791
0.000604981
0.0187102
0.00294794
0.0111892
0.00780398
0.000862204
0.000173483
0.0118035
0.00132506
0.00866965
0.00114042
0.000523366
0.000406497
0.000870482
0.000710564
0.00358581
0.000634714
0.0151148
0.00030433
0.0227378
0.00109281
0.00575638
0.00255378
0.00273426
0.00304291
0.0021387
0.00585404
0.0441172
0.00547961
0.0324507
0.0167529
0.00107312
0.00146494
0.010113
0.010639
0.00290928
0.00596867
0.000795895
0.0108107
0.000276124
0.150936
0.123042
0.115897
0.00125111
0.0151252
0.00153532
0.00267159
0.00190573
0.00278516
0.0206731
0.00120848
0.000384222
0.000452064
0.00388944
0.00324649
0.00659504
0.00756533
0.00319844
0.0034029
0.00601601
0.00142826
0.0062377
0.000692663
0.000449108
0.0789598
0.00676037
0.000616331
0.000958555
0.000835817
0.00403586
0.0566988
0.000385631
0.06343
0.00130517
0.000391031
0.00557291
0.00858613
0.0504688
0.00596003
0.0020214
0.000102794
0.0573438
0.00254481
0.00204333
0.00202006
0.0134519
0.000770304
0.0567659
0.00630474
0.00651415
0.0630233
0
0.0375748
0.124376
0.000276397
0.0158647
0.00452256
0.0654285
0.00246165
0.0889079
0.0221418
0.0981635
0.00647416
0.000421996
0.00192029
0.000839375
0.00370507
0.0152546
0.0195069
0.00810169
0.014537
0.00341479
0.00838606
0.0307834
0.0028087
0.0197558
0.000112475
0.0275355
0.00108805
0.000322786
0.00128348
0.00820872
0.0115297
0.00364326
0.0158078
0.0498395
0.0106121
0.00558998
0.0202195
0.00644229
0.00645831
0.00202969
0.00507837
0.0025904
0.0163957
0.00928053
0.0022134
0.000249312
0.000232202
0.0779535
0.00443245
0.000477921
0.126984
0.00106713
0.00150171
0.00760986
0.0132967
0.0134895
0.00219527
0.00204641
0.019708
0.00938452
0.000442248
0.0637684
0.043176
0.00388963
0.0299949
0.00235583
0.0177868
0.00311651
0.0123459
0.012804
0.0158061
0.0029724
0.0152478
0.00114313
0.0224015
0.0133309
0.00106101
0.0701367
0.0365616
0.00117495
0.061779
0.000940091
0.00778852
0.000642286
0.00369609
0.0916107
0.10245
0.0973334
0.0613349
0.0869237
0.00130842
0.000779778
0.027787
0.00141936
0.00306914
0.00323682
0.0154907
0.00107554
0.013742
0
0.00101619
0.018037
0.00133898
0.00017481
0.0113629
0.00127507
0.117279
0.00385627
0.0348467
0.00170381
0.000412783
0.00235322
0.123092
0.0288293
0.000553734
0.00521363
0.0531944
0.00616025
0.00135047
0.00109635
0.00757476
0.00283834
0.000530369
0.070915
0.000230688
0.0586697
0.0106187
0.0033233
0.178067
0.0218422
0.0920854
0.000546651
0.0116715
0.00527484
0.0568493
0.0478157
0.000613608
0.00392494
0.00725153
0.000397289
0.00162222
0.00069673
0.0416963
0.0458946
0.000633936
0.00100057
0.00177534
0.0073093
0.00057016
0.00437108
0.0520354
0.0975227
0.0749511
0.0162309
0.000960962
0.00077804
0.0363741
0.00238112
0.00350135
0.000324298
0.0102831
0.00400934
0.00203242
0.000630444
0.00113171
0.00240808
0.00209103
0.0145493
0.000382225
0.0106621
0.119693
0.055971
0.0284657
0.0245932
0.00215435
0.00086233
0.00940896
0.0012546
0.000385745
0.00164393
0.0140887
0.00417603
0.0205572
0.00120279
0.00014476
0.00190703
0.00654594
0.00470072
0.00919886
0.000488812
0.000744949
0.0920041
0.00884349
0.0171624
0.00087604
0.00318688
0.00304852
0.0162473
0.124257
0.0162942
0.0162625
0.000760843
0.00272496
0.00803183
0.0150345
0.0733873
0.0070866
0.0321343
0.00737504
0.00107862
0.00367956
0.001333
0.109895
0.00680302
0.000902609
0.00126409
0.0114604
0.00153908
0.00291263
0.00178205
0.0928534
0.019841
0.00197881
0.0417136
0.0734567
0.0114978
0.00832378
0.00377876
0.000503851
0.00804832
0.00148749
0.000522652
0.00525147
0.00714478
0.0257615
0.00155002
0.00127141
0.00135808
0.000917514
0.00368306
0.00337296
0.0123609
0.014165
0.0302686
0.00163585
0.00163124
0.0097185
0.0438739
0.000302204
0.00599618
0.00131129
0.00272082
0.000132538
0.000661956
0.0256709
0.00498942
0.114689
0.0202968
0.00751311
0.00142358
0.000939257
0.000467005
0.0150522
0.0333785
0.0256842
0.00156157
0.00243277
0.00065944
0.00963393
0.0383049
0.00176014
0.0042918
0.0570744
0.00751965
0.00106496
0.000618528
0.0715413
0.00229038
0.0245811
0.0012321
0.04524
0.0044215
0.00601648
0.0105605
0.106472
0.00607699
0.000966594
0.000693037
0.000779362
0.00111637
0.0020717
0.00260315
0.114461
0.000541563
0.00992731
0.00273347
0.00184454
0.0273528
0.0236683
0.00305606
0.00174128
0.0848016
0.0115841
0.00763254
0.184018
0.000240902
0.00404638
0.000214294
0.0592902
0.0213026
0.00302389
0.101004
0.0104924
0.000937539
0.0128402
0.00638569
0.00342755
0.119871
0.00200222
0.00187945
0.0683201
0.00132672
0.0124032
0.0203925
0.00122874
0.0014395
0.00269886
0.00084295
0.001206
0.00112593
0.123697
0.0109226
0.189525
0.0664422
0.000868837
0.00130435
0.0988867
0.0177138
0.00104638
0.0408996
0.00761284
0.00176995
0.0129276
0.000259502
0.00382846
0.00895018
0.084015
0.00735582
0.00454409
0.00137109
0.00395686
0.0160916
0.0616619
0.00197069
0.136492
0.000545009
0.0172166
0.00222585
0.000340667
0.0103088
0.124288
0.201729
0.039369
0.0383449
0.00171957
0.0960264
0.00275207
0.000291911
0.000428847
0.0116393
0.0761316
0.0030394
0.0301909
0.00466738
0.00601706
0.00138736
0.00229241
0.017483
0.000888053
0.000221313
0.00074845
0.00219135
0.00445566
0.000908452
0.00147308
0.00328133
0.0775471
0.0167629
0.0685793
0.0020474
0.00989847
0.043843
0.00192774
0.000454895
0.00965191
0.00447477
0.00138225
0.000258232
0.00147449
0.00672381
0.0053548
0.0265862
0.000426235
0.000625544
0.0982993
0.0272177
0.00198685
0.00444174
0.00118129
0.00397743
0.0238308
0.000634104
0.000636439
0.000752751
0.0566018
0.0047389
0.000421796
0.00462272
0.00271411
0.0406292
0.000349827
0.00160558
0.00187714
0.0439961
0.0109802
0.0752729
0.000230821
0.00112663
0.00376192
0.0839271
0.107379
0.000594505
0.0296411
0.00142813
0.00768337
0.00787148
0.0973479
0.112152
0.0139776
0.0129801
0.000303346
0.0135307
0.00319785
0.00138656
0.000392137
0.00498953
0.116217
0.000758385
0.00193139
0.000768708
0.00100183
0.0130734
0.000476386
0.0124395
0.000681816
0.00456491
0.000862468
0.000401099
0.00177465
0.0177556
0.0186696
0.00853753
0.0238646
0.00106963
0.00901136
0.000632978
0.059688
0.00112101
0.0190192
0.00439746
0.145157
0.00156978
0.00078587
0.00267995
0.00104632
0.0072171
0.00397749
0.000959219
0.000287369
0.0729394
0.00373464
0.00120158
0.0230919
0.0133098
0.000310516
0
0.000667944
0.0464623
0.00357269
0.00322995
0.00106863
0.00157626
0.00117734
0.00131355
0.000771119
0.010994
0.0240576
0.000770176
0.0322204
0.00100386
0.151303
0.00245389
0.00153789
0.0116935
0.0580497
0.00179277
0.284941
0.231466
0.00417105
0.00105633
0.000344065
0.000293163
0.00124411
0.00474594
0.0299445
0.00298089
0.0154281
0.00200488
0.0786183
0.0124558
0.0268002
0.0109702
0.0110316
0.0151825
0.000137963
0.00550194
0.00193547
0.00369583
0.000650047
0.00917646
0.0132879
0.00193094
0.0100685
0.000558009
0.00297464
0.11007
0.00340144
0
0.00516672
0.00110463
0.00367784
0.000428224
0.0803557
0.0102602
0.00407786
0.0348311
0.00444834
0.00194422
0.0209397
0.00303382
0.00306729
0.00558251
0.00301932
0.00340721
0.00138104
0.0129285
0.00918831
0.00907307
0.000931113
0.00046757
0.00144572
0.00051809
0.000561354
0.00122226
0.0207446
0.000770835
0.000970769
0.00219279
0.0226688
0.00161988
0.00182676
0.0112717
0.000261014
0.0230917
0.0023531
0.0109591
0.0163909
0.0241902
0.00543857
0.00151806
0.0239242
0.0275955
0.0948629
0.0235594
0.0961764
0.00161568
0.00708082
0.0355969
0.00683352
0.135841
0.000947942
0.0181779
0.0046823
0.00160123
0.00155423
0.0257
0.00193051
0.00304554
0.0485048
0.003958
0.00345803
0.0487409
0.00288885
0.00862789
0.000378553
0.000511224
0.0655568
0.070533
0.134087
0.0024223
0.00572012
0.000787908
0.00232822
0.000738777
0.00434072
0.000779991
0.00697875
0.00424262
0.0158496
0.000642098
0.00142336
0.00752715
0.122173
0.0263166
0.000548745
0.0429234
0.00297081
0.000393424
0.0222983
0.00116745
0.0334372
0.0532842
0.00172728
0.0540123
0.00117427
0.11925
0.000506579
0.000692355
0.00169733
0.000920554
0.00566241
0.000910007
0.0042998
0.105626
0.00121556
0.00153072
0.0140414
0.000630846
0.0019524
0.0797255
0.0262603
0.000410835
0.0357055
0.000256181
0.0281905
0.000323895
0.0655002
0.0541541
0.191977
0.000544935
0.000929404
0.00497249
0.0137939
0.0216172
0.00592555
0.00431927
0.000155986
0.0142447
0.0498102
0.00113693
0.00899402
0.0026638
0.000540743
0.00154298
0.035625
0.00334079
0.00206118
0.00331348
0.104843
0.00296218
0.0129677
0.00565332
0.00136023
0.0404805
0.00310412
0.00342519
0.00111989
0.163128
0.0715843
0.000442849
0.0505536
0.00550967
0.00151505
0.135746
0.0675174
0.0149418
0.045242
0.00036654
0.00981396
0.017352
0.0181096
0.0287363
0.0309582
0.0132099
0.0233309
0.12205
0.023793
0.002877
0.00604615
0.000622757
0.00419606
0.0397775
0.0154006
0.00565475
0.000559951
0.0206401
0.0205401
0.0871307
0.000322985
0.00103001
0.0482416
0.00209354
0.00433905
0.000551333
0.000747027
0.0771467
0.00123166
0.000587352
0.0728764
0.00388985
0.0146255
0.000554077
0.00197453
0.000915806
0.0471344
0.000296957
0.0224614
0.00109354
0.00457694
0.00222577
0.00478176
0.00918064
0.00542047
0.000204352
0.00937122
0.00089993
0.000331073
0.00816952
0.00100585
0.0119691
0.00100309
0.000979209
0.0908576
0.00446524
0.00355993
0.00118616
0.108552
0.057041
0.0903805
0.000493551
0.00148669
0.0757129
0.00476766
0.000722808
0.00648666
0.00129207
0.00139878
0.00227193
0.00115949
0.0381336
0.000688705
0.000335811
0.00899051
0.00326789
0.00102861
0.00171273
0.0228787
0.166192
0.0844767
0.235264
0.00068382
0.0225795
0.00199912
0.00221454
0.00102578
0.0135189
0.00537018
0.0160474
0.103599
0.02795
0.00290857
0.000432894
0.00580195
0.00150876
0.0304074
0.0533501
0.000660613
0.00112017
0.0104785
0.000515851
0.00297616
0.0119357
0.0439631
0.00214499
0.00144041
0.00338188
0.0171864
0.000141475
0.00390822
0.000970589
0.0785728
0.0533212
0.00279049
0.00231084
0.0695239
0.010339
0.00692468
0.00209541
0.00327572
0.00774389
0.00119704
0.000980302
0.00346667
0.00808576
0.00256621
0.000280131
0.0173428
0.00115476
0.00184763
0.00275258
0.0987244
0.0205203
0.0274337
0.00115492
0.00157638
0.00714321
0.000440564
0.0233984
0.000466151
0.000776794
0.00955921
0.0122707
0.00241458
0.0136366
0.00107408
0.00708
0.00476965
0.0113058
0.0888945
0.0291193
0.000763125
0.00219962
0.00066339
0.000877356
0.0310279
0.118061
0.00102041
0.00368269
0.000760112
0.00646857
0.00085343
0.00207128
0.0972306
0.0183826
0.00662002
0.0634272
0.000663767
0.00868199
0.00045336
0.104781
0.00147645
0.0810005
0.0202092
0.0166586
0.000238225
0.0162256
0.000808416
0.102772
0.00104861
0.000702244
0.0694624
0.103807
0.0091385
0.0191294
0.00622544
0.0995719
0.0281719
0.00370834
0.016433
0.0637314
0.000679306
0.00624674
0.000592142
0.000184601
0.0411135
0.0245224
0.104182
0.115137
0.0013147
0.000896849
0.0387614
0.00180562
0.000751936
0.000735498
0.000771575
0.00807939
0.0710774
0.000459838
0.0243978
0.0160636
0.00190942
0.00752261
0.00498196
0.00107845
0.0190295
0.0056738
0.00610787
0.0150124
0.00489643
0.0474733
0.000187107
0.0238029
0.124345
0.000501487
0.000895491
0.000869224
0.002865
0.00253779
0.00418671
0.00141168
0.000258383
0.00261879
0.000974614
0.00161355
0.000489393
0.00527861
0.00575485
0.00247207
0.0725198
0.0725587
0.0998355
0.00426388
0.0810977
0.00356034
0.200043
0.00289579
0.00281366
0.00293023
0.00100066
0.00748999
0.00221993
0.00324061
0.00078617
0.00159105
0.00135386
0.00704729
0.00476057
0.00968328
0
0.00401305
0.00160401
0.000769473
0.00302584
0.0129702
0.117483
0.00241111
0.00309893
0.0514746
0.0180358
0.000233312
0.0342134
0.00189196
0.00147708
0.0837434
0.00479412
0.00485352
0.169322
0.00149769
0.123659
0.0226515
0.105929
0.000856136
0.00680591
0.0222388
0.0016006
0.0560144
0.0142316
0.0218446
0.00561796
0.00125094
0.0357101
0.00585442
0.000625781
0.0591108
0.0765565
0.00387561
0.0114003
0.0930272
0.00215925
0.0164841
0.0326342
0.000937317
0.00428335
0.0142447
0.0239412
0.000281598
0.00452954
0.0011665
0.000637145
0.000326309
0.00574007
0.0596078
0.0214341
0.00107013
0.00144631
0.00630368
0.000820537
0.000378551
0.0153246
0.025857
0.057614
0.00401144
0.00244525
0.00986441
0.00225945
0.00096621
0.000831662
0.00183608
0.000968391
0.00132334
0.00262834
0.0766214
0.00241755
0.00360439
0.00245583
0.0131481
0.00118559
0.000469756
0.0340925
0.0124716
0.00120116
0.000868837
0.0130367
0.00208287
0.00431703
0.00606113
0.0022529
0.00341718
0.0473368
0.0472133
0.0129344
0.00152236
0.0467096
0.000619961
0.000921607
0.00654157
0.000818658
0.00150981
0.000785187
0.154075
0.00486576
0.00693896
0.0232289
0.00267526
0.00182229
0.08319
0.00547214
0.00054522
0.0108441
0.00277476
0.0362572
0.00311749
0.0108053
0.00352803
0.00370352
0.00206318
0.00172834
0.00155213
0.000796719
0.000801213
0.00114722
0.00329943
0.00149799
0.000792318
0.000112475
0.0189567
0.0500898
0.000306528
0.000758483
0.00803749
0.00497291
0.000667939
0.00100584
0.000712788
0.000506823
0.000190138
0.00928452
0.002462
0.00088176
0.100264
0.00227947
0.000678761
0.000905921
0.00243943
0.00245655
0.00309282
0.132122
0.00295636
0.000981769
0.00132212
0.00530959
0.000609729
0.012831
0.0137798
0.0020667
0.000966508
0.106912
0.00951663
0.0140142
0.000897051
0.00134383
0.0101908
0.0371673
0.000382323
0.00646201
0.00113708
0.00652908
0.000719125
0.0277953
0.00285924
0.00497439
0.0077643
0.00228869
0.00100362
0.000466932
0.000980106
0.00430108
0.000373505
0.0228439
0.000890012
0.000294912
0.017269
0.107555
0.00437004
0.00197198
0.0288482
0.00151537
0.0013387
0.00621799
0.000802209
0.000646972
0.000445755
0.000410449
0.0110604
0.00435683
0.00145198
0.000462722
0.00479698
0.00526811
0.001554
0.10651
0.00215929
0.00196644
0.000799571
0.00110622
0.0367365
0.0721706
0.0398251
0.00111642
0.00353494
0.0132528
0.000627258
0.00161455
0.00249424
0.000388098
0.00839907
0.0154377
0.00109373
0.169176
0.01182
0.00276853
0.00142153
0.0129758
0.00213511
0.10444
0.002879
0.0342241
0.000527272
0.000212031
0.122045
0.00230838
0.000476531
0.00144475
0.000890409
0.0146547
0.0078604
0.0349425
0.0585264
0.00014896
0.145959
0.000213569
0.000238521
0.000528716
0.000595446
0.0570753
0.000704456
0.0524995
0.000458882
0.220104
0.153723
0.0423563
0.000111712
0.000812109
0.0605743
0.00317896
0.0371537
0.000812594
0.00623538
0.031636
0.0214135
0.019904
0.00450598
0.00355709
0.00124314
0.000622362
0.000704027
0.0111715
0.0275226
0.00304764
0.00130615
0.0642299
0.00228313
0.00148143
0.113172
0.000729989
0.00143537
0.00299704
0.0195496
0.000223874
0.00450577
0.000800234
0.00155502
0.00262207
0.00781607
0.0946146
0.000495078
0.000678633
0.000622592
0.0171112
0.00257874
0.00215077
0.000336284
0.00119949
0.00509642
0.0069123
0.00129283
0.0036203
0.000795947
0.000282324
0.000232517
0.00474264
0.00871233
0.0520402
0.0759148
0.00282409
0.00290715
0.0577973
0.0789176
0.000736584
0.0255806
0.0169723
0.00107661
0.00145815
0.000853433
0.00103108
0.000731039
0.00275827
0.0069522
0.00231175
0.00319373
0.000675364
0.00403845
0.000412878
0.00618086
0.0630784
0.0020885
0.00270652
0.00413977
0.00107949
0.000345761
0.00121657
0.0518923
0.0447983
0.1225
0.0356786
0.000934342
0.00204311
0.00907425
0.000916091
0.000232978
0.000811846
0.01764
0.00132502
0.0443292
0.0018584
0.00674509
0.186818
0.00199994
0.0939811
0.00109859
0.000756433
0.00509795
0.000368675
0.108319
0.0083301
0.00511195
0.00782529
0.00242958
0.00135655
0.000538583
0.03217
0.00090946
0.000379726
0.0100462
0.00128339
0.000657702
0.00166143
0.0959919
0.0808062
0.00100408
0.00137598
0.00138709
0.000915806
0.00072752
0.111917
0.00400429
0.00110782
0.000712624
0.000945621
0.092137
0.0341264
0.000707586
0.00135011
0.000279481
0.0272307
0.000512899
0.00178279
0.044729
0.0283426
0.000930874
0.066139
0.0374517
0.000870573
0.0955612
9.86548e-005
0.00105854
0.00230993
0.00121342
0.0364924
0.00100962
0.01939
0.0125632
0.00321455
0.00211578
0.00243401
0.0727925
0.00678757
0.0218613
0.0217121
0.000681055
0.00424305
0.000853576
0.00064615
0.000381444
0.311498
0.0460269
0.0573386
0.150777
0.000585326
0.00639579
0.000385912
0.0309979
0.0816233
0.0279082
0.0103619
0.00846905
0.126495
0.00496275
0.0101889
0.00623314
0.00131295
0.000538324
0.0223521
0.163365
0.000968729
0.00633583
0.0619034
0.00387829
0.00608121
0.0391735
0.00333058
0.00176863
0.00291451
0.0500743
0.0619334
0.00400632
0.156799
0.000121785
0.00166393
0.00282488
0.00467337
0.0345883
0.0320779
0.000247172
0.0397664
0.00375129
0.00341363
0.00226479
0.00306458
0.000131918
0.000312778
0.0010057
0.0109377
0.000389952
0.000553138
0.0014952
0.00264843
0.076688
0.000875732
0.0169076
0.00293572
0.000898064
0.000175369
0.000173438
0.00602928
0.000718506
0.0127459
0.0328106
0.0206017
0.0307174
0.00153207
0.00174205
0.0151616
0.0174019
0.00859343
0.00296719
0.00153807
0.00221701
0.000961415
0.000249968
0.0128389
0.000660242
0.0303472
0.00189095
0.000339604
0.0399347
0.0106169
0.017935
0.00367473
0.000133393
0.0100147
0.00237949
0.00050873
0.00691361
0.00603675
0.0531996
0.0156846
0.0110505
0.00176406
0.0163223
0.0164951
0.00173514
0.0173551
0.0515567
0.00128084
0.000157314
0.000140933
0.00544409
0.00190807
0.0677848
0.0230395
0.00532864
0.000872827
0.00320415
0.00245171
0.012257
0.000503229
0.00298532
0.0312628
0.00336189
0.00251603
0.000841145
0.0760798
0.0397663
0.0292596
0.000853851
0.00379087
0.00173438
0.000247172
0.00734635
0.0003618
0.00473741
0.000546256
0.064335
0.0160643
0.0202199
0.0497899
0.00305796
0.0200206
0.0993263
0.0130126
0.0637738
0.143184
0.000357706
0.00114568
0.0123713
0.0405392
0.00068041
0.0129316
0.00421479
0.000994015
0.123915
0.000240431
0.00099397
0.0689744
0.0142385
0.0119371
0.000236954
0.0227123
0.000269977
0.00126824
0.00638272
0.00587061
0.00223787
0.00748806
0.000452808
0.00036541
0.00189693
0.00469351
0.00741453
0.106641
0.0215913
0.00214818
0.00113765
0.00583133
0.0313605
0.0755212
0.0741211
0.00990388
0.00638468
0.000487022
0.015868
0.0632918
0.00712643
0.0013171
0.000793514
0.00115378
0.000921975
0.00460172
0.0942663
0.00043117
0.00312351
0.000434092
0.000201467
0.000605989
0.000174788
0.0207252
0.00311484
0.00116876
0.132219
0.002248
0.00122736
0.0056947
0.00814323
0.0908177
0.00142256
0.00136226
0.0054872
0.00248581
0.0358805
0.0144743
0.0201244
0.00143781
0.00199814
0.00612914
0.000210933
0.000373936
0.00145564
0.00233999
0.00239478
0.00219474
0.00760832
0.000728235
0.00300085
0.12498
0.012106
0.00183461
0.0132817
0.0136243
0.00142435
0.00262259
0.0169551
0.000602533
0.0373015
0.00351463
0.00104972
0.000233489
0.00173494
0.00259543
0.00761831
0.0105016
0.0105924
0.000564873
0.00519585
0.0456935
0.045436
0.00346285
0.0495037
0.00830221
0.125268
0.011714
0.00457555
0.0110656
0.00303099
0.00192676
0.00566772
0.0100939
0.000516078
0.000397261
0.00161897
0.050636
0.0523213
0.000416138
0.117666
0.00319428
0.0533015
0.000530447
0.0053045
0.00691143
0.0113285
0.00151632
0.0317866
0.0165601
0.000112556
0.0311294
0.0232051
0.000339871
0.00426663
0.0848149
0.0595109
0.0856321
0.0392215
0.000924861
0.000635118
0.118535
0.0013928
0.0501603
0.111898
0.0417996
0.00356736
0.0186035
0.107343
0.000223195
0.000406657
0.0773069
0.00453966
0.00218424
0.0864975
0.000772689
0.00159076
0.0380426
0.000681203
0.00408032
0.00102498
0.00687245
0.000239209
0.0316992
0.00845426
0.0591838
0.0618507
0.0566477
0.0525363
0.0603394
0.0475019
0.00541552
0.0217086
0.0435309
0.000914772
0.0789549
0.000238308
0.000119694
0.000449964
0.0347616
0.103721
0.000798307
0.0018532
0.123482
0.129401
0.00186806
0.00431998
0.0581705
0.000806063
0.0294126
0.00805107
0.00650851
0.00168387
0.00208325
0.00262243
0.00366474
0.0119217
0.0134681
0.0928368
0.00062061
0.0466236
0.0115221
0.00123195
0.00522103
0.000749638
0.00380189
0.000336452
0.0134323
0.00503546
0.000877457
0.00154095
0.00833414
0.000788089
0.00224245
0.00506503
0.0173008
0.000686121
0.000588406
0.00418077
0.00198062
0.00206471
0.00219297
0.00601039
0.000622197
0.00902786
0.000767792
0.0524123
0.176699
0.00162265
0.00383417
9.96139e-005
0.016114
0.000452805
0.000346567
0.000309414
0.00056403
0.000550947
0.000359708
0.000340747
0.0351266
0.0140322
0.0816622
0.177669
0.000519523
0.000578368
0.0079555
0.000533039
0.0967601
0.0213921
0.00078708
0.00535039
0.028828
0.00208363
0.00602485
0.00655034
0.00869152
0.00328986
0.00133607
0.000415943
0.02525
0.00175353
0.000995561
0.00865692
0.00806903
0.00102242
0.00418779
0.00303099
0.00393269
0.0073815
0.00378926
0.0054618
0.00197807
0.0363296
0.00628606
0.000297707
0.00348898
0.000165718
0.0200394
0.020816
0.00124997
0.00126755
0.000712372
0.0352316
0.00757525
0.12715
0.0538077
0.000757094
0.111952
0.00122465
0.000745347
0.000429754
0.0238159
0.000909031
0.0114989
0.00770524
0.000430224
0.00234818
0.0852988
0.00138737
0.104596
0.00658697
0.00273084
0.024273
0.0305604
0.0337673
0.00329928
0.00911205
0.172978
0.00639073
0.00141961
0.0057509
0.0324711
0.00148367
0.000476395
0.00207101
0.00121489
0.00600353
0.0013224
0.00153501
0.000613819
0.00089312
0.0342429
0.0307074
0.00561452
0.00262489
0.00168936
0.00138269
0.000795247
0.000670743
0.00135481
0.00372007
0.00350161
0.10132
0.000927376
0.0024741
0.00263211
0.0367709
0.00104717
0.00303556
0.00116354
0.124659
0.0250795
0.00680227
0.0730864
0.0974533
0.000953374
0.0033201
0.00119775
0.0127229
0.121457
0.00756842
0.00386237
0.0127429
0.0027783
0.00093188
0.00062653
0.000840946
0.000726018
0.0371441
0.0730499
0.107828
0.079571
0.00138208
0.010853
0.0189843
0.0177554
0.03153
0.00437263
0.00803629
0.000719486
0.00195362
0.00136743
0.000553358
0.00122021
0.104826
0.00151275
0.0693724
0.0010521
0.00417338
0.00364886
0.010108
0
0.0109659
0.0810568
0.015074
0.00232152
0.105069
0.000754683
0.021796
0.043805
0.00186703
0.00121895
0.163691
0.00180889
0.00227841
0.018294
0.00108747
0.0217367
0.00164639
0.0657184
0.0102657
0.098504
0.00126572
0.00461805
0.0118296
0.0150206
0.013408
0.0290401
0.110545
0.000206726
0.000844437
0.167922
0.195808
0.00153138
0.00140825
0.000977512
0.115597
0.0335396
0.121393
0.000192665
0.0011696
0.000240435
0.0025091
0.000341963
0.0210257
0.00171677
0.00137864
0.0126723
0.00213603
0.0382638
0.00181704
0.000532204
0.00246318
0.0184596
0.000548629
0.0825729
0.0006158
0.000636667
0.0868816
0.0114505
0.0139826
0.0115502
0.00158858
0.0029554
0.000821091
0.0405447
0.0070783
0.00539383
0.000309274
0.0239573
0.00125581
0.173976
0.00310487
0.0022905
0.00494145
0.000646755
0.0219547
0.0072256
0.0114991
0.00872108
0.0105679
0.00972571
0.00218535
0.00209431
0.0750296
0.000663506
0.00442814
0.00342066
0.0117232
0.00110737
0.00112251
0.00199452
0.0187863
0.0111674
0.000299527
0.0468793
0.0750082
0.00082313
0.000260647
0.000324522
0.000553859
0.0131836
0.00800328
0.0115295
0.000155463
0.0938581
0.00204319
0.00921392
0.00126581
0.00056549
0.00652848
0.00105502
0.0873842
0.000562168
0.0014975
0.00237758
0.000578372
0.00964908
0.0203312
0.000402035
0.111081
0.00275944
0.0844602
0.000495534
0.0537758
0.0681549
0.00174759
0.000741068
0.000733107
0.0306388
0.00178487
0.0101619
0.125767
0.00615705
0.200226
0.00093379
0.00238429
0.0015011
0.0594339
0.00088674
0.00306878
0.000238889
0.0364139
0.239799
0.00167624
0.00310405
0.0164436
0.00714517
0.0214193
0.0300001
0.015037
0.135212
0.0329365
0.0204773
0.00568007
0.00440672
0.00100909
0.000144563
0.0637807
0.00646652
0.00465238
0.000627648
0.000131315
0.000125754
0.0894873
0.039426
0.0823239
0.0217449
0.0019058
0.0123796
0.00284637
0.00140993
0.0191259
0.00427108
0.00206536
0.0154729
0.00322681
0.125566
0.0079999
0.00438997
0.00115906
0.195795
0.00138209
0.00335818
0.0557357
9.9285e-005
0.0159277
0.000243026
0.00266086
0.0048847
0.00727088
0.00234499
0.000727679
0.000536617
0.0016897
0.0125789
0.0402151
0.0371818
0.000276978
0.00324112
0.143171
0.0430242
0.00111514
0.00206561
0.00270571
0.0172166
0.000653218
0.00975378
0.0144024
0.00500732
0.0010128
0.00481706
0.00104161
0.00562753
0.119283
0.00336505
0.00120731
0.0636587
0.000667116
0.0134279
0.0246374
0.00400527
0.00133642
0.00112412
0.00399239
0.0593116
0.00158393
0.0164929
0.00142369
0.00122128
0.0172072
0.00128505
0.056833
0.00222007
0.0356918
0.00281226
0.000320789
0.0957168
0.0741316
0.0936312
0.00327974
0.000592827
0.0033195
0.197131
0.223283
0.0547154
0.00129266
0.00127847
0.00160074
0.000610456
0.0688974
0.0694498
0.00184365
0.00574671
0.0526729
0.00428122
0.00181521
0.0375675
0.000994196
0.0746678
0.0109513
0.00511455
0.0367733
0.0195052
0.00291789
0.000333255
0.00563404
0.0917567
0.00548598
0.000224179
0.00169486
0.00336756
0.0114452
0.000406119
0.00774042
0.047106
0.0814346
0.00190937
0.000441055
0.0025783
0.0263787
0.0724694
0.000190092
0.0360242
0.0824383
0.00147016
0.00754966
0.00270235
0.00428556
0.00118791
0.000270606
0.00368594
0.00326893
0.00304879
0.00273604
0.170316
0.0581889
0.000940913
0.00259598
0.035027
0.109159
0.00166592
0.000833323
0.029189
0.00200787
0.0241507
0.00197842
0.00164415
0.0939609
0.0146799
0.0868701
0.00379821
0.000417381
0.00123817
0.000533428
0.00540591
0.0216278
0.000891882
0.00251824
0.133718
0.00657198
0.06088
0.00112518
0.0693649
0.0163292
0.00179262
0.017693
0.0375335
0.00101832
0.0054354
0.0035915
0.0846336
0.00125042
0.0615091
0.0562069
0.00228223
0.0644026
0.00529042
0.00136257
0.0209036
0.00353441
0.014303
0.100959
0.00161243
0.00825972
0.0155053
0.000362676
0.00417563
0.00149262
0.00108087
0.0405191
0.0640558
0.001486
0.00508275
0.000780907
0.000814331
0.00359585
0.00701202
0.0190927
0.0116569
0.00142519
0.00431765
0.000216195
0.00186893
0.00821687
0.000344439
0.00310461
0.0125406
0.1099
0.00530302
0.00201842
0.0184487
0.0129785
0.00118186
0.00405106
0.00458499
0.00138722
0.0936946
0.0134507
0.00276853
0.00193502
0.0695711
0.000909965
0.00126734
0.120738
0.00283612
0.0290819
0.0170865
0.00110178
0.000983934
0.105947
0.0912101
0.10058
0.00120045
0.00106501
0.000412864
0.141041
0.0157169
0.00274381
0.0416337
0.0602376
0.00189893
0.000409542
0.00207188
0.0101632
0.0304251
0.00398009
0.000186144
0.00072201
0.00154961
0.00124695
0.00745799
0.00252801
0.00144438
0.0025086
0.00611102
0.000222396
0.0138706
0.000603144
0.00107704
0.00496563
0.000632373
0.0198413
0.00480698
0.0013395
0
0.0011536
0.000879567
0.00269097
0.00120563
0.0011209
0.0362964
0.0786578
0.000433647
0.000831958
0.0168863
0.00383192
0
0.000268495
0.113984
0.0028707
0.003468
0.00546436
0.00178025
0.000530704
0.0345841
0.00193004
0.0192844
0.0183208
0.00260589
0.0754191
0.052142
0.120164
0.0183232
0.000716608
0.00281626
0.000905582
0.0270544
0.00187796
0.0195264
0.00270196
0.00560312
0.0269761
0.000718061
0.000368767
0.000727451
0.000512998
0.00129127
0.00100861
0.00251826
0.0781612
0.00656953
0.00537197
0.000856111
0.0202184
0.120941
0.00282452
0.00134706
0.00927845
0.00411094
0.0926183
0.044707
0.0019028
0.0261407
0.00184413
0.00765318
0.0232236
0.0494207
0.177148
0.00365368
0.0131305
0.0169833
0.0334729
0.0103898
0.0258818
0.00451095
0.00182436
0.0855663
0.00602211
0.0204844
0.00907396
0.00280586
0.00128969
0.00547455
0.00181803
0.0223687
0.0309864
0.00916431
0.000385325
0.00224625
0.18584
0.00188069
0.0253573
0.0220852
0.0102168
0.133898
0.118213
0.0167805
0.000179176
0.001798
0.00229317
0.000743926
0.00221052
0.00124332
0.00224759
0.00496176
0.081077
0.00183505
0.0168342
0.0197348
0.000714125
0.0032059
0.000436755
0.00114168
0.00221871
0.00228155
0.0320458
0.00190813
0.00148759
0.0096358
0.0102593
0.0154555
0.00229089
0.0088816
0.0396021
0.0381949
0.000187565
0.00276236
0.00132976
0.000574425
0.000440712
0.000410465
0.00206367
0.0047779
0.00073191
0.000734744
0.124921
0.0121514
0.000578376
0.00637117
0.00368326
0.00999176
0.00623268
0.00297917
0.000514481
0.011764
0.0676717
0.000762071
0.0318482
0.000669663
0.00137793
0.0903254
0.000646067
0.000457445
0.000411111
0.00140418
0.00644705
0.0133583
0.0698597
0.0002437
0.000978664
0.00163527
0.00109734
0.000432396
0.000685405
0.000454443
0.00137153
0.00383452
0.0324113
0.00177567
0.0185581
0.122499
0.0217755
0.00144791
0.00249312
0.000549054
0.0054014
0.00960544
0.00205241
0.000602369
0.00363546
0.0036835
0.0502796
0.12246
0.00399794
0.0116349
0.00175084
0.00224474
0.00185251
0.03283
0.0196111
0.0734007
0.000515284
0.00591216
0.00252746
0.000700506
0.0038756
0.00147147
0.105478
0.000256105
0.000885086
0.00518053
0.000530201
0.00130545
0.00511952
0.0725515
0.00190855
0.00134246
0.000110772
0.00138093
0.00172786
0.00583614
0.0694757
0.06716
0.0837923
0.0385284
0.0314447
0.000781016
0.000524542
0.000786882
0.00118282
0.05494
0.0737698
0.001722
0.000520346
0.0202126
0.000217927
0.0025805
0
0.00743079
0.000853449
0.16305
0.0669906
0.00757898
0.00917779
0.000648478
0.0758352
0.109164
0.0578663
0.00797305
0.101054
0.13629
0.000872693
0.00374707
0.000423942
0.168356
0.167415
0.00193332
0.00157009
0.00174897
0.000386036
0.00455261
0.00421816
0.0219765
0.000265088
0.00175597
0.000329672
0.0247576
0.0305252
0.0234504
0.199297
0.173326
0.003102
0.00512073
0.0070951
0.00040287
0.000529008
0.0755596
0.00151501
0.0752095
0.001864
0.0186441
0.00160004
0.000343243
0.00192959
0.000336214
0.00689894
0.00216155
0.00630085
0.0422837
0
0.00228117
0.00937962
0.00137118
0.21348
0.00148475
0.000653681
0.151701
0.00850312
0.014691
0.00676462
0.0334341
0.000640322
0.000905976
0.0538879
0.101729
0.00151595
0.00535372
0.00122678
0.00750654
0.113382
0.0587791
0.0682535
0.0243724
0.000708322
0.000375275
0.00526012
0.00155512
0.00784948
0.00616169
0.0579962
0.000420671
0.00130438
0.143348
0.00105047
0.000539831
0.104497
0.0156823
0.000580145
0.0015764
0.0828468
0.0140098
0.00258335
0.00321138
0.0384746
0.00163195
0.0458364
0.0762326
0.00121897
0.00474983
0.00438629
0.0650868
0.00450707
0.00142687
0.0497164
0.000473962
0.000673187
0.0582057
0.105492
0.0165006
0.13415
0.00548992
0.00911258
0.000654574
0.0088339
0.000250982
0.000891455
0.00310398
0.00290236
0.00205717
0.00166612
0.0317802
0.011264
0.000916851
0.00113466
0.0399687
0.00292692
0.000913692
0.0103002
0.00321829
0.00282647
0.000674952
0.000366103
0.00217828
0.000573424
0.000252921
0.000535669
0.000138214
0.0274317
0.0170887
0.00303099
0.0319128
0.0112037
0.000581577
0.00168803
0.00331538
0.0011403
0.00336313
0.00495747
0.00246606
0.000670742
0.00110022
0.0481294
0.00357879
0.0193121
0.00199857
0.116467
0.0415869
0.00594135
0.00232741
0.000856575
0.000259793
0.00381598
0.00124154
0.00426495
0.000954164
0.0100596
0.00115577
0.0198222
0.212263
0.000840308
4.69128e-005
0.027412
0.00643475
0.0141409
0.00524837
0.0013147
0.0528844
0.00138414
0.00213268
0.0030141
0.0657129
0.099376
0.0567437
0.00101452
0.0476023
0.000662546
0.00194058
0.00537413
0.0032342
0.00235826
0.00604705
0.00237589
0.000514834
0.000450904
0.0333342
0.000584533
0.00335252
0.000111898
0.0122708
0.000995656
0.00926516
0.00155469
0.00447354
0.139271
0.00220482
0.0320566
0.00408934
0.0716824
0.00263933
0.00763869
0.00450689
0.00239774
0.00604649
0.000553638
0.0765429
0.166219
0.00210725
0.00270743
0.000770248
0.00329067
0.000553927
0.0752103
0.00142873
0.00373128
0.00256256
0.000405263
0.108963
0.000208876
0.00266352
0
0.0680929
0.00183553
0.00780721
0.123509
0.214991
0.102058
0.00156542
0.0691692
0.0017325
0.00219617
0.00171678
0.036659
0.0129462
0.0179949
0.00039516
0.00038657
0.00106559
0.0293502
0.0235081
0.00729768
0.00722344
0.00332208
0.00651423
0.024847
0.081448
0.00136754
0.00501277
0.0044458
0.00192815
0.101798
0.0617095
0.00164152
0.00346859
0.0177094
0.00550464
0.00065007
0.000443732
3.92e-005
0.00166257
0.039122
0.017201
0.0385318
0.0491614
0.0487997
0.000653732
0.00752045
0.00810958
0.0721192
0.0829601
0.00885978
0.0075038
0.00514798
0.000232202
0.0392402
0.090452
0.00124144
0.0242922
0.00111088
0.129165
0.0052376
0.00205214
0.000235695
0.00115815
0.0131041
0.00108037
0.0263982
0.00548567
0.0851399
0.0810956
0.0410035
0.00162581
0.00143546
0.018199
0.00604038
0.0637793
0.00473983
0.10728
0.17718
0.000259642
0.00136495
0.107121
0.000695479
0.00117103
0.00154338
0.00586623
0.000728836
0.00332337
0.0265443
0.0209965
0.000244848
0.00207568
0.00984685
0.0211927
0.000398509
0.00404575
0.0227065
3.68187e-005
0.000270639
0.0106559
0.000730913
0.000572829
0.050589
0.0388694
0.00165168
0.0132531
0.00110235
0.0011379
0.0584262
0.0837131
0.045645
0.00712083
0.0210629
0.00345345
0.0058222
0.00156162
0.00156038
0.0639923
0.00168888
0.00192938
0.00245823
0.00198047
0.0114408
0.0769851
0.160803
0.000532492
0.000394788
0.124544
0.0032834
0.0028139
0.00285013
0.00055227
0.00223425
0.0162922
0.00210261
0.00077496
0.00838979
0.00170509
3.68187e-005
0.018422
0.00208988
0.040479
0.0399421
0.0354093
0.0203548
0.00264058
0.000703914
0.0477293
0.000553797
0.183997
0.00299476
0.000890479
0.127959
0.0015242
0.00608841
0.173359
0.0536496
0.0139848
0.0667649
0.00178227
0.0553543
0.0927994
0.00351312
0.00629807
0.0584243
0.000394942
0.0134503
0.000381875
0.000405946
0.00197976
0.000362245
0.091897
0.000289167
0.0284334
0.0209475
0.0128582
0.00144707
0.00504009
0.00126299
0.0698271
0.0483204
0.0018699
0.000180434
0.00121457
0.000315668
0.00024019
0.00155911
0.00244183
0.00534409
0.00282352
0.0350338
0.0038901
0.00327052
0.024307
0.0153193
0.00197959
0.000772835
0.00210527
0.0791061
0.00227314
0.000344661
0.0162965
0.0146851
0.00112323
0.00459933
0.0899299
0.000573906
0.00229873
0.000862634
0.00243908
0.000935613
0.00175315
0.244401
0.0147692
0.000569736
0.0263353
0.0254378
0.000403046
0.0096199
0.0196341
0.050973
0.0037121
0.0773106
0.035578
0.0149968
0.00499136
0.00102774
0.00255706
0.0221189
0.031542
0.112784
0.00154848
0.00209339
0.000673493
0.145401
0.0301379
0.000855958
0.00306409
0.0386835
0.0256477
0.0035156
0.00481898
0.00167871
0.000783759
0.0371571
0.00649624
0.00230988
0.00122158
0.00294334
0.00162112
0.00147913
0.0241767
0.000775206
0.000477885
0.00177568
0.00854635
0.00743417
0.0494763
0.0105813
0.00126718
0.0288068
0.0284081
0.00052081
0.0268626
0.000959473
0.000553866
0.0700164
0.00196212
0.00238032
0.00154596
0.0185791
0.000159851
0.000756041
0.000805189
0.00123373
0.00700669
0.0568307
0.00468279
0.00129709
0.00143708
0.125
0.118243
0.0183649
0.00268546
0.0404492
0.00177609
0.00266222
0.0123684
0.115354
0.0377973
0.0724931
0.00163908
0.169302
0.000386776
0.000183139
0.00099004
0.00573271
0.000745756
0.00139917
0.0013568
0.00239923
0.00184841
0.0944987
0.00456676
0.000979227
0.0377635
0.122781
0.00105776
0.000155256
0.016146
0.0019755
0.000211203
0.000236194
0.00972642
0.0727691
0.00638319
0.00556354
0.000931799
0.00238661
0.000945207
0.000160375
0.00281989
0.000825761
0.0703365
0.00295922
0.00211746
0.00097035
2.31259e-005
0.00148576
2.01983e-005
0.00126064
0.0546098
0.00639339
0.0319059
0.00681067
0.000902158
0.000327606
0.00178261
0.0683033
0.0313271
0.04816
0.00466516
0.0092145
0.00233873
0.000599226
0.00275012
0.00481929
0.00359126
0.00206458
0.00564264
0.00187153
0.0680349
0.00393721
0.00145263
0.106263
0.000703911
0.000690348
0.000910204
0.00449895
0.0218061
0.0413624
0.000877436
0.0044204
0.000441115
0.00389759
0.00171041
0.0241846
0.00215959
0.000140488
0.0173302
0.00951324
0.000143627
0.00789592
0.0735382
0.000427147
0.00205604
0.0017993
0.00348773
0.111579
0.118613
0.00150823
0.000329138
0.0396095
0.0437486
0.00333442
0.000139225
0.00432703
0.0622642
0.00250335
0.0077085
0.00509935
0.000333255
0.000626598
0.0685418
0.089237
0.00749968
0.0209494
0.0776046
0.0216683
0.0329273
0.00204298
0.000720843
0.00805868
0.000486836
0.00544848
0.00624284
0.000633137
0.00064978
0.0234449
0.00486627
0.00495599
0.00466818
0.00025724
0.000759775
0.00312057
0.00108754
0.0103681
0.00178713
0.00186609
0.00203505
0.00200399
0.0266794
0.000494795
0.0939168
0.0032713
0.000958226
0.186076
0.00192262
0.000646484
0.114456
0.10962
0.00227146
0.004535
0.0330929
0.00534111
0.000783549
0.00398084
0.0178005
0.0157618
9.62936e-005
0.0289574
0.0017007
0.0494907
0.00186209
0.000636184
0.0528317
0.00689273
0.000755727
0.0207152
0.00116642
0.000880411
0.00103359
0.000260321
0.000445315
0.000228502
0.0367534
0.00240151
0.00201916
0.0138031
0.100244
0.0400698
0.000363953
0.00221997
0.0013315
0.0073341
0.037509
0.0392941
0.00240386
0.000616045
0.000742711
0.004046
0.0093052
0.00155127
0.0280281
0.000548465
0.00202588
0.0786629
0.000537237
0.00220502
0.000557153
0.0229331
0.00219142
0.000268222
0.000336615
0.000780759
0.0043587
0.00116403
0.000506592
0.00237598
0.000137408
0.000947579
0.00421115
0.000503143
0.0224432
0.000825357
0.00156621
0.00104537
0.000419344
0.00355857
0.00789569
9.66675e-006
0.0171977
0.000677629
0.053307
0.021102
0.018956
0.00282186
0.000887821
0.0732819
0.000821091
0.0172867
0.000758701
0.000537612
0.000435105
0.00290546
0.000313791
0.0125789
0.00106386
0.0148692
0.000375456
0.00493934
0.00633021
0.00165302
0.00132002
0.00454533
0.000883815
0.00398439
0.000434288
0.0212444
0.00184066
0.00263345
0.00311082
0.00431305
0.000819838
0.00186134
0.00120446
0.000808714
0.00140442
0.00193698
0.00418196
0.00635515
0.00128109
0.102648
0.00876912
0.00433342
0.000947119
0.0077169
0.00767774
0.0486557
0.000505235
0.00163545
0.00209762
0.00435884
0.000511992
0.00129523
0.000964925
0.000520244
0.000121632
0.00133055
0.0669278
0.000638576
0.0205015
0.000493945
0.0856724
0.086932
0.00300135
0.000876348
0.000550322
0.00299821
0.00249314
0.00577387
0.00032152
0.00298282
0.110098
0.00308042
0.0313596
0.000444527
0.000403773
0.00132478
0.0356918
0.00103744
0.000338491
0.0738173
0.0267094
0.140024
0.0199931
0.00237737
0.00301928
0.00100932
0.00220162
0.0494543
0.00307348
0.00100901
0.00180411
0.000201496
0.000484454
0.000322357
0.00119126
0.00184009
0.000276085
0.00103543
0.0243948
0.00463109
0.00292837
0.054736
0.00317289
0.0336183
0.000597312
0.00179044
0.00164517
0.0200591
0.00153476
0.145802
0.157221
0.00039927
0.00115415
0.000498361
0.0248563
0.00229607
0.00197425
0.00369124
0.0620049
0.101793
0.00247081
0.00414711
0.000223246
0.000256304
0.0327172
0.00883015
0.000997795
0.00332381
0.00124485
0.0316763
0.151224
0.027032
0.00234444
0.00127242
0.0167304
0.0549042
0.0920748
0.0100743
0.0162658
0.0326061
0.0203427
0.00149688
0.0399194
0.0846122
0.0914144
0.155205
0.00109615
0.00527621
0.0020299
0.00750922
0.00286836
0.00828376
0.00468975
0.000870729
0.00125543
0.00111323
0.00425391
0.0292078
0.0316361
0.000206626
0.000512692
0.002698
0.00332458
0.123359
0.000336572
0.00295847
0.000821411
0.00311615
0.0791093
0.00391303
0.00288038
0.143637
0.00134475
0.000896026
0.000886221
0.0475618
0.000223667
0.00115286
0.00261883
0.03947
0.0373494
0.0826156
0.001083
0.00141242
0.00800805
0.00140076
0.000570128
0.000531715
0.000701551
0.0196489
0.00196787
0.000842769
0.00309315
0.000658928
0.00685135
0.000303492
0.106237
0.00147127
0.0027651
0.0616628
0.0143608
0.000859792
0.00161895
0.00277844
0.00343352
0.021842
0.190051
0.118287
0.125678
0.00470026
0.00183151
0.00159715
0.108406
0.0488188
0.000927144
0.000208416
0.00163563
0.000733234
0.00110537
0.000598332
0.0286702
0.000921118
0.000906592
0.000480548
0.00591487
0.154855
0.0534513
0.00898161
0.0180812
0.00152745
0.000850395
0.001968
0.0194554
0.0493166
0.196206
0.000342922
0.218143
0.0254345
0.00224606
0.0543895
0.000352302
0.00143522
0.00139293
0.107307
0.00311517
0.021751
0.00208172
0.00209149
0.00324741
0.00180012
0.106293
0.000581405
0.0902059
0.116873
0.0250265
0.00245392
0.0134651
0.0020522
0.0207574
0.0231327
0.00949198
0.000769733
0.00105557
0.00311518
0.000599554
0.0901441
0.00758771
0.0014471
0.0650491
0.0249887
0.0023948
0.00125997
0.00497546
0.156986
0.000899015
0.00096614
0.000937417
0.085822
0.0840751
0.0143232
0.044965
0
0.00199575
0.104938
0.00180055
0.0428355
0.00591881
0.0722524
0.0401691
0.033022
0.0298024
0.0054409
0.0747699
0.00653255
0.0185113
0.0196753
0.000944113
0.000913306
0.204677
0.0492224
0.000776377
0.000494125
0.0195926
0.00029275
0.0221866
0.00653793
0.000446388
0.203946
0.00434321
0.0992506
0.000781012
0.0803445
0.0052005
0.00431265
0.123875
0.00967798
0.00485485
0.00068686
0.00120609
0.00720737
0.0246574
0.0272017
0.00183835
0.00406185
0.00256468
0.00116636
0.236751
0.0767529
0.000600995
0.00070617
0.000858746
0.00101003
0.00522813
0.000234696
0.00441873
0.00139227
0.00155385
0.0142878
0.0312516
0.00303422
0.00178394
0.000535458
0.00075665
0.000188023
0.0106302
0.0102489
0.013937
0.00068894
0.00187661
0.0113868
0.0323495
0.0154584
0.127456
0.0473422
0.001175
0.000856431
0.00192824
0.00188124
0.0146961
0.00561476
0.0694939
0.000554899
0.00257532
0.00306879
0.0168604
0.0719863
0.017147
0.0018774
0.0703507
0.00141603
0.0199995
0.00179502
0.000535767
0.00188006
0.00126785
0.000319745
0.0659183
0.0704438
0.00124845
0.000279034
0.00813607
0.0009907
0.00372328
0.0356805
0.00217236
0.0344015
0.000707026
0.00130097
0.104161
0.000429478
0.00404636
0.0519236
0.128565
0.115717
0.00212312
0.0124775
0.00137732
0.00808196
0.000639178
0.00144289
0.00145815
0.0099804
0.00267017
0.124644
0.00121249
0.000507503
0.00167837
0.0429041
0.00503963
0.01707
0.00153152
0.00185327
0.00661158
0.00213985
0.00836555
0.00661403
0.0571022
0.0280885
0.00109807
0.0848298
0.0133705
0.0845009
0.00406219
0.00685354
0.0856014
0.0689929
0.0795131
0.0144226
0.0231133
0.0014885
0.0322253
0.0032062
0.000309623
0.044094
0.00799422
0.00752499
0.00156218
0.000497962
0.034435
0.00267311
0.0553678
0.0576048
0.00190011
0.0027857
0.000812457
0.00290556
0.00016312
0.000358173
0.0159499
0.000448549
0.00167958
0.151929
0.0746349
0.000748239
0.000289663
0.00819509
0.00899861
0.0181158
0.00198872
0.0717475
0.000881121
0.0974931
0.0183059
0.0585608
0.0109354
0.0476341
0.00411817
0.0703428
0.00412377
0.116638
0.0107023
0.00189315
0.116382
0.000443891
0.00160972
0.000610938
0.00158723
0.177533
0.0817532
0.141746
0.0013331
0.0062684
0.0384189
0.0302676
0.000942836
0.000494621
0.00164996
0.00325338
0.00290852
0.00884048
0.0102492
0.0320142
0.000578281
0.024925
0.0260413
0.0620398
0.000779863
0.00211632
0.0163555
0.00328634
0.000395407
0.00475738
0.00253788
0.00695162
0.000722354
0.0653159
0.00145566
0.0060906
0.00675092
0.00264043
0.000843508
0.0997167
0.0184246
0.0334474
0.0201818
0.0250811
0.0108697
0.0019757
0.225967
0.0743052
0
0.00021458
0.00544712
0.00432857
0.000657861
0.00712556
0.00092694
0.186297
0.00427602
0.057048
0.000702477
0.00218502
0.00315587
0.00144353
0.000509131
0.00146801
0.000244756
0.0303191
0.00367272
0.0206714
0.00493926
0.00105753
0.04493
0.057882
0.00114746
0.00244159
0.00244848
0.0188125
0.000568546
0.00060828
0.00130352
0.00627283
0.00128763
0.0148849
0.107072
0.000446586
0.00137521
0.00281667
0.0597259
0.0809718
0.00372312
0.00232299
0.000978058
0.00721629
0.00194819
0.166345
0.0263853
0.00502187
0.00051025
0.00224249
0.00934033
0.00289396
0.00220661
0.00264929
0.00130908
0.000871062
0.00251474
0.00030308
0.0126164
0.000399094
0.000207343
0.00217647
0.00249415
0.0040473
0.000238355
0.00462871
0.00154543
0.124775
0.00684513
0.0149504
0.00623099
0.000772268
0.0174514
0.0192896
0.000707022
0.0163135
0.00134131
0.0735541
0.000225165
0.0829507
0.00697893
0.000357468
0.00332316
0.0366363
0.00240139
0.0586534
0.00549337
0.0300702
0.00326911
0.116438
0.00876783
0.00276645
0.000917884
0.00028824
0.000633793
0.0012174
0.0155321
0.000855445
0.00068235
0.278737
0.0534999
0.00110831
0.000186143
0.000301329
0.000971771
0.00245696
0.093337
0.176079
0.000599457
0.0134677
0.00382363
0.00102339
0.00304712
0.00117931
0.00281031
0.0089297
0.000508336
0.00159562
0.0442529
0.000439642
0.00194041
0.0144581
0.019654
0.0728663
0.14545
0.134272
0.032977
0.0634821
0.0961708
0.00054079
0.116385
0.00290477
0.0021766
0.0408947
0.00142328
0.0016392
0.000252266
0.00277574
0.0306102
0.0981493
0.0004902
0.115207
0.00131355
0.00119667
0.00157747
0.168612
0.000824686
0.131043
0.00665563
0.0022645
0.000483166
0.00044331
0.000446814
0.04199
0.00223123
0.00140752
0.000232487
0.0004571
0.00186723
0.00174196
0.00275954
0.107946
0.00544117
0.000587506
0.00804453
0.000745695
0.00114281
0.000736927
0.00198513
0.0039595
0.00148051
0.0763159
0.0480017
0.00579266
0.00398457
0.0123275
0.0024855
0.00383462
0.000602852
0.00650041
0.0214869
0.092918
0.0208813
0.00158547
0.00208763
0.110086
0.000426679
0.0917068
0.000990899
0.00251406
0.0634084
0.0163228
0.0655785
0.00415796
0.00277046
0.134136
0.041386
0.0203538
0.00132342
0.0020621
0.0543486
0.00632913
0.00106191
0.0232962
0.111076
0.156626
0.099861
0.0215229
0.000915316
0.00343996
0.000441221
0.0318643
0.000842465
0.00210239
0.0546388
0.0890658
0.0800415
0.000989679
0.0187948
0.00223667
0.00111277
0.00620201
0.0132912
0.000383449
0.00084973
0.0202689
0.071005
0.0281838
0.00700065
0.00762071
0.0010211
0.000716509
0.00225468
0.00208761
0.000426012
0.0029942
0.0259621
0.00711164
0.0941355
0.000616491
0.00426539
0.095746
0.00273338
0.0459054
0.000884036
0.0856006
0.00233826
0.000276193
0.00164921
0.178328
0.167862
0.0159051
0.00231124
0.142086
0.0743079
0.0267375
0.0754731
0.132545
0.00107528
0.161013
0.173837
0.070781
0.000125952
0.00112876
0.0168649
0.168253
0.00123564
0.00132305
0.000472304
0.000655483
0.00364491
0.00241924
0.000839384
0.00292887
0.0270753
0.00308902
0.000704942
0.000706718
0.0172316
0.019249
0.0149167
0.00174223
0.00257376
0.0161874
0.00225059
0.216504
0.000357597
0.00144379
0.0337587
0.0632504
0.066556
0.00312368
0.00538111
0.00611034
0.00143635
0.0005956
0.0269865
0.00107981
0.000291294
0.0158669
0.00185383
0.000811844
0.119448
0.000613039
0.00151424
0.00124608
0.0865168
0.0918992
0.0130659
0.000887989
0.002379
0.0967568
0.131024
0.152713
0.122226
0.00895594
0.0027975
0.0591821
0.0749862
0.0715831
0.0621852
0.116128
0.0403381
0.00254828
0.0134705
0.157162
0.137861
0.00772012
0.000747238
0.00151386
0.107036
0.128276
0.00369257
0.00159154
0.00418651
0.00141721
0.00424302
0.000652409
0.00343343
0.0016329
0.0026676
0.00477883
0.000404113
0.00084496
0.0204352
0.0161071
0.00103124
0.216315
0.000534306
0.000661599
0.114505
0.142214
0.000611974
0.00136701
0.0432987
0.000352799
0.0196075
0.0802718
0.00363525
0.0681951
0.00509901
0.00733488
0.000463847
0.00324616
0.174958
0.00132448
0.001294
0.0111126
0.094851
0.00210926
0.106844
0.00537876
0.0065408
0.00330223
0.019389
0.131391
0.137334
0.018515
0.00352024
0.0391834
0.00776432
0.00069768
0.000434908
0.106729
0.0893893
0.00136242
0.0022771
0.00327917
0.00260079
0.0882799
0.0743811
0.000489173
0.000278279
0.00107242
0.000577669
0.108704
0.00542801
0.00178148
0.0910629
0.028325
0.00111634
0.00122012
0.155455
0.00873738
0.000339365
0.0587573
0.0915301
0.0288485
0.0152485
0.0920257
0.119672
0.0914453
0.0425482
0.0731959
0.0789804
0.00666213
0.0025672
0.154368
0.00374797
0.00483511
0.0121373
0.00173619
0.00577372
0.000902297
0.154999
0.00109909
0.00738115
0.000678722
0.00398602
0.011337
0.0237828
0.000617193
0.0205723
0.000513959
0.00125362
0.00436953
0.00130994
0.00030865
0.00860574
0.0106968
0.00145004
0.0045982
0.0339763
0.000831237
0.00203257
0.0393844
0.032153
0.0130861
0.00133407
0.000434209
0.0713686
0.000761553
0.001549
0.000477053
0.00117829
0.0308611
0.000180122
0.00710008
0.00126794
0.0761742
0.0565689
0.0459758
0.00107637
0.0168409
0.00365295
0.00109678
0.00119974
0.000358298
0.171488
0.186304
0.0229996
0.000904916
0.0552102
0.00531286
0.00119833
0.00433039
0.00381665
0.0279484
0.00134826
0.0313511
0.000377595
0.00231925
0.0226411
0.00093742
0.000270138
0.00532228
0.00280775
0.00160247
0.0771543
0.000800187
0.0164826
0.104452
0.0817746
0.0207891
0.10474
0.000580883
0.00423517
0.000114722
0.0095239
0.00135902
0.000645484
0.019946
0.00212406
0.00463254
0.0745468
0.00236111
0.00100543
0.00138605
0
0.00151326
0.189622
0.00178322
0.000847399
0.00164641
0.00800955
0.0510709
0.0050856
0.00590497
0.0050208
0.0581358
0.000254989
0.0366869
0.00835831
0.00172914
0.00846204
0.0320226
0.0683284
0.0548844
0.0210722
0.00277845
0.000795059
0.0201656
0.00762472
0.000543485
0.00291284
0.031264
0.00451551
0.0027754
0.00861055
0.00152465
0.000925205
0.0328104
0.000210426
0.00108484
0.00644724
0.0661724
0.0810658
0.00403317
0.000929265
0.00240519
0.00187096
0.0872128
0.115411
0.00248389
0.0933987
0.126134
0.00037491
0.00058888
0.00307694
0.000237821
0.0178769
0.0315442
0.129553
0.00181335
0.000805571
0.00329616
0.0111571
0.00255883
0.0539825
0.0617593
0.00188383
0.00425472
0.0178655
0.00108406
0.000450824
0.072437
0.00102732
0.00101023
0.000642959
0.00105132
0.0007085
0.00113704
0.0120682
0.00217707
0.127342
0.00257972
0.00526851
0.00130195
0.00697432
0.00234197
0.00414382
0.0165427
0.00189116
0.00132204
0.000567732
0.0055637
0.0250389
0.00119919
0.0740133
0.00172656
0.00177288
0.15107
0.145311
0.0214123
0.0592974
0.014634
0.0177624
0.0621908
0.00692987
0.04837
0.142421
0.000886628
0.000754153
0.153413
0.00157602
0.0776297
0.0367215
0.00119465
0.139027
0.00647767
0.0039276
0.00125396
0.00169851
0.00100277
0.00112296
0.137423
0.00149132
0.00277728
0.0637059
0.00239092
0.124505
0.0770089
0.000921612
0.00253005
0.0415937
0.13832
0.0886902
0.00123524
0.010996
0.00188964
0.04223
0.00207778
0.00067481
0.000574358
0.074489
0.00139699
0.0294784
0.166498
0.000660609
0.00106928
0.0543709
0.0600484
0.0704847
0.00119892
0.00235973
0.0621494
0.00571804
0.000878883
0.00286899
0.0065906
0.0746516
0.0031831
0.00170491
0.000184825
0.000395254
0.0111566
0.000743059
0.000991283
0.197033
0.0437801
0.0186131
0.00129211
0.0211651
0.0985921
0.00702079
0.272443
0.000649034
0.00033757
0.000902841
0.0634729
0.00131413
0.0309367
0.106699
0.0023622
0.000132122
0.128171
0.000758197
0.00651888
0.0652952
0.0883543
0.165031
0.000526757
0.0124476
0.0147324
0.0016069
0.015404
0.00463827
0.0010568
0.0475624
0.0218458
0.00356063
0.00222033
0.00586857
0.00710192
0.056112
0.0370855
0.103673
0.0682647
0.00080911
0.0269418
0.000351084
0.0104721
0.0730729
0.00129791
0.00836462
0.000920836
0.00034973
0.0605653
0.0845298
0.00161961
0.0129789
0.000652612
0.0121559
0.00225006
0.00557268
0.0376934
0.0556952
0.0628732
0.00177501
0.000226434
0.00449048
0.000177957
0.00109314
0.00197569
0.0053164
0.00149177
0.00460214
0.0284714
0.135738
0.000110051
0.00133208
0.00067257
0.00503763
0.000310238
0.000458023
0.00862128
0.0794483
0.0754718
0.00534021
0.000660395
0.00133224
0.00281914
0.0017007
0.125615
0.000552396
0.00122558
0.142423
0.0741088
0.0433365
0.0536351
0.0765333
0.086602
0.0703927
0.0116063
0.0115949
0.014276
0.000965234
0.000762117
0.000965442
0.0288726
0.0143931
0.0896268
0.000547746
0.0194775
0.0146076
0.0155896
0.0272554
0.0263233
0.026324
0.000832131
0.00141101
0.00173535
0.00282133
0.175624
0.0620817
0.046168
0.00144031
0.129551
0.128971
0.0018372
0.221372
0.237077
0.0691591
0.00180226
0.00245212
0.00421362
0.00146649
0.0235603
0.00192205
0.0304529
0.000896231
0.00112228
0.00293429
0.00261418
0.00629976
0.0159757
0.0526223
0.0620638
0.00886075
0.00140879
0.0897618
0.0626182
0.0107251
0.00334968
0.0179022
0.0130694
0.0233693
0.000932599
0.131032
0.0287382
0.00267362
0.0931187
0.00538981
0.139415
0.0824719
0.0750279
0.172785
0.115245
0.00263222
0.0783962
0.000963182
0.00266964
0.134592
0.00121371
0.000776382
0.0858135
0.0615799
0.116723
0.123422
0.102667
0.000420567
0.00248726
0.106454
0.00118574
0.00107982
0.00114081
0.0500062
0.0643525
0.00141357
0.00109455
0.0147258
0.0582514
0.049811
0.00200932
0.0199537
0.00387744
0.00603567
0.00624629
0.227651
0.0642088
0.000160059
0.0647922
0.0821853
0.0226454
0.00103405
0.0963472
0.00195765
0.00894272
0.0272452
0.00415959
0.00200606
0.0105534
0.0365152
0.13022
0.0112451
0.0195055
0.00542311
0.00122405
0.000402317
0.00168055
0.015467
0.084818
0.00186769
0.000727812
0.000280935
0.0932537
0.000882001
0.00839359
0.00951978
0.125866
0.149532
0.0490327
0.120504
0.0115647
0.0268291
0.0053556
0.100662
0.00098056
0.00259444
0.0701413
0.0802069
0.00697918
0.021332
0.0775415
0.00909072
0.0238651
0.146158
0.116503
0.000914474
0.000336679
0.0673388
0.00171885
0.00137815
0.00136105
0.131022
0.000217927
0.085293
0.0738287
0.0304022
0.000303818
0.00150935
0.19872
0.00970251
0.00190027
0.00242438
0.0270002
0.0305624
0.000605537
0.00268064
0.00162575
0.00875212
0.0284294
0.000862678
0.0316405
0.000578742
0.00172228
0.00240825
0.00184548
0.188251
0.00225431
0.052137
0.00251253
0.0402094
0.0293919
0.00777905
0.00183743
0.0925935
0.049101
0.0834041
0.00455255
0.0557257
0.0033884
0.0677719
0.000827259
0.0566293
0.0811557
0.00394718
0.012333
0.0019619
0.0340885
0.0534976
0.000429931
0.161458
0.0811561
0.158988
0.00137125
0.011268
0.00625533
0.00979351
0.0224059
0.018702
0.000620627
0.000574136
0.0004694
0.00234975
0.00270625
0.103777
0.00745943
0.0770264
0.121098
0.00154143
0.00877616
0.00343298
0.0685037
0.0512801
0.0993962
0.190077
0.0118805
0.0838328
0.0043682
0.002456
0.00196295
0.00920679
0.0582555
0.00148913
0.0491643
0.00442108
0.157368
0.205382
0.020165
0.0013363
0.0199921
0.00226921
0.00110155
0.010813
0.00191791
0.00256139
0.00161302
0.00517311
0.0537312
0.00147201
0.0251335
0.10795
0.00265121
0.00244883
0.187924
0.0327046
0.00104871
0.024054
0.0283696
0.0185191
0.171848
0.154236
0.000954225
0.0220344
0.0359122
0.0308672
0.0280548
0.0787372
0.00227589
0.00301303
0.0685931
0.0359788
0.00504985
0.140414
0.0371485
0.0747134
0.060832
0.00218487
0.0217864
0.0253527
0.0314517
0.00160364
0.00360788
0.116965
0.219707
0.0502314
0.00311998
0.00250465
0.000979633
0.00256241
0.00162007
0.149267
0.0177505
0.00846899
0.00712404
0.00444906
0.0716353
0.0880792
0.0698293
0.0300408
0.102404
0.0762793
0.0231413
0.00200783
0.0009307
0.000905113
0.010245
0.0188789
0.183926
0.0909041
0.024912
0.0234431
0.0745403
0.00127166
0.0309118
0.0347957
0.00159884
0.128262
0.0808158
0.0632291
0.0223674
0.28203
0.0630999
0.077113
0.015311
0.024826
0.00341562
0.0644215
0.00151918
0.0156324
0.0965793
0.0204286
0.114954
0.111989
0.0676569
0.0658157
0.0839692
0.00215242
0.107989
0.00144283
0.00110137
0.0209984
0.0282397
0.0722349
0.0556081
0.00655137
0.0295611
0.150203
0.0635959
0.0760661
0.117965
0.150374
0.09922
0.0790708
0.0908912
0.0645313
0.0201256
0.0249985
0.055571
0.00259222
0.00690303
0.023762
0.00263222
0.135654
0.00155363
0.00168138
0.0012286
0.00829209
0.0209143
0.0265365
0.249014
0.0165875
0.190637
0.00473607
0.00140895
0.003527
0.129936
0.110257
0.0708987
0.179986
0.152599
0.0284223
0.0205756
0.056136
0.0594924
0.0521777
0.00631206
0.0137375
0.0680094
0.00184696
0.23085
0.17917
0.0412797
0.00194785
0.10235
0.0874576
0.200101
0.219121
0.087515
0.225166
0.102873
0.00282715
0.0142714
0.0706147
0.0282897
0.00564266
0.0847816
0.0504746
0.0264963
0.00149566
0.00219966
0.0011375
0.00409108
0.000510208
0.00428905
0.0998433
0.0156533
0.000602703
0.00853618
0.0661361
0.00192182
0.00423546
0.00383666
0.00598232
0.000426578
0.00315286
0.000960646
0.00315035
0.00245439
